Parameter Z: CS3 Location ( 52, 86) Lat 53.500 Lon -3.417
  0.18  0.17  0.17  0.20  0.22  0.24  0.28  0.30  0.29  0.29  0.26  0.23 01011999 00
  0.26  0.27  0.25  0.28  0.29  0.29  0.34  0.39  0.40  0.37  0.38  0.37 01011999 12
  0.43  0.55  0.51  0.52  0.55  0.53  0.48  0.48  0.43  0.45  0.46  0.42 02011999 00
  0.40  0.48  0.50  0.49  0.52  0.50  0.45  0.45  0.47  0.41  0.41  0.35 02011999 12
  0.26  0.21  0.24  0.17  0.21  0.24  0.26  0.34  0.49  0.53  0.43  0.32 03011999 00
  0.18  0.06  0.09  0.01  0.01  0.00 -0.03 -0.03  0.07  0.18  0.24  0.32 03011999 12
  0.40  0.46  0.51  0.58  0.58  0.59  0.61  0.61  0.64  0.69  0.69  0.70 04011999 00
  0.71  0.68  0.66  0.67  0.54  0.56  0.53  0.45  0.34  0.23  0.07  0.04 04011999 12
  0.01 -0.01  0.04  0.11  0.17  0.21  0.26  0.34  0.46  0.60  0.62  0.51 05011999 00
  0.45  0.38  0.34  0.38  0.33  0.27  0.29  0.28  0.25  0.28  0.31  0.29 05011999 12
  0.25  0.25  0.21  0.19  0.23  0.20  0.19  0.19  0.17  0.15  0.15  0.12 06011999 00
  0.12  0.10  0.08  0.06  0.06  0.04  0.04  0.05  0.05  0.06  0.08  0.09 06011999 12
  0.07  0.07  0.06  0.07  0.06  0.06  0.05  0.06  0.07  0.08  0.09  0.11 07011999 00
  0.14  0.16  0.18  0.21  0.26  0.30  0.28  0.25  0.23  0.20  0.14  0.10 07011999 12
  0.08  0.08  0.10  0.11  0.13  0.12  0.12  0.11  0.12  0.13  0.11  0.11 08011999 00
  0.11  0.08  0.06  0.03  0.01 -0.03 -0.06 -0.09 -0.08 -0.09 -0.11 -0.12 08011999 12
 -0.11 -0.08 -0.03 -0.01  0.00 -0.01 -0.01 -0.00  0.01 -0.00 -0.02 -0.05 09011999 00
 -0.09 -0.11 -0.11 -0.11 -0.12 -0.14 -0.15 -0.15 -0.12 -0.11 -0.12 -0.12 09011999 12
 -0.11 -0.10 -0.08 -0.08 -0.08 -0.08 -0.08 -0.08 -0.07 -0.07 -0.07 -0.06 10011999 00
 -0.04 -0.04 -0.05 -0.07 -0.09 -0.08 -0.09 -0.08 -0.07 -0.07 -0.08 -0.09 10011999 12
 -0.09 -0.08 -0.08 -0.07 -0.08 -0.09 -0.10 -0.10 -0.10 -0.09 -0.09 -0.10 11011999 00
 -0.10 -0.09 -0.09 -0.12 -0.11 -0.10 -0.08 -0.07 -0.06 -0.06 -0.04 -0.02 11011999 12
  0.01  0.03  0.05  0.10  0.17  0.24  0.29  0.34  0.40  0.44  0.47  0.46 12011999 00
  0.41  0.32  0.20  0.07  0.01 -0.05 -0.10 -0.09 -0.08 -0.04 -0.03  0.00 12011999 12
  0.04  0.05  0.08  0.11  0.06 -0.00 -0.05 -0.06 -0.07 -0.04 -0.02  0.01 13011999 00
  0.07  0.14  0.24  0.37  0.52  0.63  0.62  0.59  0.52  0.49  0.41  0.36 13011999 12
  0.26  0.25  0.20  0.09 -0.03 -0.06 -0.07 -0.07 -0.04 -0.03  0.01  0.04 14011999 00
  0.06  0.10  0.19  0.33  0.50  0.58  0.62  0.55  0.50  0.44  0.41  0.34 14011999 12
  0.32  0.25  0.26  0.20  0.11  0.09  0.17  0.24  0.34  0.44  0.57  0.70 15011999 00
  0.83  0.88  0.88  0.91  0.97  1.00  0.96  0.89  0.72  0.58  0.44  0.35 15011999 12
  0.33  0.25  0.21  0.24  0.21  0.16  0.18  0.23  0.26  0.31  0.32  0.36 16011999 00
  0.40  0.46  0.46  0.50  0.50  0.47  0.45  0.47  0.45  0.42  0.39  0.35 16011999 12
  0.33  0.36  0.35  0.38  0.42  0.40  0.36  0.39  0.41  0.39  0.40  0.35 17011999 00
  0.32  0.34  0.33  0.31  0.31  0.25  0.17  0.18  0.19  0.18  0.14  0.10 17011999 12
  0.07  0.06  0.06  0.05  0.06  0.06  0.05  0.08  0.13  0.17  0.19  0.23 18011999 00
  0.27  0.35  0.48  0.59  0.67  0.70  0.68  0.61  0.55  0.42  0.32  0.25 18011999 12
  0.15  0.12  0.14  0.12  0.14  0.20  0.23  0.27  0.39  0.47  0.47  0.44 19011999 00
  0.36  0.32  0.35  0.32  0.28  0.28  0.24  0.18  0.12  0.09  0.04  0.05 19011999 12
  0.07  0.06  0.09  0.11  0.11  0.12  0.14  0.16  0.22  0.28  0.30  0.26 20011999 00
  0.24  0.20  0.18  0.21  0.16  0.14  0.14  0.11  0.07  0.06  0.02  0.02 20011999 12
  0.02  0.02  0.02  0.02 -0.00 -0.02 -0.02 -0.02 -0.02 -0.02 -0.04 -0.06 21011999 00
 -0.06 -0.05 -0.03 -0.04 -0.06 -0.07 -0.07 -0.08 -0.08 -0.09 -0.11 -0.14 21011999 12
 -0.12 -0.12 -0.11 -0.10 -0.12 -0.13 -0.12 -0.13 -0.12 -0.11 -0.10 -0.09 22011999 00
 -0.08 -0.07 -0.06 -0.05 -0.04 -0.01  0.00  0.01  0.02  0.02  0.02  0.02 22011999 12
  0.04  0.04  0.04  0.04  0.05  0.08  0.08  0.09  0.11  0.12  0.16  0.20 23011999 00
  0.24  0.24  0.25  0.25  0.31  0.35  0.32  0.30  0.30  0.26  0.18  0.14 23011999 12
  0.08  0.05  0.03  0.01  0.00 -0.01 -0.02 -0.01  0.01  0.03  0.04  0.04 24011999 00
  0.05  0.05  0.05  0.04  0.03  0.02  0.06  0.13  0.19  0.25  0.30  0.36 24011999 12
  0.45  0.49  0.46  0.46  0.41  0.35  0.30  0.29  0.21  0.19  0.12  0.05 25011999 00
  0.01  0.04  0.05  0.08  0.11  0.12  0.16  0.20  0.23  0.23  0.21  0.20 25011999 12
  0.17  0.17  0.15  0.11  0.09  0.07  0.07  0.07  0.08  0.08  0.10  0.13 26011999 00
  0.14  0.14  0.17  0.18  0.17  0.16  0.12  0.09  0.06  0.02 -0.04 -0.07 26011999 12
 -0.09 -0.11 -0.11 -0.11 -0.10 -0.08 -0.05 -0.01  0.03  0.05  0.06  0.06 27011999 00
  0.06  0.07  0.09  0.11  0.15  0.17  0.17  0.14  0.12  0.08  0.07  0.05 27011999 12
  0.05  0.06  0.05  0.05  0.06  0.06  0.04  0.04  0.03  0.04  0.03  0.01 28011999 00
 -0.02 -0.03 -0.05 -0.08 -0.13 -0.18 -0.19 -0.15 -0.11 -0.09 -0.10 -0.12 28011999 12
 -0.11 -0.09 -0.09 -0.08 -0.08 -0.10 -0.11 -0.11 -0.10 -0.10 -0.11 -0.12 29011999 00
 -0.14 -0.13 -0.14 -0.16 -0.17 -0.21 -0.23 -0.22 -0.21 -0.20 -0.19 -0.19 29011999 12
 -0.20 -0.18 -0.16 -0.17 -0.18 -0.18 -0.21 -0.22 -0.21 -0.22 -0.21 -0.22 30011999 00
 -0.22 -0.22 -0.20 -0.21 -0.23 -0.23 -0.24 -0.28 -0.27 -0.26 -0.27 -0.24 30011999 12
 -0.23 -0.25 -0.22 -0.22 -0.24 -0.24 -0.25 -0.26 -0.27 -0.24 -0.25 -0.24 31011999 00
 -0.23 -0.24 -0.22 -0.21 -0.23 -0.25 -0.26 -0.28 -0.28 -0.27 -0.27 -0.26 31011999 12
 -0.24 -0.20 -0.23 -0.20 -0.22 -0.24 -0.24 -0.25 -0.28 -0.27 -0.27 -0.27 01021999 00
 -0.26 -0.22 -0.24 -0.21 -0.22 -0.23 -0.22 -0.22 -0.25 -0.30 -0.28 -0.27 01021999 12
 -0.28 -0.24 -0.23 -0.24 -0.21 -0.23 -0.24 -0.21 -0.20 -0.18 -0.18 -0.16 02021999 00
 -0.15 -0.13 -0.11 -0.14 -0.13 -0.14 -0.15 -0.14 -0.16 -0.22 -0.24 -0.23 02021999 12
 -0.22 -0.19 -0.17 -0.16 -0.12 -0.10 -0.10 -0.08 -0.06 -0.05 -0.04 -0.03 03021999 00
 -0.04 -0.02  0.01  0.01  0.01  0.02  0.03  0.04  0.02 -0.02 -0.07 -0.07 03021999 12
 -0.05 -0.05 -0.03  0.00  0.05  0.11  0.15  0.19  0.21  0.28  0.32  0.33 04021999 00
  0.28  0.25  0.18  0.14  0.14  0.11  0.17  0.17  0.12  0.06 -0.00 -0.04 04021999 12
  0.02  0.05  0.08  0.13  0.11  0.08  0.07  0.07  0.08  0.09  0.08  0.10 05021999 00
  0.08  0.05  0.02 -0.01 -0.04 -0.02 -0.00  0.01 -0.01 -0.01  0.01  0.03 05021999 12
  0.03  0.03  0.05  0.08  0.09  0.07  0.05  0.07  0.09  0.09  0.06  0.02 06021999 00
  0.01  0.04  0.07  0.07  0.09  0.12  0.14  0.16  0.16  0.14  0.10  0.06 06021999 12
  0.04  0.03  0.02 -0.00 -0.05 -0.10 -0.12 -0.13 -0.13 -0.12 -0.08 -0.05 07021999 00
 -0.04 -0.03 -0.02 -0.01 -0.01 -0.02 -0.01  0.01  0.01  0.00 -0.00 -0.02 07021999 12
 -0.02 -0.01 -0.00  0.01  0.03  0.05  0.07  0.10  0.10  0.11  0.14  0.17 08021999 00
  0.18  0.16  0.12  0.09  0.03 -0.00 -0.02 -0.02 -0.05 -0.08 -0.11 -0.13 08021999 12
 -0.12 -0.13 -0.12 -0.10 -0.06 -0.03 -0.01  0.01  0.02  0.03  0.02  0.02 09021999 00
  0.03  0.01  0.01 -0.00 -0.03 -0.04 -0.06 -0.05 -0.03 -0.03 -0.03 -0.03 09021999 12
 -0.02 -0.03 -0.04 -0.05 -0.04 -0.02 -0.02 -0.03 -0.06 -0.08 -0.08 -0.08 10021999 00
 -0.07 -0.06 -0.06 -0.07 -0.07 -0.07 -0.06 -0.04 -0.02 -0.03 -0.04 -0.06 10021999 12
 -0.05 -0.04 -0.05 -0.06 -0.07 -0.07 -0.06 -0.04 -0.05 -0.05 -0.05 -0.04 11021999 00
 -0.04 -0.04 -0.06 -0.08 -0.10 -0.11 -0.11 -0.09 -0.09 -0.09 -0.09 -0.10 11021999 12
 -0.09 -0.08 -0.07 -0.06 -0.05 -0.04 -0.03 -0.02 -0.01 -0.01  0.00  0.00 12021999 00
 -0.00 -0.01 -0.02 -0.05 -0.07 -0.10 -0.12 -0.14 -0.14 -0.14 -0.15 -0.15 12021999 12
 -0.16 -0.17 -0.17 -0.17 -0.16 -0.17 -0.18 -0.18 -0.18 -0.18 -0.18 -0.17 13021999 00
 -0.19 -0.18 -0.19 -0.20 -0.20 -0.20 -0.20 -0.18 -0.18 -0.17 -0.15 -0.13 13021999 12
 -0.11 -0.08 -0.05 -0.04 -0.02  0.02  0.04  0.03  0.03  0.04  0.03  0.00 14021999 00
 -0.01 -0.05 -0.05 -0.02 -0.04 -0.08 -0.13 -0.17 -0.19 -0.19 -0.19 -0.18 14021999 12
 -0.16 -0.16 -0.15 -0.16 -0.16 -0.16 -0.17 -0.15 -0.11 -0.09 -0.06 -0.03 15021999 00
  0.01  0.04  0.04  0.03  0.04  0.08  0.12  0.12  0.10  0.13  0.16  0.16 15021999 12
  0.19  0.16  0.13  0.13  0.15  0.14  0.10  0.04 -0.00 -0.03 -0.00 -0.01 16021999 00
 -0.00 -0.01  0.02  0.05  0.07  0.09  0.12  0.17  0.21  0.21  0.18  0.18 16021999 12
  0.15  0.11  0.11  0.04  0.01 -0.00 -0.01 -0.03 -0.06 -0.09 -0.11 -0.10 17021999 00
 -0.08 -0.04 -0.02  0.02  0.07  0.12  0.16  0.21  0.26  0.24  0.25  0.20 17021999 12
  0.17  0.15  0.09  0.08  0.03  0.05  0.05  0.03 -0.01 -0.05 -0.06 -0.02 18021999 00
  0.00  0.02  0.04  0.04  0.05  0.05  0.05  0.08  0.11  0.16  0.19  0.17 18021999 12
  0.20  0.21  0.20  0.25  0.26  0.27  0.29  0.28  0.24  0.22  0.14  0.14 19021999 00
  0.12  0.09  0.05  0.04  0.04  0.02  0.03  0.03  0.01  0.01 -0.00 -0.02 19021999 12
 -0.01  0.01  0.02  0.04  0.08  0.09  0.10  0.10  0.10  0.10  0.10  0.11 20021999 00
  0.10  0.11  0.11  0.11  0.15  0.14  0.15  0.18  0.22  0.23  0.22  0.18 20021999 12
  0.15  0.15  0.16  0.16  0.17  0.19  0.17  0.18  0.24  0.33  0.42  0.39 21021999 00
  0.37  0.38  0.43  0.40  0.34  0.37  0.37  0.42  0.45  0.41  0.31  0.24 21021999 12
  0.20  0.24  0.26  0.21  0.22  0.24  0.25  0.25  0.28  0.27  0.20  0.14 22021999 00
  0.12  0.11  0.08  0.05  0.05  0.03  0.03  0.01  0.02  0.02  0.02  0.01 22021999 12
 -0.00 -0.02 -0.03 -0.02 -0.01 -0.02 -0.03 -0.03 -0.03 -0.04 -0.04 -0.02 23021999 00
  0.01  0.03  0.02 -0.00 -0.01 -0.03 -0.01  0.02  0.02  0.03  0.04  0.06 23021999 12
  0.09  0.14  0.15  0.12  0.09  0.06  0.03  0.02 -0.00 -0.04 -0.05 -0.06 24021999 00
 -0.05 -0.05 -0.10 -0.14 -0.13 -0.12 -0.14 -0.11 -0.09 -0.07 -0.05 -0.04 24021999 12
 -0.01  0.03  0.07  0.08  0.07  0.06  0.03  0.02  0.01  0.01  0.02  0.04 25021999 00
  0.07  0.10  0.11  0.13  0.15  0.14  0.16  0.18  0.23  0.26  0.29  0.30 25021999 12
  0.30  0.29  0.28  0.23  0.18  0.10  0.06  0.04  0.01  0.02  0.03  0.05 26021999 00
  0.06  0.07  0.07  0.08  0.12  0.17  0.19  0.21  0.21  0.21  0.20  0.17 26021999 12
  0.15  0.14  0.15  0.14  0.12  0.14  0.14  0.13  0.15  0.15  0.20  0.25 27021999 00
  0.28  0.28  0.30  0.34  0.35  0.35  0.33  0.30  0.29  0.28  0.24  0.21 27021999 12
  0.21  0.17  0.17  0.19  0.18  0.15  0.18  0.21  0.22  0.24  0.25  0.34 28021999 00
  0.46  0.54  0.57  0.63  0.64  0.57  0.49  0.43  0.34  0.24  0.14  0.06 28021999 12
 -0.01 -0.01 -0.04 -0.01  0.04  0.12  0.26  0.38  0.42  0.41  0.36  0.29 01031999 00
  0.27  0.28  0.20  0.18  0.17  0.12  0.05  0.00 -0.05 -0.04 -0.03 -0.03 01031999 12
  0.01  0.04  0.06  0.09  0.14  0.24  0.37  0.49  0.53  0.49  0.43  0.36 02031999 00
  0.27  0.24  0.22  0.14  0.14  0.10  0.04 -0.03 -0.07 -0.08 -0.07 -0.04 02031999 12
 -0.02  0.01  0.04  0.08  0.11  0.14  0.18  0.25  0.32  0.33  0.33  0.35 03031999 00
  0.37  0.38  0.43  0.40  0.39  0.42  0.42  0.41  0.42  0.43  0.41  0.48 03031999 12
  0.46  0.47  0.53  0.57  0.53  0.54  0.53  0.50  0.52  0.56  0.55  0.51 04031999 00
  0.45  0.36  0.34  0.37  0.28  0.30  0.30  0.25  0.21  0.18  0.16  0.15 04031999 12
  0.16  0.15  0.14  0.14  0.13  0.12  0.13  0.12  0.11  0.10  0.07  0.07 05031999 00
  0.06  0.05  0.05  0.03  0.04  0.06  0.09  0.09  0.07  0.02 -0.01 -0.01 05031999 12
  0.01  0.02  0.02  0.02  0.03  0.04  0.06  0.07  0.07  0.08  0.09  0.10 06031999 00
  0.10  0.09  0.06  0.03  0.03  0.03  0.04  0.05  0.04  0.03  0.02  0.02 06031999 12
  0.03  0.04  0.04  0.04  0.05  0.04  0.05  0.06  0.07  0.06  0.04  0.03 07031999 00
  0.04  0.05  0.03  0.00 -0.01 -0.00  0.00  0.01  0.01  0.01  0.02  0.03 07031999 12
  0.04  0.06  0.07  0.08  0.08  0.08  0.08  0.10  0.11  0.12  0.10  0.09 08031999 00
  0.09  0.10  0.10  0.07  0.03  0.02  0.02  0.02  0.01 -0.01 -0.02 -0.02 08031999 12
 -0.01 -0.01 -0.02 -0.01 -0.01 -0.00 -0.00 -0.01 -0.01 -0.02 -0.01 -0.00 09031999 00
  0.01  0.01  0.01  0.01  0.01 -0.01 -0.03 -0.03 -0.04 -0.05 -0.05 -0.04 09031999 12
 -0.04 -0.02 -0.01  0.00  0.02  0.02  0.02  0.03  0.04  0.03  0.03  0.03 10031999 00
  0.03  0.02  0.01 -0.00 -0.02 -0.03 -0.05 -0.05 -0.05 -0.04 -0.03 -0.03 10031999 12
 -0.04 -0.03 -0.01 -0.02 -0.04 -0.05 -0.05 -0.05 -0.04 -0.04 -0.06 -0.06 11031999 00
 -0.06 -0.05 -0.06 -0.08 -0.07 -0.06 -0.04 -0.03 -0.04 -0.04 -0.04 -0.04 11031999 12
 -0.02  0.02  0.02 -0.01 -0.01 -0.00  0.02  0.05  0.06  0.05  0.04  0.06 12031999 00
  0.08  0.06  0.05  0.05  0.03  0.01  0.02  0.04  0.05  0.05  0.04  0.04 12031999 12
  0.06  0.09  0.10  0.12  0.13  0.13  0.12  0.11  0.13  0.13  0.14  0.13 13031999 00
  0.13  0.12  0.09  0.06  0.06  0.06  0.04  0.04  0.03  0.02  0.02  0.04 13031999 12
  0.05  0.07  0.08  0.08  0.07  0.09  0.09  0.09  0.09  0.09  0.09  0.10 14031999 00
  0.09  0.10  0.10  0.10  0.09  0.09  0.08  0.07  0.07  0.06  0.07  0.07 14031999 12
  0.05  0.03  0.03  0.02  0.00 -0.01  0.00  0.01  0.01 -0.00 -0.01 -0.03 15031999 00
 -0.03 -0.04 -0.04 -0.05 -0.07 -0.09 -0.11 -0.12 -0.11 -0.11 -0.10 -0.09 15031999 12
 -0.08 -0.08 -0.09 -0.08 -0.06 -0.05 -0.05 -0.05 -0.03 -0.02 -0.00  0.00 16031999 00
  0.00  0.01  0.00 -0.02 -0.02 -0.02 -0.02 -0.05 -0.07 -0.07 -0.06 -0.05 16031999 12
 -0.03 -0.03 -0.02 -0.02 -0.03 -0.04 -0.05 -0.08 -0.10 -0.09 -0.09 -0.09 17031999 00
 -0.08 -0.09 -0.09 -0.08 -0.07 -0.08 -0.10 -0.12 -0.13 -0.14 -0.14 -0.14 17031999 12
 -0.13 -0.12 -0.13 -0.13 -0.14 -0.16 -0.16 -0.18 -0.19 -0.19 -0.19 -0.18 18031999 00
 -0.16 -0.14 -0.16 -0.13 -0.14 -0.15 -0.15 -0.13 -0.13 -0.12 -0.10 -0.10 18031999 12
 -0.08 -0.03 -0.02 -0.01 -0.00  0.01  0.03  0.01 -0.02 -0.05 -0.06 -0.07 19031999 00
 -0.08 -0.10 -0.13 -0.15 -0.13 -0.12 -0.14 -0.17 -0.20 -0.19 -0.19 -0.17 19031999 12
 -0.16 -0.13 -0.11 -0.13 -0.11 -0.10 -0.10 -0.11 -0.11 -0.14 -0.13 -0.13 20031999 00
 -0.14 -0.13 -0.13 -0.14 -0.14 -0.14 -0.16 -0.17 -0.18 -0.22 -0.24 -0.22 20031999 12
 -0.19 -0.18 -0.14 -0.13 -0.14 -0.11 -0.13 -0.12 -0.10 -0.10 -0.10 -0.10 21031999 00
 -0.10 -0.09 -0.08 -0.07 -0.07 -0.05 -0.05 -0.05 -0.04 -0.02  0.00  0.02 21031999 12
  0.01  0.02  0.07  0.11  0.16  0.24  0.32  0.37  0.40  0.42  0.45  0.42 22031999 00
  0.36  0.36  0.25  0.09 -0.02 -0.07 -0.08 -0.03 -0.03 -0.07 -0.12 -0.16 22031999 12
 -0.19 -0.16 -0.14 -0.11 -0.12 -0.15 -0.12 -0.11 -0.10 -0.09 -0.09 -0.08 23031999 00
 -0.07 -0.06 -0.03  0.03  0.09  0.14  0.20  0.22  0.22  0.22  0.20  0.19 23031999 12
  0.20  0.21  0.21  0.19  0.13  0.08  0.08  0.06  0.05  0.06  0.04  0.03 24031999 00
  0.04  0.03  0.01  0.01  0.01  0.04  0.08  0.10  0.10  0.11  0.14  0.16 24031999 12
  0.17  0.19  0.18  0.18  0.17  0.17  0.18  0.19  0.19  0.21  0.24  0.24 25031999 00
  0.22  0.22  0.22  0.17  0.16  0.14  0.15  0.13  0.13  0.11  0.11  0.11 25031999 12
  0.11  0.08  0.08  0.08  0.08  0.09  0.09  0.10  0.10  0.12  0.12  0.13 26031999 00
  0.13  0.13  0.12  0.10  0.08  0.09  0.10  0.10  0.12  0.13  0.13  0.13 26031999 12
  0.15  0.16  0.16  0.14  0.15  0.14  0.15  0.14  0.15  0.16  0.18  0.17 27031999 00
  0.17  0.17  0.17  0.16  0.17  0.17  0.16  0.16  0.15  0.15  0.14  0.14 27031999 12
  0.13  0.13  0.12  0.11  0.10  0.10  0.10  0.10  0.11  0.10  0.10  0.10 28031999 00
  0.09  0.08  0.08  0.08  0.06  0.05  0.05  0.04  0.05  0.04  0.04  0.02 28031999 12
  0.02  0.01  0.00 -0.00 -0.02 -0.03 -0.01  0.01  0.03  0.05  0.09  0.13 29031999 00
  0.19  0.21  0.21  0.25  0.32  0.39  0.50  0.55  0.49  0.40  0.33  0.29 29031999 12
  0.33  0.37  0.31  0.34  0.33  0.28  0.30  0.32  0.29  0.29  0.26  0.23 30031999 00
  0.22  0.22  0.18  0.19  0.19  0.18  0.19  0.22  0.20  0.19  0.15  0.12 30031999 12
  0.16  0.18  0.16  0.17  0.20  0.20  0.16  0.13  0.10  0.09  0.11  0.06 31031999 00
  0.04  0.04  0.00 -0.00  0.01  0.00 -0.01 -0.02 -0.03 -0.04 -0.03 -0.01 31031999 12
  0.01  0.02  0.01  0.01  0.01  0.00  0.01  0.03  0.06  0.08  0.08  0.08 01041999 00
  0.10  0.12  0.15  0.15  0.14  0.12  0.09  0.08  0.07  0.04  0.03  0.04 01041999 12
  0.04  0.04  0.06  0.05  0.04  0.03  0.02  0.01  0.02  0.03  0.03  0.03 02041999 00
  0.02  0.02  0.01  0.01  0.02  0.02  0.02  0.04  0.06  0.06  0.04  0.03 02041999 12
  0.04  0.05  0.05  0.05  0.06  0.06  0.06  0.08  0.09  0.10  0.09  0.08 03041999 00
  0.08  0.06  0.05  0.06  0.04  0.03  0.02  0.01 -0.00 -0.02 -0.03 -0.03 03041999 12
 -0.02 -0.03 -0.03 -0.04 -0.04 -0.03 -0.02 -0.02 -0.01 -0.00  0.00 -0.00 04041999 00
  0.00 -0.00 -0.01 -0.02 -0.02 -0.03 -0.03 -0.04 -0.04 -0.05 -0.05 -0.04 04041999 12
 -0.05 -0.05 -0.04 -0.03 -0.02 -0.02 -0.02 -0.01  0.00  0.00 -0.01 -0.02 05041999 00
 -0.02 -0.02 -0.02 -0.01  0.01  0.02  0.03  0.03  0.04  0.06  0.08  0.10 05041999 12
  0.10  0.11  0.08  0.07  0.08  0.07  0.06  0.05  0.04  0.04  0.04  0.03 06041999 00
  0.03  0.04  0.01  0.02  0.07  0.11  0.13  0.16  0.17  0.18  0.20  0.21 06041999 12
  0.17  0.15  0.13  0.14  0.17  0.19  0.17  0.19  0.20  0.21  0.18  0.17 07041999 00
  0.17  0.20  0.19  0.14  0.12  0.13  0.13  0.14  0.15  0.13  0.06  0.00 07041999 12
 -0.03 -0.05 -0.05 -0.07 -0.06 -0.07 -0.07 -0.05 -0.03 -0.01  0.01  0.02 08041999 00
  0.02  0.01 -0.00 -0.02 -0.03 -0.05 -0.07 -0.09 -0.10 -0.11 -0.13 -0.14 08041999 12
 -0.15 -0.14 -0.14 -0.13 -0.11 -0.09 -0.06 -0.04 -0.03 -0.04 -0.04 -0.03 09041999 00
 -0.05 -0.06 -0.06 -0.07 -0.09 -0.10 -0.10 -0.10 -0.10 -0.09 -0.09 -0.08 09041999 12
 -0.08 -0.09 -0.09 -0.09 -0.08 -0.07 -0.06 -0.05 -0.06 -0.06 -0.05 -0.03 10041999 00
 -0.01  0.00 -0.00  0.01  0.01  0.01  0.03  0.06  0.08  0.10  0.13  0.15 10041999 12
  0.17  0.18  0.18  0.20  0.19  0.19  0.21  0.23  0.21  0.18  0.15  0.13 11041999 00
  0.10  0.07  0.04  0.02  0.03  0.01  0.02  0.01  0.04  0.04  0.06  0.04 11041999 12
  0.02  0.00 -0.01 -0.04 -0.08 -0.11 -0.10 -0.08 -0.06 -0.04 -0.05 -0.05 12041999 00
 -0.03 -0.03 -0.01  0.02  0.06  0.12  0.21  0.31  0.38  0.47  0.53  0.55 12041999 12
  0.54  0.52  0.49  0.42  0.30  0.23  0.17  0.08  0.05  0.01  0.03  0.06 13041999 00
  0.10  0.16  0.22  0.25  0.26  0.24  0.13  0.06  0.03 -0.08 -0.15 -0.19 13041999 12
 -0.23 -0.21 -0.16 -0.12 -0.09 -0.05  0.05  0.16  0.20  0.24  0.31  0.37 14041999 00
  0.42  0.36  0.21  0.06  0.02  0.04  0.00 -0.08 -0.08 -0.04 -0.01  0.02 14041999 12
  0.02  0.02  0.02  0.03  0.05  0.08  0.11  0.13  0.12  0.11  0.10  0.08 15041999 00
  0.04  0.03  0.02  0.02  0.02  0.03  0.04  0.05  0.06  0.07  0.08  0.06 15041999 12
  0.04  0.03  0.02  0.03  0.04  0.06  0.06  0.03 -0.02 -0.04 -0.01  0.01 16041999 00
  0.02  0.02  0.03  0.04  0.05  0.06  0.06  0.08  0.09  0.10  0.09  0.09 16041999 12
  0.07  0.05  0.07  0.06  0.06  0.06  0.06  0.06  0.08  0.08  0.07  0.07 17041999 00
  0.07  0.05  0.06  0.05  0.05  0.05  0.05  0.04  0.02  0.02  0.02  0.01 17041999 12
  0.01  0.00 -0.01 -0.02 -0.02 -0.01 -0.02 -0.03 -0.04 -0.03 -0.03 -0.02 18041999 00
 -0.03 -0.03 -0.02 -0.02 -0.01 -0.01 -0.01 -0.01  0.00  0.01  0.02  0.01 18041999 12
  0.01  0.00 -0.00 -0.01 -0.01 -0.02 -0.02 -0.03 -0.04 -0.05 -0.06 -0.06 19041999 00
 -0.05 -0.05 -0.04 -0.03 -0.02 -0.01 -0.02 -0.02 -0.02 -0.03 -0.04 -0.04 19041999 12
 -0.06 -0.07 -0.07 -0.07 -0.08 -0.08 -0.08 -0.08 -0.08 -0.08 -0.07 -0.08 20041999 00
 -0.06 -0.05 -0.05 -0.03 -0.03 -0.03 -0.03 -0.04 -0.03 -0.01  0.02  0.03 20041999 12
  0.01 -0.03 -0.06 -0.08 -0.07 -0.06 -0.05 -0.06 -0.05  0.00  0.09  0.16 21041999 00
  0.18  0.17  0.20  0.21  0.23  0.29  0.35  0.39  0.40  0.41  0.42  0.50 21041999 12
  0.58  0.56  0.53  0.49  0.51  0.54  0.60  0.55  0.57  0.55  0.52  0.52 22041999 00
  0.58  0.55  0.42  0.30  0.20  0.22  0.28  0.31  0.30  0.33  0.32  0.32 22041999 12
  0.38  0.45  0.40  0.38  0.32  0.31  0.28  0.31  0.28  0.30  0.27  0.21 23041999 00
  0.16  0.17  0.17  0.14  0.13  0.11  0.16  0.17  0.20  0.21  0.22  0.21 23041999 12
  0.19  0.16  0.15  0.09  0.06  0.04  0.02  0.02  0.01  0.00  0.02  0.03 24041999 00
  0.03  0.03  0.04  0.06  0.05  0.05  0.06  0.07  0.08  0.08  0.07  0.06 24041999 12
  0.05  0.04  0.02  0.01  0.00 -0.00  0.01  0.00  0.00 -0.00 -0.00 -0.01 25041999 00
 -0.01 -0.01 -0.01 -0.02 -0.01  0.01  0.01  0.01  0.01  0.00  0.01  0.03 25041999 12
  0.03  0.04  0.05  0.06  0.09  0.11  0.10  0.07  0.06  0.07  0.07  0.07 26041999 00
  0.05  0.04  0.02  0.01  0.02  0.04  0.03  0.01  0.01  0.01  0.02  0.02 26041999 12
  0.02  0.01  0.01  0.00 -0.02 -0.04 -0.05 -0.06 -0.07 -0.08 -0.09 -0.10 27041999 00
 -0.11 -0.12 -0.13 -0.13 -0.13 -0.14 -0.16 -0.17 -0.16 -0.15 -0.14 -0.16 27041999 12
 -0.19 -0.20 -0.19 -0.20 -0.22 -0.23 -0.27 -0.29 -0.28 -0.27 -0.24 -0.22 28041999 00
 -0.23 -0.23 -0.21 -0.23 -0.25 -0.25 -0.27 -0.28 -0.30 -0.29 -0.27 -0.24 28041999 12
 -0.23 -0.25 -0.23 -0.23 -0.24 -0.21 -0.21 -0.23 -0.23 -0.23 -0.22 -0.20 29041999 00
 -0.19 -0.20 -0.20 -0.20 -0.22 -0.22 -0.25 -0.28 -0.26 -0.26 -0.24 -0.21 29041999 12
 -0.21 -0.23 -0.21 -0.20 -0.22 -0.22 -0.20 -0.19 -0.20 -0.19 -0.19 -0.16 30041999 00
 -0.14 -0.15 -0.15 -0.15 -0.15 -0.15 -0.13 -0.13 -0.16 -0.14 -0.14 -0.12 30041999 12
 -0.09 -0.10 -0.12 -0.10 -0.11 -0.11 -0.10 -0.09 -0.10 -0.11 -0.11 -0.12 01051999 00
 -0.10 -0.08 -0.09 -0.07 -0.07 -0.07 -0.07 -0.07 -0.08 -0.07 -0.05 -0.04 01051999 12
 -0.02 -0.02 -0.03 -0.02 -0.03 -0.03 -0.04 -0.05 -0.06 -0.07 -0.08 -0.09 02051999 00
 -0.08 -0.09 -0.10 -0.10 -0.09 -0.10 -0.11 -0.11 -0.11 -0.12 -0.11 -0.12 02051999 12
 -0.12 -0.10 -0.11 -0.13 -0.12 -0.11 -0.12 -0.11 -0.12 -0.11 -0.12 -0.11 03051999 00
 -0.10 -0.08 -0.08 -0.09 -0.08 -0.08 -0.08 -0.07 -0.07 -0.08 -0.07 -0.07 03051999 12
 -0.07 -0.07 -0.08 -0.09 -0.08 -0.08 -0.08 -0.08 -0.07 -0.08 -0.09 -0.09 04051999 00
 -0.09 -0.08 -0.08 -0.08 -0.09 -0.08 -0.08 -0.08 -0.08 -0.09 -0.09 -0.09 04051999 12
 -0.08 -0.09 -0.09 -0.10 -0.10 -0.10 -0.11 -0.11 -0.11 -0.09 -0.09 -0.09 05051999 00
 -0.08 -0.08 -0.08 -0.09 -0.10 -0.10 -0.10 -0.11 -0.12 -0.11 -0.11 -0.10 05051999 12
 -0.10 -0.10 -0.10 -0.09 -0.09 -0.10 -0.09 -0.10 -0.10 -0.08 -0.08 -0.07 06051999 00
 -0.07 -0.07 -0.06 -0.05 -0.03 -0.02 -0.02 -0.03 -0.04 -0.02  0.01  0.00 06051999 12
 -0.00 -0.01 -0.01 -0.02 -0.03 -0.03 -0.02 -0.01  0.00  0.01  0.01  0.03 07051999 00
  0.03  0.03  0.03  0.04  0.04  0.05  0.06  0.05  0.04  0.02 -0.00 -0.01 07051999 12
 -0.01 -0.02 -0.03 -0.04 -0.06 -0.05 -0.04 -0.02 -0.00  0.02  0.04  0.06 08051999 00
  0.08  0.09  0.09  0.07  0.06  0.05  0.06  0.09  0.11  0.13  0.14  0.15 08051999 12
  0.16  0.19  0.19  0.19  0.17  0.17  0.15  0.16  0.16  0.16  0.15  0.14 09051999 00
  0.12  0.15  0.19  0.20  0.19  0.18  0.24  0.32  0.40  0.44  0.44  0.41 09051999 12
  0.37  0.34  0.32  0.30  0.23  0.19  0.21  0.24  0.24  0.22  0.21  0.21 10051999 00
  0.21  0.22  0.28  0.35  0.35  0.33  0.26  0.23  0.19  0.20  0.20  0.19 10051999 12
  0.22  0.25  0.24  0.27  0.33  0.33  0.31  0.28  0.28  0.30  0.31  0.28 11051999 00
  0.28  0.29  0.28  0.30  0.35  0.33  0.31  0.29  0.26  0.28  0.32  0.32 11051999 12
  0.30  0.29  0.27  0.25  0.29  0.34  0.29  0.27  0.23  0.23  0.25  0.27 12051999 00
  0.24  0.25  0.25  0.23  0.25  0.28  0.26  0.23  0.20  0.18  0.19  0.22 12051999 12
  0.23  0.22  0.21  0.20  0.18  0.20  0.20  0.19  0.19  0.17  0.16  0.16 13051999 00
  0.15  0.13  0.15  0.15  0.15  0.17  0.18  0.16  0.15  0.15  0.13  0.14 13051999 12
  0.17  0.13  0.13  0.13  0.13  0.12  0.14  0.14  0.14  0.12  0.12  0.12 14051999 00
  0.14  0.13  0.12  0.12  0.12  0.12  0.14  0.12  0.13  0.12  0.11  0.08 14051999 12
  0.07  0.08  0.06  0.06  0.06  0.03  0.00 -0.00 -0.01 -0.00  0.01 -0.01 15051999 00
 -0.02 -0.01 -0.01 -0.02 -0.02 -0.01 -0.02 -0.04 -0.05 -0.05 -0.04 -0.04 15051999 12
 -0.04 -0.06 -0.07 -0.07 -0.08 -0.08 -0.09 -0.12 -0.13 -0.14 -0.13 -0.13 16051999 00
 -0.11 -0.11 -0.13 -0.11 -0.12 -0.12 -0.11 -0.11 -0.13 -0.13 -0.13 -0.13 16051999 12
 -0.13 -0.11 -0.12 -0.12 -0.12 -0.12 -0.13 -0.12 -0.14 -0.16 -0.16 -0.14 17051999 00
 -0.15 -0.13 -0.13 -0.16 -0.14 -0.15 -0.15 -0.14 -0.15 -0.19 -0.20 -0.19 17051999 12
 -0.19 -0.18 -0.17 -0.21 -0.20 -0.21 -0.21 -0.21 -0.20 -0.22 -0.23 -0.19 18051999 00
 -0.21 -0.23 -0.21 -0.23 -0.24 -0.21 -0.23 -0.25 -0.26 -0.31 -0.31 -0.33 18051999 12
 -0.29 -0.27 -0.24 -0.24 -0.30 -0.25 -0.27 -0.28 -0.28 -0.28 -0.33 -0.31 19051999 00
 -0.26 -0.28 -0.25 -0.19 -0.22 -0.21 -0.16 -0.14 -0.13 -0.08 -0.07 -0.07 19051999 12
 -0.07 -0.08 -0.06 -0.06 -0.07 -0.07 -0.07 -0.07 -0.07 -0.05 -0.04 -0.03 20051999 00
 -0.03 -0.02 -0.03 -0.02 -0.01 -0.00  0.01  0.01  0.01  0.00 -0.01 -0.02 20051999 12
 -0.02 -0.02 -0.03 -0.04 -0.04 -0.03 -0.03 -0.01 -0.01 -0.01 -0.01 -0.02 21051999 00
 -0.03 -0.04 -0.04 -0.04 -0.04 -0.03 -0.02 -0.00  0.01  0.02  0.02  0.02 21051999 12
  0.03  0.02  0.02  0.02  0.04  0.07  0.12  0.16  0.19  0.24  0.31  0.41 22051999 00
  0.48  0.51  0.46  0.41  0.35  0.25  0.17  0.12  0.08  0.06  0.10  0.10 22051999 12
  0.10  0.10  0.10  0.07  0.12  0.15  0.20  0.21  0.22  0.19  0.16  0.13 23051999 00
  0.13  0.11  0.07  0.02 -0.02 -0.00  0.02  0.06  0.07  0.08  0.12  0.17 23051999 12
  0.18  0.18  0.14  0.11  0.06  0.06  0.08  0.09  0.10  0.09  0.06  0.05 24051999 00
  0.05  0.05  0.05  0.08  0.10  0.09  0.09  0.08  0.09  0.08  0.08  0.06 24051999 12
  0.05  0.03  0.02 -0.00 -0.00 -0.01 -0.00  0.02  0.05  0.08  0.09  0.09 25051999 00
  0.09  0.11  0.14  0.16  0.15  0.13  0.10  0.10  0.07  0.06  0.02  0.02 25051999 12
  0.00  0.00 -0.02 -0.05 -0.09 -0.11 -0.11 -0.09 -0.06 -0.04 -0.03 -0.01 26051999 00
  0.01  0.01  0.00  0.00  0.00  0.01  0.01  0.02  0.04  0.04  0.04  0.05 26051999 12
  0.07  0.08  0.09  0.09  0.10  0.12  0.15  0.14  0.13  0.11  0.10  0.09 27051999 00
  0.09  0.06  0.06  0.05  0.03 -0.01 -0.02 -0.03 -0.04 -0.03 -0.03 -0.03 27051999 12
 -0.02 -0.03 -0.04 -0.06 -0.07 -0.08 -0.09 -0.10 -0.09 -0.08 -0.07 -0.06 28051999 00
 -0.06 -0.06 -0.05 -0.05 -0.05 -0.05 -0.06 -0.05 -0.02 -0.01  0.00  0.00 28051999 12
  0.02  0.02 -0.01 -0.04  0.01  0.03  0.05  0.13  0.10  0.06  0.09  0.11 29051999 00
  0.13  0.16  0.17  0.17  0.17  0.15  0.13  0.10  0.07  0.03  0.01 -0.02 29051999 12
 -0.02 -0.01 -0.04 -0.09 -0.10 -0.10 -0.10 -0.10 -0.11 -0.10 -0.11 -0.11 30051999 00
 -0.12 -0.14 -0.16 -0.17 -0.18 -0.19 -0.20 -0.20 -0.19 -0.19 -0.20 -0.22 30051999 12
 -0.21 -0.21 -0.22 -0.19 -0.19 -0.21 -0.18 -0.18 -0.19 -0.18 -0.16 -0.15 31051999 00
 -0.13 -0.13 -0.16 -0.14 -0.12 -0.12 -0.12 -0.12 -0.12 -0.11 -0.12 -0.12 31051999 12
 -0.10 -0.09 -0.10 -0.10 -0.11 -0.12 -0.13 -0.12 -0.12 -0.12 -0.12 -0.13 01061999 00
 -0.12 -0.11 -0.11 -0.12 -0.11 -0.11 -0.11 -0.09 -0.09 -0.09 -0.10 -0.10 01061999 12
 -0.10 -0.09 -0.09 -0.10 -0.09 -0.09 -0.10 -0.10 -0.10 -0.10 -0.08 -0.09 02061999 00
 -0.09 -0.08 -0.08 -0.09 -0.08 -0.07 -0.08 -0.08 -0.07 -0.07 -0.08 -0.08 02061999 12
 -0.09 -0.09 -0.07 -0.08 -0.09 -0.09 -0.09 -0.08 -0.07 -0.07 -0.09 -0.12 03061999 00
 -0.08 -0.03  0.00  0.01  0.02  0.05  0.08  0.10  0.13  0.16  0.18  0.20 03061999 12
  0.19  0.17  0.15  0.13  0.13  0.11  0.10  0.09  0.07  0.05  0.04  0.06 04061999 00
  0.06  0.05  0.05  0.05  0.06  0.08  0.09  0.10  0.12  0.12  0.14  0.16 04061999 12
  0.16  0.16  0.14  0.13  0.14  0.18  0.19  0.22  0.23  0.25  0.25  0.25 05061999 00
  0.25  0.25  0.25  0.23  0.24  0.25  0.25  0.23  0.24  0.22  0.16  0.17 05061999 12
  0.18  0.15  0.15  0.12  0.13  0.13  0.13  0.13  0.15  0.13  0.13  0.14 06061999 00
  0.15  0.14  0.12  0.08  0.05  0.02  0.02  0.03  0.04  0.05  0.05  0.06 06061999 12
  0.07  0.09  0.09  0.08  0.07  0.08  0.08  0.08  0.08  0.08  0.07  0.05 07061999 00
  0.03  0.03  0.01 -0.01 -0.02 -0.02 -0.02 -0.01  0.01  0.01  0.02  0.02 07061999 12
  0.02  0.03  0.03  0.01 -0.00 -0.01 -0.02 -0.04 -0.04 -0.02 -0.02 -0.03 08061999 00
 -0.03 -0.02 -0.01 -0.01 -0.00  0.01  0.02  0.03  0.04  0.04  0.05  0.04 08061999 12
  0.04  0.03  0.01 -0.01 -0.03 -0.03 -0.04 -0.05 -0.06 -0.05 -0.04 -0.04 09061999 00
 -0.04 -0.05 -0.06 -0.07 -0.07 -0.07 -0.07 -0.07 -0.08 -0.08 -0.08 -0.07 09061999 12
 -0.08 -0.10 -0.11 -0.13 -0.16 -0.16 -0.16 -0.14 -0.12 -0.11 -0.12 -0.11 10061999 00
 -0.10 -0.10 -0.10 -0.10 -0.11 -0.12 -0.11 -0.12 -0.11 -0.11 -0.11 -0.11 10061999 12
 -0.10 -0.11 -0.12 -0.12 -0.14 -0.17 -0.17 -0.17 -0.15 -0.13 -0.12 -0.13 11061999 00
 -0.12 -0.13 -0.14 -0.14 -0.13 -0.16 -0.17 -0.18 -0.16 -0.15 -0.14 -0.15 11061999 12
 -0.15 -0.14 -0.15 -0.16 -0.15 -0.16 -0.18 -0.19 -0.19 -0.18 -0.15 -0.14 12061999 00
 -0.15 -0.13 -0.14 -0.15 -0.15 -0.15 -0.16 -0.16 -0.16 -0.16 -0.14 -0.12 12061999 12
 -0.13 -0.12 -0.11 -0.12 -0.13 -0.12 -0.13 -0.12 -0.13 -0.14 -0.14 -0.11 13061999 00
 -0.10 -0.11 -0.09 -0.11 -0.11 -0.10 -0.09 -0.11 -0.11 -0.11 -0.11 -0.10 13061999 12
 -0.08 -0.10 -0.10 -0.10 -0.11 -0.12 -0.12 -0.13 -0.13 -0.13 -0.12 -0.13 14061999 00
 -0.11 -0.09 -0.09 -0.06 -0.07 -0.07 -0.06 -0.06 -0.08 -0.09 -0.09 -0.09 14061999 12
 -0.09 -0.08 -0.09 -0.09 -0.09 -0.09 -0.09 -0.07 -0.05 -0.05 -0.04 -0.05 15061999 00
 -0.04 -0.02 -0.02 -0.02 -0.01 -0.02 -0.02 -0.03 -0.04 -0.07 -0.08 -0.08 15061999 12
 -0.09 -0.09 -0.09 -0.12 -0.12 -0.13 -0.14 -0.14 -0.14 -0.16 -0.16 -0.15 16061999 00
 -0.16 -0.15 -0.12 -0.12 -0.11 -0.10 -0.11 -0.11 -0.10 -0.12 -0.12 -0.14 16061999 12
 -0.12 -0.11 -0.09 -0.09 -0.09 -0.07 -0.08 -0.09 -0.08 -0.07 -0.09 -0.08 17061999 00
 -0.06 -0.06 -0.05 -0.03 -0.01  0.01  0.01  0.01  0.02  0.01  0.00 -0.01 17061999 12
 -0.01 -0.02 -0.03 -0.03 -0.03 -0.03 -0.04 -0.05 -0.07 -0.08 -0.09 -0.12 18061999 00
 -0.14 -0.15 -0.15 -0.14 -0.14 -0.17 -0.15 -0.15 -0.15 -0.16 -0.17 -0.18 18061999 12
 -0.16 -0.17 -0.17 -0.15 -0.13 -0.13 -0.12 -0.11 -0.12 -0.11 -0.09 -0.09 19061999 00
 -0.09 -0.09 -0.09 -0.09 -0.08 -0.06 -0.07 -0.08 -0.08 -0.08 -0.08 -0.09 19061999 12
 -0.11 -0.12 -0.11 -0.11 -0.12 -0.11 -0.10 -0.09 -0.08 -0.08 -0.08 -0.07 20061999 00
 -0.06 -0.05 -0.03  0.01  0.06  0.12  0.16  0.17  0.18  0.19  0.22  0.26 20061999 12
  0.27  0.28  0.21  0.17  0.14  0.12  0.10  0.11  0.09  0.07  0.03 -0.02 21061999 00
 -0.07 -0.09 -0.11 -0.12 -0.10 -0.08 -0.04 -0.02 -0.02 -0.01 -0.01 -0.01 21061999 12
  0.01  0.00 -0.04 -0.07 -0.06 -0.06 -0.05 -0.06 -0.06 -0.05 -0.05 -0.07 22061999 00
 -0.09 -0.11 -0.11 -0.11 -0.11 -0.10 -0.07 -0.07 -0.08 -0.09 -0.09 -0.10 22061999 12
 -0.10 -0.10 -0.11 -0.14 -0.15 -0.15 -0.14 -0.12 -0.10 -0.08 -0.07 -0.07 23061999 00
 -0.08 -0.08 -0.06 -0.07 -0.07 -0.06 -0.06 -0.06 -0.05 -0.04 -0.03 -0.02 23061999 12
 -0.03 -0.04 -0.05 -0.04 -0.06 -0.09 -0.11 -0.12 -0.11 -0.11 -0.11 -0.12 24061999 00
 -0.12 -0.13 -0.14 -0.14 -0.13 -0.13 -0.12 -0.12 -0.11 -0.12 -0.12 -0.12 24061999 12
 -0.12 -0.12 -0.13 -0.15 -0.16 -0.18 -0.19 -0.18 -0.17 -0.15 -0.15 -0.15 25061999 00
 -0.14 -0.13 -0.15 -0.14 -0.13 -0.13 -0.14 -0.14 -0.15 -0.14 -0.14 -0.13 25061999 12
 -0.13 -0.12 -0.13 -0.13 -0.13 -0.13 -0.14 -0.13 -0.12 -0.11 -0.10 -0.09 26061999 00
 -0.08 -0.07 -0.07 -0.07 -0.07 -0.05 -0.05 -0.05 -0.05 -0.05 -0.04 -0.04 26061999 12
 -0.04 -0.04 -0.03 -0.03 -0.03 -0.02 -0.02 -0.00  0.01  0.01  0.02  0.03 27061999 00
  0.04  0.04  0.06  0.08  0.10  0.10  0.11  0.12  0.14  0.15  0.14  0.13 27061999 12
  0.14  0.16  0.15  0.14  0.14  0.14  0.13  0.12  0.12  0.14  0.15  0.13 28061999 00
  0.13  0.13  0.13  0.13  0.14  0.15  0.14  0.17  0.18  0.18  0.18  0.16 28061999 12
  0.15  0.15  0.15  0.13  0.14  0.15  0.13  0.13  0.14  0.15  0.16  0.13 29061999 00
  0.11  0.11  0.12  0.12  0.13  0.15  0.14  0.14  0.14  0.12  0.12  0.10 29061999 12
  0.07  0.05  0.03  0.01  0.02  0.03  0.02  0.01  0.03  0.03  0.02  0.03 30061999 00
  0.03  0.04  0.05  0.05  0.05  0.05  0.05  0.05  0.05  0.04  0.04  0.04 30061999 12
  0.03  0.02  0.02  0.01  0.01  0.03  0.04  0.04  0.03  0.02  0.01  0.00 01071999 00
  0.00 -0.01 -0.00  0.02  0.03  0.02  0.01  0.00  0.02  0.04  0.04  0.04 01071999 12
  0.06  0.07  0.08  0.09  0.08  0.07  0.08  0.09  0.09  0.08  0.06  0.03 02071999 00
  0.01 -0.01 -0.02 -0.01 -0.01 -0.01 -0.02 -0.02 -0.02 -0.02 -0.01 -0.01 02071999 12
 -0.01 -0.00  0.00  0.01  0.00 -0.01 -0.01 -0.01 -0.00 -0.00  0.01  0.01 03071999 00
  0.00  0.00  0.00  0.00  0.02  0.03  0.03  0.03  0.03  0.03  0.04  0.05 03071999 12
  0.07  0.07  0.07  0.08  0.09  0.10  0.10  0.11  0.12  0.13  0.15  0.16 04071999 00
  0.15  0.16  0.14  0.14  0.15  0.17  0.16  0.15  0.14  0.13  0.12  0.13 04071999 12
  0.13  0.11  0.10  0.08  0.07  0.09  0.09  0.09  0.10  0.10  0.09  0.11 05071999 00
  0.12  0.11  0.10  0.09  0.08  0.08  0.09  0.08  0.08  0.08  0.06  0.05 05071999 12
  0.06  0.06  0.06  0.05  0.05  0.04  0.04  0.04  0.04  0.04  0.04  0.04 06071999 00
  0.05  0.04  0.03  0.03  0.02  0.03  0.03  0.03  0.03  0.03  0.03  0.03 06071999 12
  0.03  0.02  0.01  0.00 -0.00 -0.00 -0.00 -0.00  0.01  0.01 -0.00 -0.02 07071999 00
 -0.02 -0.02 -0.02 -0.03 -0.03 -0.03 -0.02 -0.02 -0.02 -0.03 -0.03 -0.03 07071999 12
 -0.03 -0.04 -0.05 -0.06 -0.07 -0.08 -0.08 -0.08 -0.08 -0.07 -0.07 -0.08 08071999 00
 -0.09 -0.09 -0.11 -0.12 -0.13 -0.14 -0.13 -0.12 -0.11 -0.11 -0.10 -0.09 08071999 12
 -0.10 -0.11 -0.11 -0.13 -0.14 -0.14 -0.14 -0.14 -0.15 -0.15 -0.16 -0.16 09071999 00
 -0.17 -0.17 -0.17 -0.19 -0.22 -0.24 -0.23 -0.21 -0.19 -0.18 -0.18 -0.18 09071999 12
 -0.17 -0.17 -0.17 -0.16 -0.19 -0.21 -0.21 -0.21 -0.19 -0.19 -0.19 -0.19 10071999 00
 -0.17 -0.17 -0.17 -0.15 -0.15 -0.17 -0.16 -0.17 -0.16 -0.15 -0.14 -0.15 10071999 12
 -0.14 -0.13 -0.14 -0.14 -0.14 -0.15 -0.17 -0.17 -0.17 -0.15 -0.14 -0.14 11071999 00
 -0.15 -0.13 -0.14 -0.15 -0.14 -0.15 -0.18 -0.20 -0.18 -0.19 -0.17 -0.17 11071999 12
 -0.20 -0.19 -0.20 -0.21 -0.22 -0.24 -0.29 -0.28 -0.28 -0.26 -0.25 -0.22 12071999 00
 -0.20 -0.22 -0.19 -0.20 -0.21 -0.20 -0.21 -0.24 -0.22 -0.21 -0.21 -0.19 12071999 12
 -0.17 -0.20 -0.18 -0.18 -0.18 -0.17 -0.17 -0.18 -0.18 -0.15 -0.14 -0.14 13071999 00
 -0.11 -0.11 -0.11 -0.09 -0.10 -0.10 -0.09 -0.09 -0.09 -0.09 -0.10 -0.09 13071999 12
 -0.07 -0.05 -0.05 -0.04 -0.04 -0.04 -0.04 -0.01  0.02  0.02  0.02  0.02 14071999 00
  0.04  0.07  0.08  0.11  0.11  0.13  0.15  0.19  0.22  0.18  0.16  0.16 14071999 12
  0.17  0.14  0.13  0.14  0.12  0.13  0.11  0.07  0.04  0.04  0.03  0.05 15071999 00
  0.06  0.05  0.05  0.07  0.08  0.08  0.09  0.09  0.10  0.09  0.08  0.08 15071999 12
  0.09  0.07  0.06  0.09  0.09  0.08  0.09  0.10  0.10  0.11  0.09  0.07 16071999 00
  0.06  0.08  0.07  0.05  0.06  0.06  0.07  0.07  0.06  0.06  0.07  0.07 16071999 12
  0.06  0.07  0.06  0.06  0.07  0.06  0.06  0.08  0.08  0.07  0.05  0.02 17071999 00
  0.02  0.00 -0.01  0.01  0.03  0.03  0.03  0.03  0.03  0.03  0.03  0.03 17071999 12
  0.03  0.02  0.02  0.02  0.02  0.02  0.01  0.02  0.03  0.05  0.09  0.15 18071999 00
  0.16  0.16  0.13  0.11  0.11  0.12  0.10  0.08  0.10  0.08  0.03 -0.00 18071999 12
 -0.02 -0.02 -0.01 -0.02 -0.01  0.00  0.01  0.01  0.01  0.01  0.02  0.05 19071999 00
  0.06  0.05  0.03  0.02  0.03  0.04  0.06  0.05  0.05  0.05  0.04  0.05 19071999 12
  0.07  0.09  0.08  0.08  0.06  0.06  0.09  0.09  0.08  0.09  0.09  0.10 20071999 00
  0.12  0.15  0.15  0.15  0.15  0.16  0.17  0.19  0.19  0.19  0.20  0.19 20071999 12
  0.18  0.20  0.18  0.16  0.14  0.13  0.13  0.14  0.14  0.13  0.14  0.13 21071999 00
  0.13  0.14  0.17  0.15  0.15  0.14  0.15  0.16  0.18  0.20  0.22  0.21 21071999 12
  0.19  0.16  0.15  0.16  0.14  0.13  0.13  0.13  0.12  0.14  0.16  0.19 22071999 00
  0.21  0.21  0.19  0.21  0.17  0.19  0.19  0.18  0.11  0.09  0.05  0.03 22071999 12
  0.01 -0.02 -0.04 -0.08 -0.10 -0.12 -0.11 -0.10 -0.08 -0.10 -0.12 -0.13 23071999 00
 -0.14 -0.14 -0.14 -0.16 -0.20 -0.20 -0.16 -0.12 -0.10 -0.10 -0.11 -0.12 23071999 12
 -0.11 -0.10 -0.09 -0.08 -0.09 -0.08 -0.06 -0.05 -0.03 -0.03 -0.03 -0.04 24071999 00
 -0.04 -0.04 -0.04 -0.04 -0.04 -0.05 -0.06 -0.06 -0.05 -0.04 -0.03 -0.04 24071999 12
 -0.04 -0.04 -0.05 -0.06 -0.06 -0.08 -0.09 -0.10 -0.10 -0.09 -0.09 -0.09 25071999 00
 -0.09 -0.08 -0.07 -0.05 -0.05 -0.06 -0.07 -0.07 -0.06 -0.05 -0.06 -0.07 25071999 12
 -0.09 -0.09 -0.10 -0.11 -0.12 -0.14 -0.17 -0.18 -0.18 -0.18 -0.16 -0.17 26071999 00
 -0.17 -0.17 -0.17 -0.19 -0.19 -0.19 -0.20 -0.21 -0.20 -0.21 -0.20 -0.21 26071999 12
 -0.23 -0.25 -0.25 -0.26 -0.27 -0.26 -0.26 -0.27 -0.25 -0.22 -0.18 -0.15 27071999 00
 -0.14 -0.15 -0.14 -0.14 -0.16 -0.16 -0.17 -0.19 -0.20 -0.21 -0.21 -0.20 27071999 12
 -0.21 -0.22 -0.21 -0.20 -0.20 -0.20 -0.19 -0.19 -0.18 -0.17 -0.19 -0.17 28071999 00
 -0.16 -0.18 -0.17 -0.15 -0.15 -0.15 -0.14 -0.13 -0.14 -0.16 -0.17 -0.16 28071999 12
 -0.15 -0.15 -0.15 -0.14 -0.14 -0.14 -0.13 -0.13 -0.15 -0.16 -0.16 -0.17 29071999 00
 -0.15 -0.12 -0.13 -0.12 -0.12 -0.14 -0.14 -0.14 -0.16 -0.15 -0.16 -0.16 29071999 12
 -0.15 -0.14 -0.15 -0.14 -0.13 -0.14 -0.14 -0.12 -0.11 -0.12 -0.12 -0.12 30071999 00
 -0.11 -0.09 -0.08 -0.08 -0.07 -0.08 -0.09 -0.08 -0.08 -0.09 -0.09 -0.10 30071999 12
 -0.10 -0.09 -0.09 -0.10 -0.08 -0.07 -0.07 -0.07 -0.06 -0.05 -0.06 -0.06 31071999 00
 -0.06 -0.05 -0.05 -0.05 -0.05 -0.04 -0.05 -0.04 -0.04 -0.04 -0.04 -0.04 31071999 12
 -0.04 -0.04 -0.04 -0.05 -0.05 -0.05 -0.05 -0.05 -0.04 -0.04 -0.04 -0.04 01081999 00
 -0.04 -0.03 -0.02 -0.02 -0.01 -0.01 -0.01 -0.01 -0.01 -0.00 -0.01 -0.01 01081999 12
 -0.02 -0.02 -0.02 -0.02 -0.03 -0.03 -0.03 -0.04 -0.04 -0.03 -0.03 -0.03 02081999 00
 -0.03 -0.03 -0.03 -0.03 -0.03 -0.04 -0.05 -0.02 -0.04 -0.01  0.01 -0.03 02081999 12
 -0.03 -0.01 -0.02 -0.03 -0.03 -0.02 -0.01 -0.00 -0.00  0.01  0.04  0.05 03081999 00
  0.04  0.02  0.01  0.01  0.02  0.02  0.01  0.01 -0.01 -0.03  0.00  0.02 03081999 12
  0.01  0.01  0.00  0.03  0.03  0.02  0.01  0.01  0.01  0.01  0.01  0.02 04081999 00
  0.03  0.03  0.00  0.00  0.01  0.00  0.01  0.01  0.01  0.02  0.02  0.02 04081999 12
  0.01  0.01  0.00 -0.00 -0.01 -0.00 -0.01 -0.01 -0.00 -0.01 -0.01 -0.01 05081999 00
 -0.00  0.00  0.00  0.01  0.02  0.04  0.04  0.04  0.04  0.05  0.04  0.04 05081999 12
  0.04  0.03  0.03  0.02  0.01  0.00  0.00  0.02  0.05  0.05  0.06  0.06 06081999 00
  0.06  0.07  0.08  0.07  0.07  0.06  0.05  0.04  0.03  0.04  0.03  0.03 06081999 12
  0.03  0.02  0.01  0.02  0.03  0.02  0.02  0.02  0.03  0.03  0.04  0.03 07081999 00
  0.04  0.04  0.04  0.04  0.04  0.04  0.03  0.02  0.03  0.03  0.03  0.02 07081999 12
  0.02  0.01  0.02  0.06  0.06  0.01  0.00  0.02  0.02  0.06  0.05  0.03 08081999 00
  0.03  0.04  0.04  0.03  0.01  0.02  0.04  0.04  0.03  0.02  0.01  0.01 08081999 12
 -0.00 -0.02 -0.04 -0.06 -0.04 -0.02 -0.01 -0.02 -0.01 -0.02 -0.04 -0.05 09081999 00
 -0.05 -0.04 -0.03 -0.02  0.00  0.00  0.00  0.01  0.02  0.04  0.04  0.05 09081999 12
  0.06  0.06  0.06  0.05  0.05  0.04  0.01  0.01  0.03  0.04  0.03  0.00 10081999 00
 -0.03 -0.05 -0.06 -0.05 -0.05 -0.04 -0.05 -0.07 -0.06 -0.06 -0.04 -0.02 10081999 12
 -0.03 -0.05 -0.04 -0.04 -0.03 -0.02 -0.02 -0.03 -0.03 -0.03 -0.02 -0.02 11081999 00
 -0.02 -0.02 -0.03 -0.03 -0.03 -0.04 -0.04 -0.05 -0.06 -0.06 -0.05 -0.05 11081999 12
 -0.05 -0.05 -0.06 -0.07 -0.07 -0.07 -0.07 -0.07 -0.09 -0.08 -0.08 -0.08 12081999 00
 -0.06 -0.04 -0.05 -0.05 -0.05 -0.06 -0.06 -0.06 -0.07 -0.08 -0.07 -0.07 12081999 12
 -0.07 -0.06 -0.07 -0.07 -0.07 -0.08 -0.08 -0.08 -0.10 -0.11 -0.12 -0.10 13081999 00
 -0.09 -0.08 -0.07 -0.08 -0.06 -0.06 -0.07 -0.06 -0.05 -0.05 -0.04 -0.04 13081999 12
 -0.04 -0.02 -0.00  0.01  0.03  0.03  0.03  0.04  0.05  0.06  0.07  0.06 14081999 00
  0.05  0.04  0.04  0.06  0.06  0.07  0.08  0.10  0.12  0.14  0.11  0.07 14081999 12
  0.07  0.08  0.07  0.08  0.09  0.10  0.11  0.11  0.11  0.11  0.13  0.13 15081999 00
  0.13  0.14  0.13  0.14  0.17  0.16  0.17  0.18  0.19  0.18  0.16  0.13 15081999 12
  0.16  0.16  0.13  0.12  0.13  0.13  0.13  0.14  0.13  0.09  0.08  0.10 16081999 00
  0.11  0.13  0.10  0.10  0.09  0.10  0.09  0.10  0.11  0.09  0.09  0.09 16081999 12
  0.07  0.08  0.07  0.06  0.05  0.04  0.03  0.04  0.05  0.05  0.05  0.06 17081999 00
  0.06  0.07  0.07  0.08  0.10  0.10  0.10  0.09  0.09  0.10  0.10  0.10 17081999 12
  0.10  0.09  0.09  0.07  0.07  0.07  0.08  0.10  0.12  0.14  0.15  0.19 18081999 00
  0.21  0.20  0.19  0.17  0.15  0.15  0.16  0.16  0.16  0.17  0.17  0.17 18081999 12
  0.20  0.22  0.21  0.20  0.18  0.17  0.17  0.16  0.15  0.14  0.12  0.09 19081999 00
  0.09  0.11  0.10  0.09  0.05  0.03  0.04  0.08  0.10  0.10  0.10  0.11 19081999 12
  0.11  0.13  0.12  0.10  0.06  0.04  0.02  0.01  0.00 -0.00 -0.01 -0.01 20081999 00
 -0.01 -0.01  0.01  0.00 -0.02 -0.03 -0.03 -0.03 -0.03 -0.04 -0.05 -0.06 20081999 12
 -0.07 -0.09 -0.11 -0.12 -0.11 -0.10 -0.09 -0.09 -0.08 -0.08 -0.07 -0.07 21081999 00
 -0.06 -0.05 -0.06 -0.09 -0.09 -0.11 -0.11 -0.13 -0.14 -0.15 -0.15 -0.16 21081999 12
 -0.16 -0.17 -0.18 -0.18 -0.19 -0.16 -0.16 -0.15 -0.16 -0.14 -0.13 -0.12 22081999 00
 -0.11 -0.10 -0.09 -0.08 -0.11 -0.13 -0.14 -0.14 -0.13 -0.12 -0.12 -0.12 22081999 12
 -0.11 -0.11 -0.11 -0.12 -0.12 -0.12 -0.10 -0.10 -0.10 -0.10 -0.08 -0.07 23081999 00
 -0.06 -0.06 -0.07 -0.06 -0.06 -0.08 -0.10 -0.11 -0.10 -0.08 -0.07 -0.06 23081999 12
 -0.05 -0.04 -0.03 -0.02 -0.02 -0.04 -0.07 -0.09 -0.11 -0.10 -0.10 -0.10 24081999 00
 -0.09 -0.08 -0.08 -0.09 -0.08 -0.06 -0.08 -0.09 -0.09 -0.08 -0.06 -0.05 24081999 12
 -0.05 -0.05 -0.06 -0.08 -0.09 -0.09 -0.08 -0.08 -0.11 -0.14 -0.13 -0.14 25081999 00
 -0.13 -0.14 -0.13 -0.12 -0.11 -0.08 -0.05 -0.04 -0.06 -0.09 -0.07 -0.06 25081999 12
 -0.05 -0.04 -0.04 -0.05 -0.06 -0.05 -0.04 -0.05 -0.04 -0.03 -0.03 -0.03 26081999 00
 -0.01  0.02  0.05  0.07  0.07  0.08  0.11  0.14  0.14  0.12  0.10  0.08 26081999 12
  0.08  0.11  0.11  0.10  0.10  0.10  0.10  0.12  0.14  0.12  0.14  0.13 27081999 00
  0.11  0.11  0.12  0.10  0.11  0.11  0.10  0.10  0.12  0.11  0.08  0.08 27081999 12
  0.05  0.04  0.06  0.03  0.02  0.01  0.00 -0.01 -0.02 -0.04 -0.03 -0.02 28081999 00
 -0.03 -0.04 -0.03 -0.03 -0.03 -0.03 -0.02 -0.01 -0.01 -0.02 -0.03 -0.04 28081999 12
 -0.04 -0.04 -0.05 -0.07 -0.08 -0.08 -0.09 -0.09 -0.11 -0.13 -0.13 -0.13 29081999 00
 -0.11 -0.10 -0.09 -0.11 -0.09 -0.09 -0.11 -0.11 -0.11 -0.12 -0.12 -0.10 29081999 12
 -0.11 -0.10 -0.09 -0.10 -0.09 -0.10 -0.09 -0.08 -0.06 -0.04 -0.03 -0.02 30081999 00
 -0.00  0.02  0.04  0.06  0.05  0.04  0.03  0.01 -0.01 -0.04 -0.06 -0.07 30081999 12
 -0.07 -0.08 -0.09 -0.09 -0.10 -0.08 -0.06 -0.05 -0.03 -0.02 -0.02 -0.02 31081999 00
 -0.02 -0.02 -0.01 -0.01 -0.01 -0.02 -0.03 -0.03 -0.04 -0.05 -0.07 -0.07 31081999 12
 -0.06 -0.05 -0.05 -0.04 -0.05 -0.05 -0.04 -0.04 -0.04 -0.05 -0.06 -0.07 01091999 00
 -0.07 -0.07 -0.08 -0.07 -0.06 -0.07 -0.06 -0.06 -0.06 -0.05 -0.05 -0.06 01091999 12
 -0.04 -0.04 -0.06 -0.07 -0.05 -0.05 -0.06 -0.07 -0.06 -0.06 -0.06 -0.06 02091999 00
 -0.04 -0.03 -0.03 -0.04 -0.04 -0.05 -0.05 -0.04 -0.02 -0.02 -0.04 -0.05 02091999 12
 -0.06 -0.07 -0.07 -0.07 -0.07 -0.06 -0.06 -0.07 -0.07 -0.06 -0.06 -0.05 03091999 00
 -0.05 -0.05 -0.06 -0.06 -0.05 -0.05 -0.05 -0.05 -0.05 -0.04 -0.04 -0.05 03091999 12
 -0.06 -0.06 -0.06 -0.07 -0.07 -0.05 -0.04 -0.04 -0.05 -0.04 -0.04 -0.03 04091999 00
 -0.02 -0.02 -0.03 -0.06 -0.08 -0.07 -0.07 -0.07 -0.08 -0.10 -0.10 -0.10 04091999 12
 -0.11 -0.12 -0.13 -0.14 -0.14 -0.13 -0.11 -0.11 -0.10 -0.10 -0.10 -0.09 05091999 00
 -0.08 -0.07 -0.05 -0.06 -0.07 -0.07 -0.07 -0.06 -0.07 -0.07 -0.07 -0.06 05091999 12
 -0.06 -0.06 -0.06 -0.08 -0.09 -0.10 -0.09 -0.07 -0.07 -0.06 -0.05 -0.04 06091999 00
 -0.03 -0.02 -0.01 -0.00 -0.00 -0.01 -0.00  0.00  0.02  0.02  0.02  0.03 06091999 12
  0.04  0.05  0.05  0.04  0.02  0.01  0.01  0.01  0.01  0.01  0.02  0.03 07091999 00
  0.04  0.04  0.05  0.06  0.08  0.10  0.11  0.10  0.10  0.10  0.10  0.12 07091999 12
  0.13  0.12  0.14  0.16  0.15  0.15  0.17  0.17  0.15  0.13  0.09  0.09 08091999 00
  0.10  0.08  0.06  0.05  0.04  0.01  0.02  0.03  0.04  0.04  0.03  0.03 08091999 12
  0.03  0.02  0.00 -0.00 -0.02 -0.02 -0.00  0.02  0.03  0.06  0.08  0.09 09091999 00
  0.15  0.26  0.35  0.39  0.44  0.52  0.63  0.67  0.56  0.39  0.28  0.19 09091999 12
  0.14  0.15  0.08  0.07  0.08  0.06  0.02 -0.00 -0.01  0.00  0.03  0.02 10091999 00
  0.03  0.01 -0.00 -0.02 -0.03 -0.04 -0.05 -0.08 -0.11 -0.12 -0.12 -0.12 10091999 12
 -0.11 -0.09 -0.11 -0.10 -0.10 -0.11 -0.11 -0.12 -0.12 -0.13 -0.09 -0.08 11091999 00
 -0.06 -0.02 -0.00  0.00 -0.00 -0.02 -0.01  0.00  0.01  0.00 -0.01 -0.02 11091999 12
 -0.01 -0.00  0.02  0.03  0.03  0.02  0.02  0.03  0.03  0.04  0.05  0.07 12091999 00
  0.05  0.06  0.07  0.08  0.07  0.07  0.06  0.04  0.01 -0.01 -0.00  0.01 12091999 12
  0.01 -0.00 -0.01 -0.03 -0.04 -0.03 -0.02 -0.03 -0.03 -0.03 -0.02 -0.01 13091999 00
  0.00  0.01  0.03  0.06  0.08  0.08  0.07  0.06  0.06  0.07  0.06  0.03 13091999 12
  0.03  0.03  0.03  0.04  0.05  0.05  0.04  0.05  0.06  0.08  0.09  0.09 14091999 00
  0.08  0.08  0.05  0.04  0.04  0.03  0.02  0.02  0.00 -0.01 -0.02 -0.02 14091999 12
 -0.02 -0.02 -0.03 -0.03 -0.03 -0.03 -0.03 -0.04 -0.04 -0.03 -0.03 -0.03 15091999 00
 -0.03 -0.02 -0.02 -0.01 -0.01 -0.01 -0.01 -0.00 -0.00 -0.00 -0.01 -0.01 15091999 12
 -0.01 -0.01 -0.02 -0.02 -0.02 -0.00  0.01  0.02  0.02  0.03  0.06  0.09 16091999 00
  0.11  0.11  0.12  0.12  0.13  0.14  0.14  0.13  0.12  0.12  0.12  0.15 16091999 12
  0.19  0.18  0.15  0.12  0.12  0.12  0.13  0.10  0.12  0.14  0.13  0.14 17091999 00
  0.18  0.15  0.14  0.13  0.15  0.17  0.20  0.18  0.18  0.18  0.18  0.16 17091999 12
  0.17  0.17  0.15  0.14  0.13  0.15  0.16  0.16  0.16  0.17  0.18  0.18 18091999 00
  0.18  0.21  0.20  0.20  0.19  0.19  0.18  0.20  0.19  0.19  0.17  0.14 18091999 12
  0.14  0.16  0.17  0.16  0.18  0.21  0.24  0.26  0.28  0.31  0.34  0.36 19091999 00
  0.36  0.36  0.36  0.36  0.26  0.20  0.20  0.26  0.27  0.30  0.32  0.35 19091999 12
  0.36  0.35  0.33  0.33  0.34  0.25  0.19  0.16  0.13  0.14  0.16  0.16 20091999 00
  0.15  0.11  0.12  0.14  0.13  0.14  0.19  0.19  0.20  0.21  0.19  0.17 20091999 12
  0.18  0.19  0.17  0.16  0.17  0.15  0.14  0.13  0.14  0.14  0.15  0.17 21091999 00
  0.18  0.20  0.21  0.22  0.23  0.27  0.27  0.27  0.26  0.25  0.25  0.26 21091999 12
  0.22  0.23  0.25  0.26  0.28  0.33  0.27  0.19  0.14  0.12  0.15  0.15 22091999 00
  0.13  0.12  0.13  0.13  0.13  0.19  0.27  0.28  0.25  0.20  0.18  0.18 22091999 12
  0.20  0.18  0.19  0.17  0.14  0.12  0.11  0.10  0.11  0.12  0.12  0.12 23091999 00
  0.14  0.14  0.15  0.16  0.16  0.17  0.21  0.22  0.22  0.23  0.24  0.24 23091999 12
  0.27  0.27  0.26  0.27  0.27  0.26  0.26  0.24  0.21  0.21  0.21  0.19 24091999 00
  0.21  0.22  0.19  0.19  0.21  0.20  0.22  0.25  0.26  0.24  0.24  0.21 24091999 12
  0.20  0.22  0.19  0.20  0.20  0.18  0.17  0.19  0.20  0.15  0.14  0.12 25091999 00
  0.13  0.16  0.14  0.12  0.13  0.12  0.12  0.14  0.13  0.14  0.13  0.11 25091999 12
  0.09  0.09  0.09  0.07  0.08  0.07  0.05  0.05  0.06  0.06  0.06  0.06 26091999 00
  0.06  0.06  0.07  0.06  0.07  0.07  0.07  0.07  0.08  0.07  0.07  0.09 26091999 12
  0.08  0.07  0.08  0.07  0.08  0.08  0.08  0.08  0.09  0.11  0.09  0.09 27091999 00
  0.12  0.10  0.10  0.11  0.10  0.11  0.12  0.12  0.14  0.15  0.16  0.14 27091999 12
  0.14  0.12  0.11  0.13  0.13  0.16  0.18  0.20  0.23  0.28  0.27  0.25 28091999 00
  0.24  0.22  0.19  0.23  0.21  0.21  0.22  0.22  0.21  0.22  0.22  0.21 28091999 12
  0.20  0.19  0.14  0.13  0.13  0.11  0.13  0.13  0.10  0.09  0.10  0.11 29091999 00
  0.14  0.13  0.11  0.11  0.14  0.14  0.16  0.19  0.21  0.27  0.32  0.34 29091999 12
  0.30  0.29  0.26  0.25  0.31  0.28  0.29  0.32  0.33  0.34  0.38  0.41 30091999 00
  0.39  0.41  0.36  0.34  0.37  0.37  0.33  0.33  0.33  0.29  0.27  0.26 30091999 12
  0.23  0.20  0.19  0.16  0.15  0.15  0.15  0.14  0.16  0.17  0.17  0.18 01101999 00
  0.17  0.17  0.19  0.19  0.19  0.21  0.26  0.30  0.38  0.43  0.44  0.42 01101999 12
  0.40  0.36  0.33  0.29  0.25  0.21  0.23  0.20  0.21  0.24  0.25  0.25 02101999 00
  0.31  0.38  0.41  0.42  0.41  0.45  0.50  0.53  0.47  0.46  0.43  0.41 02101999 12
  0.38  0.40  0.35  0.32  0.31  0.28  0.26  0.26  0.24  0.23  0.23  0.21 03101999 00
  0.23  0.29  0.36  0.36  0.38  0.35  0.37  0.36  0.38  0.36  0.34  0.30 03101999 12
  0.24  0.17  0.11  0.08  0.04  0.06  0.07  0.13  0.17  0.18  0.17  0.19 04101999 00
  0.21  0.21  0.15  0.09  0.06  0.05  0.05  0.02 -0.01 -0.05 -0.06 -0.06 04101999 12
 -0.05 -0.05 -0.04 -0.04 -0.05 -0.05 -0.05 -0.04 -0.02 -0.01 -0.02 -0.03 05101999 00
 -0.03 -0.04 -0.05 -0.05 -0.08 -0.10 -0.10 -0.09 -0.07 -0.07 -0.08 -0.09 05101999 12
 -0.08 -0.09 -0.10 -0.09 -0.10 -0.11 -0.11 -0.10 -0.10 -0.09 -0.09 -0.08 06101999 00
 -0.08 -0.08 -0.10 -0.11 -0.10 -0.12 -0.13 -0.13 -0.14 -0.14 -0.13 -0.13 06101999 12
 -0.14 -0.13 -0.14 -0.15 -0.13 -0.13 -0.14 -0.14 -0.14 -0.13 -0.12 -0.11 07101999 00
 -0.11 -0.10 -0.09 -0.10 -0.10 -0.09 -0.08 -0.07 -0.06 -0.06 -0.02  0.01 07101999 12
  0.03  0.03  0.03  0.03  0.03  0.02 -0.01 -0.05 -0.07 -0.08 -0.09 -0.10 08101999 00
 -0.09 -0.09 -0.08 -0.07 -0.07 -0.04  0.00  0.03  0.04  0.02  0.00 -0.01 08101999 12
 -0.00  0.01  0.01  0.02  0.04  0.05  0.03 -0.01 -0.04 -0.06 -0.06 -0.04 09101999 00
 -0.02 -0.00  0.01  0.02  0.04  0.07  0.10  0.10  0.09  0.09  0.09  0.06 09101999 12
  0.04  0.02  0.01 -0.01 -0.01 -0.02 -0.05 -0.08 -0.10 -0.11 -0.08 -0.07 10101999 00
 -0.05 -0.03 -0.03 -0.02 -0.03 -0.04 -0.03 -0.03 -0.03 -0.04 -0.05 -0.05 10101999 12
 -0.05 -0.03 -0.02 -0.02 -0.01  0.01  0.02  0.03  0.03  0.03  0.03  0.04 11101999 00
  0.06  0.08  0.09  0.09  0.08  0.08  0.08  0.05  0.02  0.02  0.02  0.02 11101999 12
 -0.02 -0.03 -0.05 -0.06 -0.07 -0.07 -0.06 -0.07 -0.08 -0.08 -0.07 -0.06 12101999 00
 -0.04 -0.03 -0.03 -0.04 -0.04 -0.03 -0.04 -0.05 -0.09 -0.12 -0.12 -0.11 12101999 12
 -0.11 -0.11 -0.13 -0.15 -0.16 -0.16 -0.17 -0.17 -0.18 -0.19 -0.18 -0.18 13101999 00
 -0.16 -0.14 -0.12 -0.12 -0.12 -0.12 -0.13 -0.13 -0.12 -0.13 -0.14 -0.14 13101999 12
 -0.14 -0.14 -0.13 -0.14 -0.15 -0.14 -0.15 -0.16 -0.15 -0.15 -0.17 -0.16 14101999 00
 -0.15 -0.14 -0.13 -0.13 -0.14 -0.14 -0.13 -0.15 -0.14 -0.13 -0.16 -0.18 14101999 12
 -0.18 -0.18 -0.17 -0.18 -0.19 -0.20 -0.19 -0.19 -0.19 -0.17 -0.18 -0.18 15101999 00
 -0.17 -0.17 -0.15 -0.15 -0.15 -0.15 -0.13 -0.15 -0.16 -0.15 -0.15 -0.17 15101999 12
 -0.18 -0.19 -0.18 -0.16 -0.15 -0.16 -0.16 -0.16 -0.17 -0.15 -0.12 -0.14 16101999 00
 -0.14 -0.14 -0.15 -0.13 -0.11 -0.11 -0.12 -0.11 -0.12 -0.11 -0.09 -0.08 16101999 12
 -0.08 -0.09 -0.10 -0.09 -0.09 -0.08 -0.08 -0.08 -0.09 -0.09 -0.10 -0.10 17101999 00
 -0.11 -0.10 -0.10 -0.10 -0.11 -0.10 -0.11 -0.10 -0.11 -0.12 -0.11 -0.09 17101999 12
 -0.09 -0.11 -0.11 -0.12 -0.11 -0.10 -0.09 -0.11 -0.11 -0.12 -0.13 -0.14 18101999 00
 -0.15 -0.17 -0.17 -0.17 -0.18 -0.18 -0.17 -0.15 -0.14 -0.14 -0.14 -0.13 18101999 12
 -0.12 -0.11 -0.13 -0.13 -0.16 -0.17 -0.20 -0.21 -0.24 -0.24 -0.23 -0.22 19101999 00
 -0.21 -0.17 -0.15 -0.16 -0.15 -0.17 -0.15 -0.16 -0.12 -0.10 -0.08 -0.08 19101999 12
 -0.08 -0.09 -0.10 -0.10 -0.12 -0.15 -0.15 -0.15 -0.15 -0.12 -0.13 -0.12 20101999 00
 -0.11 -0.11 -0.11 -0.10 -0.14 -0.13 -0.15 -0.16 -0.15 -0.12 -0.12 -0.10 20101999 12
 -0.10 -0.13 -0.13 -0.12 -0.15 -0.18 -0.18 -0.20 -0.18 -0.17 -0.17 -0.16 21101999 00
 -0.14 -0.16 -0.16 -0.14 -0.12 -0.12 -0.10 -0.09 -0.07 -0.06 -0.05 -0.04 21101999 12
 -0.04 -0.05 -0.05 -0.06 -0.06 -0.04 -0.03 -0.06 -0.08 -0.08 -0.08 -0.05 22101999 00
 -0.05 -0.04 -0.04 -0.04 -0.01  0.04  0.05  0.04  0.07  0.11  0.11  0.13 22101999 12
  0.15  0.17  0.19  0.22  0.26  0.33  0.35  0.32  0.28  0.24  0.20  0.20 23101999 00
  0.24  0.23  0.22  0.24  0.23  0.23  0.26  0.27  0.26  0.26  0.22  0.20 23101999 12
  0.23  0.23  0.22  0.23  0.23  0.24  0.26  0.29  0.25  0.26  0.26  0.25 24101999 00
  0.25  0.30  0.29  0.31  0.35  0.36  0.39  0.44  0.44  0.38  0.37  0.31 24101999 12
  0.26  0.33  0.27  0.27  0.29  0.28  0.26  0.29  0.31  0.28  0.29  0.30 25101999 00
  0.26  0.28  0.30  0.29  0.32  0.33  0.34  0.37  0.37  0.35  0.36  0.37 25101999 12
  0.36  0.35  0.39  0.34  0.37  0.39  0.37  0.32  0.32  0.29  0.28  0.29 26101999 00
  0.24  0.19  0.23  0.21  0.22  0.22  0.21  0.19  0.19  0.18  0.15  0.16 26101999 12
  0.16  0.10  0.09  0.08  0.07  0.09  0.08  0.05  0.05  0.03  0.03  0.01 27101999 00
  0.03  0.03  0.03  0.03  0.01 -0.01 -0.01 -0.02 -0.02 -0.03 -0.03 -0.03 27101999 12
 -0.02 -0.02 -0.03 -0.01 -0.00  0.00  0.01  0.03  0.05  0.07  0.08  0.08 28101999 00
  0.07  0.07  0.07  0.10  0.15  0.14  0.14  0.15  0.18  0.25  0.30  0.24 28101999 12
  0.23  0.23  0.16  0.09  0.08  0.03  0.06  0.04 -0.02 -0.10 -0.15 -0.16 29101999 00
 -0.15 -0.15 -0.14 -0.12 -0.12 -0.11 -0.09 -0.09 -0.08 -0.07 -0.07 -0.10 29101999 12
 -0.10 -0.12 -0.11 -0.11 -0.10 -0.11 -0.10 -0.09 -0.09 -0.08 -0.05 -0.03 30101999 00
 -0.03 -0.05 -0.04 -0.03 -0.02 -0.01 -0.01 -0.01 -0.02 -0.03 -0.03 -0.01 30101999 12
  0.03  0.06  0.05  0.05  0.07  0.13  0.22  0.29  0.30  0.29  0.32  0.41 31101999 00
  0.52  0.55  0.51  0.47  0.44  0.46  0.50  0.52  0.55  0.59  0.58  0.60 31101999 12
  0.64  0.64  0.53  0.51  0.41  0.36  0.26  0.17  0.14  0.18  0.19  0.16 01111999 00
  0.21  0.31  0.31  0.20  0.16  0.18  0.27  0.32  0.30  0.28  0.30  0.28 01111999 12
  0.27  0.22  0.18  0.10  0.07  0.08  0.07  0.12  0.15  0.18  0.20  0.21 02111999 00
  0.18  0.15  0.08  0.05  0.01  0.01  0.04  0.08  0.11  0.10  0.07  0.07 02111999 12
  0.06  0.04  0.02 -0.03 -0.07 -0.07 -0.05 -0.05 -0.03 -0.00  0.02  0.04 03111999 00
  0.05  0.05  0.04  0.01 -0.00 -0.01 -0.01  0.02  0.07  0.12  0.14  0.16 03111999 12
  0.16  0.15  0.11  0.07  0.05  0.07  0.06  0.07  0.07  0.11  0.18  0.24 04111999 00
  0.26  0.25  0.27  0.28  0.26  0.26  0.27  0.26  0.24  0.25  0.30  0.34 04111999 12
  0.34  0.32  0.30  0.25  0.22  0.32  0.41  0.43  0.45  0.50  0.55  0.58 05111999 00
  0.62  0.53  0.47  0.43  0.39  0.32  0.28  0.20  0.22  0.23  0.21  0.16 05111999 12
  0.13  0.14  0.21  0.26  0.21  0.09  0.00 -0.09 -0.09 -0.05 -0.05 -0.02 06111999 00
  0.03  0.04  0.04  0.03  0.02  0.00 -0.04 -0.07 -0.05 -0.01  0.02  0.02 06111999 12
  0.01 -0.01 -0.01 -0.03 -0.04 -0.04 -0.05 -0.05 -0.02  0.00  0.03  0.06 07111999 00
  0.06  0.06  0.06  0.04  0.02  0.01 -0.01 -0.04 -0.05 -0.03 -0.04 -0.03 07111999 12
 -0.02 -0.03 -0.03 -0.04 -0.07 -0.09 -0.12 -0.16 -0.19 -0.19 -0.18 -0.15 08111999 00
 -0.13 -0.14 -0.15 -0.13 -0.15 -0.17 -0.18 -0.20 -0.24 -0.22 -0.22 -0.22 08111999 12
 -0.19 -0.19 -0.23 -0.22 -0.23 -0.25 -0.25 -0.26 -0.29 -0.30 -0.29 -0.29 09111999 00
 -0.24 -0.23 -0.27 -0.24 -0.25 -0.27 -0.28 -0.30 -0.33 -0.33 -0.31 -0.31 09111999 12
 -0.28 -0.26 -0.29 -0.28 -0.27 -0.30 -0.31 -0.30 -0.32 -0.33 -0.35 -0.33 10111999 00
 -0.31 -0.30 -0.30 -0.30 -0.27 -0.29 -0.32 -0.31 -0.31 -0.35 -0.34 -0.37 10111999 12
 -0.35 -0.31 -0.31 -0.34 -0.31 -0.31 -0.32 -0.29 -0.30 -0.34 -0.37 -0.35 11111999 00
 -0.36 -0.32 -0.31 -0.36 -0.34 -0.33 -0.34 -0.33 -0.33 -0.35 -0.34 -0.36 11111999 12
 -0.35 -0.32 -0.31 -0.32 -0.31 -0.28 -0.29 -0.29 -0.27 -0.27 -0.31 -0.31 12111999 00
 -0.33 -0.30 -0.29 -0.28 -0.28 -0.25 -0.25 -0.25 -0.23 -0.23 -0.26 -0.27 12111999 12
 -0.28 -0.26 -0.24 -0.25 -0.25 -0.24 -0.23 -0.24 -0.22 -0.21 -0.24 -0.25 13111999 00
 -0.25 -0.26 -0.25 -0.25 -0.25 -0.25 -0.23 -0.24 -0.25 -0.22 -0.23 -0.26 13111999 12
 -0.27 -0.27 -0.24 -0.23 -0.21 -0.23 -0.19 -0.19 -0.18 -0.14 -0.14 -0.16 14111999 00
 -0.17 -0.19 -0.19 -0.18 -0.18 -0.18 -0.15 -0.14 -0.13 -0.12 -0.11 -0.14 14111999 12
 -0.15 -0.15 -0.16 -0.14 -0.12 -0.11 -0.09 -0.07 -0.07 -0.06 -0.04 -0.05 15111999 00
 -0.07 -0.09 -0.10 -0.11 -0.13 -0.12 -0.11 -0.09 -0.09 -0.09 -0.09 -0.11 15111999 12
 -0.14 -0.14 -0.13 -0.12 -0.11 -0.11 -0.08 -0.04  0.00  0.00  0.02  0.04 16111999 00
  0.00 -0.03 -0.04 -0.05 -0.04 -0.03 -0.04 -0.01  0.03  0.04  0.04  0.02 16111999 12
 -0.03 -0.12 -0.17 -0.18 -0.22 -0.24 -0.23 -0.23 -0.23 -0.20 -0.19 -0.21 17111999 00
 -0.20 -0.21 -0.24 -0.23 -0.22 -0.17 -0.13 -0.07 -0.07 -0.05 -0.04 -0.03 17111999 12
 -0.02 -0.04 -0.09 -0.11 -0.09 -0.06 -0.02  0.00  0.02  0.04  0.06  0.05 18111999 00
  0.02 -0.01 -0.07 -0.17 -0.23 -0.25 -0.21 -0.17 -0.15 -0.12 -0.07 -0.06 18111999 12
 -0.08 -0.09 -0.11 -0.18 -0.22 -0.21 -0.19 -0.15 -0.14 -0.12 -0.12 -0.11 19111999 00
 -0.13 -0.17 -0.20 -0.23 -0.29 -0.33 -0.34 -0.31 -0.25 -0.21 -0.19 -0.18 19111999 12
 -0.16 -0.18 -0.19 -0.19 -0.24 -0.28 -0.28 -0.27 -0.23 -0.20 -0.19 -0.18 20111999 00
 -0.15 -0.17 -0.20 -0.19 -0.20 -0.24 -0.25 -0.23 -0.22 -0.17 -0.14 -0.14 20111999 12
 -0.12 -0.12 -0.15 -0.15 -0.14 -0.17 -0.19 -0.19 -0.17 -0.15 -0.10 -0.08 21111999 00
 -0.07 -0.06 -0.07 -0.08 -0.07 -0.07 -0.10 -0.11 -0.09 -0.08 -0.04 -0.01 21111999 12
 -0.02 -0.01 -0.01 -0.02 -0.02 -0.02 -0.04 -0.04 -0.03 -0.01 -0.02 -0.02 22111999 00
 -0.01  0.01  0.01  0.02  0.03  0.04  0.04  0.02  0.01  0.00  0.02  0.03 22111999 12
  0.04  0.05  0.04  0.03  0.03  0.02 -0.02 -0.04 -0.04 -0.02 -0.00  0.01 23111999 00
  0.03  0.07  0.09  0.10  0.11  0.12  0.13  0.15  0.17  0.14  0.13  0.14 23111999 12
  0.13  0.17  0.18  0.16  0.17  0.18  0.19  0.25  0.25  0.24  0.24  0.25 24111999 00
  0.24  0.27  0.31  0.23  0.25  0.24  0.20  0.14  0.12  0.07  0.04  0.04 24111999 12
  0.02 -0.00  0.03  0.03  0.04  0.05  0.06  0.04  0.02 -0.02 -0.04 -0.05 25111999 00
 -0.06 -0.05 -0.02  0.01  0.03  0.05  0.05  0.07  0.12  0.16  0.16  0.17 25111999 12
  0.16  0.16  0.20  0.31  0.31  0.34  0.39  0.46  0.55  0.66  0.63  0.59 26111999 00
  0.64  0.72  0.77  0.81  0.60  0.53  0.53  0.43  0.30  0.21  0.08 -0.01 26111999 12
  0.02 -0.03 -0.04 -0.00  0.08  0.12  0.13  0.14  0.12  0.10  0.07  0.05 27111999 00
 -0.00  0.01  0.01  0.03  0.06  0.07  0.10  0.15  0.21  0.32  0.43  0.44 27111999 12
  0.39  0.38  0.36  0.40  0.54  0.60  0.59  0.63  0.66  0.68  0.71  0.72 28111999 00
  0.61  0.55  0.49  0.46  0.58  0.76  0.79  0.83  0.85  0.74  0.45  0.24 28111999 12
  0.15  0.05 -0.05 -0.17 -0.20 -0.17 -0.13 -0.10 -0.07 -0.05 -0.04 -0.01 29111999 00
  0.01 -0.01 -0.05 -0.08 -0.09 -0.11 -0.10 -0.09 -0.07 -0.07 -0.08 -0.10 29111999 12
 -0.11 -0.10 -0.08 -0.04  0.04  0.15  0.25  0.35  0.40  0.40  0.43  0.43 30111999 00
  0.34  0.31  0.28  0.26  0.24  0.26  0.29  0.31  0.28  0.32  0.34  0.31 30111999 12
  0.24  0.15  0.05 -0.09 -0.10 -0.09 -0.06  0.04  0.10  0.08  0.08  0.10 01121999 00
  0.13  0.13  0.10  0.08  0.11  0.15  0.16  0.18  0.20  0.21  0.21  0.21 01121999 12
  0.21  0.22  0.18  0.13  0.09  0.09  0.10  0.08  0.06  0.04  0.05  0.05 02121999 00
  0.05  0.03  0.01 -0.01  0.06  0.11  0.17  0.21  0.26  0.27  0.29  0.24 02121999 12
  0.21  0.19  0.18  0.16  0.24  0.37  0.46  0.57  0.68  0.90  1.10  1.03 03121999 00
  0.91  0.85  0.72  0.52  0.33  0.20  0.09 -0.00 -0.14 -0.19 -0.14 -0.05 03121999 12
  0.01  0.08  0.15  0.24  0.32  0.34  0.35  0.36  0.34  0.36  0.36  0.34 04121999 00
  0.32  0.32  0.34  0.30  0.17  0.00 -0.01 -0.04 -0.02  0.00 -0.01 -0.05 04121999 12
 -0.04 -0.04 -0.09 -0.17 -0.22 -0.24 -0.22 -0.19 -0.16 -0.12 -0.07 -0.03 05121999 00
 -0.02 -0.00 -0.01 -0.02 -0.01  0.00  0.02  0.08  0.14  0.18  0.22  0.27 05121999 12
  0.33  0.35  0.35  0.39  0.42  0.40  0.40  0.42  0.37  0.36  0.29  0.29 06121999 00
  0.30  0.32  0.29  0.34  0.36  0.34  0.32  0.33  0.28  0.27  0.22  0.18 06121999 12
  0.17  0.19  0.17  0.18  0.18  0.18  0.20  0.22  0.24  0.27  0.30  0.30 07121999 00
  0.33  0.38  0.39  0.40  0.43  0.43  0.33  0.31  0.29  0.28  0.29  0.25 07121999 12
  0.25  0.26  0.25  0.21  0.23  0.22  0.17  0.21  0.24  0.28  0.34  0.42 08121999 00
  0.54  0.65  0.70  0.68  0.68  0.68  0.67  0.75  0.87  0.84  0.81  0.75 08121999 12
  0.73  0.79  0.82  0.68  0.75  0.76  0.74  0.67  0.63  0.56  0.54  0.48 09121999 00
  0.39  0.40  0.47  0.44  0.46  0.46  0.39  0.31  0.32  0.30  0.24  0.20 09121999 12
  0.14  0.10  0.06  0.07  0.08  0.10  0.09  0.06  0.07  0.07  0.08  0.09 10121999 00
  0.09  0.12  0.14  0.14  0.13  0.15  0.15  0.16  0.19  0.23  0.20  0.22 10121999 12
  0.27  0.29  0.29  0.30  0.31  0.33  0.37  0.42  0.44  0.48  0.49  0.46 11121999 00
  0.44  0.39  0.41  0.49  0.50  0.48  0.50  0.50  0.47  0.52  0.57  0.53 11121999 12
  0.46  0.37  0.31  0.28  0.30  0.25  0.27  0.25  0.19  0.18  0.18  0.14 12121999 00
  0.12  0.11  0.12  0.14  0.18  0.19  0.22  0.27  0.31  0.31  0.29  0.25 12121999 12
  0.21  0.20  0.17  0.13  0.14  0.17  0.19  0.22  0.21  0.16  0.16  0.18 13121999 00
  0.18  0.18  0.16  0.14  0.11  0.11  0.09  0.09  0.09  0.08  0.09  0.11 13121999 12
  0.10  0.08  0.08  0.08  0.10  0.13  0.15  0.17  0.18  0.18  0.15  0.12 14121999 00
  0.09  0.09  0.09  0.07  0.03  0.02  0.00 -0.02 -0.02 -0.05 -0.08 -0.15 14121999 12
 -0.21 -0.25 -0.27 -0.27 -0.27 -0.26 -0.29 -0.25 -0.24 -0.26 -0.23 -0.22 15121999 00
 -0.22 -0.18 -0.19 -0.19 -0.18 -0.15 -0.15 -0.13 -0.12 -0.08 -0.01  0.02 15121999 12
 -0.05 -0.14 -0.18 -0.17 -0.13 -0.12 -0.11 -0.10 -0.06 -0.04 -0.05 -0.08 16121999 00
 -0.12 -0.14 -0.13 -0.13 -0.12 -0.09 -0.03  0.03  0.07  0.07  0.11  0.20 16121999 12
  0.27  0.33  0.38  0.46  0.62  0.70  0.79  0.82  0.80  0.72  0.66  0.52 17121999 00
  0.36  0.19  0.03 -0.17 -0.35 -0.36 -0.32 -0.25 -0.20 -0.15 -0.10 -0.11 17121999 12
 -0.11 -0.09 -0.10 -0.13 -0.10 -0.07 -0.04  0.01  0.06  0.08  0.11  0.11 18121999 00
  0.09  0.08  0.07  0.05  0.03  0.00 -0.01 -0.02 -0.03 -0.02 -0.00 -0.02 18121999 12
 -0.04 -0.07 -0.12 -0.18 -0.25 -0.29 -0.27 -0.22 -0.15 -0.06  0.01  0.06 19121999 00
  0.08  0.04  0.03  0.00 -0.08 -0.16 -0.17 -0.17 -0.17 -0.18 -0.19 -0.19 19121999 12
 -0.17 -0.17 -0.17 -0.16 -0.15 -0.14 -0.13 -0.11 -0.09 -0.06 -0.03 -0.02 20121999 00
 -0.01 -0.01 -0.03 -0.01  0.02  0.04  0.04  0.03  0.04  0.07  0.12  0.18 20121999 12
  0.22  0.22  0.20  0.21  0.21  0.23  0.29  0.26  0.23  0.25  0.08  0.08 21121999 00
  0.12  0.05  0.04  0.02 -0.03 -0.03 -0.01 -0.04 -0.05 -0.07 -0.08 -0.04 21121999 12
  0.03  0.07  0.09  0.10  0.13  0.21  0.31  0.32  0.23  0.20  0.20  0.17 22121999 00
  0.22  0.28  0.26  0.31  0.36  0.34  0.30  0.28  0.25  0.17  0.18  0.15 22121999 12
  0.13  0.20  0.20  0.20  0.22  0.23  0.24  0.28  0.23  0.22  0.17  0.16 23121999 00
  0.12  0.18  0.24  0.23  0.25  0.28  0.33  0.52  0.71  0.67  0.67  0.73 23121999 12
  0.75  0.79  0.87  0.71  0.70  0.71  0.63  0.58  0.58  0.52  0.47  0.41 24121999 00
  0.34  0.27  0.31  0.26  0.30  0.39  0.37  0.36  0.63  0.86  0.91  0.81 24121999 12
  0.73  0.62  0.74  0.93  0.85  0.94  0.96  0.86  0.71  0.66  0.62  0.56 25121999 00
  0.55  0.54  0.53  0.60  0.52  0.58  0.60  0.52  0.42  0.42  0.38  0.38 25121999 12
  0.41  0.44  0.47  0.53  0.60  0.56  0.56  0.59  0.57  0.55  0.56  0.52 26121999 00
  0.48  0.49  0.47  0.43  0.50  0.46  0.52  0.53  0.47  0.41  0.43  0.39 26121999 12
  0.40  0.37  0.33  0.30  0.31  0.30  0.27  0.29  0.26  0.19  0.15  0.18 27121999 00
  0.20  0.25  0.26  0.26  0.26  0.27  0.25  0.26  0.26  0.23  0.17  0.14 27121999 12
  0.08  0.08  0.08  0.09  0.12  0.14  0.16  0.17  0.19  0.19  0.17  0.14 28121999 00
  0.10  0.08  0.08  0.07  0.08  0.08  0.09  0.09  0.09  0.08  0.06  0.03 28121999 12
 -0.00 -0.01  0.00  0.02  0.04  0.06  0.07  0.08  0.07  0.05  0.02 -0.02 29121999 00
 -0.08 -0.12 -0.13 -0.12 -0.09 -0.08 -0.05 -0.04 -0.03 -0.03 -0.03 -0.03 29121999 12
 -0.06 -0.09 -0.10 -0.10 -0.09 -0.05 -0.00  0.05  0.11  0.14  0.16  0.17 30121999 00
  0.16  0.16  0.20  0.22  0.22  0.22  0.23  0.20  0.17  0.09  0.03 -0.06 30121999 12
 -0.14 -0.22 -0.31 -0.37 -0.34 -0.28 -0.18 -0.10 -0.02  0.02  0.08  0.06 31121999 00
  0.06  0.10  0.12  0.12  0.10  0.11  0.13  0.18  0.20  0.20  0.20  0.21 31121999 12
