Parameter Z: CS3 Location ( 52, 86) Lat 53.500 Lon -3.417
 -0.26 -0.20 -0.20 -0.20 -0.17 -0.17 -0.17 -0.15 -0.17 -0.17 -0.19 -0.19 01012002 00
 -0.18 -0.14 -0.11 -0.12 -0.11 -0.12 -0.14 -0.12 -0.11 -0.11 -0.10 -0.15 01012002 12
 -0.17 -0.14 -0.11 -0.11 -0.09 -0.09 -0.10 -0.10 -0.08 -0.07 -0.09 -0.08 02012002 00
 -0.06 -0.06 -0.06 -0.07 -0.07 -0.08 -0.08 -0.06 -0.03 -0.04 -0.07 -0.10 02012002 12
 -0.12 -0.13 -0.12 -0.08 -0.09 -0.10 -0.11 -0.12 -0.11 -0.08 -0.04 -0.05 03012002 00
 -0.04 -0.06 -0.08 -0.07 -0.07 -0.08 -0.09 -0.09 -0.09 -0.08 -0.09 -0.11 03012002 12
 -0.14 -0.15 -0.15 -0.15 -0.11 -0.10 -0.08 -0.09 -0.09 -0.09 -0.08 -0.09 04012002 00
 -0.09 -0.08 -0.06 -0.04 -0.03 -0.03 -0.02 -0.03 -0.03 -0.04 -0.04 -0.03 04012002 12
 -0.03 -0.06 -0.07 -0.07 -0.07 -0.05 -0.04 -0.03 -0.03 -0.04 -0.05 -0.06 05012002 00
 -0.08 -0.11 -0.13 -0.15 -0.16 -0.18 -0.22 -0.21 -0.20 -0.21 -0.21 -0.21 05012002 12
 -0.23 -0.23 -0.21 -0.23 -0.21 -0.20 -0.21 -0.19 -0.18 -0.19 -0.19 -0.16 06012002 00
 -0.17 -0.19 -0.18 -0.17 -0.16 -0.15 -0.13 -0.14 -0.13 -0.14 -0.14 -0.12 06012002 12
 -0.10 -0.10 -0.11 -0.11 -0.12 -0.12 -0.13 -0.13 -0.12 -0.11 -0.11 -0.10 07012002 00
 -0.09 -0.10 -0.12 -0.11 -0.12 -0.14 -0.14 -0.14 -0.16 -0.15 -0.14 -0.15 07012002 12
 -0.17 -0.18 -0.19 -0.19 -0.18 -0.18 -0.15 -0.14 -0.13 -0.14 -0.14 -0.14 08012002 00
 -0.14 -0.14 -0.15 -0.18 -0.20 -0.20 -0.20 -0.19 -0.20 -0.20 -0.20 -0.18 08012002 12
 -0.19 -0.18 -0.17 -0.18 -0.21 -0.21 -0.22 -0.21 -0.19 -0.18 -0.18 -0.18 09012002 00
 -0.17 -0.18 -0.19 -0.17 -0.18 -0.21 -0.22 -0.20 -0.18 -0.19 -0.18 -0.19 09012002 12
 -0.19 -0.20 -0.19 -0.16 -0.17 -0.20 -0.21 -0.20 -0.20 -0.19 -0.18 -0.16 10012002 00
 -0.15 -0.14 -0.16 -0.15 -0.15 -0.16 -0.17 -0.15 -0.15 -0.13 -0.12 -0.11 10012002 12
 -0.11 -0.09 -0.09 -0.09 -0.07 -0.07 -0.09 -0.09 -0.09 -0.09 -0.07 -0.06 11012002 00
 -0.05 -0.03 -0.01 -0.00  0.00  0.03  0.06  0.05  0.02  0.01  0.01  0.02 11012002 12
  0.04  0.03  0.01 -0.00 -0.02 -0.04 -0.04 -0.04 -0.04 -0.04 -0.03 -0.02 12012002 00
  0.01  0.05  0.06  0.06  0.07  0.09  0.15  0.20  0.22  0.19  0.18  0.19 12012002 12
  0.29  0.37  0.37  0.32  0.26  0.23  0.19  0.17  0.13  0.13  0.13  0.11 13012002 00
  0.09  0.10  0.11  0.09  0.07  0.02 -0.04 -0.08 -0.10 -0.09 -0.09 -0.09 13012002 12
 -0.09 -0.09 -0.09 -0.07 -0.05 -0.04 -0.02  0.03  0.08  0.10  0.09  0.12 14012002 00
  0.15  0.20  0.26  0.27  0.27  0.27  0.24  0.19  0.16  0.12  0.08  0.08 14012002 12
  0.02 -0.02 -0.03 -0.05 -0.05 -0.03 -0.02  0.03  0.12  0.18  0.20  0.18 15012002 00
  0.15  0.11  0.07  0.07  0.06  0.08  0.06  0.02 -0.03 -0.06 -0.05 -0.03 15012002 12
 -0.00  0.01  0.02  0.02  0.02  0.01  0.01  0.02  0.03  0.04  0.03  0.04 16012002 00
  0.04  0.04  0.05  0.07  0.08  0.08  0.10  0.12  0.12  0.12  0.10  0.10 16012002 12
  0.12  0.11  0.12  0.13  0.14  0.14  0.16  0.17  0.16  0.18  0.18  0.16 17012002 00
  0.12  0.08  0.05  0.04  0.06  0.07  0.09  0.09  0.07  0.06  0.06  0.04 17012002 12
  0.02  0.00 -0.02 -0.03 -0.05 -0.06 -0.06 -0.06 -0.07 -0.05 -0.01  0.03 18012002 00
  0.04  0.06  0.10  0.16  0.25  0.33  0.41  0.48  0.52  0.51  0.51  0.50 18012002 12
  0.43  0.40  0.36  0.34  0.35  0.41  0.36  0.38  0.38  0.37  0.32  0.34 19012002 00
  0.33  0.35  0.32  0.25  0.18  0.19  0.15  0.15  0.15  0.13  0.09  0.06 19012002 12
  0.05  0.04  0.06  0.08  0.16  0.25  0.34  0.41  0.49  0.61  0.76  0.86 20012002 00
  0.88  0.81  0.73  0.66  0.56  0.47  0.37  0.30  0.29  0.16  0.02 -0.07 20012002 12
 -0.06 -0.06 -0.01  0.03  0.09  0.17  0.28  0.36  0.39  0.43  0.48  0.52 21012002 00
  0.59  0.61  0.54  0.52  0.53  0.55  0.58  0.54  0.55  0.56  0.47  0.37 21012002 12
  0.34  0.40  0.37  0.38  0.37  0.40  0.39  0.37  0.31  0.30  0.35  0.42 22012002 00
  0.43  0.43  0.45  0.38  0.30  0.29  0.29  0.25  0.20  0.20  0.20  0.18 22012002 12
  0.17  0.19  0.24  0.23  0.24  0.25  0.35  0.46  0.58  0.59  0.53  0.49 23012002 00
  0.50  0.52  0.53  0.57  0.54  0.49  0.46  0.42  0.47  0.50  0.50  0.47 23012002 12
  0.38  0.37  0.40  0.43  0.35  0.35  0.37  0.45  0.39  0.26  0.15  0.14 24012002 00
  0.13  0.07  0.02 -0.03 -0.07 -0.09 -0.06 -0.08 -0.07 -0.04  0.01  0.02 24012002 12
  0.01  0.02  0.04  0.05  0.06  0.05  0.05  0.05  0.02  0.04  0.12  0.14 25012002 00
  0.14  0.20  0.30  0.37  0.45  0.58  0.64  0.64  0.61  0.59  0.52  0.48 25012002 12
  0.37  0.37  0.36  0.34  0.30  0.30  0.27  0.28  0.35  0.41  0.57  0.71 26012002 00
  0.69  0.60  0.60  0.59  0.58  0.56  0.54  0.42  0.38  0.33  0.36  0.35 26012002 12
  0.35  0.31  0.34  0.29  0.25  0.22  0.22  0.19  0.18  0.16  0.12  0.13 27012002 00
  0.20  0.23  0.24  0.28  0.32  0.36  0.45  0.48  0.44  0.44  0.47  0.54 27012002 12
  0.64  0.71  0.68  0.70  0.71  0.70  0.72  0.79  0.79  0.80  0.82  0.85 28012002 00
  0.82  0.87  0.83  0.92  1.00  0.99  0.84  0.69  0.47  0.25  0.15  0.00 28012002 12
 -0.02 -0.01 -0.04 -0.04 -0.00 -0.01 -0.01  0.04  0.09  0.12  0.17  0.22 29012002 00
  0.28  0.32  0.34  0.33  0.34  0.39  0.41  0.38  0.32  0.26  0.17  0.15 29012002 12
  0.11  0.08  0.09  0.04  0.04  0.05  0.04  0.09  0.22  0.29  0.28  0.28 30012002 00
  0.27  0.25  0.28  0.26  0.23  0.24  0.23  0.20  0.18  0.17  0.18  0.23 30012002 12
  0.22  0.22  0.24  0.31  0.25  0.22  0.20  0.15  0.08  0.06  0.07  0.06 31012002 00
  0.11  0.16  0.31  0.52  0.63  0.69  0.71  0.71  0.67  0.64  0.54  0.42 31012002 12
  0.28  0.17  0.08  0.09  0.10  0.06  0.11  0.13  0.19  0.43  0.69  0.77 01022002 00
  0.83  0.92  0.98  1.03  1.10  0.93  0.95  0.88  0.74  0.64  0.59  0.50 01022002 12
  0.51  0.52  0.46  0.43  0.58  0.67  0.71  0.80  0.85  0.85  0.85  0.79 02022002 00
  0.59  0.50  0.42  0.37  0.40  0.34  0.26  0.28  0.26  0.22  0.24  0.30 02022002 12
  0.32  0.27  0.23  0.17  0.15  0.18  0.16  0.18  0.24  0.34  0.48  0.60 03022002 00
  0.65  0.62  0.65  0.56  0.53  0.53  0.38  0.27  0.26  0.16  0.06  0.05 03022002 12
  0.08  0.08  0.09  0.07  0.06  0.07  0.10  0.11  0.10  0.08  0.07  0.13 04022002 00
  0.24  0.35  0.41  0.41  0.36  0.33  0.40  0.50  0.54  0.58  0.57  0.54 04022002 12
  0.51  0.51  0.42  0.39  0.38  0.38  0.40  0.40  0.32  0.31  0.34  0.34 05022002 00
  0.33  0.40  0.47  0.50  0.50  0.47  0.54  0.56  0.52  0.45  0.41  0.36 05022002 12
  0.33  0.31  0.33  0.29  0.32  0.31  0.25  0.17  0.16  0.23  0.30  0.35 06022002 00
  0.29  0.20  0.14  0.14  0.03 -0.02 -0.04 -0.05 -0.08 -0.09 -0.13 -0.13 06022002 12
 -0.12 -0.12 -0.09 -0.05  0.01  0.05  0.06  0.07  0.11  0.19  0.33  0.43 07022002 00
  0.48  0.55  0.63  0.60  0.48  0.36  0.28  0.23  0.21  0.18  0.13  0.08 07022002 12
  0.05  0.02 -0.01 -0.02 -0.02  0.01 -0.00 -0.00 -0.03 -0.03 -0.03 -0.05 08022002 00
 -0.03  0.04  0.14  0.24  0.31  0.35  0.36  0.37  0.39  0.45  0.54  0.61 08022002 12
  0.63  0.58  0.57  0.55  0.59  0.65  0.65  0.55  0.45  0.35  0.34  0.32 09022002 00
  0.31  0.25  0.28  0.27  0.25  0.23  0.23  0.23  0.20  0.21  0.26  0.36 09022002 12
  0.42  0.45  0.44  0.44  0.42  0.35  0.28  0.24  0.16  0.15  0.09  0.09 10022002 00
  0.07  0.09  0.12  0.19  0.27  0.36  0.43  0.47  0.47  0.49  0.49  0.50 10022002 12
  0.55  0.61  0.57  0.57  0.60  0.63  0.64  0.70  0.68  0.58  0.52  0.45 11022002 00
  0.43  0.46  0.36  0.33  0.36  0.34  0.28  0.30  0.32  0.32  0.36  0.35 11022002 12
  0.37  0.44  0.52  0.53  0.55  0.57  0.53  0.48  0.42  0.34  0.33  0.28 12022002 00
  0.23  0.17  0.15  0.10  0.12  0.11  0.08  0.06  0.06  0.04  0.05  0.06 12022002 12
  0.07  0.12  0.14  0.12  0.10  0.09  0.11  0.08  0.00 -0.07 -0.09 -0.05 13022002 00
 -0.09 -0.16 -0.23 -0.26 -0.25 -0.28 -0.33 -0.39 -0.45 -0.46 -0.42 -0.42 13022002 12
 -0.40 -0.34 -0.32 -0.35 -0.30 -0.29 -0.28 -0.22 -0.17 -0.16 -0.16 -0.18 14022002 00
 -0.19 -0.17 -0.17 -0.19 -0.18 -0.20 -0.20 -0.20 -0.21 -0.23 -0.23 -0.20 14022002 12
 -0.19 -0.16 -0.15 -0.17 -0.17 -0.17 -0.19 -0.20 -0.21 -0.22 -0.23 -0.26 15022002 00
 -0.26 -0.25 -0.24 -0.24 -0.24 -0.23 -0.24 -0.23 -0.21 -0.21 -0.24 -0.23 15022002 12
 -0.24 -0.21 -0.18 -0.18 -0.19 -0.17 -0.18 -0.20 -0.18 -0.18 -0.19 -0.19 16022002 00
 -0.17 -0.17 -0.15 -0.15 -0.16 -0.13 -0.12 -0.12 -0.11 -0.11 -0.13 -0.13 16022002 12
 -0.12 -0.10 -0.09 -0.07 -0.09 -0.09 -0.07 -0.05 -0.04 -0.02 -0.02 -0.02 17022002 00
 -0.01 -0.00 -0.01 -0.01 -0.01 -0.01 -0.01 -0.01 -0.02 -0.03 -0.04 -0.03 17022002 12
 -0.03 -0.02 -0.00  0.00 -0.00 -0.01 -0.01 -0.02 -0.03 -0.02 -0.02 -0.05 18022002 00
 -0.07 -0.09 -0.11 -0.09 -0.10 -0.10 -0.04  0.03  0.08  0.14  0.23  0.29 18022002 12
  0.33  0.36  0.36  0.32  0.33  0.31  0.23  0.16  0.13  0.05 -0.07 -0.15 19022002 00
 -0.16 -0.17 -0.16 -0.14 -0.08  0.02  0.13  0.24  0.35  0.52  0.69  0.77 19022002 12
  0.82  0.71  0.61  0.54  0.52  0.47  0.45  0.35  0.31  0.23  0.16  0.14 20022002 00
  0.23  0.22  0.14  0.15  0.21  0.22  0.13  0.04  0.02 -0.06 -0.16 -0.33 20022002 12
 -0.53 -0.68 -0.72 -0.66 -0.56 -0.43 -0.27 -0.13 -0.02  0.09  0.14  0.24 21022002 00
  0.30  0.30  0.31  0.30  0.26  0.33  0.37  0.37  0.35  0.29  0.24  0.19 21022002 12
  0.19  0.21  0.31  0.34  0.35  0.32  0.36  0.38  0.42  0.40  0.42  0.49 22022002 00
  0.45  0.41  0.31  0.18  0.07 -0.03 -0.01  0.07  0.19  0.22  0.29  0.40 22022002 12
  0.43  0.50  0.60  0.62  0.66  0.67  0.61  0.60  0.50  0.41  0.40  0.39 23022002 00
  0.40  0.32  0.20  0.13  0.13  0.19  0.32  0.31  0.20  0.16  0.10  0.05 23022002 12
  0.02  0.02 -0.01 -0.04 -0.05 -0.03 -0.04 -0.01  0.03  0.07  0.08  0.10 24022002 00
  0.12  0.11  0.11  0.14  0.17  0.19  0.21  0.20  0.18  0.15  0.14  0.15 24022002 12
  0.16  0.14  0.15  0.14  0.12  0.11  0.14  0.14  0.16  0.19  0.23  0.32 25022002 00
  0.46  0.54  0.59  0.64  0.72  0.73  0.72  0.68  0.60  0.53  0.39  0.29 25022002 12
  0.27  0.22  0.22  0.30  0.43  0.68  1.04  1.13  0.96  0.72  0.57  0.49 26022002 00
  0.52  0.46  0.36  0.42  0.41  0.36  0.40  0.51  0.54  0.50  0.52  0.51 26022002 12
  0.50  0.61  0.64  0.68  0.73  0.69  0.61  0.58  0.55  0.52  0.54  0.47 27022002 00
  0.43  0.44  0.38  0.36  0.40  0.41  0.44  0.58  0.71  0.66  0.67  0.62 27022002 12
  0.55  0.53  0.58  0.43  0.46  0.46  0.40  0.31  0.27  0.22  0.16  0.21 28022002 00
  0.19  0.16  0.22  0.20  0.21  0.20  0.18  0.18  0.20  0.18  0.15  0.13 28022002 12
  0.11  0.05  0.02  0.02  0.00  0.02  0.01 -0.04 -0.08 -0.09 -0.10 -0.11 01032002 00
 -0.12 -0.13 -0.17 -0.21 -0.20 -0.22 -0.22 -0.20 -0.18 -0.18 -0.18 -0.17 01032002 12
 -0.16 -0.15 -0.13 -0.14 -0.14 -0.09 -0.08 -0.06 -0.03 -0.00  0.02  0.02 02032002 00
  0.00 -0.04 -0.07 -0.08 -0.06 -0.05 -0.06 -0.05 -0.05 -0.06 -0.09 -0.09 02032002 12
 -0.08 -0.07 -0.07 -0.06 -0.06 -0.04 -0.03 -0.02 -0.02 -0.02 -0.02 -0.02 03032002 00
 -0.00 -0.00 -0.00 -0.02 -0.03 -0.02 -0.02 -0.02 -0.03 -0.05 -0.05 -0.06 03032002 12
 -0.06 -0.06 -0.08 -0.07 -0.07 -0.07 -0.06 -0.05 -0.04 -0.03 -0.03 -0.02 04032002 00
 -0.01  0.01  0.03  0.03  0.04  0.05  0.06  0.08  0.08  0.07  0.05  0.02 04032002 12
  0.01 -0.00 -0.00 -0.04 -0.05 -0.05 -0.05 -0.03 -0.02 -0.00  0.01  0.03 05032002 00
  0.05  0.08  0.10  0.10  0.11  0.14  0.16  0.16  0.17  0.20  0.22  0.23 05032002 12
  0.29  0.32  0.31  0.32  0.31  0.35  0.39  0.38  0.36  0.42  0.44  0.43 06032002 00
  0.40  0.40  0.33  0.33  0.28  0.28  0.24  0.21  0.15  0.19  0.22  0.23 06032002 12
  0.24  0.27  0.29  0.24  0.23  0.23  0.24  0.21  0.18  0.14  0.13  0.11 07032002 00
  0.06 -0.02 -0.06 -0.08 -0.06 -0.06 -0.08 -0.10 -0.14 -0.15 -0.14 -0.11 07032002 12
 -0.08 -0.06 -0.04 -0.04 -0.02 -0.01  0.02  0.05  0.08  0.09  0.09  0.09 08032002 00
  0.11  0.14  0.16  0.17  0.20  0.19  0.19  0.19  0.28  0.29  0.16  0.13 08032002 12
  0.23  0.22  0.10 -0.02 -0.12 -0.08 -0.08 -0.08 -0.10 -0.07  0.13  0.53 09032002 00
  0.84  0.67  0.31  0.25  0.31  0.23  0.12  0.08  0.12  0.10  0.04 -0.10 09032002 12
 -0.14 -0.08 -0.00 -0.01 -0.03  0.10  0.31  0.38  0.41  0.45  0.46  0.58 10032002 00
  0.81  0.85  0.82  0.77  0.72  0.70  0.66  0.57  0.57  0.56  0.50  0.37 10032002 12
  0.29  0.22  0.24  0.27  0.25  0.19  0.18  0.15  0.11  0.09  0.07  0.11 11032002 00
  0.14  0.15  0.17  0.21  0.21  0.16  0.13  0.14  0.14  0.14  0.13  0.13 11032002 12
  0.09  0.06  0.04  0.07  0.09  0.07  0.02  0.00  0.00  0.01 -0.00 -0.01 12032002 00
 -0.03 -0.06 -0.09 -0.09 -0.09 -0.10 -0.14 -0.17 -0.19 -0.18 -0.19 -0.20 12032002 12
 -0.21 -0.25 -0.26 -0.25 -0.26 -0.27 -0.26 -0.25 -0.24 -0.22 -0.23 -0.19 13032002 00
 -0.18 -0.20 -0.19 -0.17 -0.17 -0.15 -0.14 -0.14 -0.15 -0.13 -0.14 -0.15 13032002 12
 -0.13 -0.16 -0.19 -0.20 -0.22 -0.24 -0.22 -0.23 -0.23 -0.24 -0.21 -0.19 14032002 00
 -0.14 -0.12 -0.15 -0.12 -0.10 -0.13 -0.13 -0.13 -0.15 -0.14 -0.15 -0.19 14032002 12
 -0.21 -0.26 -0.31 -0.30 -0.29 -0.31 -0.31 -0.25 -0.20 -0.15 -0.20 -0.17 15032002 00
 -0.11 -0.06 -0.05 -0.05 -0.01 -0.03 -0.04 -0.01  0.02  0.04  0.03 -0.01 15032002 12
 -0.01 -0.01  0.01  0.02  0.02  0.03  0.03  0.06  0.11  0.14  0.14  0.12 16032002 00
  0.12  0.10  0.10  0.12  0.11  0.10  0.10  0.09  0.08  0.08  0.07  0.06 16032002 12
  0.05  0.03  0.02  0.02  0.03  0.05  0.06  0.07  0.07  0.09  0.13  0.15 17032002 00
  0.15  0.15  0.16  0.17  0.17  0.18  0.22  0.27  0.28  0.29  0.30  0.28 17032002 12
  0.28  0.26  0.23  0.25  0.26  0.20  0.19  0.18  0.17  0.18  0.22  0.23 18032002 00
  0.23  0.21  0.21  0.22  0.24  0.23  0.24  0.26  0.26  0.28  0.31  0.29 18032002 12
  0.27  0.22  0.16  0.15  0.17  0.15  0.14  0.15  0.14  0.10  0.09  0.10 19032002 00
  0.11  0.12  0.11  0.11  0.11  0.14  0.16  0.17  0.19  0.21  0.26  0.29 19032002 12
  0.27  0.25  0.21  0.16  0.12  0.12  0.08  0.08  0.08  0.07  0.06  0.10 20032002 00
  0.12  0.12  0.12  0.11  0.11  0.14  0.14  0.13  0.13  0.14  0.14  0.15 20032002 12
  0.12  0.10  0.09  0.07  0.07  0.07  0.06  0.05  0.07  0.07  0.07  0.06 21032002 00
  0.05  0.04  0.03  0.02  0.01 -0.02 -0.03 -0.03 -0.01  0.00  0.00  0.02 21032002 12
  0.05  0.03  0.02  0.03 -0.00 -0.03 -0.06 -0.09 -0.08 -0.07 -0.09 -0.11 22032002 00
 -0.12 -0.15 -0.16 -0.16 -0.15 -0.15 -0.14 -0.16 -0.15 -0.15 -0.14 -0.14 22032002 12
 -0.15 -0.17 -0.19 -0.22 -0.22 -0.22 -0.24 -0.22 -0.21 -0.18 -0.18 -0.18 23032002 00
 -0.17 -0.13 -0.13 -0.11 -0.10 -0.10 -0.13 -0.14 -0.13 -0.12 -0.13 -0.12 23032002 12
 -0.11 -0.12 -0.13 -0.13 -0.11 -0.10 -0.08 -0.07 -0.05 -0.06 -0.07 -0.08 24032002 00
 -0.07 -0.06 -0.06 -0.08 -0.10 -0.13 -0.16 -0.15 -0.14 -0.13 -0.12 -0.10 24032002 12
 -0.09 -0.09 -0.09 -0.10 -0.12 -0.12 -0.11 -0.11 -0.11 -0.11 -0.12 -0.13 25032002 00
 -0.12 -0.13 -0.13 -0.13 -0.14 -0.16 -0.16 -0.15 -0.15 -0.16 -0.17 -0.21 25032002 12
 -0.21 -0.20 -0.22 -0.24 -0.26 -0.29 -0.29 -0.28 -0.27 -0.25 -0.24 -0.22 26032002 00
 -0.23 -0.21 -0.22 -0.21 -0.17 -0.15 -0.14 -0.15 -0.13 -0.14 -0.13 -0.11 26032002 12
 -0.12 -0.09 -0.08 -0.11 -0.13 -0.14 -0.16 -0.15 -0.14 -0.13 -0.11 -0.10 27032002 00
 -0.10 -0.10 -0.09 -0.09 -0.09 -0.08 -0.08 -0.08 -0.09 -0.11 -0.11 -0.09 27032002 12
 -0.07 -0.07 -0.06 -0.07 -0.08 -0.08 -0.08 -0.10 -0.11 -0.08 -0.08 -0.07 28032002 00
 -0.07 -0.09 -0.07 -0.07 -0.09 -0.10 -0.11 -0.14 -0.15 -0.12 -0.10 -0.10 28032002 12
 -0.07 -0.06 -0.08 -0.06 -0.08 -0.09 -0.09 -0.10 -0.12 -0.13 -0.13 -0.11 29032002 00
 -0.10 -0.08 -0.09 -0.07 -0.08 -0.07 -0.06 -0.05 -0.06 -0.06 -0.05 -0.05 29032002 12
 -0.04 -0.04 -0.05 -0.05 -0.05 -0.06 -0.07 -0.06 -0.06 -0.06 -0.05 -0.05 30032002 00
 -0.05 -0.03 -0.02 -0.01 -0.01 -0.01 -0.01  0.01  0.01  0.02  0.03  0.04 30032002 12
  0.05  0.04  0.06  0.10  0.11  0.12  0.13  0.14  0.14  0.15  0.13  0.09 31032002 00
  0.11  0.09  0.05  0.08  0.07  0.06  0.05  0.05  0.07  0.12  0.14  0.14 31032002 12
  0.13  0.13  0.13  0.15  0.18  0.16  0.18  0.20  0.19  0.19  0.20  0.16 01042002 00
  0.16  0.14  0.11  0.10  0.14  0.12  0.10  0.08  0.05  0.03  0.02  0.01 01042002 12
  0.01  0.01 -0.01 -0.02 -0.03 -0.03 -0.01  0.00  0.01  0.02  0.03  0.05 02042002 00
  0.07  0.07  0.07  0.07  0.07  0.08  0.09  0.08  0.08  0.10  0.15  0.20 02042002 12
  0.21  0.18  0.15  0.12  0.13  0.15  0.15  0.16  0.17  0.15  0.13  0.14 03042002 00
  0.15  0.15  0.15  0.12  0.10  0.10  0.10  0.07  0.07  0.07  0.05  0.04 03042002 12
  0.05  0.06  0.08  0.05  0.02 -0.01 -0.03 -0.03 -0.01 -0.02 -0.04 -0.05 04042002 00
 -0.05 -0.05 -0.05 -0.05 -0.04 -0.03 -0.02 -0.03 -0.02 -0.02 -0.01  0.01 04042002 12
  0.02  0.01  0.01  0.01  0.01  0.00 -0.00 -0.01 -0.01 -0.01 -0.00 -0.00 05042002 00
  0.01  0.02  0.04  0.04  0.03  0.01 -0.03 -0.05 -0.03 -0.05 -0.06 -0.06 05042002 12
 -0.08 -0.10 -0.15 -0.19 -0.20 -0.19 -0.18 -0.19 -0.20 -0.20 -0.18 -0.18 06042002 00
 -0.20 -0.19 -0.16 -0.15 -0.11 -0.12 -0.13 -0.14 -0.16 -0.19 -0.19 -0.18 06042002 12
 -0.17 -0.17 -0.21 -0.23 -0.25 -0.21 -0.22 -0.21 -0.21 -0.17 -0.16 -0.15 07042002 00
 -0.14 -0.12 -0.11 -0.13 -0.20 -0.27 -0.29 -0.27 -0.23 -0.22 -0.19 -0.20 07042002 12
 -0.17 -0.15 -0.14 -0.12 -0.12 -0.17 -0.19 -0.20 -0.20 -0.18 -0.14 -0.12 08042002 00
 -0.11 -0.10 -0.12 -0.11 -0.10 -0.14 -0.18 -0.19 -0.20 -0.18 -0.17 -0.17 08042002 12
 -0.19 -0.18 -0.18 -0.18 -0.18 -0.18 -0.21 -0.20 -0.19 -0.17 -0.15 -0.13 09042002 00
 -0.14 -0.14 -0.14 -0.14 -0.15 -0.15 -0.19 -0.21 -0.21 -0.21 -0.20 -0.19 09042002 12
 -0.19 -0.19 -0.18 -0.19 -0.19 -0.19 -0.20 -0.21 -0.20 -0.18 -0.15 -0.16 10042002 00
 -0.16 -0.17 -0.14 -0.15 -0.16 -0.15 -0.17 -0.18 -0.18 -0.18 -0.15 -0.15 10042002 12
 -0.16 -0.16 -0.14 -0.13 -0.13 -0.11 -0.10 -0.10 -0.10 -0.11 -0.09 -0.06 11042002 00
 -0.05 -0.06 -0.06 -0.07 -0.07 -0.06 -0.05 -0.07 -0.08 -0.08 -0.07 -0.06 11042002 12
 -0.05 -0.06 -0.05 -0.06 -0.08 -0.08 -0.08 -0.08 -0.08 -0.08 -0.09 -0.09 12042002 00
 -0.10 -0.12 -0.13 -0.11 -0.10 -0.11 -0.12 -0.14 -0.17 -0.15 -0.14 -0.13 12042002 12
 -0.11 -0.09 -0.10 -0.08 -0.09 -0.09 -0.07 -0.05 -0.04 -0.04 -0.03 -0.02 13042002 00
 -0.00  0.00 -0.00 -0.01 -0.01 -0.01 -0.01 -0.02 -0.02  0.00  0.01  0.02 13042002 12
  0.03  0.03  0.03  0.04  0.03  0.03  0.04  0.04  0.05  0.04  0.04  0.04 14042002 00
  0.03  0.02  0.01 -0.01 -0.02 -0.03 -0.03 -0.04 -0.05 -0.05 -0.05 -0.05 14042002 12
 -0.05 -0.04 -0.05 -0.05 -0.04 -0.04 -0.04 -0.05 -0.05 -0.05 -0.05 -0.05 15042002 00
 -0.04 -0.04 -0.03 -0.04 -0.03 -0.03 -0.02 -0.01 -0.01 -0.00  0.01  0.01 15042002 12
  0.01  0.01  0.00  0.00  0.01  0.01  0.01  0.03  0.04  0.06  0.06  0.06 16042002 00
  0.06  0.05  0.04  0.05  0.06  0.05  0.06  0.07  0.08  0.08  0.08  0.07 16042002 12
  0.06  0.05  0.04  0.04  0.05  0.04  0.05  0.06  0.06  0.06  0.08  0.08 17042002 00
  0.06  0.04  0.03  0.04  0.06  0.06  0.04  0.02  0.01  0.01  0.02  0.02 17042002 12
  0.02  0.04  0.06  0.09  0.09  0.07  0.07  0.07  0.09  0.12  0.13  0.10 18042002 00
  0.07  0.06  0.04  0.04  0.03  0.01 -0.00  0.01  0.01  0.00  0.00 -0.01 18042002 12
 -0.02 -0.03 -0.04 -0.05 -0.06 -0.06 -0.06 -0.06 -0.07 -0.07 -0.07 -0.07 19042002 00
 -0.07 -0.06 -0.07 -0.07 -0.07 -0.07 -0.06 -0.05 -0.05 -0.04 -0.04 -0.05 19042002 12
 -0.06 -0.05 -0.07 -0.08 -0.06 -0.03 -0.02 -0.01 -0.03 -0.03 -0.01  0.03 20042002 00
  0.06  0.06  0.03 -0.00 -0.02 -0.02 -0.02 -0.01  0.01  0.01 -0.01 -0.04 20042002 12
 -0.04 -0.02 -0.00 -0.01 -0.02 -0.04 -0.02  0.01  0.03  0.02  0.01  0.01 21042002 00
  0.03  0.07  0.06  0.01 -0.04 -0.06 -0.05 -0.02  0.02  0.05  0.07  0.07 21042002 12
  0.07  0.08  0.08  0.08  0.06  0.05  0.03  0.01  0.01  0.02  0.01  0.01 22042002 00
 -0.01 -0.03 -0.05 -0.07 -0.09 -0.08 -0.08 -0.10 -0.10 -0.09 -0.09 -0.10 22042002 12
 -0.10 -0.09 -0.10 -0.14 -0.18 -0.19 -0.17 -0.15 -0.13 -0.12 -0.13 -0.13 23042002 00
 -0.14 -0.14 -0.12 -0.11 -0.12 -0.13 -0.12 -0.11 -0.09 -0.08 -0.07 -0.08 23042002 12
 -0.09 -0.10 -0.10 -0.10 -0.11 -0.15 -0.18 -0.17 -0.15 -0.13 -0.12 -0.12 24042002 00
 -0.11 -0.10 -0.11 -0.10 -0.09 -0.07 -0.05 -0.03 -0.02  0.02  0.04  0.08 24042002 12
  0.09  0.09  0.08  0.08  0.06  0.00 -0.07 -0.09 -0.10 -0.12 -0.14 -0.15 25042002 00
 -0.18 -0.17 -0.16 -0.15 -0.14 -0.12 -0.10 -0.10 -0.08 -0.06 -0.03  0.04 25042002 12
  0.05  0.06  0.09  0.12  0.18  0.30  0.46  0.54  0.51  0.51  0.48  0.40 26042002 00
  0.34  0.31  0.23  0.25  0.23  0.18  0.11  0.05  0.02  0.03  0.08  0.12 26042002 12
  0.16  0.17  0.16  0.17  0.18  0.17  0.16  0.14  0.11  0.13  0.11  0.10 27042002 00
  0.07  0.07  0.08  0.06  0.08  0.09  0.08  0.10  0.13  0.18  0.25  0.28 27042002 12
  0.31  0.36  0.40  0.35  0.33  0.32  0.29  0.28  0.33  0.35  0.31  0.33 28042002 00
  0.31  0.30  0.45  0.46  0.43  0.44  0.45  0.46  0.52  0.46  0.45  0.43 28042002 12
  0.46  0.48  0.55  0.58  0.50  0.50  0.48  0.44  0.49  0.57  0.44  0.30 29042002 00
  0.21  0.12  0.05  0.15  0.13  0.20  0.22  0.20  0.19  0.20  0.18  0.12 29042002 12
  0.15  0.13  0.08  0.10  0.10  0.14  0.20  0.25  0.35  0.50  0.53  0.47 30042002 00
  0.39  0.33  0.24  0.25  0.28  0.23  0.27  0.30  0.27  0.28  0.33  0.35 30042002 12
  0.33  0.32  0.28  0.25  0.28  0.25  0.25  0.24  0.20  0.16  0.17  0.15 01052002 00
  0.16  0.13  0.10  0.11  0.13  0.13  0.14  0.16  0.17  0.16  0.16  0.14 01052002 12
  0.11  0.08  0.05  0.03  0.02  0.01  0.00  0.02  0.03  0.02  0.03  0.04 02052002 00
  0.04  0.02  0.00 -0.01 -0.02 -0.02 -0.02  0.00  0.02  0.05  0.05  0.05 02052002 12
  0.03  0.01 -0.02 -0.05 -0.07 -0.09 -0.09 -0.09 -0.08 -0.08 -0.07 -0.07 03052002 00
 -0.08 -0.08 -0.09 -0.09 -0.11 -0.11 -0.11 -0.09 -0.08 -0.07 -0.06 -0.05 03052002 12
 -0.08 -0.11 -0.13 -0.15 -0.15 -0.15 -0.14 -0.13 -0.11 -0.09 -0.08 -0.06 04052002 00
 -0.06 -0.08 -0.09 -0.11 -0.11 -0.12 -0.12 -0.13 -0.12 -0.11 -0.10 -0.09 04052002 12
 -0.07 -0.08 -0.13 -0.15 -0.16 -0.14 -0.12 -0.09 -0.08 -0.07 -0.07 -0.08 05052002 00
 -0.09 -0.11 -0.15 -0.18 -0.20 -0.20 -0.18 -0.17 -0.15 -0.16 -0.15 -0.15 05052002 12
 -0.14 -0.14 -0.14 -0.17 -0.19 -0.20 -0.18 -0.19 -0.17 -0.16 -0.16 -0.17 06052002 00
 -0.18 -0.20 -0.19 -0.21 -0.28 -0.28 -0.27 -0.23 -0.20 -0.16 -0.15 -0.15 06052002 12
 -0.14 -0.14 -0.14 -0.13 -0.19 -0.22 -0.20 -0.18 -0.16 -0.17 -0.15 -0.14 07052002 00
 -0.13 -0.14 -0.15 -0.15 -0.17 -0.19 -0.17 -0.17 -0.15 -0.14 -0.11 -0.10 07052002 12
 -0.10 -0.11 -0.10 -0.11 -0.13 -0.15 -0.16 -0.15 -0.14 -0.11 -0.11 -0.11 08052002 00
 -0.09 -0.07 -0.08 -0.08 -0.09 -0.10 -0.12 -0.12 -0.12 -0.10 -0.10 -0.09 08052002 12
 -0.08 -0.07 -0.08 -0.09 -0.09 -0.08 -0.08 -0.07 -0.07 -0.06 -0.06 -0.04 09052002 00
 -0.04 -0.03 -0.03 -0.04 -0.04 -0.03 -0.04 -0.04 -0.03 -0.02 -0.00  0.00 09052002 12
  0.00  0.01  0.01  0.00  0.00  0.00 -0.00 -0.00  0.01  0.03  0.03  0.03 10052002 00
  0.03  0.03  0.04  0.04  0.04  0.04  0.03  0.03  0.03  0.03  0.04  0.04 10052002 12
  0.05  0.05  0.05  0.03  0.03  0.03 -0.00 -0.03 -0.05 -0.05 -0.07 -0.08 11052002 00
 -0.08 -0.07 -0.04 -0.03 -0.03 -0.03 -0.03 -0.02 -0.01 -0.02 -0.01 -0.00 11052002 12
  0.01  0.00 -0.00 -0.01 -0.02 -0.03 -0.04 -0.04 -0.04 -0.04 -0.04 -0.03 12052002 00
 -0.02 -0.00  0.01  0.01  0.01  0.02  0.05  0.07  0.07  0.06  0.06  0.08 12052002 12
  0.08  0.08  0.09  0.08  0.08  0.06  0.06  0.07  0.08  0.08  0.09  0.12 13052002 00
  0.15  0.18  0.21  0.24  0.24  0.25  0.28  0.35  0.42  0.40  0.38  0.31 13052002 12
  0.27  0.28  0.32  0.28  0.26  0.29  0.29  0.28  0.33  0.36  0.33  0.32 14052002 00
  0.26  0.22  0.26  0.29  0.27  0.32  0.31  0.27  0.25  0.21  0.16  0.13 14052002 12
  0.12  0.09  0.07  0.06  0.05  0.08  0.12  0.13  0.12  0.13  0.08  0.07 15052002 00
  0.04  0.04  0.05  0.07  0.05  0.03  0.03  0.01 -0.01 -0.01 -0.02 -0.03 15052002 12
 -0.04 -0.04 -0.03 -0.02 -0.01 -0.01 -0.02 -0.02 -0.01  0.00 -0.02 -0.05 16052002 00
 -0.04 -0.04 -0.03 -0.03 -0.04 -0.04 -0.03 -0.04 -0.04 -0.05 -0.05 -0.03 16052002 12
 -0.00  0.01 -0.00  0.00 -0.02 -0.03 -0.03 -0.03 -0.00 -0.00 -0.06 -0.11 17052002 00
 -0.11 -0.10 -0.08 -0.05 -0.05 -0.04 -0.03 -0.07 -0.07 -0.06 -0.07 -0.05 17052002 12
 -0.02 -0.02 -0.02 -0.05 -0.03  0.01 -0.01 -0.02  0.02  0.06  0.07  0.06 18052002 00
  0.05  0.05  0.06  0.10  0.12  0.11  0.11  0.10  0.10  0.09  0.07  0.06 18052002 12
  0.08  0.08  0.06  0.05  0.03  0.02  0.03  0.04  0.05  0.07  0.11  0.15 19052002 00
  0.15  0.12  0.11  0.11  0.09  0.13  0.16  0.19  0.20  0.21  0.19  0.16 19052002 12
  0.11  0.12  0.12  0.14  0.11  0.10  0.12  0.18  0.21  0.23  0.23  0.22 20052002 00
  0.27  0.35  0.34  0.27  0.22  0.20  0.19  0.16  0.14  0.11  0.13  0.15 20052002 12
  0.19  0.25  0.30  0.30  0.30  0.28  0.29  0.28  0.26  0.24  0.21  0.17 21052002 00
  0.15  0.13  0.16  0.23  0.24  0.24  0.25  0.32  0.37  0.37  0.34  0.30 21052002 12
  0.30  0.31  0.34  0.43  0.48  0.46  0.43  0.36  0.34  0.34  0.38  0.37 22052002 00
  0.39  0.41  0.43  0.49  0.55  0.51  0.46  0.40  0.33  0.31  0.35  0.37 22052002 12
  0.37  0.38  0.33  0.27  0.31  0.38  0.36  0.33  0.27  0.23  0.22  0.25 23052002 00
  0.21  0.23  0.22  0.17  0.19  0.25  0.25  0.23  0.20  0.17  0.17  0.18 23052002 12
  0.17  0.20  0.25  0.31  0.38  0.47  0.46  0.41  0.37  0.35  0.43  0.55 24052002 00
  0.59  0.56  0.59  0.58  0.56  0.58  0.61  0.59  0.53  0.49  0.38  0.34 24052002 12
  0.40  0.30  0.33  0.36  0.32  0.29  0.36  0.34  0.31  0.28  0.20  0.19 25052002 00
  0.24  0.22  0.19  0.22  0.22  0.21  0.26  0.31  0.27  0.29  0.23  0.17 25052002 12
  0.15  0.16  0.11  0.12  0.13  0.12  0.10  0.12  0.12  0.12  0.13  0.12 26052002 00
  0.10  0.12  0.12  0.14  0.15  0.14  0.14  0.16  0.15  0.14  0.11  0.11 26052002 12
  0.10  0.09  0.10  0.08  0.10  0.10  0.09  0.10  0.12  0.10  0.10  0.09 27052002 00
  0.07  0.03  0.06  0.05  0.06  0.08  0.10  0.12  0.14  0.14  0.13  0.11 27052002 12
  0.08  0.07  0.09  0.09  0.08  0.09  0.10  0.12  0.17  0.18  0.15  0.11 28052002 00
  0.10  0.09  0.11  0.18  0.21  0.25  0.27  0.26  0.30  0.34  0.28  0.23 28052002 12
  0.21  0.15  0.16  0.22  0.18  0.20  0.21  0.21  0.20  0.24  0.24  0.23 29052002 00
  0.16  0.10  0.08  0.12  0.11  0.10  0.13  0.14  0.14  0.14  0.13  0.09 29052002 12
  0.08  0.03  0.02  0.04  0.03  0.04  0.06  0.08  0.09  0.10  0.10  0.09 30052002 00
  0.08  0.05  0.02  0.02  0.03  0.03  0.04  0.06  0.05  0.04  0.05  0.05 30052002 12
  0.05  0.07  0.06  0.04  0.01 -0.01 -0.02 -0.00 -0.02 -0.06 -0.08 -0.11 31052002 00
 -0.15 -0.17 -0.19 -0.18 -0.16 -0.16 -0.14 -0.12 -0.11 -0.10 -0.08 -0.10 31052002 12
 -0.12 -0.13 -0.13 -0.11 -0.11 -0.11 -0.11 -0.09 -0.07 -0.06 -0.05 -0.06 01062002 00
 -0.08 -0.09 -0.08 -0.08 -0.07 -0.05 -0.05 -0.05 -0.04 -0.02 -0.01  0.00 01062002 12
  0.01 -0.01 -0.06 -0.07 -0.09 -0.08 -0.07 -0.07 -0.06 -0.05 -0.05 -0.07 02062002 00
 -0.10 -0.11 -0.08 -0.05 -0.02  0.01  0.04  0.06  0.09  0.10  0.11  0.12 02062002 12
  0.13  0.12  0.08  0.08  0.07  0.09  0.10  0.11  0.14  0.15  0.11  0.08 03062002 00
  0.05  0.03  0.01 -0.01 -0.01 -0.01  0.01  0.05  0.08  0.11  0.13  0.14 03062002 12
  0.14  0.14  0.16  0.14  0.12  0.11  0.10  0.09  0.09  0.11  0.13  0.11 04062002 00
  0.08  0.05  0.06  0.07  0.06  0.06  0.07  0.10  0.13  0.17  0.16  0.13 04062002 12
  0.13  0.13  0.10  0.07  0.03  0.00  0.00 -0.01 -0.03 -0.01  0.00  0.01 05062002 00
  0.01  0.02  0.02  0.05  0.08  0.08  0.09  0.11  0.10  0.10  0.12  0.14 05062002 12
  0.11  0.08  0.06  0.04  0.02 -0.01 -0.01  0.02  0.05  0.07  0.04  0.04 06062002 00
  0.05  0.05  0.04  0.04  0.04  0.04  0.05  0.05  0.04  0.05  0.05  0.06 06062002 12
  0.06  0.06  0.05  0.04  0.03  0.03  0.03  0.04  0.04  0.04  0.03  0.03 07062002 00
  0.04  0.05  0.06  0.07  0.09  0.12  0.13  0.13  0.13  0.12  0.13  0.13 07062002 12
  0.14  0.12  0.10  0.08  0.05  0.04  0.05  0.05  0.06  0.05  0.04  0.04 08062002 00
  0.06  0.06  0.05  0.05  0.04  0.05  0.06  0.05  0.03  0.03  0.03  0.04 08062002 12
  0.06  0.07  0.08  0.09  0.09  0.10  0.16  0.24  0.26  0.24  0.20  0.17 09062002 00
  0.17  0.18  0.19  0.24  0.26  0.25  0.28  0.31  0.32  0.33  0.31  0.30 09062002 12
  0.32  0.35  0.32  0.32  0.31  0.29  0.29  0.29  0.25  0.22  0.21  0.19 10062002 00
  0.21  0.26  0.28  0.29  0.27  0.24  0.21  0.22  0.22  0.20  0.17  0.11 10062002 12
  0.10  0.13  0.12  0.12  0.11  0.09  0.08  0.09  0.08  0.09  0.10  0.09 11062002 00
  0.08  0.08  0.08  0.09  0.11  0.13  0.12  0.11  0.08  0.07  0.06  0.06 11062002 12
  0.05  0.04  0.04  0.03  0.03  0.04  0.03  0.02  0.01  0.00  0.01  0.01 12062002 00
  0.02  0.04  0.06  0.08  0.10  0.12  0.15  0.18  0.20  0.19  0.15  0.17 12062002 12
  0.13  0.15  0.17  0.13  0.12  0.11  0.09  0.07  0.05  0.05  0.05  0.02 13062002 00
  0.02  0.01  0.02  0.05  0.05  0.05  0.05  0.04  0.03  0.01 -0.02  0.01 13062002 12
  0.01  0.01  0.00  0.02  0.02  0.02  0.03  0.04  0.06  0.09  0.09  0.06 14062002 00
  0.07  0.10  0.12  0.16  0.21  0.21  0.21  0.21  0.20  0.22  0.23  0.20 14062002 12
  0.18  0.15  0.14  0.15  0.15  0.13  0.13  0.14  0.15  0.14  0.12  0.09 15062002 00
  0.08  0.07  0.04  0.06  0.08  0.07  0.07  0.07  0.06  0.05  0.07  0.11 15062002 12
  0.11  0.13  0.13  0.12  0.12  0.13  0.12  0.12  0.12  0.10  0.07  0.05 16062002 00
  0.05  0.04  0.04  0.05  0.11  0.16  0.19  0.19  0.19  0.20  0.21  0.23 16062002 12
  0.27  0.26  0.25  0.24  0.25  0.30  0.36  0.34  0.34  0.34  0.35  0.33 17062002 00
  0.32  0.27  0.23  0.22  0.20  0.17  0.15  0.16  0.15  0.17  0.15  0.12 17062002 12
  0.13  0.15  0.13  0.11  0.09  0.10  0.09  0.08  0.09  0.13  0.12  0.09 18062002 00
  0.08  0.09  0.09  0.10  0.10  0.09  0.12  0.13  0.12  0.13  0.14  0.14 18062002 12
  0.14  0.12  0.12  0.07  0.05  0.03  0.02 -0.00 -0.02 -0.05 -0.05 -0.06 19062002 00
 -0.07 -0.07 -0.07 -0.07 -0.06 -0.06 -0.05 -0.04 -0.04 -0.05 -0.06 -0.05 19062002 12
 -0.05 -0.04 -0.04 -0.06 -0.08 -0.09 -0.08 -0.08 -0.07 -0.06 -0.06 -0.05 20062002 00
 -0.05 -0.05 -0.03 -0.01 -0.02 -0.02 -0.02 -0.02 -0.02 -0.02 -0.02 -0.01 20062002 12
 -0.01 -0.01 -0.01  0.02  0.05  0.05  0.04  0.03  0.03  0.05  0.07  0.08 21062002 00
  0.07  0.07  0.07  0.08  0.09  0.09  0.07  0.04  0.03  0.02  0.02  0.03 21062002 12
  0.04  0.05  0.08  0.10  0.11  0.13  0.12  0.09  0.07  0.05  0.05  0.06 22062002 00
  0.03  0.01  0.02  0.04  0.06  0.11  0.11  0.09  0.06  0.04  0.03  0.04 22062002 12
  0.06  0.07  0.08  0.07  0.05  0.02  0.00 -0.03 -0.04 -0.07 -0.08 -0.09 23062002 00
 -0.08 -0.07 -0.05 -0.04 -0.02  0.01  0.02 -0.00 -0.03 -0.04 -0.05 -0.06 23062002 12
 -0.07 -0.07 -0.07 -0.07 -0.07 -0.08 -0.09 -0.11 -0.12 -0.11 -0.11 -0.10 24062002 00
 -0.09 -0.08 -0.05 -0.04 -0.03 -0.02 -0.00 -0.02 -0.05 -0.06 -0.08 -0.11 24062002 12
 -0.12 -0.13 -0.13 -0.12 -0.11 -0.12 -0.13 -0.14 -0.15 -0.15 -0.15 -0.15 25062002 00
 -0.14 -0.13 -0.12 -0.10 -0.10 -0.11 -0.10 -0.11 -0.13 -0.15 -0.14 -0.14 25062002 12
 -0.12 -0.10 -0.10 -0.08 -0.06 -0.06 -0.04 -0.01 -0.01 -0.01 -0.02 -0.03 26062002 00
 -0.04 -0.05 -0.05 -0.03 -0.02  0.00  0.02  0.02  0.01  0.00 -0.03 -0.04 26062002 12
 -0.06 -0.07 -0.05 -0.05 -0.05 -0.05 -0.05 -0.05 -0.07 -0.10 -0.12 -0.11 27062002 00
 -0.12 -0.09 -0.04 -0.04 -0.02  0.00  0.01  0.02  0.01 -0.01 -0.03 -0.04 27062002 12
 -0.05 -0.07 -0.08 -0.10 -0.11 -0.11 -0.12 -0.12 -0.13 -0.14 -0.19 -0.19 28062002 00
 -0.20 -0.16 -0.10 -0.06 -0.08 -0.06 -0.05 -0.03 -0.02 -0.02 -0.06 -0.08 28062002 12
 -0.09 -0.10 -0.10 -0.10 -0.10 -0.08 -0.06 -0.07 -0.07 -0.06 -0.06 -0.05 29062002 00
 -0.06 -0.07 -0.04 -0.02 -0.02 -0.02 -0.01 -0.00  0.00 -0.00 -0.02 -0.04 29062002 12
 -0.06 -0.06 -0.08 -0.08 -0.08 -0.07 -0.05 -0.05 -0.04 -0.03 -0.01 -0.01 30062002 00
 -0.01 -0.00  0.02  0.05  0.08  0.12  0.20  0.26  0.30  0.34  0.39  0.42 30062002 12
  0.40  0.34  0.28  0.22  0.18  0.15  0.10  0.06  0.07  0.05  0.03  0.06 01072002 00
  0.13  0.16  0.20  0.20  0.23  0.27  0.31  0.30  0.30  0.30  0.30  0.24 01072002 12
  0.20  0.16  0.13  0.12  0.13  0.15  0.15  0.17  0.20  0.22  0.22  0.18 02072002 00
  0.19  0.23  0.21  0.21  0.18  0.21  0.22  0.23  0.21  0.21  0.19  0.17 02072002 12
  0.15  0.17  0.14  0.12  0.11  0.10  0.09  0.11  0.11  0.11  0.10  0.08 03072002 00
  0.06  0.08  0.12  0.13  0.15  0.16  0.18  0.17  0.16  0.14  0.14  0.13 03072002 12
  0.08  0.00 -0.02 -0.04 -0.05 -0.06 -0.07 -0.06 -0.04 -0.03 -0.01 -0.02 04072002 00
 -0.03 -0.01  0.01  0.03  0.03  0.03  0.04  0.05  0.05  0.06  0.07  0.08 04072002 12
  0.10  0.11  0.08  0.07  0.05  0.04  0.03  0.01  0.01  0.03  0.04  0.02 05072002 00
 -0.01 -0.02 -0.01 -0.01 -0.02 -0.05 -0.08 -0.08 -0.09 -0.10 -0.11 -0.09 05072002 12
 -0.08 -0.08 -0.09 -0.08 -0.08 -0.06 -0.05 -0.05 -0.05 -0.02 -0.01  0.01 06072002 00
  0.02  0.02  0.04  0.05  0.05  0.06  0.06  0.05  0.04  0.05  0.06  0.07 06072002 12
  0.07  0.05  0.03  0.01 -0.02 -0.04 -0.06 -0.06 -0.06 -0.05 -0.03 -0.03 07072002 00
 -0.02 -0.01  0.00  0.02  0.04  0.05  0.04  0.04  0.04  0.03  0.05  0.09 07072002 12
  0.13  0.14  0.16  0.18  0.18  0.22  0.28  0.28  0.26  0.21  0.16  0.15 08072002 00
  0.18  0.15  0.15  0.14  0.14  0.15  0.17  0.16  0.14  0.13  0.08  0.06 08072002 12
  0.08  0.08  0.07  0.08  0.05  0.02  0.02  0.01  0.00  0.01  0.03  0.05 09072002 00
  0.07  0.09  0.10  0.10  0.12  0.13  0.16  0.16  0.14  0.14  0.11  0.12 09072002 12
  0.12  0.11  0.10  0.10  0.10  0.08  0.06  0.06  0.07  0.07  0.08  0.06 10072002 00
  0.07  0.08  0.08  0.08  0.08  0.09  0.09  0.10  0.11  0.09  0.08  0.07 10072002 12
  0.08  0.09  0.10  0.08  0.07  0.06  0.04  0.02  0.00 -0.01 -0.01 -0.00 11072002 00
 -0.01 -0.01 -0.00  0.00  0.01  0.01  0.01 -0.01 -0.03 -0.04 -0.03 -0.04 11072002 12
 -0.03 -0.03 -0.03 -0.04 -0.05 -0.05 -0.05 -0.05 -0.05 -0.06 -0.06 -0.06 12072002 00
 -0.05 -0.05 -0.04 -0.04 -0.03 -0.03 -0.03 -0.03 -0.04 -0.05 -0.06 -0.06 12072002 12
 -0.06 -0.05 -0.04 -0.05 -0.04 -0.05 -0.05 -0.06 -0.06 -0.09 -0.10 -0.11 13072002 00
 -0.11 -0.12 -0.10 -0.08 -0.10 -0.09 -0.09 -0.10 -0.11 -0.12 -0.14 -0.14 13072002 12
 -0.14 -0.14 -0.11 -0.10 -0.11 -0.09 -0.10 -0.11 -0.10 -0.09 -0.12 -0.13 14072002 00
 -0.14 -0.14 -0.13 -0.12 -0.14 -0.14 -0.14 -0.15 -0.16 -0.15 -0.16 -0.17 14072002 12
 -0.16 -0.16 -0.16 -0.15 -0.15 -0.14 -0.12 -0.12 -0.12 -0.11 -0.11 -0.13 15072002 00
 -0.14 -0.14 -0.14 -0.11 -0.11 -0.13 -0.14 -0.14 -0.15 -0.16 -0.15 -0.14 15072002 12
 -0.14 -0.14 -0.15 -0.13 -0.13 -0.14 -0.13 -0.12 -0.13 -0.13 -0.12 -0.12 16072002 00
 -0.13 -0.13 -0.12 -0.12 -0.10 -0.08 -0.09 -0.09 -0.09 -0.09 -0.09 -0.08 16072002 12
 -0.08 -0.08 -0.09 -0.10 -0.11 -0.11 -0.10 -0.11 -0.11 -0.11 -0.10 -0.09 17072002 00
 -0.11 -0.11 -0.10 -0.10 -0.08 -0.08 -0.10 -0.12 -0.12 -0.11 -0.11 -0.11 17072002 12
 -0.09 -0.10 -0.12 -0.12 -0.14 -0.13 -0.13 -0.13 -0.13 -0.11 -0.11 -0.11 18072002 00
 -0.10 -0.10 -0.10 -0.10 -0.10 -0.11 -0.12 -0.11 -0.12 -0.14 -0.12 -0.09 18072002 12
 -0.08 -0.08 -0.08 -0.08 -0.06 -0.07 -0.08 -0.09 -0.09 -0.08 -0.07 -0.05 19072002 00
 -0.04 -0.05 -0.05 -0.04 -0.05 -0.08 -0.09 -0.09 -0.09 -0.08 -0.07 -0.06 19072002 12
 -0.06 -0.05 -0.03 -0.03 -0.05 -0.07 -0.07 -0.07 -0.08 -0.09 -0.12 -0.11 20072002 00
 -0.09 -0.08 -0.08 -0.07 -0.06 -0.06 -0.06 -0.06 -0.05 -0.06 -0.06 -0.08 20072002 12
 -0.08 -0.08 -0.08 -0.08 -0.11 -0.15 -0.17 -0.16 -0.14 -0.13 -0.12 -0.13 21072002 00
 -0.11 -0.08 -0.07 -0.05 -0.04 -0.05 -0.07 -0.07 -0.07 -0.07 -0.07 -0.05 21072002 12
 -0.04 -0.04 -0.04 -0.05 -0.05 -0.04 -0.05 -0.06 -0.04 -0.01 -0.01  0.00 22072002 00
  0.02  0.02  0.02  0.01  0.01  0.00 -0.00 -0.02 -0.04 -0.05 -0.04 -0.04 22072002 12
 -0.02 -0.01  0.00  0.01  0.04  0.09  0.15  0.17  0.18  0.19  0.19  0.17 23072002 00
  0.19  0.20  0.19  0.19  0.19  0.17  0.13  0.08  0.04  0.01 -0.02 -0.06 23072002 12
 -0.05 -0.06 -0.06 -0.06 -0.06 -0.06 -0.07 -0.08 -0.08 -0.07 -0.07 -0.06 24072002 00
 -0.03 -0.03 -0.00  0.02  0.02  0.03  0.02 -0.00 -0.04 -0.03 -0.03 -0.03 24072002 12
 -0.02 -0.02 -0.01 -0.01 -0.02 -0.02 -0.00  0.02  0.03  0.02  0.01  0.02 25072002 00
  0.03  0.04  0.04  0.04  0.05  0.08  0.09  0.07  0.04  0.02  0.02  0.03 25072002 12
  0.01  0.02  0.05  0.05  0.05  0.05  0.04  0.02  0.00 -0.02 -0.04 -0.05 26072002 00
 -0.05 -0.05 -0.04 -0.03 -0.01 -0.01 -0.00  0.00 -0.01 -0.02 -0.03 -0.03 26072002 12
 -0.02 -0.02 -0.02 -0.02 -0.02 -0.02 -0.02 -0.02 -0.02 -0.03 -0.04 -0.05 27072002 00
 -0.05 -0.04 -0.02  0.01  0.02  0.02  0.02  0.02  0.02  0.02  0.02  0.01 27072002 12
  0.02  0.02  0.02  0.03  0.03  0.04  0.04  0.04  0.04  0.06  0.05  0.02 28072002 00
  0.01  0.01  0.01  0.02  0.02  0.02  0.01  0.00 -0.02 -0.05 -0.06 -0.07 28072002 12
 -0.08 -0.09 -0.08 -0.09 -0.08 -0.07 -0.06 -0.07 -0.07 -0.06 -0.05 -0.06 29072002 00
 -0.08 -0.08 -0.07 -0.06 -0.05 -0.05 -0.04 -0.05 -0.06 -0.05 -0.06 -0.06 29072002 12
 -0.06 -0.07 -0.07 -0.07 -0.06 -0.06 -0.05 -0.03 -0.03 -0.04 -0.03 -0.03 30072002 00
 -0.04 -0.06 -0.07 -0.06 -0.05 -0.05 -0.05 -0.05 -0.04 -0.02 -0.01 -0.05 30072002 12
 -0.08 -0.06 -0.03 -0.04 -0.06 -0.08 -0.08 -0.08 -0.08 -0.07 -0.04 -0.05 31072002 00
 -0.07 -0.07 -0.06 -0.05 -0.05 -0.04 -0.05 -0.05 -0.03 -0.02 -0.04 -0.05 31072002 12
 -0.04 -0.03 -0.05 -0.06 -0.07 -0.08 -0.07 -0.06 -0.07 -0.08 -0.08 -0.07 01082002 00
 -0.05 -0.04 -0.04 -0.05 -0.05 -0.05 -0.04 -0.01  0.01  0.01  0.00  0.01 01082002 12
  0.01  0.01  0.01 -0.01 -0.03 -0.03 -0.03 -0.01 -0.01  0.00  0.01  0.01 02082002 00
  0.00  0.01  0.02  0.02  0.01 -0.01 -0.00 -0.01 -0.01 -0.00 -0.01 -0.01 02082002 12
 -0.02 -0.01 -0.02 -0.05 -0.06 -0.06 -0.05 -0.04 -0.03 -0.03 -0.04 -0.03 03082002 00
 -0.01  0.00 -0.00 -0.02 -0.02 -0.03 -0.03 -0.04 -0.04 -0.03 -0.02 -0.01 03082002 12
 -0.01 -0.01 -0.01 -0.01 -0.02 -0.04 -0.04 -0.04 -0.05 -0.04 -0.03 -0.03 04082002 00
 -0.03 -0.03 -0.02 -0.03 -0.04 -0.04 -0.05 -0.05 -0.05 -0.04 -0.04 -0.04 04082002 12
 -0.03 -0.03 -0.03 -0.04 -0.06 -0.07 -0.07 -0.08 -0.07 -0.07 -0.06 -0.05 05082002 00
 -0.04 -0.04 -0.04 -0.03 -0.04 -0.06 -0.07 -0.08 -0.08 -0.07 -0.07 -0.05 05082002 12
 -0.04 -0.03 -0.03 -0.03 -0.05 -0.07 -0.09 -0.08 -0.08 -0.07 -0.06 -0.05 06082002 00
 -0.04 -0.03 -0.04 -0.05 -0.05 -0.06 -0.08 -0.09 -0.09 -0.08 -0.06 -0.05 06082002 12
 -0.04 -0.03 -0.02 -0.03 -0.03 -0.04 -0.06 -0.06 -0.05 -0.04 -0.03 -0.03 07082002 00
 -0.03 -0.02 -0.03 -0.05 -0.06 -0.07 -0.10 -0.11 -0.10 -0.09 -0.09 -0.08 07082002 12
 -0.09 -0.07 -0.04 -0.06 -0.09 -0.09 -0.08 -0.08 -0.09 -0.08 -0.07 -0.03 08082002 00
  0.00  0.01  0.03  0.03  0.05  0.09  0.11  0.09  0.07  0.05  0.02  0.01 08082002 12
 -0.01 -0.02 -0.04 -0.04 -0.06 -0.08 -0.11 -0.16 -0.16 -0.12 -0.09 -0.07 09082002 00
 -0.04 -0.03 -0.04 -0.00  0.00  0.01  0.04  0.04  0.03  0.03  0.04  0.04 09082002 12
  0.04  0.02  0.01  0.01  0.02  0.02  0.02 -0.01 -0.04 -0.03 -0.01 -0.00 10082002 00
 -0.00  0.00 -0.01 -0.01  0.00 -0.01 -0.00  0.01  0.00  0.01  0.02  0.02 10082002 12
  0.03  0.03  0.03  0.04  0.04  0.05  0.06  0.07  0.08  0.11  0.13  0.12 11082002 00
  0.13  0.14  0.13  0.15  0.15  0.14  0.13  0.12  0.12  0.15  0.11  0.10 11082002 12
  0.10  0.09  0.07  0.06  0.04  0.01  0.01 -0.01 -0.05 -0.07 -0.08 -0.06 12082002 00
 -0.05 -0.04 -0.03 -0.02 -0.02 -0.01 -0.00  0.01  0.03  0.04  0.05  0.07 12082002 12
  0.07  0.06  0.05  0.04  0.05  0.05  0.04  0.04  0.02  0.01  0.02  0.02 13082002 00
  0.00  0.00  0.02  0.02  0.02  0.04  0.03  0.03  0.03  0.03  0.05  0.05 13082002 12
  0.04  0.02  0.01 -0.01 -0.02  0.00 -0.00 -0.01 -0.01 -0.02 -0.03 -0.01 14082002 00
 -0.00 -0.01 -0.02 -0.03 -0.03 -0.02 -0.01  0.00  0.02  0.04  0.05  0.09 14082002 12
  0.13  0.15  0.12  0.12  0.12  0.13  0.16  0.13  0.11  0.10  0.09  0.07 15082002 00
  0.05  0.03  0.02  0.01  0.00 -0.01 -0.04 -0.04 -0.03 -0.01 -0.00 -0.01 15082002 12
 -0.02 -0.03 -0.05 -0.07 -0.08 -0.09 -0.11 -0.14 -0.13 -0.11 -0.10 -0.10 16082002 00
 -0.08 -0.07 -0.07 -0.06 -0.06 -0.05 -0.05 -0.05 -0.04 -0.02 -0.02 -0.02 16082002 12
  0.01  0.05  0.04  0.01  0.02  0.02  0.01  0.01  0.02  0.06  0.08  0.09 17082002 00
  0.12  0.16  0.22  0.22  0.19  0.16  0.13  0.12  0.10  0.11  0.10  0.13 17082002 12
  0.16  0.18  0.18  0.17  0.14  0.10  0.06  0.01  0.02  0.00 -0.00 -0.01 18082002 00
 -0.01 -0.01 -0.01 -0.00  0.01 -0.01 -0.05 -0.06 -0.05 -0.03 -0.03 -0.01 18082002 12
  0.02  0.04  0.05  0.06  0.05  0.03 -0.00 -0.02 -0.03 -0.03 -0.02 -0.02 19082002 00
 -0.02 -0.01  0.01  0.01 -0.00 -0.02 -0.03 -0.03 -0.03 -0.04 -0.04 -0.03 19082002 12
 -0.03 -0.02 -0.02 -0.01 -0.01 -0.03 -0.05 -0.07 -0.08 -0.06 -0.05 -0.04 20082002 00
 -0.03 -0.01 -0.00  0.00  0.00 -0.01 -0.03 -0.03 -0.05 -0.06 -0.07 -0.07 20082002 12
 -0.06 -0.05 -0.04 -0.04 -0.05 -0.05 -0.08 -0.11 -0.11 -0.11 -0.10 -0.09 21082002 00
 -0.07 -0.06 -0.03 -0.04 -0.05 -0.06 -0.06 -0.07 -0.09 -0.09 -0.07 -0.05 21082002 12
 -0.04 -0.05 -0.05 -0.05 -0.06 -0.05 -0.05 -0.08 -0.10 -0.10 -0.10 -0.08 22082002 00
 -0.08 -0.07 -0.06 -0.05 -0.07 -0.08 -0.07 -0.07 -0.07 -0.07 -0.08 -0.07 22082002 12
 -0.04 -0.03 -0.03 -0.02 -0.03 -0.04 -0.03 -0.04 -0.07 -0.09 -0.09 -0.08 23082002 00
 -0.06 -0.04 -0.04 -0.05 -0.05 -0.05 -0.05 -0.03 -0.04 -0.05 -0.07 -0.07 23082002 12
 -0.07 -0.07 -0.07 -0.05 -0.03 -0.03 -0.05 -0.08 -0.10 -0.11 -0.11 -0.10 24082002 00
 -0.09 -0.08 -0.09 -0.10 -0.09 -0.09 -0.09 -0.09 -0.11 -0.13 -0.13 -0.14 24082002 12
 -0.14 -0.13 -0.14 -0.17 -0.16 -0.16 -0.16 -0.15 -0.16 -0.20 -0.23 -0.22 25082002 00
 -0.22 -0.19 -0.17 -0.20 -0.18 -0.18 -0.19 -0.19 -0.19 -0.21 -0.22 -0.22 25082002 12
 -0.21 -0.19 -0.17 -0.19 -0.17 -0.16 -0.17 -0.17 -0.17 -0.19 -0.19 -0.19 26082002 00
 -0.18 -0.16 -0.15 -0.15 -0.15 -0.14 -0.15 -0.15 -0.13 -0.12 -0.14 -0.14 26082002 12
 -0.16 -0.14 -0.14 -0.12 -0.11 -0.11 -0.11 -0.11 -0.10 -0.11 -0.14 -0.14 27082002 00
 -0.13 -0.13 -0.12 -0.12 -0.12 -0.09 -0.08 -0.10 -0.11 -0.11 -0.12 -0.12 27082002 12
 -0.13 -0.12 -0.11 -0.09 -0.10 -0.10 -0.09 -0.08 -0.08 -0.07 -0.07 -0.07 28082002 00
 -0.06 -0.06 -0.05 -0.04 -0.03 -0.02 -0.02 -0.02 -0.03 -0.01  0.02  0.03 28082002 12
  0.02  0.03  0.03  0.04  0.05  0.02 -0.00  0.02  0.04  0.06  0.06  0.04 29082002 00
  0.01  0.00 -0.00 -0.03 -0.05 -0.05 -0.04 -0.03 -0.02 -0.03 -0.03 -0.03 29082002 12
 -0.02 -0.02 -0.04 -0.04 -0.04 -0.05 -0.05 -0.03  0.01  0.06  0.13  0.19 30082002 00
  0.23  0.23  0.22  0.21  0.22  0.24  0.26  0.26  0.31  0.33  0.26  0.12 30082002 12
  0.08 -0.01 -0.03 -0.05 -0.07 -0.11 -0.13 -0.14 -0.13 -0.15 -0.17 -0.17 31082002 00
 -0.16 -0.12 -0.12 -0.13 -0.14 -0.17 -0.18 -0.17 -0.14 -0.12 -0.12 -0.15 31082002 12
 -0.17 -0.18 -0.17 -0.18 -0.18 -0.21 -0.19 -0.19 -0.17 -0.16 -0.17 -0.19 01092002 00
 -0.17 -0.17 -0.17 -0.18 -0.18 -0.17 -0.16 -0.14 -0.15 -0.13 -0.10 -0.08 01092002 12
 -0.08 -0.08 -0.12 -0.15 -0.18 -0.18 -0.19 -0.20 -0.19 -0.17 -0.16 -0.15 02092002 00
 -0.14 -0.12 -0.12 -0.15 -0.14 -0.14 -0.13 -0.14 -0.12 -0.10 -0.09 -0.09 02092002 12
 -0.09 -0.10 -0.11 -0.13 -0.17 -0.16 -0.15 -0.12 -0.12 -0.10 -0.08 -0.05 03092002 00
 -0.05 -0.05 -0.06 -0.05 -0.07 -0.09 -0.09 -0.08 -0.06 -0.05 -0.03 -0.01 03092002 12
 -0.00 -0.02 -0.03 -0.02 -0.02 -0.05 -0.05 -0.04 -0.04 -0.03 -0.01 -0.01 04092002 00
  0.01  0.01  0.00 -0.01 -0.02 -0.03 -0.03 -0.01 -0.00  0.00  0.00  0.00 04092002 12
  0.01  0.02  0.02  0.02  0.01  0.01  0.02  0.03  0.03  0.04  0.08  0.13 05092002 00
  0.17  0.20  0.20  0.19  0.18  0.15  0.12  0.12  0.10  0.10  0.08  0.07 05092002 12
  0.05  0.04  0.03  0.03  0.01 -0.01  0.00  0.03  0.05  0.07  0.09  0.13 06092002 00
  0.16  0.19  0.20  0.19  0.19  0.18  0.16  0.15  0.16  0.16  0.18  0.16 06092002 12
  0.13  0.16  0.15  0.15  0.16  0.17  0.16  0.16  0.15  0.16  0.16  0.16 07092002 00
  0.12  0.13  0.14  0.10  0.09  0.07  0.05  0.07  0.09  0.09  0.08  0.05 07092002 12
  0.03  0.03  0.04  0.01 -0.01 -0.01 -0.02 -0.04 -0.03 -0.03 -0.02  0.01 08092002 00
  0.02  0.03  0.03  0.03  0.03  0.03  0.03  0.03  0.05  0.06  0.03  0.00 08092002 12
  0.00 -0.02 -0.01 -0.01 -0.02 -0.02 -0.03 -0.03 -0.01  0.02  0.01 -0.00 09092002 00
 -0.01 -0.02 -0.01  0.00  0.01  0.00  0.02  0.05  0.10  0.16  0.19  0.16 09092002 12
  0.12  0.10  0.08  0.10  0.08  0.08  0.10  0.10  0.07  0.05  0.03  0.02 10092002 00
  0.01 -0.00 -0.03 -0.03 -0.04 -0.06 -0.05 -0.05 -0.05 -0.03 -0.02 -0.05 10092002 12
 -0.07 -0.08 -0.09 -0.09 -0.08 -0.07 -0.07 -0.08 -0.07 -0.05 -0.05 -0.09 11092002 00
 -0.11 -0.11 -0.11 -0.11 -0.12 -0.13 -0.12 -0.12 -0.13 -0.12 -0.12 -0.10 11092002 12
 -0.11 -0.14 -0.14 -0.13 -0.13 -0.15 -0.14 -0.14 -0.14 -0.14 -0.16 -0.17 12092002 00
 -0.17 -0.14 -0.14 -0.12 -0.13 -0.17 -0.17 -0.17 -0.16 -0.15 -0.13 -0.13 12092002 12
 -0.13 -0.14 -0.16 -0.16 -0.17 -0.19 -0.19 -0.17 -0.16 -0.15 -0.14 -0.15 13092002 00
 -0.18 -0.18 -0.19 -0.16 -0.16 -0.19 -0.20 -0.19 -0.17 -0.18 -0.17 -0.14 13092002 12
 -0.13 -0.13 -0.16 -0.19 -0.18 -0.20 -0.21 -0.21 -0.19 -0.17 -0.17 -0.15 14092002 00
 -0.13 -0.14 -0.15 -0.16 -0.17 -0.18 -0.19 -0.21 -0.22 -0.20 -0.19 -0.18 14092002 12
 -0.14 -0.15 -0.20 -0.23 -0.24 -0.22 -0.21 -0.18 -0.18 -0.15 -0.13 -0.12 15092002 00
 -0.10 -0.10 -0.13 -0.15 -0.16 -0.19 -0.20 -0.21 -0.20 -0.20 -0.17 -0.16 15092002 12
 -0.14 -0.13 -0.13 -0.16 -0.17 -0.18 -0.16 -0.15 -0.15 -0.14 -0.13 -0.11 16092002 00
 -0.11 -0.11 -0.11 -0.12 -0.16 -0.18 -0.19 -0.17 -0.16 -0.12 -0.11 -0.10 16092002 12
 -0.08 -0.09 -0.10 -0.11 -0.13 -0.15 -0.15 -0.15 -0.13 -0.12 -0.08 -0.07 17092002 00
 -0.05 -0.05 -0.06 -0.08 -0.09 -0.12 -0.13 -0.14 -0.13 -0.11 -0.11 -0.10 17092002 12
 -0.08 -0.07 -0.08 -0.09 -0.08 -0.10 -0.11 -0.11 -0.11 -0.09 -0.08 -0.07 18092002 00
 -0.07 -0.06 -0.06 -0.06 -0.04 -0.04 -0.08 -0.11 -0.11 -0.10 -0.08 -0.05 18092002 12
 -0.05 -0.05 -0.05 -0.06 -0.06 -0.07 -0.10 -0.12 -0.11 -0.11 -0.09 -0.08 19092002 00
 -0.07 -0.07 -0.06 -0.07 -0.07 -0.06 -0.07 -0.09 -0.10 -0.11 -0.09 -0.07 19092002 12
 -0.06 -0.07 -0.06 -0.07 -0.09 -0.09 -0.10 -0.14 -0.14 -0.13 -0.11 -0.09 20092002 00
 -0.08 -0.08 -0.06 -0.06 -0.09 -0.09 -0.10 -0.11 -0.10 -0.11 -0.12 -0.10 20092002 12
 -0.09 -0.09 -0.08 -0.08 -0.10 -0.10 -0.10 -0.12 -0.14 -0.14 -0.13 -0.10 21092002 00
 -0.08 -0.09 -0.09 -0.08 -0.09 -0.09 -0.09 -0.09 -0.10 -0.09 -0.09 -0.08 21092002 12
 -0.06 -0.07 -0.08 -0.08 -0.08 -0.08 -0.08 -0.10 -0.14 -0.15 -0.14 -0.15 22092002 00
 -0.14 -0.13 -0.14 -0.12 -0.12 -0.14 -0.15 -0.16 -0.18 -0.18 -0.16 -0.16 22092002 12
 -0.15 -0.14 -0.15 -0.14 -0.12 -0.13 -0.12 -0.12 -0.12 -0.12 -0.13 -0.11 23092002 00
 -0.10 -0.09 -0.10 -0.11 -0.10 -0.11 -0.12 -0.12 -0.14 -0.16 -0.16 -0.18 23092002 12
 -0.17 -0.15 -0.14 -0.15 -0.13 -0.14 -0.15 -0.14 -0.13 -0.15 -0.15 -0.15 24092002 00
 -0.15 -0.13 -0.12 -0.14 -0.13 -0.13 -0.14 -0.14 -0.14 -0.16 -0.17 -0.17 24092002 12
 -0.17 -0.15 -0.14 -0.15 -0.13 -0.12 -0.13 -0.12 -0.11 -0.10 -0.10 -0.11 25092002 00
 -0.11 -0.10 -0.09 -0.08 -0.07 -0.06 -0.05 -0.04 -0.03 -0.02 -0.00  0.02 25092002 12
  0.02  0.02  0.02  0.03  0.03  0.01  0.00 -0.03 -0.07 -0.09 -0.10 -0.11 26092002 00
 -0.10 -0.10 -0.08 -0.09 -0.12 -0.12 -0.11 -0.09 -0.07 -0.06 -0.08 -0.10 26092002 12
 -0.10 -0.08 -0.06 -0.08 -0.10 -0.11 -0.12 -0.12 -0.12 -0.11 -0.13 -0.14 27092002 00
 -0.14 -0.14 -0.14 -0.15 -0.16 -0.16 -0.14 -0.14 -0.14 -0.11 -0.11 -0.13 27092002 12
 -0.15 -0.16 -0.16 -0.16 -0.15 -0.17 -0.15 -0.14 -0.13 -0.11 -0.10 -0.11 28092002 00
 -0.12 -0.13 -0.13 -0.13 -0.13 -0.13 -0.12 -0.10 -0.10 -0.10 -0.08 -0.08 28092002 12
 -0.08 -0.09 -0.11 -0.11 -0.11 -0.10 -0.09 -0.06 -0.04 -0.03 -0.03 -0.03 29092002 00
 -0.02 -0.02 -0.04 -0.04 -0.04 -0.04 -0.03 -0.02 -0.01 -0.02 -0.02 -0.02 29092002 12
 -0.02 -0.01 -0.03 -0.04 -0.04 -0.04 -0.06 -0.06 -0.03  0.00  0.02  0.02 30092002 00
 -0.01 -0.02 -0.02 -0.04 -0.06 -0.05 -0.01  0.02  0.03  0.05  0.02 -0.01 30092002 12
 -0.03 -0.03 -0.01 -0.00 -0.01 -0.03 -0.03 -0.04 -0.07 -0.06 -0.04 -0.03 01102002 00
 -0.02 -0.01 -0.01 -0.02 -0.02 -0.02 -0.03 -0.04 -0.02  0.00  0.00 -0.02 01102002 12
 -0.02  0.00  0.01 -0.02 -0.05 -0.03 -0.01 -0.00 -0.00 -0.01  0.01  0.03 02102002 00
  0.03  0.04  0.08  0.12  0.13  0.08  0.04  0.03  0.09  0.16  0.21  0.19 02102002 12
  0.15  0.12  0.09  0.03 -0.04 -0.09 -0.09 -0.10 -0.11 -0.10 -0.10 -0.10 03102002 00
 -0.08 -0.09 -0.08 -0.06 -0.05 -0.06 -0.07 -0.07 -0.07 -0.06 -0.06 -0.08 03102002 12
 -0.10 -0.11 -0.11 -0.11 -0.14 -0.18 -0.19 -0.18 -0.17 -0.14 -0.11 -0.09 04102002 00
 -0.09 -0.06 -0.06 -0.06 -0.06 -0.04 -0.05 -0.03 -0.01 -0.00 -0.01 -0.03 04102002 12
 -0.04 -0.03 -0.02 -0.01 -0.02 -0.04 -0.09 -0.12 -0.11 -0.10 -0.10 -0.06 05102002 00
 -0.07 -0.07 -0.06 -0.07 -0.07 -0.07 -0.09 -0.12 -0.11 -0.08 -0.07 -0.08 05102002 12
 -0.10 -0.11 -0.10 -0.12 -0.14 -0.15 -0.15 -0.16 -0.15 -0.14 -0.13 -0.12 06102002 00
 -0.11 -0.13 -0.13 -0.12 -0.12 -0.10 -0.08 -0.08 -0.09 -0.08 -0.08 -0.07 06102002 12
 -0.05 -0.05 -0.06 -0.06 -0.07 -0.08 -0.07 -0.07 -0.05 -0.06 -0.05 -0.06 07102002 00
 -0.05 -0.04 -0.05 -0.04 -0.04 -0.04 -0.02  0.00  0.02  0.02  0.02  0.02 07102002 12
  0.02  0.02  0.02  0.01  0.02  0.04  0.05  0.06  0.09  0.11  0.10  0.08 08102002 00
  0.07  0.04  0.01 -0.01 -0.04 -0.02  0.01  0.07  0.13  0.13  0.06  0.01 08102002 12
  0.02 -0.02 -0.06 -0.06 -0.07 -0.08 -0.09 -0.09 -0.05 -0.00  0.01 -0.03 09102002 00
 -0.07 -0.07 -0.04 -0.04 -0.05 -0.08 -0.09 -0.08 -0.05 -0.02 -0.02 -0.02 09102002 12
 -0.04 -0.05 -0.05 -0.07 -0.06 -0.05 -0.05 -0.06 -0.06 -0.02  0.02  0.01 10102002 00
 -0.03 -0.05 -0.06 -0.07 -0.07 -0.08 -0.06 -0.04 -0.03 -0.01 -0.00 -0.01 10102002 12
 -0.02 -0.03 -0.04 -0.06 -0.07 -0.07 -0.07 -0.07 -0.08 -0.05  0.02  0.04 11102002 00
  0.02 -0.02 -0.06 -0.08 -0.08 -0.06 -0.04 -0.01  0.01  0.03  0.06  0.08 11102002 12
  0.09  0.08  0.02 -0.01 -0.01  0.00  0.02  0.06  0.12  0.14  0.11  0.06 12102002 00
  0.05  0.05  0.04 -0.01 -0.04 -0.06 -0.06 -0.05 -0.03 -0.03 -0.03 -0.01 12102002 12
 -0.00 -0.01 -0.03 -0.06 -0.08 -0.07 -0.04 -0.04 -0.01 -0.00 -0.00  0.00 13102002 00
  0.01 -0.03 -0.08 -0.13 -0.18 -0.23 -0.27 -0.30 -0.26 -0.19 -0.09 -0.02 13102002 12
  0.00 -0.03 -0.02  0.02  0.02 -0.00  0.02  0.04  0.01 -0.03 -0.05 -0.03 14102002 00
 -0.00 -0.01 -0.07 -0.10 -0.12 -0.14 -0.14 -0.10 -0.05 -0.02 -0.03 -0.05 14102002 12
 -0.06 -0.04 -0.05 -0.11 -0.15 -0.16 -0.16 -0.15 -0.13 -0.12 -0.13 -0.15 15102002 00
 -0.17 -0.19 -0.18 -0.22 -0.26 -0.25 -0.26 -0.23 -0.18 -0.07 -0.01  0.01 15102002 12
 -0.02 -0.02  0.01  0.02 -0.02 -0.03 -0.03 -0.03 -0.03 -0.03 -0.03 -0.01 16102002 00
  0.01  0.01 -0.02 -0.04 -0.06 -0.08 -0.09 -0.08 -0.07 -0.06 -0.02  0.02 16102002 12
  0.06  0.08  0.08  0.08  0.07  0.05  0.05  0.06  0.07  0.07  0.07  0.06 17102002 00
  0.07  0.07  0.07  0.07  0.06  0.05  0.04  0.04  0.06  0.07  0.08  0.08 17102002 12
  0.08  0.08  0.06  0.04  0.02 -0.01 -0.04 -0.05 -0.05 -0.04 -0.04 -0.05 18102002 00
 -0.05 -0.05 -0.05 -0.04 -0.03 -0.02 -0.02 -0.01 -0.02 -0.01  0.00 -0.01 18102002 12
 -0.01  0.00  0.01  0.00 -0.01 -0.04 -0.07 -0.06 -0.05 -0.03 -0.01 -0.01 19102002 00
 -0.01 -0.01 -0.00 -0.02 -0.03 -0.03 -0.04 -0.05 -0.05 -0.06 -0.06 -0.06 19102002 12
 -0.06 -0.06 -0.05 -0.07 -0.10 -0.12 -0.15 -0.15 -0.12 -0.11 -0.11 -0.09 20102002 00
 -0.05 -0.07 -0.10 -0.12 -0.18 -0.21 -0.19 -0.13 -0.03 -0.01 -0.07 -0.10 20102002 12
 -0.03  0.09  0.14  0.10  0.05  0.03  0.05  0.10  0.10  0.11  0.14  0.15 21102002 00
  0.15  0.16  0.15  0.16  0.22  0.29  0.30  0.31  0.31  0.32  0.28  0.21 21102002 12
  0.17  0.20  0.23  0.19  0.21  0.22  0.20  0.21  0.25  0.30  0.32  0.35 22102002 00
  0.30  0.27  0.31  0.31  0.34  0.37  0.35  0.30  0.26  0.21  0.22  0.22 22102002 12
  0.19  0.14  0.17  0.20  0.25  0.30  0.30  0.25  0.22  0.19  0.20  0.23 23102002 00
  0.22  0.22  0.22  0.24  0.24  0.23  0.23  0.24  0.26  0.26  0.16  0.09 23102002 12
  0.10  0.10  0.08  0.06  0.04  0.06  0.07  0.06  0.05  0.05  0.05  0.07 24102002 00
  0.10  0.13  0.16  0.15  0.15  0.15  0.14  0.19  0.36  0.44  0.37  0.31 24102002 12
  0.33  0.34  0.41  0.43  0.39  0.37  0.39  0.43  0.49  0.58  0.57  0.53 25102002 00
  0.51  0.42  0.41  0.46  0.47  0.48  0.55  0.59  0.59  0.66  0.75  0.70 25102002 12
  0.69  0.62  0.54  0.52  0.49  0.36  0.33  0.26  0.17  0.12  0.09  0.06 26102002 00
  0.06  0.08  0.07  0.06  0.06  0.05  0.04  0.04  0.06  0.12  0.20  0.26 26102002 12
  0.34  0.44  0.46  0.50  0.57  0.67  0.81  0.95  1.04  1.23  1.35  1.21 27102002 00
  0.77  0.48  0.18  0.03  0.08  0.00 -0.12 -0.12 -0.18 -0.16 -0.08 -0.08 27102002 12
 -0.11 -0.05  0.01  0.04  0.05  0.07  0.08  0.08  0.07  0.08  0.04  0.00 28102002 00
 -0.00 -0.01 -0.03 -0.05 -0.06 -0.08 -0.07 -0.05 -0.04 -0.05 -0.09 -0.12 28102002 12
 -0.12 -0.12 -0.11 -0.10 -0.09 -0.09 -0.04 -0.01  0.03  0.05  0.08  0.11 29102002 00
  0.09  0.04  0.02  0.01  0.02  0.01 -0.00 -0.00 -0.00 -0.01 -0.04 -0.06 29102002 12
 -0.07 -0.06 -0.07 -0.09 -0.11 -0.11 -0.11 -0.10 -0.09 -0.08 -0.06 -0.04 30102002 00
 -0.03 -0.04 -0.05 -0.05 -0.06 -0.05 -0.06 -0.05 -0.03 -0.03 -0.03 -0.03 30102002 12
 -0.05 -0.06 -0.07 -0.06 -0.04 -0.05 -0.07 -0.07 -0.05 -0.05 -0.06 -0.06 31102002 00
 -0.05 -0.04 -0.04 -0.06 -0.06 -0.06 -0.04 -0.01 -0.01  0.01  0.03  0.04 31102002 12
  0.03  0.03  0.04  0.03  0.03  0.03  0.04  0.07  0.09  0.10  0.14  0.18 01112002 00
  0.19  0.18  0.15  0.14  0.20  0.27  0.26  0.26  0.22  0.18  0.17  0.15 01112002 12
  0.12  0.14  0.11  0.05 -0.01 -0.04 -0.06 -0.04 -0.04 -0.03 -0.01 -0.02 02112002 00
  0.00  0.02  0.02  0.03  0.12  0.20  0.17  0.09  0.08  0.17  0.30  0.43 02112002 12
  0.45  0.43  0.41  0.40  0.41  0.47  0.50  0.50  0.50  0.48  0.38  0.35 03112002 00
  0.42  0.35  0.33  0.32  0.29  0.27  0.29  0.26  0.25  0.22  0.21  0.18 03112002 12
  0.15  0.11  0.12  0.13  0.10  0.06  0.04  0.01  0.03  0.03  0.02  0.02 04112002 00
  0.00  0.00 -0.01  0.00  0.01 -0.00 -0.00  0.02  0.03  0.04  0.05  0.08 04112002 12
  0.10  0.11  0.09  0.07  0.06  0.03 -0.00 -0.02 -0.01 -0.03 -0.05 -0.06 05112002 00
 -0.09 -0.11 -0.10 -0.08 -0.06 -0.06 -0.05  0.00  0.07  0.07  0.05  0.08 05112002 12
  0.11  0.17  0.21  0.17  0.18  0.26  0.30  0.24  0.14  0.10  0.11  0.14 06112002 00
  0.12  0.07  0.06  0.07  0.09  0.12  0.12  0.10  0.09  0.09  0.07  0.05 06112002 12
  0.04  0.02 -0.01  0.00  0.01  0.05  0.08  0.06  0.03  0.03  0.04  0.05 07112002 00
  0.07  0.07  0.07  0.09  0.09  0.09  0.09  0.07  0.01 -0.03 -0.03 -0.01 07112002 12
  0.00  0.00 -0.02 -0.04 -0.04 -0.02  0.01  0.04  0.08  0.14  0.17  0.20 08112002 00
  0.22  0.25  0.30  0.39  0.47  0.41  0.39  0.38  0.31  0.20  0.11  0.07 08112002 12
  0.05  0.04 -0.02 -0.05 -0.03 -0.01  0.02  0.03  0.02  0.03  0.05  0.04 09112002 00
  0.03  0.03  0.03  0.03  0.05  0.06  0.06  0.06  0.06  0.06  0.06  0.05 09112002 12
  0.06  0.05  0.04  0.02  0.04  0.07  0.09  0.12  0.19  0.30  0.43  0.45 10112002 00
  0.38  0.30  0.22  0.16  0.13  0.18  0.18  0.21  0.23  0.20  0.15  0.21 10112002 12
  0.27  0.26  0.26  0.22  0.23  0.24  0.27  0.26  0.26  0.25  0.26  0.30 11112002 00
  0.35  0.34  0.34  0.30  0.31  0.27  0.25  0.23  0.28  0.37  0.42  0.41 11112002 12
  0.37  0.40  0.31  0.21  0.12  0.11  0.09  0.17  0.21  0.29  0.36  0.35 12112002 00
  0.36  0.37  0.38  0.32  0.25  0.25  0.26  0.23  0.22  0.24  0.27  0.25 12112002 12
  0.22  0.20  0.19  0.13  0.13  0.14  0.16  0.23  0.27  0.28  0.28  0.28 13112002 00
  0.28  0.28  0.26  0.26  0.24  0.22  0.21  0.18  0.16  0.15  0.16  0.19 13112002 12
  0.20  0.17  0.14  0.14  0.14  0.16  0.17  0.18  0.24  0.31  0.35  0.36 14112002 00
  0.36  0.41  0.45  0.45  0.42  0.40  0.37  0.37  0.35  0.34  0.35  0.31 14112002 12
  0.30  0.30  0.27  0.23  0.22  0.22  0.17  0.14  0.12  0.17  0.20  0.25 15112002 00
  0.24  0.24  0.24  0.25  0.26  0.28  0.21  0.16  0.11  0.09  0.04  0.01 15112002 12
 -0.04 -0.02 -0.00 -0.02 -0.05 -0.07 -0.07 -0.06 -0.05 -0.04 -0.03 -0.00 16112002 00
  0.02  0.05  0.06  0.06  0.04  0.02  0.01  0.02  0.02  0.02  0.01 -0.01 16112002 12
 -0.03 -0.04 -0.05 -0.04 -0.03 -0.02 -0.00  0.01  0.02  0.04  0.05  0.06 17112002 00
  0.07  0.08  0.07  0.06  0.05  0.04  0.04  0.03  0.02  0.02  0.02  0.02 17112002 12
  0.03  0.02  0.02  0.02  0.03  0.04  0.04  0.05  0.07  0.07  0.07  0.08 18112002 00
  0.08  0.09  0.09  0.08  0.07  0.06  0.06  0.06  0.03  0.00 -0.02 -0.01 18112002 12
 -0.01 -0.01 -0.03 -0.02 -0.02 -0.03 -0.05 -0.03 -0.02 -0.01 -0.01 -0.02 19112002 00
  0.01  0.05  0.05  0.03  0.01 -0.01 -0.01  0.03  0.04  0.02  0.00 -0.00 19112002 12
 -0.03 -0.05 -0.04 -0.02  0.01  0.03  0.06  0.10  0.11  0.07  0.03  0.03 20112002 00
  0.07  0.10  0.09  0.08  0.11  0.13  0.15  0.22  0.25  0.26  0.24  0.25 20112002 12
  0.26  0.29  0.30  0.27  0.29  0.32  0.35  0.37  0.32  0.21  0.16  0.16 21112002 00
  0.15  0.18  0.19  0.20  0.23  0.27  0.30  0.37  0.46  0.49  0.46  0.40 21112002 12
  0.30  0.28  0.33  0.31  0.30  0.31  0.29  0.27  0.29  0.28  0.24  0.23 22112002 00
  0.20  0.20  0.25  0.27  0.27  0.28  0.29  0.31  0.37  0.37  0.31  0.27 22112002 12
  0.24  0.21  0.21  0.22  0.22  0.24  0.25  0.23  0.24  0.26  0.26  0.27 23112002 00
  0.25  0.25  0.27  0.28  0.27  0.25  0.23  0.22  0.22  0.26  0.26  0.22 23112002 12
  0.19  0.13  0.10  0.15  0.18  0.17  0.18  0.20  0.21  0.26  0.25  0.21 24112002 00
  0.18  0.16  0.14  0.15  0.18  0.15  0.14  0.13  0.12  0.13  0.15  0.14 24112002 12
  0.12  0.10  0.08  0.06  0.06  0.08  0.11  0.14  0.16  0.15  0.15  0.15 25112002 00
  0.15  0.13  0.11  0.10  0.12  0.14  0.13  0.13  0.12  0.12  0.14  0.16 25112002 12
  0.14  0.14  0.15  0.16  0.17  0.17  0.15  0.15  0.15  0.16  0.17  0.20 26112002 00
  0.21  0.21  0.19  0.17  0.16  0.20  0.25  0.26  0.28  0.29  0.31  0.38 26112002 12
  0.40  0.31  0.21  0.17  0.21  0.29  0.33  0.26  0.23  0.22  0.22  0.27 27112002 00
  0.39  0.40  0.37  0.33  0.29  0.32  0.43  0.43  0.39  0.37  0.35  0.36 27112002 12
  0.42  0.46  0.38  0.32  0.25  0.25  0.28  0.33  0.29  0.25  0.25  0.24 28112002 00
  0.22  0.22  0.20  0.17  0.18  0.16  0.16  0.15  0.14  0.14  0.13  0.11 28112002 12
  0.10  0.11  0.13  0.09  0.06  0.05  0.06  0.07  0.07  0.09  0.09  0.09 29112002 00
  0.07  0.06  0.04  0.04  0.03  0.02  0.01  0.01 -0.00 -0.00 -0.02 -0.05 29112002 12
 -0.07 -0.08 -0.08 -0.09 -0.09 -0.09 -0.08 -0.06 -0.05 -0.04 -0.01  0.04 30112002 00
  0.09  0.14  0.19  0.24  0.24  0.20  0.16  0.09  0.00 -0.04 -0.05 -0.07 30112002 12
 -0.08 -0.08 -0.12 -0.14 -0.09 -0.02  0.03  0.10  0.17  0.26  0.38  0.40 01122002 00
  0.39  0.40  0.43  0.42  0.44  0.56  0.64  0.62  0.62  0.62  0.67  0.74 01122002 12
  0.66  0.69  0.76  0.77  0.66  0.50  0.38  0.31  0.31  0.27  0.22  0.16 02122002 00
  0.18  0.21  0.27  0.27  0.21  0.17  0.25  0.36  0.34  0.32  0.26  0.10 02122002 12
  0.05  0.01  0.08  0.12  0.07 -0.02 -0.10 -0.12 -0.10 -0.06 -0.03  0.00 03122002 00
  0.01  0.00  0.01  0.01  0.03  0.05  0.07  0.10  0.09  0.05  0.02  0.00 03122002 12
  0.00  0.06  0.05  0.06  0.10  0.14  0.22  0.25  0.19  0.13  0.13  0.11 04122002 00
  0.06  0.07  0.07  0.10  0.11  0.06  0.02  0.02  0.02  0.02 -0.04 -0.08 04122002 12
 -0.08 -0.10 -0.12 -0.11 -0.10 -0.11 -0.13 -0.17 -0.17 -0.19 -0.20 -0.21 05122002 00
 -0.20 -0.20 -0.22 -0.19 -0.19 -0.20 -0.19 -0.19 -0.20 -0.20 -0.20 -0.23 05122002 12
 -0.23 -0.21 -0.24 -0.23 -0.21 -0.21 -0.22 -0.21 -0.24 -0.26 -0.29 -0.28 06122002 00
 -0.30 -0.28 -0.27 -0.29 -0.23 -0.25 -0.26 -0.24 -0.22 -0.24 -0.23 -0.27 06122002 12
 -0.27 -0.26 -0.24 -0.27 -0.25 -0.23 -0.23 -0.23 -0.21 -0.23 -0.26 -0.25 07122002 00
 -0.28 -0.28 -0.26 -0.28 -0.28 -0.26 -0.27 -0.27 -0.25 -0.26 -0.25 -0.26 07122002 12
 -0.27 -0.28 -0.26 -0.23 -0.26 -0.23 -0.23 -0.24 -0.23 -0.23 -0.23 -0.24 08122002 00
 -0.25 -0.28 -0.26 -0.24 -0.25 -0.22 -0.21 -0.22 -0.20 -0.20 -0.22 -0.24 08122002 12
 -0.26 -0.26 -0.25 -0.27 -0.28 -0.29 -0.27 -0.28 -0.31 -0.29 -0.26 -0.25 09122002 00
 -0.27 -0.31 -0.31 -0.32 -0.31 -0.33 -0.32 -0.32 -0.32 -0.30 -0.28 -0.30 09122002 12
 -0.31 -0.33 -0.38 -0.36 -0.36 -0.35 -0.35 -0.33 -0.34 -0.38 -0.36 -0.38 10122002 00
 -0.39 -0.41 -0.42 -0.39 -0.38 -0.37 -0.41 -0.37 -0.37 -0.34 -0.27 -0.25 10122002 12
 -0.31 -0.33 -0.34 -0.35 -0.31 -0.33 -0.32 -0.32 -0.28 -0.28 -0.28 -0.24 11122002 00
 -0.23 -0.23 -0.27 -0.33 -0.31 -0.32 -0.28 -0.26 -0.24 -0.25 -0.23 -0.21 11122002 12
 -0.17 -0.20 -0.20 -0.20 -0.18 -0.17 -0.18 -0.17 -0.16 -0.13 -0.12 -0.10 12122002 00
 -0.06 -0.03 -0.08 -0.09 -0.11 -0.12 -0.12 -0.09 -0.08 -0.05 -0.04 -0.05 12122002 12
 -0.06 -0.06 -0.06 -0.08 -0.11 -0.12 -0.12 -0.11 -0.08 -0.08 -0.07 -0.06 13122002 00
 -0.07 -0.09 -0.10 -0.11 -0.11 -0.11 -0.10 -0.12 -0.12 -0.11 -0.10 -0.10 13122002 12
 -0.10 -0.11 -0.11 -0.14 -0.16 -0.17 -0.16 -0.16 -0.17 -0.15 -0.16 -0.14 14122002 00
 -0.13 -0.14 -0.17 -0.19 -0.21 -0.19 -0.19 -0.18 -0.18 -0.18 -0.19 -0.19 14122002 12
 -0.18 -0.18 -0.20 -0.21 -0.25 -0.24 -0.23 -0.22 -0.18 -0.17 -0.13 -0.12 15122002 00
 -0.07 -0.06 -0.03  0.00  0.01 -0.04 -0.05 -0.05 -0.05 -0.05 -0.04 -0.04 15122002 12
 -0.02 -0.02 -0.03 -0.04 -0.05 -0.08 -0.10 -0.10 -0.08 -0.07 -0.07 -0.07 16122002 00
 -0.07 -0.07 -0.09 -0.09 -0.08 -0.11 -0.12 -0.12 -0.13 -0.12 -0.13 -0.14 16122002 12
 -0.15 -0.15 -0.15 -0.16 -0.16 -0.20 -0.23 -0.23 -0.20 -0.19 -0.18 -0.17 17122002 00
 -0.18 -0.19 -0.19 -0.20 -0.20 -0.19 -0.21 -0.23 -0.23 -0.22 -0.19 -0.19 17122002 12
 -0.20 -0.21 -0.19 -0.20 -0.20 -0.19 -0.20 -0.20 -0.21 -0.21 -0.20 -0.17 18122002 00
 -0.17 -0.19 -0.18 -0.20 -0.19 -0.15 -0.14 -0.14 -0.16 -0.20 -0.21 -0.22 18122002 12
 -0.21 -0.21 -0.19 -0.19 -0.19 -0.17 -0.16 -0.18 -0.19 -0.19 -0.17 -0.15 19122002 00
 -0.13 -0.13 -0.12 -0.09 -0.09 -0.09 -0.07 -0.08 -0.08 -0.08 -0.09 -0.08 19122002 12
 -0.06 -0.05 -0.04 -0.01  0.02  0.03  0.04  0.03  0.01 -0.01  0.00  0.02 20122002 00
  0.02  0.03  0.02  0.02  0.02  0.02  0.01 -0.00 -0.01 -0.03 -0.04 -0.04 20122002 12
 -0.05 -0.04 -0.04 -0.04 -0.04 -0.05 -0.06 -0.06 -0.05 -0.04 -0.06 -0.07 21122002 00
 -0.07 -0.05 -0.06 -0.07 -0.06 -0.06 -0.09 -0.09 -0.06 -0.04 -0.01 -0.00 21122002 12
  0.01  0.01  0.06  0.14  0.19  0.20  0.20  0.20  0.23  0.23  0.24  0.21 22122002 00
  0.19  0.15  0.11  0.10  0.07  0.06  0.07  0.06  0.02 -0.01 -0.03 -0.02 22122002 12
 -0.01  0.01  0.03  0.05  0.07  0.08  0.10  0.15  0.18  0.20  0.21  0.21 23122002 00
  0.21  0.19  0.20  0.27  0.29  0.27  0.26  0.26  0.25  0.28  0.33  0.33 23122002 12
  0.30  0.26  0.22  0.23  0.26  0.24  0.26  0.31  0.34  0.41  0.51  0.54 24122002 00
  0.51  0.47  0.37  0.33  0.37  0.34  0.30  0.30  0.26  0.19  0.18  0.16 24122002 12
  0.12  0.09  0.07  0.06  0.08  0.09  0.09  0.09  0.10  0.08  0.08  0.10 25122002 00
  0.10  0.08  0.07  0.06  0.05  0.06  0.05  0.07  0.08  0.07  0.07  0.11 25122002 12
  0.13  0.12  0.12  0.09  0.08  0.07  0.10  0.13  0.16  0.20  0.20  0.21 26122002 00
  0.25  0.28  0.29  0.28  0.28  0.27  0.29  0.26  0.26  0.25  0.25  0.22 26122002 12
  0.24  0.24  0.22  0.22  0.22  0.26  0.29  0.35  0.38  0.38  0.40  0.40 27122002 00
  0.36  0.36  0.31  0.30  0.28  0.25  0.22  0.25  0.24  0.24  0.24  0.21 27122002 12
  0.18  0.20  0.22  0.23  0.24  0.21  0.19  0.18  0.19  0.18  0.17  0.15 28122002 00
  0.14  0.14  0.16  0.15  0.15  0.14  0.12  0.14  0.13  0.10  0.08  0.08 28122002 12
  0.08  0.09  0.13  0.16  0.14  0.11  0.10  0.09  0.14  0.21  0.20  0.16 29122002 00
  0.13  0.15  0.20  0.25  0.25  0.20  0.20  0.25  0.32  0.31  0.25  0.22 29122002 12
  0.27  0.30  0.27  0.21  0.19  0.20  0.18  0.12  0.08  0.07  0.06  0.04 30122002 00
  0.03  0.03  0.01 -0.00  0.01  0.02  0.01  0.02  0.01  0.00 -0.02 -0.04 30122002 12
 -0.03 -0.01 -0.02 -0.03 -0.04 -0.04 -0.05 -0.05 -0.05 -0.04 -0.04 -0.04 31122002 00
 -0.04 -0.04 -0.04 -0.04 -0.04 -0.01  0.01  0.02  0.00 -0.01 -0.03  0.01 31122002 12
