Parameter Z: CS3 Location ( 52, 86) Lat 53.500 Lon -3.417
 -0.26 -0.27 -0.29 -0.28 -0.28 -0.27 -0.29 -0.29 -0.29 -0.29 -0.27 -0.26 01011997 00
 -0.28 -0.27 -0.27 -0.26 -0.23 -0.20 -0.21 -0.21 -0.20 -0.19 -0.16 -0.14 01011997 12
 -0.17 -0.19 -0.18 -0.17 -0.14 -0.14 -0.14 -0.13 -0.11 -0.12 -0.12 -0.10 02011997 00
 -0.10 -0.14 -0.15 -0.16 -0.15 -0.14 -0.11 -0.11 -0.10 -0.10 -0.10 -0.10 02011997 12
 -0.09 -0.11 -0.12 -0.12 -0.13 -0.13 -0.15 -0.15 -0.15 -0.14 -0.14 -0.14 03011997 00
 -0.14 -0.13 -0.15 -0.14 -0.16 -0.16 -0.16 -0.16 -0.17 -0.15 -0.14 -0.14 03011997 12
 -0.16 -0.17 -0.18 -0.17 -0.15 -0.15 -0.12 -0.13 -0.13 -0.13 -0.12 -0.11 04011997 00
 -0.11 -0.12 -0.11 -0.13 -0.13 -0.13 -0.14 -0.14 -0.12 -0.12 -0.11 -0.10 04011997 12
 -0.11 -0.12 -0.10 -0.10 -0.11 -0.09 -0.09 -0.08 -0.10 -0.11 -0.11 -0.11 05011997 00
 -0.10 -0.10 -0.11 -0.11 -0.12 -0.11 -0.10 -0.10 -0.09 -0.09 -0.09 -0.09 05011997 12
 -0.08 -0.08 -0.09 -0.08 -0.10 -0.12 -0.12 -0.12 -0.10 -0.11 -0.11 -0.12 06011997 00
 -0.12 -0.12 -0.12 -0.11 -0.10 -0.11 -0.12 -0.12 -0.12 -0.10 -0.10 -0.10 06011997 12
 -0.10 -0.10 -0.11 -0.11 -0.11 -0.12 -0.13 -0.14 -0.13 -0.12 -0.11 -0.10 07011997 00
 -0.10 -0.10 -0.10 -0.10 -0.09 -0.09 -0.09 -0.08 -0.09 -0.08 -0.08 -0.08 07011997 12
 -0.08 -0.08 -0.08 -0.09 -0.08 -0.07 -0.05 -0.04 -0.05 -0.06 -0.05 -0.04 08011997 00
 -0.03 -0.03 -0.03 -0.03 -0.04 -0.04 -0.04 -0.04 -0.03 -0.02 -0.02 -0.01 08011997 12
 -0.01 -0.02 -0.00  0.00  0.00 -0.00 -0.00 -0.01  0.00 -0.01 -0.01 -0.01 09011997 00
 -0.00 -0.01 -0.03 -0.02 -0.01 -0.02 -0.02 -0.03 -0.03 -0.04 -0.03 -0.03 09011997 12
 -0.03 -0.03 -0.03 -0.03 -0.04 -0.04 -0.05 -0.05 -0.06 -0.06 -0.05 -0.03 10011997 00
 -0.02 -0.01 -0.01 -0.02 -0.03 -0.02  0.00  0.03  0.09  0.11  0.09  0.06 10011997 12
  0.05  0.03  0.05  0.06  0.02  0.01  0.01 -0.01 -0.02 -0.02 -0.02 -0.02 11011997 00
 -0.01 -0.01 -0.00  0.01  0.02  0.02  0.02  0.03  0.05  0.08  0.09  0.07 11011997 12
  0.07  0.06  0.06  0.09  0.09  0.08  0.09  0.09  0.10  0.13  0.13  0.13 12011997 00
  0.11  0.10  0.08  0.09  0.09  0.07  0.08  0.08  0.06  0.04  0.05  0.04 12011997 12
  0.06  0.07  0.10  0.14  0.18  0.17  0.15  0.15  0.17  0.20  0.24  0.21 13011997 00
  0.19  0.17  0.14  0.09  0.09  0.06  0.04  0.05  0.03 -0.01 -0.03 -0.06 13011997 12
 -0.09 -0.08 -0.08 -0.05 -0.02 -0.01  0.01  0.00  0.00  0.02  0.05  0.08 14011997 00
  0.10  0.10  0.10  0.10  0.10  0.10  0.09  0.08  0.09  0.08  0.06  0.03 14011997 12
 -0.00 -0.05 -0.04 -0.05 -0.05 -0.05 -0.06 -0.06 -0.07 -0.07 -0.07 -0.07 15011997 00
 -0.05 -0.04 -0.04 -0.04 -0.04 -0.04 -0.03 -0.02 -0.02 -0.02 -0.01 -0.01 15011997 12
 -0.01 -0.02 -0.02 -0.01  0.01  0.02  0.04  0.04  0.05  0.05  0.05  0.06 16011997 00
  0.06  0.06  0.05  0.04  0.03  0.03  0.05  0.06  0.06  0.07  0.08  0.09 16011997 12
  0.10  0.12  0.13  0.14  0.14  0.12  0.12  0.14  0.17  0.18  0.18  0.18 17011997 00
  0.19  0.21  0.24  0.25  0.23  0.20  0.18  0.19  0.17  0.14  0.11  0.10 17011997 12
  0.08  0.04  0.02  0.02  0.00  0.01  0.00  0.01  0.03  0.05  0.07  0.08 18011997 00
  0.11  0.15  0.19  0.21  0.21  0.16  0.12  0.09  0.09  0.07  0.06  0.04 18011997 12
  0.04  0.03  0.01  0.02  0.05  0.05  0.05  0.04  0.03  0.03  0.03  0.02 19011997 00
  0.01 -0.01 -0.02 -0.05 -0.08 -0.10 -0.11 -0.10 -0.09 -0.08 -0.08 -0.09 19011997 12
 -0.10 -0.11 -0.12 -0.11 -0.10 -0.11 -0.12 -0.13 -0.13 -0.12 -0.12 -0.11 20011997 00
 -0.12 -0.11 -0.13 -0.14 -0.15 -0.17 -0.19 -0.19 -0.19 -0.19 -0.18 -0.17 20011997 12
 -0.18 -0.19 -0.20 -0.20 -0.19 -0.17 -0.18 -0.19 -0.19 -0.19 -0.16 -0.15 21011997 00
 -0.15 -0.15 -0.14 -0.16 -0.17 -0.15 -0.15 -0.16 -0.16 -0.15 -0.13 -0.10 21011997 12
 -0.08 -0.10 -0.09 -0.10 -0.10 -0.07 -0.04 -0.04 -0.04 -0.04 -0.04 -0.01 22011997 00
  0.01  0.02  0.02  0.02  0.01  0.02  0.02  0.01 -0.01 -0.01 -0.01 -0.02 22011997 12
 -0.01 -0.02 -0.02 -0.02 -0.02 -0.03 -0.04 -0.05 -0.05 -0.05 -0.06 -0.05 23011997 00
 -0.04 -0.04 -0.05 -0.06 -0.07 -0.07 -0.06 -0.05 -0.04 -0.05 -0.05 -0.03 23011997 12
 -0.01  0.01  0.02  0.03  0.03  0.02  0.03  0.07  0.09  0.09  0.09  0.09 24011997 00
  0.08  0.07  0.04  0.00 -0.02 -0.03 -0.06 -0.10 -0.13 -0.16 -0.17 -0.18 24011997 12
 -0.18 -0.18 -0.18 -0.18 -0.17 -0.18 -0.20 -0.19 -0.18 -0.19 -0.19 -0.18 25011997 00
 -0.16 -0.16 -0.17 -0.18 -0.17 -0.18 -0.17 -0.15 -0.14 -0.16 -0.17 -0.17 25011997 12
 -0.17 -0.16 -0.14 -0.16 -0.15 -0.16 -0.17 -0.17 -0.17 -0.17 -0.17 -0.16 26011997 00
 -0.17 -0.15 -0.14 -0.16 -0.15 -0.15 -0.16 -0.16 -0.16 -0.18 -0.19 -0.21 26011997 12
 -0.20 -0.19 -0.19 -0.20 -0.20 -0.17 -0.17 -0.19 -0.19 -0.20 -0.22 -0.21 27011997 00
 -0.23 -0.22 -0.21 -0.21 -0.23 -0.23 -0.24 -0.25 -0.24 -0.25 -0.29 -0.30 27011997 12
 -0.29 -0.30 -0.28 -0.27 -0.30 -0.27 -0.27 -0.29 -0.28 -0.30 -0.33 -0.31 28011997 00
 -0.32 -0.31 -0.28 -0.27 -0.30 -0.29 -0.28 -0.31 -0.30 -0.29 -0.30 -0.31 28011997 12
 -0.32 -0.33 -0.30 -0.31 -0.31 -0.31 -0.30 -0.31 -0.33 -0.31 -0.31 -0.31 29011997 00
 -0.33 -0.33 -0.31 -0.29 -0.29 -0.30 -0.29 -0.31 -0.32 -0.29 -0.29 -0.31 29011997 12
 -0.31 -0.33 -0.32 -0.28 -0.28 -0.28 -0.27 -0.26 -0.28 -0.28 -0.25 -0.27 30011997 00
 -0.28 -0.28 -0.28 -0.26 -0.26 -0.26 -0.26 -0.24 -0.25 -0.25 -0.22 -0.24 30011997 12
 -0.26 -0.27 -0.29 -0.26 -0.26 -0.25 -0.26 -0.24 -0.25 -0.26 -0.24 -0.23 31011997 00
 -0.25 -0.24 -0.23 -0.23 -0.22 -0.21 -0.22 -0.21 -0.19 -0.20 -0.20 -0.16 31011997 12
 -0.16 -0.18 -0.19 -0.20 -0.19 -0.17 -0.15 -0.14 -0.12 -0.12 -0.11 -0.08 01021997 00
 -0.06 -0.08 -0.08 -0.09 -0.11 -0.11 -0.09 -0.09 -0.08 -0.07 -0.06 -0.05 01021997 12
 -0.04 -0.03 -0.01  0.04  0.07  0.10  0.08  0.05  0.02 -0.01 -0.02 -0.04 02021997 00
 -0.07 -0.12 -0.18 -0.24 -0.28 -0.27 -0.26 -0.24 -0.22 -0.19 -0.18 -0.19 02021997 12
 -0.18 -0.14 -0.15 -0.16 -0.14 -0.12 -0.09 -0.08 -0.05 -0.03  0.01  0.07 03021997 00
  0.11  0.16  0.23  0.31  0.38  0.39  0.41  0.43  0.46  0.42  0.38  0.33 03021997 12
  0.35  0.32  0.27  0.23  0.21  0.14  0.13  0.15  0.20  0.28  0.32  0.31 04021997 00
  0.27  0.22  0.16  0.09  0.01 -0.05 -0.12 -0.13 -0.13 -0.10 -0.08 -0.07 04021997 12
 -0.04 -0.03 -0.01  0.02  0.06  0.07  0.06  0.03  0.01 -0.00 -0.00  0.00 05021997 00
  0.01  0.02  0.04  0.04  0.02 -0.02 -0.06 -0.07 -0.05 -0.04 -0.04 -0.04 05021997 12
 -0.06 -0.06 -0.06 -0.05 -0.01  0.03  0.08  0.10  0.11  0.13  0.16  0.20 06021997 00
  0.27  0.29  0.30  0.31  0.33  0.33  0.38  0.40  0.39  0.41  0.38  0.35 06021997 12
  0.35  0.35  0.30  0.32  0.30  0.21  0.08 -0.01 -0.04 -0.06 -0.04 -0.06 07021997 00
 -0.08 -0.11 -0.11 -0.10 -0.09 -0.09 -0.09 -0.10 -0.11 -0.10 -0.08 -0.08 07021997 12
 -0.07 -0.06 -0.07 -0.06 -0.07 -0.08 -0.08 -0.07 -0.07 -0.06 -0.03 -0.00 08021997 00
  0.01  0.04  0.06  0.07  0.07  0.07  0.07  0.06  0.09  0.11  0.10  0.12 08021997 12
  0.13  0.14  0.19  0.22  0.24  0.29  0.34  0.36  0.38  0.30  0.26  0.16 09021997 00
  0.11  0.01 -0.03 -0.03 -0.07 -0.04 -0.05 -0.09 -0.09 -0.04  0.01  0.06 09021997 12
  0.10  0.17  0.28  0.39  0.42  0.43  0.47  0.56  0.71  0.89  0.93  0.81 10021997 00
  0.74  0.65  0.50  0.67  0.58  0.60  0.65  0.60  0.47  0.36  0.23  0.19 10021997 12
  0.25  0.26  0.24  0.21  0.25  0.18  0.18  0.18  0.17  0.16  0.16  0.10 11021997 00
  0.07  0.08  0.07  0.07  0.10  0.10  0.13  0.13  0.15  0.21  0.30  0.32 11021997 12
  0.29  0.26  0.26  0.23  0.26  0.30  0.27  0.28  0.29  0.30  0.36  0.44 12021997 00
  0.43  0.45  0.45  0.41  0.43  0.48  0.44  0.46  0.46  0.42  0.35  0.31 12021997 12
  0.24  0.25  0.27  0.28  0.38  0.48  0.50  0.47  0.41  0.36  0.31  0.27 13021997 00
  0.22  0.18  0.19  0.16  0.16  0.16  0.16  0.15  0.17  0.17  0.16  0.13 13021997 12
  0.10  0.08  0.07  0.07  0.06  0.06  0.06  0.06  0.06  0.07  0.07  0.07 14021997 00
  0.11  0.14  0.14  0.12  0.11  0.11  0.11  0.11  0.10  0.09  0.07  0.05 14021997 12
  0.02  0.01  0.00  0.02  0.06  0.06  0.05  0.05  0.04  0.03  0.01 -0.00 15021997 00
 -0.04 -0.07 -0.09 -0.10 -0.09 -0.09 -0.07 -0.04 -0.02  0.01  0.03  0.05 15021997 12
  0.09  0.15  0.22  0.25  0.24  0.21  0.21  0.24  0.32  0.38  0.38  0.41 16021997 00
  0.46  0.52  0.60  0.68  0.67  0.60  0.54  0.53  0.55  0.58  0.54  0.51 16021997 12
  0.45  0.36  0.31  0.27  0.26  0.17  0.10  0.07  0.10  0.17  0.29  0.40 17021997 00
  0.49  0.53  0.57  0.66  0.71  0.75  0.71  0.70  0.82  0.92  0.96  0.95 17021997 12
  0.89  0.82  0.66  0.52  0.42  0.38  0.38  0.38  0.39  0.42  0.40  0.34 18021997 00
  0.26  0.25  0.28  0.28  0.26  0.20  0.13  0.02 -0.01 -0.04 -0.01 -0.02 18021997 12
 -0.01  0.00  0.03  0.03  0.03  0.06  0.13  0.21  0.28  0.33  0.43  0.58 19021997 00
  0.75  0.85  0.91  0.98  1.14  1.40  1.63  1.62  1.36  1.15  0.90  0.62 19021997 12
  0.46  0.23  0.22  0.23  0.12  0.03  0.11  0.16  0.12  0.14  0.16  0.22 20021997 00
  0.29  0.32  0.33  0.35  0.36  0.37  0.36  0.34  0.31  0.32  0.37  0.42 20021997 12
  0.51  0.60  0.61  0.64  0.70  0.74  0.72  0.71  0.62  0.48  0.34  0.18 21021997 00
  0.07  0.02 -0.07 -0.05 -0.04 -0.13 -0.22 -0.24 -0.22 -0.15 -0.05  0.03 21021997 12
  0.14  0.22  0.25  0.25  0.24  0.26  0.28  0.33  0.30  0.26  0.23  0.21 22021997 00
  0.19  0.17  0.15  0.13  0.16  0.17  0.15  0.16  0.18  0.18  0.18  0.17 22021997 12
  0.19  0.26  0.34  0.36  0.38  0.44  0.52  0.63  0.74  0.76  0.71  0.62 23021997 00
  0.46  0.34  0.32  0.18  0.17  0.19  0.15  0.11  0.18  0.25  0.32  0.43 23021997 12
  0.53  0.65  0.78  0.85  0.84  0.81  0.72  0.66  0.70  0.77  0.70  0.65 24021997 00
  0.59  0.53  0.54  0.54  0.50  0.60  0.63  0.61  0.65  0.75  0.79  0.79 24021997 12
  0.80  0.75  0.68  0.75  0.71  0.79  0.87  0.86  0.82  0.83  0.75  0.67 25021997 00
  0.60  0.48  0.39  0.39  0.25  0.27  0.31  0.29  0.25  0.32  0.34  0.33 25021997 12
  0.35  0.34  0.37  0.43  0.44  0.40  0.39  0.37  0.34  0.36  0.38  0.36 26021997 00
  0.33  0.29  0.25  0.23  0.23  0.18  0.19  0.17  0.12  0.05  0.00 -0.02 26021997 12
 -0.04 -0.04 -0.06 -0.10 -0.11 -0.11 -0.12 -0.12 -0.13 -0.11 -0.05  0.02 27021997 00
  0.05  0.10  0.18  0.24  0.31  0.33  0.32  0.33  0.33  0.31  0.33  0.32 27021997 12
  0.31  0.32  0.33  0.33  0.33  0.34  0.33  0.35  0.33  0.26  0.24  0.22 28021997 00
  0.16  0.13  0.08  0.04  0.01  0.00 -0.00  0.04  0.06  0.05  0.04  0.04 28021997 12
  0.03  0.04  0.05  0.06  0.11  0.16  0.18  0.20  0.22  0.27  0.33  0.41 01031997 00
  0.47  0.48  0.50  0.48  0.50  0.53  0.55  0.55  0.62  0.61  0.57  0.59 01031997 12
  0.69  0.69  0.72  0.68  0.65  0.62  0.61  0.45  0.38  0.32  0.24  0.15 02031997 00
  0.11  0.07  0.06  0.08  0.07  0.11  0.10  0.09  0.09  0.10  0.08  0.02 02031997 12
 -0.03 -0.08 -0.16 -0.19 -0.19 -0.16 -0.15 -0.15 -0.14 -0.12 -0.11 -0.11 03031997 00
 -0.09 -0.08 -0.08 -0.08 -0.10 -0.09 -0.10 -0.12 -0.14 -0.15 -0.16 -0.17 03031997 12
 -0.17 -0.18 -0.21 -0.21 -0.22 -0.23 -0.21 -0.20 -0.20 -0.22 -0.22 -0.21 04031997 00
 -0.15 -0.09 -0.09 -0.11 -0.09 -0.08 -0.07 -0.06 -0.04 -0.03 -0.03 -0.03 04031997 12
 -0.03 -0.03 -0.03 -0.03 -0.04 -0.03 -0.02  0.01  0.04  0.07  0.09  0.11 05031997 00
  0.13  0.14  0.15  0.16  0.17  0.16  0.13  0.07 -0.02 -0.07 -0.12 -0.14 05031997 12
 -0.18 -0.18 -0.21 -0.24 -0.27 -0.30 -0.30 -0.28 -0.25 -0.20 -0.16 -0.15 06031997 00
 -0.15 -0.16 -0.18 -0.17 -0.14 -0.11 -0.09 -0.08 -0.09 -0.05 -0.02  0.02 06031997 12
  0.06  0.08  0.09  0.12  0.13  0.16  0.17  0.12  0.08  0.03  0.00 -0.01 07031997 00
 -0.01 -0.03 -0.03 -0.03 -0.04 -0.04 -0.00  0.00 -0.01 -0.02 -0.03 -0.05 07031997 12
 -0.08 -0.11 -0.13 -0.14 -0.16 -0.20 -0.27 -0.31 -0.30 -0.31 -0.31 -0.28 08031997 00
 -0.24 -0.28 -0.25 -0.26 -0.27 -0.26 -0.25 -0.28 -0.27 -0.25 -0.25 -0.24 08031997 12
 -0.20 -0.22 -0.23 -0.21 -0.23 -0.24 -0.23 -0.24 -0.26 -0.25 -0.23 -0.25 09031997 00
 -0.21 -0.20 -0.23 -0.19 -0.21 -0.21 -0.20 -0.21 -0.21 -0.23 -0.21 -0.20 09031997 12
 -0.19 -0.15 -0.17 -0.15 -0.15 -0.16 -0.17 -0.15 -0.17 -0.18 -0.17 -0.18 10031997 00
 -0.17 -0.14 -0.15 -0.15 -0.15 -0.16 -0.16 -0.16 -0.18 -0.21 -0.22 -0.20 10031997 12
 -0.20 -0.17 -0.16 -0.19 -0.16 -0.18 -0.19 -0.19 -0.19 -0.21 -0.22 -0.21 11031997 00
 -0.20 -0.20 -0.17 -0.20 -0.18 -0.18 -0.19 -0.19 -0.16 -0.15 -0.17 -0.15 11031997 12
 -0.16 -0.15 -0.12 -0.11 -0.11 -0.09 -0.10 -0.10 -0.08 -0.06 -0.06 -0.08 12031997 00
 -0.07 -0.07 -0.07 -0.07 -0.08 -0.07 -0.07 -0.08 -0.09 -0.10 -0.14 -0.16 12031997 12
 -0.16 -0.16 -0.16 -0.14 -0.15 -0.14 -0.13 -0.13 -0.13 -0.11 -0.09 -0.09 13031997 00
 -0.08 -0.07 -0.06 -0.03 -0.01  0.02  0.03  0.03  0.02  0.02  0.01  0.01 13031997 12
 -0.00  0.00  0.01  0.02  0.05  0.06  0.06  0.06  0.06  0.06  0.04 -0.00 14031997 00
 -0.05 -0.05 -0.07 -0.08 -0.08 -0.08 -0.07 -0.07 -0.08 -0.08 -0.08 -0.06 14031997 12
 -0.04 -0.04 -0.04 -0.04 -0.03 -0.03 -0.02 -0.01 -0.01 -0.00  0.00  0.00 15031997 00
 -0.01 -0.03 -0.05 -0.05 -0.07 -0.07 -0.08 -0.09 -0.10 -0.11 -0.12 -0.13 15031997 12
 -0.13 -0.13 -0.12 -0.12 -0.10 -0.07 -0.05 -0.05 -0.04 -0.04 -0.03 -0.01 16031997 00
 -0.01 -0.03 -0.05 -0.06 -0.07 -0.08 -0.09 -0.10 -0.12 -0.13 -0.14 -0.15 16031997 12
 -0.16 -0.17 -0.19 -0.19 -0.19 -0.18 -0.17 -0.15 -0.13 -0.12 -0.11 -0.09 17031997 00
 -0.08 -0.08 -0.09 -0.09 -0.08 -0.06 -0.04 -0.04 -0.03 -0.03 -0.02 -0.00 17031997 12
  0.02  0.03  0.04  0.04  0.03  0.03  0.03  0.05  0.07  0.09  0.09  0.09 18031997 00
  0.10  0.11  0.12  0.12  0.14  0.16  0.20  0.20  0.23  0.24  0.23  0.23 18031997 12
  0.25  0.24  0.21  0.17  0.09  0.00 -0.10 -0.11 -0.13 -0.17 -0.23 -0.27 19031997 00
 -0.26 -0.22 -0.20 -0.18 -0.15 -0.15 -0.10 -0.07 -0.05 -0.03  0.00  0.00 19031997 12
  0.00  0.00 -0.01 -0.02 -0.05 -0.08 -0.10 -0.10 -0.09 -0.06 -0.05 -0.05 20031997 00
 -0.05 -0.05 -0.07 -0.08 -0.08 -0.08 -0.08 -0.09 -0.10 -0.10 -0.10 -0.11 20031997 12
 -0.11 -0.10 -0.11 -0.11 -0.12 -0.12 -0.13 -0.12 -0.12 -0.13 -0.12 -0.12 21031997 00
 -0.12 -0.12 -0.12 -0.14 -0.13 -0.11 -0.11 -0.12 -0.12 -0.13 -0.11 -0.10 21031997 12
 -0.09 -0.09 -0.09 -0.11 -0.12 -0.12 -0.13 -0.13 -0.11 -0.10 -0.08 -0.07 22031997 00
 -0.04 -0.02 -0.00 -0.00  0.00  0.03  0.11  0.18  0.22  0.22  0.22  0.23 22031997 12
  0.27  0.28  0.28  0.30  0.31  0.30  0.24  0.17  0.12  0.08  0.06  0.01 23031997 00
 -0.02 -0.04 -0.06 -0.08 -0.08 -0.09 -0.10 -0.09 -0.09 -0.07 -0.06 -0.03 23031997 12
 -0.01  0.01  0.03  0.05  0.05  0.06  0.09  0.11  0.11  0.12  0.11  0.10 24031997 00
  0.08  0.06  0.05  0.03  0.03  0.01 -0.03 -0.07 -0.09 -0.11 -0.09 -0.07 24031997 12
 -0.05 -0.03 -0.03 -0.02 -0.02 -0.02 -0.00  0.03  0.04  0.04  0.05  0.06 25031997 00
  0.06  0.07  0.08  0.08  0.08  0.08  0.08  0.05  0.03  0.01  0.02  0.02 25031997 12
  0.00  0.01  0.03  0.03  0.04  0.06  0.11  0.16  0.26  0.34  0.35  0.35 26031997 00
  0.36  0.33  0.33  0.34  0.30  0.34  0.34  0.27  0.17  0.12  0.10  0.09 26031997 12
  0.09  0.06  0.05  0.04  0.02  0.03  0.06  0.07  0.05  0.01 -0.02  0.00 27031997 00
  0.02  0.05  0.13  0.20  0.25  0.28  0.30  0.31  0.31  0.31  0.30  0.24 27031997 12
  0.22  0.13  0.07  0.03 -0.01 -0.04 -0.02 -0.03 -0.06 -0.10 -0.11 -0.11 28031997 00
 -0.09 -0.07 -0.05 -0.07 -0.09 -0.08 -0.07 -0.07 -0.08 -0.10 -0.13 -0.15 28031997 12
 -0.15 -0.13 -0.12 -0.12 -0.12 -0.11 -0.11 -0.11 -0.10 -0.11 -0.13 -0.14 29031997 00
 -0.13 -0.13 -0.12 -0.12 -0.13 -0.12 -0.11 -0.12 -0.13 -0.13 -0.15 -0.15 29031997 12
 -0.15 -0.14 -0.14 -0.13 -0.13 -0.13 -0.11 -0.11 -0.12 -0.12 -0.13 -0.14 30031997 00
 -0.13 -0.13 -0.13 -0.13 -0.14 -0.13 -0.12 -0.11 -0.11 -0.12 -0.11 -0.11 30031997 12
 -0.12 -0.12 -0.11 -0.09 -0.08 -0.07 -0.08 -0.06 -0.06 -0.07 -0.06 -0.04 31031997 00
 -0.05 -0.06 -0.06 -0.07 -0.07 -0.06 -0.06 -0.05 -0.05 -0.05 -0.04 -0.03 31031997 12
 -0.02 -0.03 -0.03 -0.03 -0.03 -0.03 -0.03 -0.03 -0.03 -0.02 -0.03 -0.05 01041997 00
 -0.07 -0.08 -0.09 -0.10 -0.10 -0.09 -0.07 -0.07 -0.08 -0.09 -0.10 -0.10 01041997 12
 -0.08 -0.07 -0.08 -0.10 -0.11 -0.11 -0.10 -0.08 -0.07 -0.06 -0.06 -0.05 02041997 00
 -0.04 -0.03 -0.02 -0.02 -0.00  0.01  0.04  0.05  0.05  0.04  0.04  0.06 02041997 12
  0.09  0.11  0.10  0.09  0.08  0.09  0.10  0.07  0.07  0.04  0.02  0.03 03041997 00
  0.05  0.06  0.04  0.00 -0.04 -0.06 -0.04 -0.02 -0.03 -0.05 -0.09 -0.10 03041997 12
 -0.11 -0.13 -0.14 -0.15 -0.16 -0.17 -0.17 -0.16 -0.15 -0.13 -0.12 -0.12 04041997 00
 -0.11 -0.10 -0.09 -0.06 -0.03 -0.00  0.03  0.06  0.09  0.12  0.15  0.18 04041997 12
  0.20  0.19  0.18  0.16  0.13  0.11  0.07  0.06  0.06  0.05  0.07  0.08 05041997 00
  0.08  0.07  0.08  0.07  0.04 -0.01 -0.06 -0.07 -0.08 -0.09 -0.10 -0.11 05041997 12
 -0.12 -0.12 -0.12 -0.12 -0.12 -0.12 -0.14 -0.12 -0.13 -0.12 -0.12 -0.10 06041997 00
 -0.10 -0.11 -0.11 -0.12 -0.13 -0.13 -0.15 -0.16 -0.17 -0.17 -0.16 -0.15 06041997 12
 -0.15 -0.17 -0.15 -0.15 -0.16 -0.16 -0.14 -0.15 -0.16 -0.15 -0.17 -0.17 07041997 00
 -0.15 -0.16 -0.16 -0.17 -0.18 -0.19 -0.19 -0.21 -0.22 -0.23 -0.20 -0.20 07041997 12
 -0.17 -0.16 -0.19 -0.15 -0.17 -0.17 -0.16 -0.15 -0.15 -0.16 -0.17 -0.16 08041997 00
 -0.15 -0.12 -0.13 -0.11 -0.11 -0.12 -0.12 -0.10 -0.10 -0.12 -0.11 -0.13 08041997 12
 -0.13 -0.12 -0.13 -0.14 -0.13 -0.14 -0.15 -0.16 -0.18 -0.19 -0.20 -0.18 09041997 00
 -0.18 -0.16 -0.15 -0.18 -0.16 -0.17 -0.18 -0.17 -0.17 -0.19 -0.19 -0.20 09041997 12
 -0.20 -0.20 -0.18 -0.21 -0.20 -0.20 -0.21 -0.21 -0.21 -0.23 -0.26 -0.21 10041997 00
 -0.22 -0.22 -0.19 -0.20 -0.22 -0.19 -0.20 -0.20 -0.19 -0.20 -0.20 -0.22 10041997 12
 -0.20 -0.20 -0.17 -0.15 -0.17 -0.13 -0.15 -0.17 -0.16 -0.16 -0.21 -0.22 11041997 00
 -0.22 -0.22 -0.22 -0.21 -0.25 -0.24 -0.23 -0.25 -0.25 -0.25 -0.27 -0.26 11041997 12
 -0.26 -0.23 -0.20 -0.17 -0.15 -0.14 -0.11 -0.12 -0.13 -0.13 -0.14 -0.18 12041997 00
 -0.20 -0.22 -0.22 -0.21 -0.21 -0.22 -0.20 -0.20 -0.21 -0.19 -0.17 -0.16 12041997 12
 -0.16 -0.18 -0.18 -0.16 -0.16 -0.16 -0.15 -0.14 -0.15 -0.16 -0.16 -0.17 13041997 00
 -0.18 -0.18 -0.18 -0.18 -0.18 -0.18 -0.19 -0.17 -0.17 -0.16 -0.15 -0.15 13041997 12
 -0.18 -0.18 -0.18 -0.17 -0.16 -0.16 -0.17 -0.15 -0.15 -0.16 -0.17 -0.17 14041997 00
 -0.18 -0.18 -0.18 -0.19 -0.18 -0.19 -0.18 -0.17 -0.16 -0.17 -0.17 -0.17 14041997 12
 -0.17 -0.20 -0.20 -0.20 -0.19 -0.20 -0.19 -0.20 -0.19 -0.19 -0.19 -0.18 15041997 00
 -0.15 -0.15 -0.17 -0.17 -0.17 -0.16 -0.17 -0.16 -0.17 -0.17 -0.17 -0.17 15041997 12
 -0.18 -0.18 -0.21 -0.21 -0.21 -0.21 -0.21 -0.21 -0.19 -0.18 -0.16 -0.15 16041997 00
 -0.14 -0.14 -0.16 -0.19 -0.18 -0.18 -0.17 -0.17 -0.18 -0.19 -0.18 -0.17 16041997 12
 -0.17 -0.16 -0.16 -0.17 -0.20 -0.19 -0.18 -0.15 -0.15 -0.12 -0.12 -0.12 17041997 00
 -0.13 -0.13 -0.14 -0.16 -0.18 -0.19 -0.18 -0.17 -0.15 -0.16 -0.16 -0.16 17041997 12
 -0.14 -0.14 -0.14 -0.13 -0.15 -0.18 -0.16 -0.14 -0.11 -0.12 -0.11 -0.12 18041997 00
 -0.12 -0.13 -0.13 -0.14 -0.14 -0.16 -0.16 -0.16 -0.15 -0.14 -0.13 -0.12 18041997 12
 -0.12 -0.11 -0.12 -0.13 -0.12 -0.13 -0.15 -0.14 -0.14 -0.12 -0.13 -0.13 19041997 00
 -0.14 -0.14 -0.15 -0.14 -0.13 -0.15 -0.16 -0.15 -0.15 -0.14 -0.13 -0.12 19041997 12
 -0.13 -0.12 -0.12 -0.13 -0.13 -0.13 -0.15 -0.16 -0.14 -0.14 -0.11 -0.11 20041997 00
 -0.12 -0.12 -0.12 -0.13 -0.12 -0.09 -0.09 -0.09 -0.11 -0.10 -0.08 -0.07 20041997 12
 -0.06 -0.07 -0.06 -0.07 -0.07 -0.06 -0.07 -0.07 -0.05 -0.05 -0.04 -0.04 21041997 00
 -0.04 -0.04 -0.04 -0.04 -0.05 -0.06 -0.07 -0.10 -0.11 -0.10 -0.09 -0.08 21041997 12
 -0.07 -0.07 -0.06 -0.06 -0.08 -0.08 -0.08 -0.08 -0.06 -0.05 -0.05 -0.04 22041997 00
 -0.03 -0.03 -0.02 -0.02 -0.03 -0.03 -0.03 -0.04 -0.04 -0.04 -0.04 -0.04 22041997 12
 -0.04 -0.03 -0.03 -0.02 -0.02 -0.02 -0.02 -0.01  0.01  0.02  0.03  0.04 23041997 00
  0.05  0.05  0.07  0.08  0.09  0.11  0.13  0.15  0.15  0.15  0.14  0.16 23041997 12
  0.15  0.13  0.14  0.12  0.14  0.15  0.15  0.13  0.12  0.09  0.10  0.09 24041997 00
  0.07  0.08  0.08  0.06  0.05  0.04  0.03  0.01 -0.00 -0.01 -0.03 -0.03 24041997 12
 -0.02 -0.01 -0.00 -0.02 -0.03 -0.05 -0.05 -0.05 -0.03 -0.03 -0.03 -0.04 25041997 00
 -0.04 -0.04 -0.05 -0.06 -0.05 -0.06 -0.06 -0.06 -0.05 -0.04 -0.04 -0.03 25041997 12
 -0.04 -0.04 -0.03 -0.03 -0.03 -0.04 -0.04 -0.05 -0.03 -0.00  0.03  0.03 26041997 00
  0.04  0.05  0.05  0.06  0.07  0.06  0.06  0.07  0.08  0.09  0.09  0.09 26041997 12
  0.08  0.07  0.05  0.04  0.05  0.04  0.05  0.05  0.05  0.05  0.07  0.07 27041997 00
  0.07  0.07  0.07  0.08  0.09  0.09  0.09  0.12  0.15  0.16  0.19  0.21 27041997 12
  0.21  0.21  0.20  0.20  0.21  0.23  0.21  0.23  0.24  0.24  0.28  0.31 28041997 00
  0.32  0.33  0.33  0.33  0.32  0.32  0.29  0.28  0.28  0.24  0.16  0.12 28041997 12
  0.08  0.05  0.04  0.01  0.01 -0.00  0.00  0.03  0.05  0.04  0.03  0.03 29041997 00
  0.03  0.03  0.03  0.02 -0.00 -0.03 -0.05 -0.07 -0.07 -0.08 -0.10 -0.12 29041997 12
 -0.13 -0.13 -0.12 -0.10 -0.08 -0.08 -0.09 -0.08 -0.08 -0.09 -0.09 -0.09 30041997 00
 -0.09 -0.10 -0.11 -0.11 -0.12 -0.12 -0.12 -0.12 -0.12 -0.13 -0.15 -0.15 30041997 12
 -0.14 -0.14 -0.15 -0.16 -0.17 -0.17 -0.16 -0.14 -0.13 -0.11 -0.12 -0.11 01051997 00
 -0.10 -0.10 -0.10 -0.11 -0.11 -0.11 -0.10 -0.10 -0.10 -0.11 -0.10 -0.11 01051997 12
 -0.11 -0.11 -0.11 -0.13 -0.14 -0.15 -0.15 -0.13 -0.11 -0.12 -0.12 -0.12 02051997 00
 -0.12 -0.11 -0.10 -0.11 -0.12 -0.12 -0.11 -0.09 -0.08 -0.08 -0.08 -0.07 02051997 12
 -0.06 -0.05 -0.04 -0.03 -0.04 -0.05 -0.05 -0.04 -0.02 -0.01 -0.01 -0.01 03051997 00
 -0.00  0.00  0.01  0.02  0.04  0.05  0.06  0.07  0.07  0.06  0.07  0.09 03051997 12
  0.10  0.11  0.13  0.13  0.13  0.15  0.17  0.16  0.17  0.18  0.21  0.25 04051997 00
  0.28  0.26  0.27  0.29  0.31  0.39  0.45  0.46  0.43  0.40  0.36  0.37 04051997 12
  0.40  0.32  0.32  0.32  0.30  0.29  0.30  0.24  0.23  0.19  0.15  0.14 05051997 00
  0.16  0.12  0.10  0.11  0.10  0.09  0.07  0.04 -0.00 -0.02 -0.02 -0.03 05051997 12
 -0.04 -0.06 -0.06 -0.05 -0.05 -0.05 -0.07 -0.08 -0.02  0.02  0.05  0.06 06051997 00
  0.07  0.06  0.07  0.08  0.09  0.11  0.11  0.11  0.15  0.16  0.16  0.16 06051997 12
  0.14  0.15  0.13  0.12  0.14  0.12  0.10  0.11  0.11  0.12  0.12  0.10 07051997 00
  0.09  0.09  0.12  0.11  0.13  0.16  0.18  0.19  0.23  0.21  0.20  0.19 07051997 12
  0.16  0.12  0.14  0.12  0.14  0.15  0.14  0.14  0.16  0.18  0.15  0.14 08051997 00
  0.16  0.14  0.16  0.17  0.15  0.16  0.17  0.15  0.15  0.14  0.12  0.13 08051997 12
  0.13  0.11  0.09  0.10  0.09  0.09  0.09  0.08  0.08  0.11  0.12  0.12 09051997 00
  0.12  0.12  0.12  0.15  0.15  0.15  0.16  0.15  0.14  0.15  0.15  0.13 09051997 12
  0.11  0.10  0.08  0.10  0.10  0.09  0.10  0.10  0.12  0.17  0.22  0.22 10051997 00
  0.24  0.23  0.22  0.24  0.28  0.26  0.26  0.27  0.26  0.28  0.32  0.30 10051997 12
  0.26  0.23  0.19  0.19  0.21  0.20  0.19  0.20  0.18  0.17  0.20  0.23 11051997 00
  0.22  0.21  0.17  0.16  0.19  0.20  0.18  0.19  0.20  0.18  0.19  0.21 11051997 12
  0.19  0.17  0.14  0.13  0.13  0.14  0.12  0.13  0.13  0.12  0.14  0.18 12051997 00
  0.18  0.15  0.14  0.12  0.13  0.14  0.14  0.13  0.13  0.11  0.07  0.07 12051997 12
  0.06  0.05  0.04  0.02  0.03  0.02  0.03  0.03  0.03  0.02  0.01  0.03 13051997 00
  0.04  0.02  0.00 -0.02 -0.03 -0.02 -0.00  0.01  0.01 -0.00 -0.01 -0.01 13051997 12
 -0.00 -0.00 -0.01 -0.03 -0.04 -0.05 -0.05 -0.06 -0.06 -0.06 -0.06 -0.06 14051997 00
 -0.05 -0.06 -0.07 -0.07 -0.08 -0.08 -0.07 -0.06 -0.07 -0.07 -0.07 -0.08 14051997 12
 -0.07 -0.07 -0.08 -0.09 -0.10 -0.09 -0.09 -0.08 -0.07 -0.07 -0.07 -0.07 15051997 00
 -0.07 -0.06 -0.07 -0.08 -0.08 -0.07 -0.06 -0.05 -0.05 -0.06 -0.06 -0.06 15051997 12
 -0.05 -0.05 -0.06 -0.09 -0.09 -0.09 -0.07 -0.06 -0.06 -0.08 -0.07 -0.06 16051997 00
 -0.06 -0.06 -0.07 -0.08 -0.07 -0.06 -0.05 -0.03 -0.04 -0.04 -0.04 -0.03 16051997 12
 -0.03 -0.03 -0.03 -0.03 -0.05 -0.04 -0.04 -0.03 -0.02 -0.00  0.00  0.01 17051997 00
  0.02  0.02  0.01 -0.00 -0.02 -0.01  0.01  0.02  0.02  0.02  0.02  0.02 17051997 12
  0.01  0.01  0.01  0.02  0.01  0.01  0.02  0.03  0.04  0.04  0.05  0.06 18051997 00
  0.07  0.06  0.06  0.06  0.05  0.04  0.04  0.04  0.03  0.02  0.02  0.02 18051997 12
  0.02  0.01  0.01  0.01  0.01  0.01  0.03  0.03  0.02  0.02  0.03  0.04 19051997 00
  0.05  0.04  0.04  0.03  0.03  0.04  0.06  0.09  0.10  0.10  0.10  0.09 19051997 12
  0.10  0.09  0.08  0.09  0.08  0.08  0.08  0.07  0.08  0.08  0.07  0.07 20051997 00
  0.07  0.07  0.06  0.07  0.07  0.07  0.08  0.09  0.09  0.08  0.07  0.07 20051997 12
  0.07  0.07  0.05  0.03  0.02  0.00 -0.00  0.00  0.00 -0.00  0.00  0.00 21051997 00
  0.00  0.00 -0.00 -0.01 -0.01 -0.01 -0.01 -0.00 -0.01 -0.01 -0.02 -0.02 21051997 12
 -0.03 -0.04 -0.04 -0.05 -0.06 -0.07 -0.08 -0.08 -0.06 -0.05 -0.05 -0.04 22051997 00
 -0.04 -0.04 -0.04 -0.04 -0.05 -0.06 -0.06 -0.06 -0.06 -0.06 -0.07 -0.07 22051997 12
 -0.07 -0.08 -0.10 -0.10 -0.11 -0.12 -0.12 -0.11 -0.12 -0.12 -0.13 -0.13 23051997 00
 -0.10 -0.09 -0.11 -0.11 -0.13 -0.14 -0.13 -0.12 -0.12 -0.14 -0.14 -0.15 23051997 12
 -0.14 -0.14 -0.15 -0.16 -0.15 -0.17 -0.17 -0.18 -0.20 -0.20 -0.20 -0.20 24051997 00
 -0.20 -0.19 -0.18 -0.22 -0.20 -0.20 -0.20 -0.18 -0.17 -0.22 -0.20 -0.21 24051997 12
 -0.20 -0.19 -0.17 -0.20 -0.18 -0.18 -0.19 -0.19 -0.19 -0.23 -0.25 -0.24 25051997 00
 -0.24 -0.23 -0.20 -0.22 -0.22 -0.19 -0.20 -0.21 -0.20 -0.21 -0.22 -0.22 25051997 12
 -0.21 -0.20 -0.18 -0.17 -0.16 -0.13 -0.14 -0.14 -0.12 -0.12 -0.14 -0.14 26051997 00
 -0.14 -0.15 -0.14 -0.14 -0.16 -0.15 -0.15 -0.16 -0.17 -0.18 -0.21 -0.20 26051997 12
 -0.21 -0.19 -0.17 -0.17 -0.19 -0.18 -0.17 -0.18 -0.18 -0.17 -0.16 -0.18 27051997 00
 -0.16 -0.18 -0.18 -0.16 -0.16 -0.17 -0.14 -0.14 -0.15 -0.15 -0.15 -0.16 27051997 12
 -0.17 -0.17 -0.18 -0.17 -0.19 -0.19 -0.18 -0.18 -0.19 -0.19 -0.17 -0.16 28051997 00
 -0.16 -0.18 -0.19 -0.19 -0.17 -0.17 -0.17 -0.17 -0.17 -0.18 -0.17 -0.15 28051997 12
 -0.16 -0.17 -0.17 -0.18 -0.17 -0.15 -0.15 -0.15 -0.14 -0.15 -0.15 -0.13 29051997 00
 -0.14 -0.16 -0.18 -0.19 -0.18 -0.17 -0.17 -0.17 -0.16 -0.15 -0.16 -0.16 29051997 12
 -0.13 -0.13 -0.15 -0.16 -0.16 -0.15 -0.15 -0.15 -0.16 -0.16 -0.17 -0.17 30051997 00
 -0.15 -0.16 -0.17 -0.17 -0.17 -0.18 -0.16 -0.16 -0.15 -0.15 -0.14 -0.16 30051997 12
 -0.15 -0.13 -0.14 -0.16 -0.16 -0.17 -0.15 -0.14 -0.14 -0.16 -0.15 -0.15 31051997 00
 -0.15 -0.13 -0.13 -0.16 -0.17 -0.17 -0.16 -0.15 -0.15 -0.16 -0.18 -0.16 31051997 12
 -0.15 -0.16 -0.16 -0.17 -0.20 -0.20 -0.20 -0.20 -0.19 -0.18 -0.19 -0.19 01061997 00
 -0.19 -0.20 -0.19 -0.19 -0.22 -0.23 -0.22 -0.22 -0.20 -0.19 -0.19 -0.20 01061997 12
 -0.18 -0.19 -0.21 -0.21 -0.25 -0.30 -0.30 -0.30 -0.26 -0.23 -0.22 -0.23 02061997 00
 -0.21 -0.21 -0.23 -0.22 -0.21 -0.25 -0.23 -0.23 -0.20 -0.15 -0.14 -0.15 02061997 12
 -0.16 -0.14 -0.16 -0.16 -0.15 -0.16 -0.19 -0.19 -0.16 -0.15 -0.12 -0.10 03061997 00
 -0.12 -0.10 -0.10 -0.11 -0.10 -0.08 -0.08 -0.06 -0.06 -0.07 -0.07 -0.08 03061997 12
 -0.08 -0.07 -0.06 -0.07 -0.07 -0.06 -0.06 -0.07 -0.06 -0.07 -0.06 -0.04 04061997 00
 -0.04 -0.03 -0.02 -0.03 -0.03 -0.02 -0.01 -0.01 -0.01 -0.01 -0.01 -0.00 04061997 12
  0.00  0.00  0.00 -0.00 -0.01 -0.00 -0.00 -0.00 -0.00  0.01  0.02  0.03 05061997 00
  0.03  0.02  0.01  0.01  0.01  0.02  0.03  0.04  0.03  0.03  0.02  0.02 05061997 12
  0.04  0.05  0.05  0.07  0.08  0.10  0.14  0.21  0.25  0.24  0.17  0.14 06061997 00
  0.09  0.06  0.09  0.05  0.05  0.05  0.05  0.09  0.20  0.30  0.35  0.38 06061997 12
  0.40  0.43  0.49  0.48  0.41  0.38  0.35  0.29  0.28  0.27  0.20  0.18 07061997 00
  0.15  0.12  0.14  0.20  0.20  0.23  0.25  0.25  0.29  0.34  0.33  0.27 07061997 12
  0.22  0.18  0.17  0.19  0.15  0.15  0.18  0.19  0.21  0.26  0.27  0.26 08061997 00
  0.23  0.18  0.16  0.19  0.18  0.15  0.14  0.12  0.08  0.04  0.02  0.00 08061997 12
  0.00 -0.02 -0.03 -0.05 -0.05 -0.05 -0.06 -0.06 -0.06 -0.05 -0.04 -0.04 09061997 00
 -0.04 -0.05 -0.05 -0.05 -0.04 -0.03 -0.03 -0.03 -0.04 -0.03 -0.04 -0.06 09061997 12
 -0.06 -0.07 -0.07 -0.07 -0.08 -0.10 -0.10 -0.10 -0.11 -0.11 -0.11 -0.10 10061997 00
 -0.10 -0.10 -0.10 -0.09 -0.08 -0.07 -0.06 -0.06 -0.08 -0.09 -0.10 -0.10 10061997 12
 -0.08 -0.06 -0.05 -0.03 -0.03 -0.04 -0.02 -0.01  0.00  0.02  0.05  0.05 11061997 00
  0.06  0.05  0.05  0.05  0.04  0.05  0.06  0.06  0.06  0.06  0.05  0.04 11061997 12
  0.06  0.07  0.06  0.05  0.05  0.06  0.08  0.08  0.08  0.08  0.08  0.09 12061997 00
  0.11  0.12  0.11  0.10  0.09  0.09  0.11  0.12  0.11  0.10  0.09  0.08 12061997 12
  0.10  0.12  0.09  0.08  0.07  0.07  0.07  0.08  0.07  0.07  0.07  0.07 13061997 00
  0.07  0.09  0.08  0.08  0.07  0.08  0.08  0.09  0.08  0.06  0.06  0.07 13061997 12
  0.07  0.07  0.07  0.05  0.03  0.01 -0.00 -0.02 -0.02 -0.01 -0.00 -0.00 14061997 00
 -0.01 -0.02 -0.02 -0.02 -0.01 -0.00  0.01  0.01 -0.01 -0.02 -0.02 -0.01 14061997 12
 -0.01 -0.02 -0.03 -0.05 -0.05 -0.04 -0.03 -0.04 -0.05 -0.05 -0.03 -0.03 15061997 00
 -0.03 -0.04 -0.04 -0.06 -0.06 -0.06 -0.05 -0.05 -0.06 -0.07 -0.08 -0.08 15061997 12
 -0.08 -0.07 -0.08 -0.09 -0.11 -0.11 -0.11 -0.09 -0.09 -0.08 -0.09 -0.08 16061997 00
 -0.09 -0.09 -0.09 -0.08 -0.10 -0.10 -0.10 -0.10 -0.09 -0.09 -0.10 -0.09 16061997 12
 -0.08 -0.09 -0.10 -0.10 -0.11 -0.13 -0.12 -0.11 -0.10 -0.10 -0.09 -0.10 17061997 00
 -0.09 -0.10 -0.10 -0.10 -0.11 -0.12 -0.11 -0.10 -0.10 -0.09 -0.09 -0.08 17061997 12
 -0.07 -0.06 -0.07 -0.07 -0.06 -0.06 -0.05 -0.04 -0.04 -0.03 -0.01  0.02 18061997 00
  0.05  0.07  0.07  0.07  0.07  0.09  0.09  0.09  0.07  0.06  0.05  0.05 18061997 12
  0.06  0.06  0.05  0.05  0.05  0.06  0.07  0.07  0.07  0.06  0.06  0.07 19061997 00
  0.08  0.09  0.09  0.08  0.07  0.07  0.08  0.09  0.09  0.09  0.08  0.08 19061997 12
  0.10  0.11  0.10  0.11  0.11  0.10  0.11  0.13  0.13  0.12  0.12  0.11 20061997 00
  0.12  0.14  0.14  0.14  0.15  0.17  0.23  0.30  0.31  0.31  0.29  0.27 20061997 12
  0.25  0.26  0.24  0.23  0.25  0.24  0.22  0.21  0.24  0.23  0.27  0.26 21061997 00
  0.24  0.24  0.25  0.23  0.23  0.24  0.22  0.21  0.22  0.21  0.21  0.21 21061997 12
  0.18  0.15  0.15  0.12  0.12  0.13  0.12  0.11  0.10  0.10  0.09  0.09 22061997 00
  0.09  0.09  0.09  0.10  0.10  0.11  0.11  0.10  0.08  0.08  0.07  0.08 22061997 12
  0.06  0.04  0.02  0.01  0.00  0.01  0.01 -0.00 -0.01 -0.02 -0.02 -0.01 23061997 00
  0.01  0.02  0.02  0.01  0.01  0.01  0.01  0.02  0.02  0.01  0.00 -0.00 23061997 12
 -0.00 -0.00 -0.01 -0.02 -0.02 -0.03 -0.04 -0.04 -0.04 -0.04 -0.03 -0.02 24061997 00
 -0.02 -0.02 -0.02 -0.02 -0.01  0.00  0.01  0.01  0.00  0.01  0.02  0.05 24061997 12
  0.06  0.08  0.08  0.10  0.12  0.13  0.13  0.13  0.13  0.14  0.15  0.13 25061997 00
  0.09  0.07  0.06  0.05  0.06  0.06  0.06  0.06  0.04  0.02  0.01  0.01 25061997 12
 -0.00 -0.02 -0.05 -0.07 -0.11 -0.15 -0.15 -0.15 -0.16 -0.19 -0.22 -0.30 26061997 00
 -0.31 -0.31 -0.30 -0.30 -0.25 -0.24 -0.25 -0.19 -0.18 -0.18 -0.13 -0.12 26061997 12
 -0.16 -0.16 -0.16 -0.16 -0.18 -0.22 -0.25 -0.24 -0.22 -0.23 -0.24 -0.25 27061997 00
 -0.27 -0.26 -0.23 -0.22 -0.16 -0.14 -0.15 -0.14 -0.11 -0.10 -0.11 -0.09 27061997 12
 -0.08 -0.10 -0.10 -0.11 -0.12 -0.11 -0.12 -0.12 -0.10 -0.09 -0.09 -0.07 28061997 00
 -0.06 -0.07 -0.07 -0.05 -0.04 -0.02 -0.02 -0.03 -0.04 -0.04 -0.05 -0.06 28061997 12
 -0.05 -0.05 -0.06 -0.06 -0.07 -0.08 -0.07 -0.07 -0.07 -0.06 -0.05 -0.05 29061997 00
 -0.04 -0.03 -0.05 -0.06 -0.05 -0.04 -0.02 -0.01 -0.01 -0.01 -0.00  0.00 29061997 12
  0.01  0.02  0.01  0.00 -0.00  0.00  0.01  0.02  0.02  0.03  0.04  0.04 30061997 00
  0.05  0.06  0.06  0.05  0.05  0.07  0.10  0.10  0.09  0.08  0.07  0.07 30061997 12
  0.07  0.07  0.06  0.05  0.04  0.02  0.01  0.01  0.01  0.03  0.05  0.06 01071997 00
  0.05  0.05  0.04  0.04  0.03  0.04  0.04  0.04  0.03  0.00 -0.01 -0.00 01071997 12
 -0.00  0.00  0.01  0.01  0.02  0.03  0.03  0.02  0.02  0.02  0.02  0.02 02071997 00
  0.02  0.02  0.02  0.02  0.01  0.01  0.02  0.02  0.02  0.02  0.02  0.02 02071997 12
  0.03  0.04  0.03  0.03  0.04  0.04  0.05  0.06  0.05  0.04  0.04  0.04 03071997 00
  0.05  0.06  0.05  0.04  0.03  0.02  0.03  0.03  0.01 -0.00 -0.01 -0.01 03071997 12
 -0.01 -0.01 -0.02 -0.03 -0.04 -0.04 -0.04 -0.03 -0.04 -0.06 -0.05 -0.05 04071997 00
 -0.05 -0.05 -0.05 -0.05 -0.05 -0.06 -0.07 -0.09 -0.10 -0.10 -0.10 -0.09 04071997 12
 -0.09 -0.09 -0.10 -0.11 -0.13 -0.13 -0.13 -0.13 -0.14 -0.13 -0.14 -0.15 05071997 00
 -0.14 -0.13 -0.14 -0.13 -0.13 -0.14 -0.13 -0.14 -0.16 -0.16 -0.16 -0.16 05071997 12
 -0.14 -0.12 -0.13 -0.12 -0.13 -0.15 -0.15 -0.15 -0.15 -0.16 -0.17 -0.16 06071997 00
 -0.15 -0.14 -0.14 -0.14 -0.13 -0.13 -0.14 -0.13 -0.13 -0.16 -0.16 -0.17 06071997 12
 -0.15 -0.14 -0.14 -0.15 -0.14 -0.15 -0.16 -0.14 -0.15 -0.17 -0.19 -0.17 07071997 00
 -0.17 -0.15 -0.14 -0.17 -0.16 -0.15 -0.15 -0.15 -0.15 -0.17 -0.16 -0.17 07071997 12
 -0.16 -0.14 -0.13 -0.15 -0.14 -0.13 -0.14 -0.14 -0.14 -0.15 -0.17 -0.15 08071997 00
 -0.15 -0.13 -0.12 -0.13 -0.14 -0.12 -0.12 -0.12 -0.11 -0.11 -0.12 -0.12 08071997 12
 -0.11 -0.11 -0.10 -0.10 -0.11 -0.10 -0.10 -0.11 -0.10 -0.10 -0.11 -0.11 09071997 00
 -0.11 -0.10 -0.09 -0.08 -0.09 -0.09 -0.08 -0.08 -0.08 -0.07 -0.08 -0.08 09071997 12
 -0.08 -0.07 -0.07 -0.08 -0.08 -0.09 -0.08 -0.07 -0.07 -0.06 -0.07 -0.08 10071997 00
 -0.07 -0.08 -0.06 -0.06 -0.06 -0.06 -0.06 -0.06 -0.06 -0.06 -0.05 -0.05 10071997 12
 -0.05 -0.05 -0.06 -0.05 -0.05 -0.05 -0.04 -0.04 -0.05 -0.04 -0.03 -0.04 11071997 00
 -0.03 -0.03 -0.03 -0.03 -0.03 -0.02 -0.02 -0.01 -0.02 -0.02 -0.01 -0.00 11071997 12
  0.01  0.01 -0.00 -0.01 -0.01 -0.01  0.01  0.01  0.01  0.02  0.02  0.03 12071997 00
  0.05  0.06  0.05  0.04  0.03  0.03  0.04  0.05  0.05  0.05  0.05  0.05 12071997 12
  0.07  0.08  0.06  0.05  0.03  0.04  0.05  0.06  0.06  0.06  0.06  0.07 13071997 00
  0.07  0.07  0.04  0.02  0.01  0.01  0.00 -0.01 -0.02 -0.02 -0.02 -0.02 13071997 12
 -0.02 -0.02 -0.04 -0.05 -0.05 -0.05 -0.06 -0.07 -0.08 -0.08 -0.08 -0.07 14071997 00
 -0.06 -0.06 -0.06 -0.05 -0.06 -0.05 -0.04 -0.01  0.01  0.02  0.03  0.04 14071997 12
  0.06  0.06  0.05  0.03  0.00 -0.01 -0.02 -0.03 -0.05 -0.06 -0.06 -0.06 15071997 00
 -0.06 -0.05 -0.02  0.01  0.03  0.05  0.06  0.05  0.06  0.06  0.06  0.07 15071997 12
  0.09  0.08  0.06  0.04  0.02 -0.00  0.01  0.01 -0.00 -0.03 -0.05 -0.06 16071997 00
 -0.07 -0.07 -0.07 -0.09 -0.11 -0.11 -0.10 -0.09 -0.08 -0.07 -0.05 -0.04 16071997 12
 -0.02 -0.02 -0.01 -0.01 -0.01 -0.03 -0.03 -0.03 -0.04 -0.05 -0.05 -0.07 17071997 00
 -0.07 -0.07 -0.07 -0.07 -0.07 -0.08 -0.08 -0.07 -0.07 -0.06 -0.06 -0.07 17071997 12
 -0.06 -0.06 -0.07 -0.08 -0.08 -0.09 -0.11 -0.11 -0.11 -0.11 -0.10 -0.11 18071997 00
 -0.12 -0.11 -0.11 -0.11 -0.11 -0.11 -0.13 -0.13 -0.14 -0.13 -0.12 -0.12 18071997 12
 -0.13 -0.12 -0.12 -0.14 -0.14 -0.14 -0.15 -0.16 -0.15 -0.16 -0.15 -0.14 19071997 00
 -0.14 -0.14 -0.13 -0.14 -0.15 -0.15 -0.14 -0.15 -0.15 -0.16 -0.16 -0.14 19071997 12
 -0.13 -0.14 -0.13 -0.14 -0.15 -0.15 -0.16 -0.16 -0.16 -0.17 -0.17 -0.16 20071997 00
 -0.13 -0.14 -0.15 -0.13 -0.14 -0.15 -0.14 -0.14 -0.13 -0.14 -0.14 -0.14 20071997 12
 -0.13 -0.10 -0.13 -0.12 -0.13 -0.13 -0.13 -0.13 -0.15 -0.14 -0.14 -0.15 21071997 00
 -0.13 -0.10 -0.12 -0.11 -0.10 -0.11 -0.11 -0.11 -0.12 -0.13 -0.11 -0.11 21071997 12
 -0.12 -0.10 -0.10 -0.11 -0.10 -0.11 -0.11 -0.10 -0.11 -0.11 -0.12 -0.12 22071997 00
 -0.11 -0.09 -0.08 -0.09 -0.08 -0.08 -0.09 -0.08 -0.07 -0.08 -0.09 -0.08 22071997 12
 -0.08 -0.07 -0.06 -0.08 -0.07 -0.07 -0.08 -0.08 -0.07 -0.07 -0.07 -0.08 23071997 00
 -0.07 -0.08 -0.06 -0.06 -0.07 -0.05 -0.05 -0.05 -0.04 -0.04 -0.03 -0.01 23071997 12
 -0.01 -0.01  0.00  0.02  0.03  0.03  0.02  0.03  0.03  0.03  0.04  0.05 24071997 00
  0.04  0.03  0.04  0.04  0.03  0.04  0.04  0.04  0.04  0.05  0.06  0.07 24071997 12
  0.05  0.04  0.03  0.03  0.04  0.05  0.05  0.05  0.04  0.04  0.02  0.02 25071997 00
  0.02  0.01  0.00 -0.00 -0.01 -0.01 -0.00  0.00  0.01  0.00 -0.01 -0.02 25071997 12
 -0.01 -0.01 -0.01 -0.02 -0.02 -0.02 -0.01 -0.01 -0.00  0.01  0.03  0.06 26071997 00
  0.11  0.13  0.12  0.12  0.10  0.08  0.09  0.07  0.04  0.02 -0.00 -0.02 26071997 12
 -0.03 -0.04 -0.04 -0.04 -0.05 -0.04 -0.04 -0.04 -0.04 -0.04 -0.04 -0.05 27071997 00
 -0.06 -0.08 -0.08 -0.08 -0.08 -0.08 -0.07 -0.06 -0.05 -0.04 -0.05 -0.04 27071997 12
 -0.03 -0.02 -0.01 -0.00 -0.01 -0.02 -0.02 -0.03 -0.04 -0.05 -0.06 -0.06 28071997 00
 -0.07 -0.09 -0.11 -0.13 -0.14 -0.13 -0.12 -0.10 -0.09 -0.10 -0.09 -0.09 28071997 12
 -0.08 -0.06 -0.05 -0.06 -0.07 -0.08 -0.07 -0.05 -0.04 -0.02 -0.00  0.01 29071997 00
  0.02  0.04  0.06  0.10  0.12  0.12  0.11  0.12  0.12  0.13  0.14  0.12 29071997 12
  0.12  0.11  0.09  0.07  0.06  0.02  0.00 -0.01 -0.01  0.02  0.04  0.06 30071997 00
  0.09  0.11  0.13  0.13  0.12  0.11  0.11  0.13  0.14  0.13  0.10  0.10 30071997 12
  0.09  0.10  0.10  0.09  0.07  0.06  0.05  0.06  0.08  0.06  0.06  0.04 31071997 00
  0.03  0.03  0.04  0.05  0.04  0.05  0.06  0.04  0.04  0.05  0.06  0.07 31071997 12
  0.08  0.08  0.08  0.08  0.07  0.05  0.05  0.06  0.07  0.08  0.08  0.10 01081997 00
  0.10  0.08  0.07  0.07  0.06  0.03  0.01 -0.00 -0.03 -0.04 -0.04 -0.04 01081997 12
 -0.05 -0.05 -0.06 -0.07 -0.08 -0.09 -0.09 -0.10 -0.09 -0.08 -0.07 -0.06 02081997 00
 -0.06 -0.07 -0.07 -0.07 -0.08 -0.08 -0.07 -0.07 -0.07 -0.07 -0.08 -0.07 02081997 12
 -0.07 -0.07 -0.08 -0.07 -0.08 -0.08 -0.08 -0.08 -0.09 -0.10 -0.11 -0.10 03081997 00
 -0.10 -0.09 -0.09 -0.09 -0.10 -0.10 -0.09 -0.07 -0.07 -0.07 -0.07 -0.08 03081997 12
 -0.08 -0.09 -0.11 -0.12 -0.13 -0.14 -0.15 -0.16 -0.17 -0.16 -0.15 -0.15 04081997 00
 -0.13 -0.13 -0.14 -0.12 -0.12 -0.12 -0.12 -0.12 -0.12 -0.11 -0.13 -0.14 04081997 12
 -0.13 -0.14 -0.14 -0.13 -0.14 -0.15 -0.15 -0.14 -0.13 -0.14 -0.13 -0.15 05081997 00
 -0.13 -0.11 -0.09 -0.10 -0.09 -0.10 -0.11 -0.09 -0.09 -0.10 -0.10 -0.10 05081997 12
 -0.10 -0.08 -0.09 -0.11 -0.10 -0.10 -0.11 -0.11 -0.11 -0.12 -0.10 -0.08 06081997 00
 -0.07 -0.07 -0.08 -0.10 -0.10 -0.09 -0.08 -0.08 -0.08 -0.09 -0.08 -0.08 06081997 12
 -0.07 -0.07 -0.08 -0.10 -0.10 -0.10 -0.10 -0.10 -0.10 -0.10 -0.11 -0.10 07081997 00
 -0.10 -0.09 -0.08 -0.07 -0.07 -0.06 -0.06 -0.05 -0.04 -0.04 -0.06 -0.05 07081997 12
 -0.05 -0.05 -0.05 -0.06 -0.07 -0.06 -0.06 -0.06 -0.05 -0.05 -0.06 -0.05 08081997 00
 -0.05 -0.05 -0.05 -0.05 -0.05 -0.04 -0.02 -0.01 -0.01 -0.01 -0.01 -0.01 08081997 12
 -0.00 -0.01 -0.02 -0.03 -0.03 -0.03 -0.03 -0.03 -0.04 -0.04 -0.05 -0.06 09081997 00
 -0.08 -0.09 -0.09 -0.09 -0.09 -0.09 -0.08 -0.08 -0.10 -0.10 -0.10 -0.10 09081997 12
 -0.10 -0.10 -0.10 -0.08 -0.08 -0.08 -0.07 -0.06 -0.06 -0.06 -0.05 -0.07 10081997 00
 -0.07 -0.06 -0.06 -0.05 -0.04 -0.04 -0.04 -0.04 -0.04 -0.04 -0.04 -0.05 10081997 12
 -0.05 -0.02 -0.02 -0.01 -0.02 -0.02 -0.01  0.00 -0.01 -0.00  0.01  0.02 11081997 00
  0.02  0.02  0.02  0.02  0.01  0.01  0.01  0.01  0.00 -0.01 -0.01 -0.00 11081997 12
  0.00 -0.01 -0.04 -0.05 -0.05 -0.04 -0.03 -0.02 -0.02 -0.02 -0.02 -0.01 12081997 00
 -0.01 -0.03 -0.05 -0.06 -0.08 -0.08 -0.08 -0.08 -0.09 -0.09 -0.08 -0.07 12081997 12
 -0.06 -0.07 -0.09 -0.08 -0.08 -0.06 -0.05 -0.05 -0.05 -0.05 -0.05 -0.06 13081997 00
 -0.06 -0.05 -0.06 -0.06 -0.06 -0.05 -0.05 -0.05 -0.06 -0.07 -0.06 -0.06 13081997 12
 -0.05 -0.06 -0.08 -0.10 -0.10 -0.10 -0.10 -0.10 -0.09 -0.09 -0.08 -0.07 14081997 00
 -0.06 -0.07 -0.07 -0.08 -0.09 -0.08 -0.08 -0.07 -0.07 -0.07 -0.06 -0.04 14081997 12
 -0.03 -0.03 -0.04 -0.05 -0.06 -0.07 -0.06 -0.05 -0.05 -0.05 -0.06 -0.07 15081997 00
 -0.07 -0.07 -0.07 -0.07 -0.09 -0.10 -0.10 -0.11 -0.10 -0.10 -0.08 -0.07 15081997 12
 -0.06 -0.07 -0.08 -0.09 -0.08 -0.07 -0.07 -0.06 -0.06 -0.04 -0.04 -0.02 16081997 00
 -0.01 -0.01 -0.02 -0.01 -0.01  0.00  0.01  0.01 -0.00 -0.01  0.00  0.01 16081997 12
  0.01 -0.00 -0.01 -0.02 -0.03 -0.04 -0.06 -0.06 -0.05 -0.05 -0.04 -0.04 17081997 00
 -0.05 -0.05 -0.05 -0.06 -0.06 -0.06 -0.08 -0.08 -0.08 -0.09 -0.08 -0.07 17081997 12
 -0.06 -0.06 -0.06 -0.07 -0.07 -0.07 -0.08 -0.09 -0.10 -0.08 -0.08 -0.06 18081997 00
 -0.05 -0.06 -0.06 -0.07 -0.07 -0.07 -0.06 -0.06 -0.07 -0.05 -0.05 -0.07 18081997 12
 -0.06 -0.06 -0.06 -0.06 -0.07 -0.07 -0.06 -0.06 -0.04 -0.04 -0.03 -0.03 19081997 00
 -0.03 -0.03 -0.04 -0.03 -0.04 -0.04 -0.03 -0.01 -0.01 -0.01 -0.03 -0.02 19081997 12
 -0.02 -0.01 -0.01 -0.01 -0.02 -0.02 -0.02 -0.02  0.00  0.01 -0.00 -0.01 20081997 00
 -0.01 -0.01 -0.01 -0.01 -0.02 -0.02 -0.01 -0.00  0.00  0.01  0.01  0.01 20081997 12
  0.01  0.01  0.01  0.01  0.02  0.02  0.03  0.03  0.03  0.04  0.06  0.06 21081997 00
  0.05  0.04  0.04  0.05  0.06  0.05  0.05  0.06  0.05  0.03  0.01  0.02 21081997 12
  0.02  0.01 -0.00 -0.02 -0.02 -0.02 -0.02 -0.03 -0.04 -0.06 -0.07 -0.07 22081997 00
 -0.07 -0.08 -0.07 -0.07 -0.08 -0.07 -0.06 -0.06 -0.06 -0.06 -0.06 -0.07 22081997 12
 -0.05 -0.04 -0.04 -0.02 -0.01 -0.01 -0.00 -0.00  0.01  0.02  0.04  0.05 23081997 00
  0.04  0.03  0.02  0.02  0.01  0.02  0.02  0.02  0.02  0.01  0.01  0.00 23081997 12
 -0.00 -0.01 -0.00 -0.00 -0.01 -0.01 -0.01 -0.02 -0.02 -0.01 -0.01 -0.00 24081997 00
  0.00 -0.00 -0.01 -0.02 -0.02 -0.02 -0.01 -0.00 -0.00 -0.00 -0.00 -0.01 24081997 12
 -0.00  0.00  0.00  0.01  0.01  0.02  0.02  0.02  0.02  0.03  0.05  0.06 25081997 00
  0.07  0.06  0.06  0.06  0.07  0.08  0.09  0.11  0.11  0.11  0.10  0.09 25081997 12
  0.09  0.10  0.09  0.08  0.08  0.08  0.07  0.05  0.03  0.03  0.05  0.06 26081997 00
  0.05  0.05  0.06  0.08  0.09  0.09  0.11  0.13  0.15  0.18  0.17  0.16 26081997 12
  0.17  0.21  0.28  0.31  0.27  0.23  0.18  0.15  0.15  0.16  0.17  0.23 27081997 00
  0.26  0.25  0.27  0.35  0.34  0.31  0.28  0.29  0.30  0.31  0.30  0.29 27081997 12
  0.28  0.25  0.23  0.23  0.26  0.23  0.19  0.15  0.16  0.18  0.21  0.22 28081997 00
  0.22  0.21  0.21  0.20  0.23  0.27  0.25  0.25  0.24  0.28  0.30  0.32 28081997 12
  0.30  0.28  0.26  0.26  0.26  0.28  0.24  0.22  0.19  0.16  0.16  0.18 29081997 00
  0.17  0.15  0.15  0.13  0.09  0.09  0.12  0.10  0.08  0.05  0.05  0.04 29081997 12
  0.04  0.03  0.03  0.02  0.01  0.02  0.03  0.03  0.02  0.01  0.02  0.03 30081997 00
  0.04  0.04  0.04  0.04  0.03  0.02  0.02  0.03  0.02  0.01 -0.01 -0.03 30081997 12
 -0.04 -0.04 -0.05 -0.05 -0.06 -0.05 -0.04 -0.01  0.01  0.01  0.03  0.06 31081997 00
  0.08  0.08  0.08  0.08  0.07  0.07  0.10  0.13  0.12  0.12  0.12  0.12 31081997 12
  0.13  0.14  0.13  0.13  0.14  0.14  0.14  0.15  0.14  0.10  0.09  0.06 01091997 00
  0.04  0.03  0.01 -0.02 -0.02 -0.04 -0.05 -0.05 -0.04 -0.04 -0.05 -0.05 01091997 12
 -0.04 -0.04 -0.04 -0.04 -0.04 -0.03 -0.02  0.01  0.03  0.04  0.04  0.06 02091997 00
  0.08  0.10  0.13  0.14  0.15  0.17  0.17  0.19  0.19  0.16  0.13  0.11 02091997 12
  0.09  0.09  0.09  0.09  0.09  0.11  0.12  0.16  0.23  0.23  0.24  0.24 03091997 00
  0.23  0.24  0.32  0.35  0.33  0.34  0.33  0.26  0.19  0.13  0.08  0.09 03091997 12
  0.03  0.02  0.03  0.01  0.02  0.04  0.06  0.08  0.11  0.13  0.12  0.13 04091997 00
  0.12  0.11  0.12  0.12  0.10  0.10  0.11  0.09  0.08  0.07  0.07  0.07 04091997 12
  0.09  0.07  0.06  0.06  0.05  0.06  0.07  0.06  0.04  0.03  0.01  0.02 05091997 00
  0.00 -0.01 -0.02 -0.02 -0.03 -0.02 -0.01 -0.00 -0.00 -0.01 -0.02 -0.03 05091997 12
 -0.03 -0.03 -0.03 -0.04 -0.05 -0.05 -0.04 -0.04 -0.05 -0.06 -0.06 -0.04 06091997 00
 -0.03 -0.01  0.00  0.01  0.03  0.03  0.02  0.03  0.03  0.01 -0.01 -0.03 06091997 12
 -0.03 -0.03 -0.04 -0.07 -0.10 -0.09 -0.09 -0.09 -0.11 -0.12 -0.14 -0.14 07091997 00
 -0.15 -0.14 -0.12 -0.12 -0.14 -0.14 -0.13 -0.12 -0.12 -0.11 -0.10 -0.10 07091997 12
 -0.10 -0.09 -0.07 -0.06 -0.07 -0.08 -0.08 -0.07 -0.06 -0.07 -0.09 -0.10 08091997 00
 -0.10 -0.11 -0.11 -0.10 -0.10 -0.10 -0.10 -0.10 -0.10 -0.09 -0.10 -0.13 08091997 12
 -0.14 -0.13 -0.12 -0.11 -0.11 -0.10 -0.10 -0.10 -0.12 -0.13 -0.13 -0.15 09091997 00
 -0.15 -0.15 -0.16 -0.15 -0.15 -0.15 -0.16 -0.14 -0.15 -0.15 -0.14 -0.15 09091997 12
 -0.18 -0.19 -0.19 -0.17 -0.17 -0.16 -0.15 -0.13 -0.12 -0.11 -0.09 -0.06 10091997 00
 -0.06 -0.07 -0.08 -0.08 -0.07 -0.08 -0.07 -0.08 -0.09 -0.09 -0.08 -0.07 10091997 12
 -0.05 -0.06 -0.06 -0.07 -0.06 -0.04 -0.02 -0.01  0.00  0.01  0.02  0.04 11091997 00
  0.05  0.06  0.06  0.06  0.07  0.08  0.10  0.12  0.13  0.13  0.14  0.14 11091997 12
  0.16  0.16  0.18  0.18  0.16  0.15  0.13  0.14  0.12  0.12  0.12  0.13 12091997 00
  0.11  0.10  0.10  0.11  0.11  0.14  0.16  0.18  0.20  0.21  0.20  0.18 12091997 12
  0.16  0.14  0.09  0.02 -0.00 -0.02 -0.02 -0.02 -0.02 -0.02  0.01  0.05 13091997 00
  0.07  0.10  0.12  0.11  0.11  0.10  0.09  0.10  0.07  0.03 -0.01 -0.03 13091997 12
 -0.04 -0.03 -0.03 -0.04 -0.04 -0.03 -0.03 -0.01  0.01  0.02  0.03  0.03 14091997 00
  0.03  0.02  0.02  0.01  0.00  0.00 -0.00  0.00  0.01  0.01  0.04  0.09 14091997 12
  0.12  0.11  0.10  0.11  0.13  0.20  0.24  0.28  0.28  0.32  0.34  0.37 15091997 00
  0.40  0.34  0.33  0.34  0.29  0.23  0.19  0.10  0.08  0.06  0.00 -0.00 15091997 12
  0.01 -0.01 -0.00  0.00 -0.00  0.00  0.04  0.06  0.07  0.07  0.08  0.13 16091997 00
  0.20  0.25  0.22  0.23  0.27  0.29  0.29  0.30  0.28  0.23  0.22  0.15 16091997 12
  0.09  0.11  0.04  0.04  0.03 -0.01 -0.06 -0.11 -0.14 -0.15 -0.13 -0.13 17091997 00
 -0.11 -0.11 -0.12 -0.11 -0.12 -0.12 -0.12 -0.11 -0.09 -0.10 -0.08 -0.08 17091997 12
 -0.07 -0.06 -0.08 -0.07 -0.08 -0.08 -0.08 -0.08 -0.11 -0.11 -0.11 -0.10 18091997 00
 -0.11 -0.10 -0.12 -0.12 -0.12 -0.14 -0.14 -0.13 -0.15 -0.17 -0.17 -0.16 18091997 12
 -0.17 -0.15 -0.16 -0.19 -0.16 -0.18 -0.20 -0.20 -0.23 -0.25 -0.28 -0.24 19091997 00
 -0.23 -0.23 -0.20 -0.23 -0.21 -0.21 -0.23 -0.23 -0.20 -0.21 -0.21 -0.19 19091997 12
 -0.20 -0.21 -0.17 -0.19 -0.18 -0.17 -0.19 -0.20 -0.19 -0.21 -0.21 -0.22 20091997 00
 -0.18 -0.19 -0.17 -0.16 -0.18 -0.14 -0.15 -0.15 -0.13 -0.12 -0.14 -0.13 20091997 12
 -0.14 -0.15 -0.15 -0.14 -0.16 -0.15 -0.14 -0.15 -0.15 -0.14 -0.14 -0.13 21091997 00
 -0.14 -0.14 -0.14 -0.12 -0.12 -0.13 -0.11 -0.11 -0.12 -0.10 -0.10 -0.12 21091997 12
 -0.12 -0.14 -0.14 -0.12 -0.11 -0.12 -0.12 -0.12 -0.13 -0.12 -0.12 -0.13 22091997 00
 -0.12 -0.14 -0.14 -0.13 -0.14 -0.14 -0.13 -0.11 -0.12 -0.13 -0.13 -0.15 22091997 12
 -0.15 -0.17 -0.16 -0.15 -0.14 -0.14 -0.15 -0.14 -0.14 -0.15 -0.14 -0.12 23091997 00
 -0.14 -0.16 -0.17 -0.18 -0.16 -0.14 -0.14 -0.14 -0.13 -0.14 -0.14 -0.12 23091997 12
 -0.12 -0.13 -0.14 -0.14 -0.14 -0.15 -0.14 -0.14 -0.13 -0.13 -0.12 -0.12 24091997 00
 -0.11 -0.14 -0.15 -0.16 -0.16 -0.13 -0.12 -0.11 -0.11 -0.10 -0.10 -0.10 24091997 12
 -0.10 -0.10 -0.13 -0.14 -0.15 -0.14 -0.15 -0.15 -0.15 -0.15 -0.15 -0.16 25091997 00
 -0.16 -0.15 -0.18 -0.21 -0.21 -0.20 -0.18 -0.17 -0.16 -0.18 -0.17 -0.18 25091997 12
 -0.19 -0.18 -0.16 -0.19 -0.21 -0.21 -0.21 -0.19 -0.19 -0.17 -0.17 -0.15 26091997 00
 -0.16 -0.16 -0.16 -0.16 -0.19 -0.17 -0.16 -0.14 -0.14 -0.13 -0.12 -0.11 26091997 12
 -0.11 -0.11 -0.11 -0.09 -0.11 -0.12 -0.11 -0.10 -0.09 -0.09 -0.09 -0.09 27091997 00
 -0.08 -0.07 -0.07 -0.07 -0.07 -0.08 -0.08 -0.07 -0.06 -0.05 -0.05 -0.05 27091997 12
 -0.04 -0.04 -0.05 -0.05 -0.05 -0.06 -0.06 -0.05 -0.04 -0.03 -0.02 -0.00 28091997 00
  0.01  0.01 -0.00  0.01  0.03  0.07  0.11  0.12  0.12  0.12  0.14  0.18 28091997 12
  0.22  0.22  0.22  0.22  0.22  0.18  0.13  0.08  0.05  0.03 -0.01 -0.03 29091997 00
 -0.05 -0.07 -0.09 -0.09 -0.10 -0.10 -0.11 -0.12 -0.12 -0.11 -0.10 -0.09 29091997 12
 -0.09 -0.11 -0.10 -0.11 -0.11 -0.11 -0.12 -0.12 -0.11 -0.10 -0.09 -0.07 30091997 00
 -0.06 -0.05 -0.04 -0.04 -0.05 -0.05 -0.03 -0.02 -0.02 -0.03 -0.03 -0.01 30091997 12
  0.01  0.01  0.02  0.02  0.02  0.03  0.04  0.05  0.05  0.05  0.06  0.05 01101997 00
  0.05  0.04  0.01 -0.01 -0.02 -0.03 -0.05 -0.06 -0.08 -0.09 -0.09 -0.09 01101997 12
 -0.08 -0.07 -0.07 -0.06 -0.06 -0.06 -0.07 -0.07 -0.08 -0.07 -0.06 -0.05 02101997 00
 -0.03 -0.02 -0.02 -0.02 -0.03 -0.04 -0.04 -0.05 -0.07 -0.08 -0.07 -0.06 02101997 12
 -0.05 -0.05 -0.06 -0.05 -0.05 -0.05 -0.05 -0.05 -0.05 -0.05 -0.04 -0.03 03101997 00
 -0.03 -0.03 -0.03 -0.03 -0.03 -0.03 -0.03 -0.03 -0.05 -0.06 -0.06 -0.05 03101997 12
 -0.06 -0.06 -0.06 -0.05 -0.04 -0.05 -0.05 -0.04 -0.05 -0.07 -0.06 -0.04 04101997 00
 -0.02 -0.02 -0.01 -0.01 -0.01 -0.00  0.01  0.03  0.02  0.01 -0.01 -0.02 04101997 12
 -0.01 -0.01 -0.00  0.00  0.00  0.00  0.02  0.02  0.03  0.02  0.02  0.03 05101997 00
  0.03  0.03  0.04  0.05  0.05  0.05  0.06  0.08  0.10  0.12  0.14  0.14 05101997 12
  0.15  0.14  0.15  0.17  0.17  0.18  0.21  0.22  0.21  0.21  0.21  0.21 06101997 00
  0.20  0.19  0.18  0.19  0.21  0.20  0.19  0.19  0.17  0.18  0.21  0.23 06101997 12
  0.22  0.21  0.20  0.20  0.21  0.20  0.21  0.23  0.24  0.23  0.26  0.27 07101997 00
  0.26  0.27  0.26  0.27  0.29  0.31  0.29  0.30  0.31  0.30  0.33  0.35 07101997 12
  0.31  0.29  0.26  0.24  0.21  0.21  0.17  0.18  0.18  0.16  0.16  0.20 08101997 00
  0.22  0.23  0.25  0.26  0.26  0.27  0.25  0.24  0.25  0.23  0.19  0.20 08101997 12
  0.21  0.22  0.28  0.32  0.41  0.49  0.53  0.50  0.47  0.40  0.31  0.18 09101997 00
  0.10  0.03  0.04  0.04  0.04  0.07  0.15  0.26  0.37  0.48  0.61  0.72 09101997 12
  0.77  0.77  0.64  0.47  0.32  0.26  0.22  0.18  0.10  0.13  0.13  0.10 10101997 00
  0.10  0.16  0.20  0.24  0.24  0.23  0.20  0.19  0.17  0.14  0.12  0.08 10101997 12
  0.04 -0.01 -0.03 -0.06 -0.04 -0.01  0.02  0.04  0.06  0.09  0.12  0.14 11101997 00
  0.17  0.21  0.23  0.24  0.22  0.21  0.19  0.16  0.11  0.08  0.03  0.00 11101997 12
 -0.04 -0.12 -0.21 -0.31 -0.37 -0.37 -0.35 -0.28 -0.22 -0.15 -0.10 -0.01 12101997 00
  0.04  0.08  0.13  0.15  0.11  0.06  0.01 -0.04 -0.08 -0.14 -0.17 -0.17 12101997 12
 -0.14 -0.10 -0.07 -0.04 -0.01  0.01 -0.01 -0.03 -0.03 -0.04 -0.07 -0.09 13101997 00
 -0.11 -0.11 -0.14 -0.16 -0.22 -0.29 -0.32 -0.30 -0.27 -0.22 -0.20 -0.20 13101997 12
 -0.17 -0.15 -0.15 -0.13 -0.09 -0.08 -0.07 -0.07 -0.08 -0.07 -0.07 -0.08 14101997 00
 -0.08 -0.07 -0.07 -0.07 -0.06 -0.01  0.03  0.06  0.08  0.09  0.10  0.12 14101997 12
  0.14  0.13  0.12  0.11  0.09  0.05  0.02 -0.01 -0.02 -0.04 -0.06 -0.06 15101997 00
 -0.05 -0.05 -0.05 -0.04 -0.04 -0.03 -0.02 -0.01 -0.01  0.00  0.01  0.01 15101997 12
  0.01  0.01  0.02  0.02  0.02  0.04  0.07  0.10  0.11  0.11  0.12  0.13 16101997 00
  0.14  0.17  0.16  0.16  0.16  0.17  0.19  0.25  0.26  0.23  0.21  0.21 16101997 12
  0.19  0.23  0.27  0.23  0.24  0.24  0.23  0.25  0.27  0.24  0.22  0.20 17101997 00
  0.16  0.15  0.19  0.15  0.14  0.14  0.12  0.11  0.13  0.12  0.09  0.09 17101997 12
  0.07  0.05  0.08  0.07  0.06  0.05  0.04  0.02  0.01 -0.01 -0.02 -0.02 18101997 00
 -0.03 -0.04 -0.04 -0.05 -0.05 -0.04 -0.04 -0.04 -0.05 -0.05 -0.04 -0.04 18101997 12
 -0.04 -0.03 -0.03 -0.05 -0.04 -0.03 -0.03 -0.02 -0.03 -0.04 -0.05 -0.04 19101997 00
 -0.04 -0.04 -0.04 -0.05 -0.05 -0.04 -0.05 -0.05 -0.07 -0.11 -0.12 -0.14 19101997 12
 -0.14 -0.15 -0.17 -0.17 -0.21 -0.20 -0.23 -0.25 -0.24 -0.23 -0.27 -0.24 20101997 00
 -0.24 -0.26 -0.24 -0.24 -0.28 -0.26 -0.24 -0.24 -0.25 -0.26 -0.30 -0.27 20101997 12
 -0.25 -0.22 -0.19 -0.16 -0.15 -0.17 -0.15 -0.15 -0.15 -0.11 -0.11 -0.12 21101997 00
 -0.13 -0.12 -0.11 -0.10 -0.09 -0.10 -0.09 -0.08 -0.07 -0.03 -0.01 -0.01 21101997 12
 -0.02 -0.03 -0.04 -0.03 -0.04 -0.04 -0.03 -0.03 -0.03 -0.03 -0.04 -0.05 22101997 00
 -0.06 -0.07 -0.07 -0.07 -0.06 -0.05 -0.04 -0.03 -0.03 -0.04 -0.05 -0.06 22101997 12
 -0.06 -0.05 -0.04 -0.05 -0.05 -0.05 -0.04 -0.04 -0.03 -0.03 -0.04 -0.04 23101997 00
 -0.05 -0.06 -0.07 -0.08 -0.09 -0.09 -0.08 -0.09 -0.09 -0.10 -0.11 -0.11 23101997 12
 -0.11 -0.12 -0.13 -0.13 -0.14 -0.12 -0.12 -0.12 -0.12 -0.11 -0.11 -0.10 24101997 00
 -0.10 -0.11 -0.14 -0.14 -0.13 -0.11 -0.11 -0.11 -0.12 -0.13 -0.13 -0.12 24101997 12
 -0.12 -0.12 -0.14 -0.16 -0.16 -0.16 -0.14 -0.15 -0.14 -0.14 -0.13 -0.13 25101997 00
 -0.12 -0.12 -0.12 -0.15 -0.16 -0.16 -0.15 -0.14 -0.14 -0.13 -0.14 -0.13 25101997 12
 -0.13 -0.13 -0.12 -0.12 -0.14 -0.13 -0.13 -0.12 -0.12 -0.12 -0.12 -0.12 26101997 00
 -0.11 -0.13 -0.13 -0.14 -0.16 -0.18 -0.17 -0.16 -0.13 -0.12 -0.11 -0.11 26101997 12
 -0.11 -0.12 -0.11 -0.11 -0.12 -0.15 -0.16 -0.16 -0.16 -0.16 -0.17 -0.17 27101997 00
 -0.16 -0.15 -0.16 -0.16 -0.15 -0.15 -0.15 -0.15 -0.15 -0.13 -0.12 -0.12 27101997 12
 -0.13 -0.13 -0.14 -0.15 -0.15 -0.17 -0.19 -0.19 -0.19 -0.20 -0.20 -0.19 28101997 00
 -0.19 -0.16 -0.16 -0.16 -0.15 -0.15 -0.16 -0.16 -0.15 -0.16 -0.17 -0.16 28101997 12
 -0.17 -0.16 -0.15 -0.15 -0.14 -0.13 -0.16 -0.18 -0.17 -0.17 -0.15 -0.14 29101997 00
 -0.13 -0.13 -0.12 -0.13 -0.13 -0.11 -0.11 -0.11 -0.12 -0.13 -0.13 -0.11 29101997 12
 -0.09 -0.08 -0.07 -0.07 -0.06 -0.05 -0.08 -0.11 -0.12 -0.11 -0.11 -0.11 30101997 00
 -0.13 -0.15 -0.14 -0.15 -0.17 -0.18 -0.19 -0.21 -0.21 -0.21 -0.21 -0.19 30101997 12
 -0.18 -0.19 -0.18 -0.17 -0.18 -0.18 -0.19 -0.21 -0.21 -0.22 -0.22 -0.20 31101997 00
 -0.19 -0.19 -0.18 -0.17 -0.19 -0.20 -0.19 -0.19 -0.20 -0.19 -0.21 -0.19 31101997 12
 -0.19 -0.19 -0.18 -0.16 -0.17 -0.17 -0.16 -0.16 -0.18 -0.16 -0.18 -0.17 01111997 00
 -0.15 -0.14 -0.15 -0.14 -0.14 -0.15 -0.14 -0.13 -0.13 -0.15 -0.14 -0.15 01111997 12
 -0.13 -0.11 -0.12 -0.11 -0.11 -0.13 -0.13 -0.13 -0.13 -0.12 -0.12 -0.13 02111997 00
 -0.12 -0.11 -0.11 -0.10 -0.10 -0.11 -0.12 -0.11 -0.10 -0.10 -0.11 -0.13 02111997 12
 -0.11 -0.10 -0.10 -0.10 -0.10 -0.11 -0.11 -0.09 -0.09 -0.11 -0.11 -0.11 03111997 00
 -0.11 -0.10 -0.10 -0.13 -0.13 -0.14 -0.14 -0.12 -0.11 -0.09 -0.08 -0.06 03111997 12
 -0.07 -0.06 -0.04 -0.04 -0.04 -0.04 -0.04 -0.03 -0.00  0.01  0.01  0.01 04111997 00
  0.00  0.01  0.01  0.01  0.01  0.01  0.01  0.02  0.06  0.11  0.13  0.12 04111997 12
  0.10  0.09  0.10  0.12  0.14  0.15  0.16  0.17  0.18  0.21  0.22  0.22 05111997 00
  0.22  0.21  0.19  0.20  0.21  0.21  0.22  0.23  0.24  0.23  0.25  0.26 05111997 12
  0.25  0.25  0.23  0.22  0.22  0.23  0.22  0.24  0.26  0.24  0.25  0.27 06111997 00
  0.26  0.26  0.24  0.21  0.19  0.21  0.21  0.23  0.24  0.23  0.20  0.22 06111997 12
  0.23  0.23  0.23  0.21  0.22  0.23  0.24  0.22  0.23  0.23  0.22  0.24 07111997 00
  0.28  0.27  0.27  0.25  0.24  0.23  0.24  0.23  0.24  0.24  0.22  0.21 07111997 12
  0.23  0.25  0.26  0.26  0.24  0.25  0.25  0.24  0.22  0.23  0.24  0.26 08111997 00
  0.26  0.29  0.27  0.27  0.26  0.28  0.29  0.32  0.31  0.32  0.31  0.29 08111997 12
  0.27  0.30  0.34  0.32  0.32  0.31  0.35  0.38  0.40  0.38  0.36  0.34 09111997 00
  0.32  0.30  0.34  0.35  0.34  0.33  0.31  0.31  0.32  0.32  0.32  0.33 09111997 12
  0.31  0.29  0.29  0.32  0.28  0.25  0.23  0.22  0.24  0.29  0.31  0.31 10111997 00
  0.34  0.34  0.31  0.32  0.36  0.35  0.34  0.30  0.30  0.28  0.28  0.25 10111997 12
  0.26  0.25  0.24  0.24  0.27  0.25  0.23  0.23  0.22  0.24  0.26  0.26 11111997 00
  0.24  0.25  0.24  0.21  0.21  0.24  0.23  0.22  0.20  0.19  0.18  0.19 11111997 12
  0.17  0.17  0.17  0.15  0.15  0.17  0.15  0.16  0.15  0.14  0.14  0.14 12111997 00
  0.13  0.12  0.13  0.13  0.12  0.12  0.13  0.13  0.12  0.10  0.10  0.10 12111997 12
  0.10  0.09  0.09  0.09  0.09  0.09  0.11  0.12  0.12  0.13  0.11  0.10 13111997 00
  0.11  0.11  0.11  0.11  0.11  0.10  0.11  0.11  0.11  0.10  0.10  0.09 13111997 12
  0.10  0.10  0.09  0.10  0.09  0.09  0.13  0.17  0.16  0.19  0.20  0.19 14111997 00
  0.21  0.26  0.24  0.26  0.28  0.27  0.23  0.19  0.17  0.13  0.13  0.09 14111997 12
  0.04  0.06  0.05  0.05  0.05  0.05  0.05  0.08  0.09  0.09  0.09  0.11 15111997 00
  0.11  0.13  0.14  0.12  0.11  0.12  0.13  0.16  0.20  0.18  0.18  0.18 15111997 12
  0.19  0.20  0.26  0.24  0.24  0.25  0.27  0.32  0.40  0.42  0.37  0.37 16111997 00
  0.35  0.30  0.38  0.38  0.36  0.36  0.33  0.28  0.28  0.25  0.22  0.20 16111997 12
  0.17  0.13  0.10  0.13  0.08  0.09  0.10  0.10  0.13  0.20  0.18  0.16 17111997 00
  0.16  0.20  0.27  0.37  0.37  0.36  0.33  0.33  0.41  0.57  0.54  0.47 17111997 12
  0.37  0.33  0.33  0.44  0.45  0.37  0.34  0.31  0.29  0.35  0.36  0.34 18111997 00
  0.36  0.33  0.32  0.38  0.39  0.34  0.34  0.33  0.30  0.30  0.33  0.30 18111997 12
  0.29  0.25  0.21  0.21  0.24  0.24  0.25  0.27  0.26  0.26  0.29  0.30 19111997 00
  0.28  0.27  0.24  0.27  0.34  0.37  0.35  0.35  0.34  0.31  0.33  0.35 19111997 12
  0.31  0.27  0.23  0.21  0.22  0.26  0.27  0.27  0.27  0.26  0.27  0.33 20111997 00
  0.34  0.33  0.32  0.30  0.29  0.29  0.26  0.26  0.28  0.29  0.27  0.29 20111997 12
  0.29  0.24  0.22  0.18  0.18  0.19  0.19  0.16  0.15  0.14  0.12  0.10 21111997 00
  0.11  0.09  0.09  0.08  0.06  0.05  0.06  0.06  0.06  0.08  0.08  0.09 21111997 12
  0.10  0.10  0.09  0.09  0.08  0.08  0.07  0.06  0.05  0.04  0.03  0.02 22111997 00
  0.02  0.01  0.00  0.00 -0.01 -0.01  0.00  0.02  0.02  0.01  0.00 -0.01 22111997 12
 -0.01 -0.01 -0.02 -0.03 -0.04 -0.04 -0.04 -0.03 -0.04 -0.04 -0.03  0.00 23111997 00
  0.02  0.05  0.07  0.08  0.09  0.11  0.14  0.15  0.17  0.17  0.13  0.10 23111997 12
  0.08  0.05  0.04  0.05  0.04  0.03  0.05  0.09  0.13  0.17  0.21  0.21 24111997 00
  0.19  0.16  0.16  0.15  0.14  0.11  0.09  0.06  0.05  0.02  0.01 -0.00 24111997 12
 -0.00  0.00  0.02  0.06  0.10  0.12  0.12  0.10  0.09  0.09  0.09  0.10 25111997 00
  0.10  0.11  0.10  0.08  0.07  0.08  0.09  0.10  0.09  0.09  0.10  0.12 25111997 12
  0.12  0.10  0.09  0.08  0.08  0.11  0.10  0.08  0.06  0.04  0.03  0.03 26111997 00
  0.03  0.04  0.05  0.03  0.02  0.03  0.04  0.04  0.03  0.04  0.04  0.04 26111997 12
  0.03  0.01 -0.00 -0.01 -0.00  0.02  0.04  0.04  0.04  0.04  0.03  0.03 27111997 00
  0.05  0.05  0.06  0.07  0.07  0.08  0.08  0.08  0.08  0.07  0.05  0.03 27111997 12
  0.04  0.04  0.04  0.03  0.02  0.01  0.02  0.05  0.05  0.05  0.06  0.06 28111997 00
  0.07  0.09  0.11  0.12  0.14  0.15  0.16  0.16  0.15  0.14  0.14  0.15 28111997 12
  0.16  0.18  0.19  0.20  0.20  0.17  0.17  0.17  0.18  0.17  0.15  0.13 29111997 00
  0.11  0.12  0.11  0.12  0.12  0.11  0.08  0.07  0.05  0.05  0.05  0.03 29111997 12
 -0.00 -0.01 -0.02 -0.02 -0.03 -0.04 -0.06 -0.08 -0.08 -0.09 -0.08 -0.07 30111997 00
 -0.07 -0.08 -0.08 -0.07 -0.07 -0.07 -0.06 -0.06 -0.07 -0.06 -0.06 -0.05 30111997 12
 -0.05 -0.06 -0.06 -0.05 -0.06 -0.06 -0.05 -0.04 -0.04 -0.04 -0.03 -0.03 01121997 00
 -0.01 -0.01 -0.02 -0.01 -0.02 -0.03 -0.03 -0.03 -0.04 -0.05 -0.06 -0.06 01121997 12
 -0.07 -0.08 -0.10 -0.11 -0.10 -0.10 -0.10 -0.09 -0.09 -0.10 -0.09 -0.08 02121997 00
 -0.09 -0.09 -0.10 -0.11 -0.09 -0.09 -0.10 -0.11 -0.14 -0.20 -0.21 -0.19 02121997 12
 -0.17 -0.14 -0.13 -0.15 -0.11 -0.10 -0.09 -0.08 -0.07 -0.08 -0.08 -0.08 03121997 00
 -0.09 -0.09 -0.10 -0.12 -0.12 -0.12 -0.12 -0.13 -0.13 -0.14 -0.15 -0.15 03121997 12
 -0.16 -0.15 -0.13 -0.13 -0.15 -0.14 -0.15 -0.16 -0.15 -0.16 -0.17 -0.16 04121997 00
 -0.15 -0.16 -0.13 -0.13 -0.15 -0.12 -0.12 -0.12 -0.10 -0.09 -0.09 -0.08 04121997 12
 -0.09 -0.08 -0.08 -0.07 -0.07 -0.06 -0.04 -0.03 -0.02 -0.01 -0.01 -0.01 05121997 00
  0.01  0.03  0.04  0.06  0.08  0.10  0.11  0.12  0.13  0.16  0.19  0.22 05121997 12
  0.25  0.28  0.29  0.25  0.26  0.28  0.27  0.25  0.26  0.23  0.18  0.17 06121997 00
  0.15  0.11  0.12  0.10  0.11  0.11  0.12  0.10  0.11  0.12  0.12  0.14 06121997 12
  0.17  0.17  0.16  0.17  0.17  0.21  0.28  0.31  0.31  0.34  0.37  0.40 07121997 00
  0.49  0.53  0.49  0.46  0.41  0.44  0.47  0.48  0.42  0.44  0.43  0.43 07121997 12
  0.47  0.55  0.53  0.48  0.46  0.46  0.51  0.56  0.55  0.51  0.53  0.52 08121997 00
  0.51  0.51  0.52  0.44  0.42  0.37  0.37  0.35  0.36  0.31  0.33  0.31 08121997 12
  0.25  0.21  0.22  0.20  0.16  0.14  0.12  0.15  0.16  0.16  0.16  0.20 09121997 00
  0.24  0.29  0.33  0.37  0.37  0.36  0.34  0.31  0.29  0.29  0.23  0.20 09121997 12
  0.21  0.21  0.21  0.32  0.44  0.47  0.48  0.47  0.48  0.51  0.56  0.54 10121997 00
  0.56  0.60  0.58  0.49  0.43  0.38  0.30  0.25  0.14  0.08  0.05  0.03 10121997 12
  0.02  0.05  0.05  0.11  0.27  0.39  0.42  0.40  0.36  0.35  0.37  0.43 11121997 00
  0.40  0.38  0.37  0.32  0.23  0.17  0.11  0.06  0.01 -0.05 -0.09 -0.13 11121997 12
 -0.14 -0.14 -0.14 -0.16 -0.18 -0.18 -0.18 -0.15 -0.14 -0.13 -0.09 -0.06 12121997 00
 -0.06 -0.04 -0.04 -0.06 -0.05 -0.05 -0.05 -0.04 -0.03 -0.02  0.01  0.00 12121997 12
 -0.02 -0.03 -0.03 -0.04 -0.05 -0.07 -0.08 -0.09 -0.11 -0.11 -0.11 -0.10 13121997 00
 -0.10 -0.11 -0.11 -0.12 -0.13 -0.13 -0.11 -0.11 -0.12 -0.13 -0.14 -0.13 13121997 12
 -0.12 -0.13 -0.12 -0.11 -0.12 -0.12 -0.12 -0.12 -0.12 -0.14 -0.15 -0.15 14121997 00
 -0.12 -0.13 -0.14 -0.13 -0.14 -0.16 -0.17 -0.19 -0.21 -0.21 -0.21 -0.22 14121997 12
 -0.22 -0.20 -0.22 -0.19 -0.20 -0.22 -0.22 -0.21 -0.23 -0.22 -0.23 -0.24 15121997 00
 -0.22 -0.20 -0.24 -0.24 -0.25 -0.26 -0.26 -0.26 -0.30 -0.31 -0.29 -0.29 15121997 12
 -0.31 -0.28 -0.28 -0.31 -0.28 -0.31 -0.32 -0.30 -0.30 -0.28 -0.28 -0.27 16121997 00
 -0.27 -0.26 -0.25 -0.30 -0.27 -0.28 -0.30 -0.30 -0.31 -0.37 -0.33 -0.29 16121997 12
 -0.31 -0.28 -0.24 -0.28 -0.28 -0.25 -0.24 -0.24 -0.22 -0.22 -0.22 -0.24 17121997 00
 -0.25 -0.26 -0.23 -0.21 -0.20 -0.16 -0.15 -0.13 -0.06  0.00  0.01  0.02 17121997 12
 -0.04 -0.06 -0.08 -0.08 -0.09 -0.10 -0.08 -0.05  0.01  0.09  0.16  0.19 18121997 00
  0.17  0.13  0.10  0.10  0.15  0.16  0.17  0.18  0.19  0.22  0.29  0.32 18121997 12
  0.29  0.26  0.23  0.21  0.20  0.20  0.19  0.22  0.22  0.19  0.19  0.20 19121997 00
  0.20  0.21  0.19  0.19  0.18  0.20  0.19  0.20  0.21  0.20  0.19  0.19 19121997 12
  0.18  0.16  0.15  0.12  0.11  0.11  0.11  0.13  0.15  0.14  0.11  0.11 20121997 00
  0.12  0.13  0.13  0.12  0.10  0.10  0.09  0.08  0.09  0.08  0.07  0.06 20121997 12
  0.05  0.04  0.04  0.04  0.04  0.04  0.03  0.03  0.03  0.03  0.03  0.01 21121997 00
  0.01  0.01  0.02  0.02  0.01  0.00  0.01  0.02  0.04  0.05  0.06  0.06 21121997 12
  0.06  0.07  0.08  0.08  0.07  0.06  0.06  0.07  0.07  0.07  0.07  0.07 22121997 00
  0.08  0.08  0.06  0.04  0.02  0.02  0.03  0.04  0.05  0.06  0.06  0.07 22121997 12
  0.09  0.13  0.17  0.18  0.17  0.15  0.15  0.14  0.14  0.13  0.14  0.14 23121997 00
  0.12  0.10  0.11  0.10  0.10  0.14  0.19  0.24  0.30  0.33  0.33  0.30 23121997 12
  0.28  0.26  0.23  0.23  0.16  0.14  0.10  0.09  0.04  0.01 -0.02 -0.02 24121997 00
 -0.01  0.04  0.25  0.57  0.76  0.81  0.80  1.00  1.43  1.82  1.74  1.38 24121997 12
  1.01  0.67  0.40  0.16 -0.01 -0.08 -0.12 -0.11 -0.13 -0.07  0.12  0.37 25121997 00
  0.51  0.58  0.67  0.87  1.01  1.04  0.89  0.72  0.67  0.62  0.62  0.54 25121997 12
  0.46  0.47  0.42  0.32  0.25  0.28  0.25  0.24  0.17  0.13  0.12  0.13 26121997 00
  0.09  0.06  0.04  0.03  0.02  0.03  0.04  0.05  0.07  0.08  0.11  0.12 26121997 12
  0.14  0.16  0.17  0.18  0.17  0.16  0.15  0.14  0.15  0.15  0.14  0.10 27121997 00
  0.09  0.08  0.09  0.09  0.08  0.06  0.06  0.05  0.04  0.03  0.02  0.02 27121997 12
  0.02  0.03  0.03  0.04  0.05  0.07  0.09  0.09  0.11  0.14  0.17  0.20 28121997 00
  0.20  0.20  0.16  0.15  0.13  0.09  0.08  0.08  0.06  0.06  0.04  0.03 28121997 12
  0.03  0.02  0.01  0.02  0.02  0.03  0.05  0.07  0.07  0.06  0.06  0.07 29121997 00
  0.08  0.11  0.12  0.11  0.11  0.12  0.13  0.15  0.15  0.14  0.12  0.10 29121997 12
  0.09  0.09  0.08  0.07  0.09  0.11  0.13  0.15  0.17  0.17  0.20  0.20 30121997 00
  0.20  0.23  0.27  0.28  0.30  0.35  0.41  0.53  0.64  0.63  0.55  0.54 30121997 12
  0.47  0.46  0.56  0.53  0.54  0.52  0.41  0.28  0.21  0.14  0.17  0.18 31121997 00
  0.14  0.15  0.15  0.13  0.12  0.13  0.13  0.13  0.15  0.16  0.12  0.10 31121997 12
