Parameter Z: CS3 Location ( 52, 86) Lat 53.500 Lon -3.417
  0.13  0.11  0.08  0.08  0.08  0.08  0.08  0.06  0.03  0.02  0.01  0.02 01011994 00
  0.02  0.01 -0.01 -0.02 -0.02 -0.01 -0.01 -0.03 -0.01  0.09  0.21  0.25 01011994 12
  0.24  0.23  0.30  0.48  0.60  0.54  0.48  0.45  0.44  0.42  0.42  0.37 02011994 00
  0.36  0.34  0.28  0.23  0.25  0.23  0.25  0.27  0.24  0.21  0.24  0.24 02011994 12
  0.19  0.18  0.13  0.12  0.15  0.17  0.16  0.18  0.19  0.18  0.21  0.28 03011994 00
  0.33  0.34  0.33  0.31  0.34  0.38  0.39  0.40  0.39  0.35  0.29  0.26 03011994 12
  0.20  0.18  0.20  0.19  0.24  0.28  0.29  0.28  0.29  0.28  0.24  0.21 04011994 00
  0.19  0.17  0.17  0.16  0.18  0.18  0.18  0.16  0.18  0.18  0.20  0.22 04011994 12
  0.23  0.25  0.25  0.28  0.32  0.41  0.43  0.41  0.38  0.40  0.40  0.34 05011994 00
  0.31  0.33  0.32  0.36  0.38  0.41  0.45  0.50  0.48  0.46  0.41  0.37 05011994 12
  0.33  0.34  0.33  0.28  0.25  0.21  0.22  0.24  0.25  0.24  0.28  0.30 06011994 00
  0.31  0.33  0.36  0.32  0.31  0.30  0.29  0.26  0.26  0.22  0.23  0.21 06011994 12
  0.18  0.16  0.19  0.20  0.19  0.19  0.17  0.17  0.15  0.16  0.14  0.13 07011994 00
  0.13  0.12  0.09  0.08  0.08  0.08  0.07  0.06  0.05  0.05  0.06  0.06 07011994 12
  0.07  0.06  0.05  0.06  0.10  0.11  0.10  0.09  0.08  0.09  0.11  0.12 08011994 00
  0.12  0.13  0.14  0.13  0.15  0.18  0.18  0.16  0.13  0.14  0.14  0.17 08011994 12
  0.15  0.15  0.14  0.13  0.14  0.17  0.17  0.16  0.14  0.12  0.14  0.17 09011994 00
  0.19  0.20  0.19  0.15  0.18  0.36  0.49  0.43  0.31  0.29  0.37  0.51 09011994 12
  0.56  0.45  0.45  0.45  0.41  0.39  0.40  0.36  0.33  0.29  0.24  0.22 10011994 00
  0.23  0.18  0.14  0.14  0.14  0.16  0.21  0.21  0.19  0.19  0.19  0.19 10011994 12
  0.19  0.20  0.19  0.20  0.21  0.20  0.19  0.17  0.16  0.17  0.19  0.21 11011994 00
  0.25  0.29  0.28  0.26  0.30  0.36  0.39  0.39  0.37  0.38  0.36  0.29 11011994 12
  0.24  0.22  0.17  0.13  0.13  0.11  0.07  0.16  0.34  0.51  0.61  0.59 12011994 00
  0.53  0.51  0.52  0.47  0.51  0.51  0.48  0.52  0.57  0.55  0.51  0.51 12011994 12
  0.47  0.44  0.49  0.46  0.51  0.56  0.51  0.45  0.50  0.51  0.50  0.48 13011994 00
  0.41  0.43  0.50  0.46  0.50  0.57  0.58  0.56  0.56  0.54  0.50  0.50 13011994 12
  0.41  0.31  0.30  0.30  0.22  0.24  0.23  0.20  0.18  0.17  0.16  0.13 14011994 00
  0.13  0.07  0.06  0.09  0.07  0.08  0.08  0.07  0.07  0.08  0.07  0.06 14011994 12
  0.05  0.05  0.04  0.04  0.05  0.05  0.07  0.07  0.05  0.05  0.04  0.04 15011994 00
  0.04  0.03  0.03  0.02  0.01  0.00 -0.01 -0.03 -0.04 -0.06 -0.08 -0.08 15011994 12
 -0.08 -0.09 -0.08 -0.08 -0.09 -0.08 -0.08 -0.09 -0.08 -0.10 -0.10 -0.08 16011994 00
 -0.06 -0.04 -0.02 -0.01 -0.01 -0.02 -0.02 -0.01 -0.01 -0.05 -0.12 -0.18 16011994 12
 -0.18 -0.17 -0.14 -0.15 -0.18 -0.20 -0.18 -0.18 -0.21 -0.22 -0.23 -0.21 17011994 00
 -0.20 -0.17 -0.15 -0.13 -0.11 -0.10 -0.10 -0.10 -0.10 -0.07 -0.04 -0.04 17011994 12
 -0.04 -0.03 -0.01  0.02  0.08  0.10  0.08  0.11  0.19  0.27  0.29  0.28 18011994 00
  0.29  0.30  0.32  0.30  0.33  0.35  0.32  0.29  0.34  0.32  0.20  0.06 18011994 12
 -0.06 -0.20 -0.22 -0.22 -0.21 -0.19 -0.18 -0.13 -0.08 -0.01  0.09  0.17 19011994 00
  0.16  0.11  0.08  0.07  0.06 -0.00 -0.07 -0.10 -0.06 -0.03 -0.04 -0.11 19011994 12
 -0.14 -0.10 -0.02  0.04  0.08  0.12  0.12  0.10  0.06  0.04  0.03  0.00 20011994 00
 -0.06 -0.11 -0.15 -0.17 -0.17 -0.18 -0.17 -0.13 -0.08 -0.05 -0.04 -0.02 20011994 12
  0.01  0.00  0.00  0.01  0.04  0.06  0.05  0.06  0.10  0.14  0.17  0.19 21011994 00
  0.19  0.17  0.11  0.07  0.01 -0.02 -0.09 -0.13 -0.16 -0.16 -0.14 -0.12 21011994 12
 -0.14 -0.14 -0.14 -0.12 -0.09 -0.06 -0.02  0.04  0.08  0.08  0.08  0.09 22011994 00
  0.12  0.11  0.06 -0.02 -0.04 -0.08 -0.10 -0.10 -0.13 -0.14 -0.10 -0.05 22011994 12
  0.01  0.12  0.32  0.58  0.82  0.88  0.71  0.54  0.41  0.25  0.06 -0.09 23011994 00
 -0.06 -0.03 -0.14 -0.30 -0.43 -0.46 -0.42 -0.34 -0.21 -0.08  0.06  0.08 23011994 12
  0.08  0.03  0.01  0.05  0.04  0.01 -0.01  0.01  0.02  0.01 -0.01 -0.01 24011994 00
  0.00  0.02  0.03  0.01 -0.01 -0.02  0.00  0.04  0.11  0.18  0.24  0.25 24011994 12
  0.25  0.25  0.25  0.28  0.32  0.34  0.33  0.28  0.30  0.27  0.25  0.23 25011994 00
  0.24  0.21  0.23  0.28  0.35  0.34  0.29  0.26  0.29  0.40  0.45  0.54 25011994 12
  0.60  0.64  0.64  0.60  0.44  0.22  0.01 -0.09 -0.18 -0.18 -0.17 -0.14 26011994 00
 -0.14 -0.16 -0.14 -0.07  0.07  0.26  0.42  0.52  0.62  0.70  0.71  0.66 26011994 12
  0.58  0.57  0.51  0.60  0.67  0.58  0.43  0.38  0.41  0.46  0.50  0.39 27011994 00
  0.35  0.37  0.40  0.52  0.67  0.68  0.62  0.62  0.61  0.51  0.45  0.32 27011994 12
  0.22  0.14  0.07 -0.02  0.01 -0.01 -0.06 -0.13 -0.22 -0.25 -0.20 -0.13 28011994 00
 -0.07 -0.05 -0.09 -0.06 -0.07 -0.12 -0.16 -0.19 -0.22 -0.21 -0.18 -0.18 28011994 12
 -0.17 -0.13 -0.09 -0.07 -0.04 -0.00  0.06  0.16  0.24  0.24  0.22  0.21 29011994 00
  0.21  0.17  0.19  0.23  0.25  0.28  0.26  0.21  0.22  0.27  0.27  0.33 29011994 12
  0.34  0.24  0.18  0.20  0.13  0.15  0.13  0.07 -0.01 -0.07 -0.08 -0.07 30011994 00
 -0.05 -0.03 -0.01  0.01  0.01  0.01  0.01  0.00 -0.01 -0.03 -0.06 -0.06 30011994 12
 -0.06 -0.05 -0.05 -0.04 -0.04 -0.05 -0.06 -0.06 -0.05 -0.03 -0.02 -0.01 31011994 00
 -0.01  0.00  0.00 -0.00  0.00  0.01  0.03  0.04  0.05  0.09  0.15  0.16 31011994 12
  0.16  0.16  0.17  0.19  0.28  0.33  0.34  0.35  0.39  0.48  0.69  0.88 01021994 00
  0.91  0.82  0.68  0.59  0.59  0.46  0.34  0.42  0.41  0.28  0.14 -0.00 01021994 12
 -0.09 -0.08 -0.06 -0.06 -0.02  0.00  0.01  0.01  0.00 -0.01 -0.00 -0.00 02021994 00
 -0.02 -0.05 -0.05 -0.04 -0.03 -0.04 -0.04 -0.02 -0.01 -0.01 -0.01 -0.01 02021994 12
  0.01  0.04  0.03 -0.03 -0.06 -0.02  0.04  0.04 -0.01 -0.09 -0.11  0.03 03021994 00
  0.17  0.20  0.09 -0.05 -0.07  0.09  0.26  0.26  0.26  0.28  0.31  0.39 03021994 12
  0.58  0.73  0.65  0.41  0.28  0.28  0.31  0.32  0.28  0.35  0.42  0.43 04021994 00
  0.44  0.49  0.46  0.33  0.24  0.19  0.21  0.22  0.23  0.20  0.19  0.15 04021994 12
  0.11  0.14  0.19  0.15  0.11  0.08  0.07  0.07  0.11  0.15  0.19  0.22 05021994 00
  0.21  0.18  0.16  0.15  0.13  0.13  0.09  0.07  0.05  0.06  0.09  0.11 05021994 12
  0.11  0.11  0.10  0.14  0.21  0.25  0.25  0.21  0.21  0.23  0.25  0.22 06021994 00
  0.20  0.17  0.12  0.08  0.08  0.07  0.07  0.09  0.11  0.14  0.15  0.16 06021994 12
  0.15  0.15  0.13  0.12  0.12  0.14  0.14  0.12  0.08  0.07  0.07  0.08 07021994 00
  0.07  0.06  0.05  0.04  0.02  0.03  0.03  0.03  0.03  0.03  0.05  0.05 07021994 12
  0.04  0.03  0.02  0.02  0.02  0.03  0.02  0.02  0.01  0.01  0.01  0.02 08021994 00
  0.02  0.04  0.05  0.06  0.09  0.15  0.21  0.23  0.23  0.20  0.14  0.08 08021994 12
  0.04  0.03  0.02  0.04  0.04  0.02  0.00 -0.01 -0.01  0.01  0.02  0.03 09021994 00
  0.05  0.06  0.07  0.06  0.04  0.02 -0.03 -0.06 -0.10 -0.11 -0.13 -0.15 09021994 12
 -0.14 -0.15 -0.14 -0.14 -0.14 -0.14 -0.13 -0.12 -0.12 -0.13 -0.12 -0.09 10021994 00
 -0.07 -0.07 -0.07 -0.08 -0.09 -0.08 -0.07 -0.05 -0.05 -0.04 -0.06 -0.06 10021994 12
 -0.05 -0.04 -0.05 -0.05 -0.05 -0.05 -0.03 -0.02 -0.04 -0.06 -0.07 -0.09 11021994 00
 -0.12 -0.12 -0.12 -0.11 -0.13 -0.14 -0.15 -0.14 -0.15 -0.14 -0.16 -0.14 11021994 12
 -0.13 -0.12 -0.12 -0.15 -0.13 -0.13 -0.13 -0.12 -0.13 -0.14 -0.14 -0.13 12021994 00
 -0.13 -0.12 -0.11 -0.10 -0.08 -0.08 -0.09 -0.09 -0.10 -0.13 -0.15 -0.15 12021994 12
 -0.16 -0.17 -0.16 -0.16 -0.14 -0.14 -0.15 -0.16 -0.16 -0.15 -0.16 -0.14 13021994 00
 -0.16 -0.16 -0.15 -0.17 -0.15 -0.17 -0.20 -0.23 -0.24 -0.24 -0.21 -0.24 13021994 12
 -0.25 -0.26 -0.22 -0.21 -0.22 -0.18 -0.19 -0.22 -0.20 -0.19 -0.20 -0.18 14021994 00
 -0.19 -0.21 -0.21 -0.24 -0.27 -0.25 -0.25 -0.26 -0.24 -0.23 -0.24 -0.21 14021994 12
 -0.20 -0.22 -0.19 -0.16 -0.15 -0.11 -0.11 -0.11 -0.08 -0.03  0.00  0.03 15021994 00
  0.02  0.03  0.04  0.02  0.02  0.01  0.01  0.02  0.02 -0.00 -0.02 -0.02 15021994 12
 -0.04 -0.04 -0.05 -0.07 -0.08 -0.09 -0.09 -0.09 -0.10 -0.09 -0.07 -0.06 16021994 00
 -0.06 -0.07 -0.08 -0.10 -0.10 -0.11 -0.11 -0.11 -0.11 -0.12 -0.13 -0.14 16021994 12
 -0.14 -0.14 -0.14 -0.13 -0.11 -0.10 -0.09 -0.09 -0.10 -0.10 -0.07 -0.05 17021994 00
 -0.03 -0.03 -0.04 -0.04 -0.02 -0.00  0.00 -0.01 -0.03 -0.03 -0.01  0.01 17021994 12
  0.02  0.01 -0.01 -0.02 -0.00  0.01  0.01  0.00 -0.01 -0.03 -0.03 -0.02 18021994 00
 -0.02 -0.03 -0.04 -0.06 -0.07 -0.08 -0.11 -0.13 -0.14 -0.14 -0.13 -0.10 18021994 12
 -0.09 -0.10 -0.13 -0.14 -0.11 -0.07 -0.04 -0.05 -0.08 -0.10 -0.09 -0.07 19021994 00
 -0.01  0.02  0.03  0.00  0.01  0.03  0.04  0.03  0.01  0.02  0.04  0.05 19021994 12
  0.05  0.04 -0.00 -0.03 -0.04 -0.03 -0.04 -0.07 -0.11 -0.11 -0.09 -0.06 20021994 00
 -0.04 -0.03 -0.07 -0.11 -0.11 -0.10 -0.09 -0.10 -0.10 -0.07 -0.02  0.01 20021994 12
  0.01  0.02  0.01 -0.01  0.00 -0.01 -0.03 -0.06 -0.08 -0.09 -0.08 -0.07 21021994 00
 -0.06 -0.05 -0.04 -0.02  0.00  0.03  0.04  0.05  0.06  0.06  0.06  0.06 21021994 12
  0.05  0.03  0.01 -0.01 -0.02 -0.02 -0.03 -0.03 -0.04 -0.03 -0.01  0.01 22021994 00
  0.02  0.02  0.02  0.00  0.02  0.08  0.13  0.12  0.06 -0.01 -0.07 -0.06 22021994 12
 -0.06 -0.07 -0.07 -0.10 -0.09 -0.05 -0.01 -0.02 -0.03  0.01  0.05  0.08 23021994 00
  0.10  0.12  0.11  0.10  0.08  0.10  0.12  0.11  0.09  0.06  0.05  0.06 23021994 12
  0.06  0.05  0.04  0.02  0.01  0.04  0.07  0.07  0.07  0.07  0.07  0.08 24021994 00
  0.08  0.07  0.06  0.05  0.05  0.05  0.05  0.07  0.07  0.06  0.05  0.03 24021994 12
  0.01  0.01 -0.00 -0.00 -0.00 -0.00  0.00  0.01  0.02 -0.00 -0.01 -0.00 25021994 00
  0.01  0.02  0.02 -0.00 -0.01  0.02  0.10  0.21  0.21  0.17  0.14  0.13 25021994 12
  0.11  0.14  0.16  0.16  0.18  0.20  0.19  0.21  0.20  0.19  0.18  0.16 26021994 00
  0.12  0.08  0.08  0.05  0.05  0.05  0.02  0.01  0.02  0.03  0.05  0.06 26021994 12
  0.07  0.10  0.12  0.14  0.15  0.18  0.24  0.33  0.40  0.39  0.30  0.31 27021994 00
  0.29  0.28  0.34  0.29  0.29  0.30  0.28  0.25  0.29  0.28  0.30  0.25 27021994 12
  0.24  0.18  0.14  0.18  0.14  0.18  0.19  0.17  0.15  0.14  0.13  0.14 28021994 00
  0.14  0.11  0.08  0.09  0.07  0.08  0.08  0.07  0.05  0.03  0.02  0.03 28021994 12
  0.06  0.07  0.06  0.04  0.04  0.04  0.03  0.03  0.03  0.04  0.03  0.02 01031994 00
  0.01  0.02  0.00 -0.02 -0.02 -0.02 -0.01 -0.00  0.01  0.05  0.10  0.12 01031994 12
  0.13  0.15  0.15  0.14  0.15  0.12  0.10  0.08  0.05  0.00 -0.03 -0.02 02031994 00
 -0.02 -0.01 -0.01 -0.02 -0.01 -0.00  0.01  0.02  0.03  0.03  0.05  0.06 02031994 12
  0.05  0.06  0.09  0.11  0.18  0.27  0.33  0.36  0.36  0.34  0.33  0.34 03031994 00
  0.31  0.29  0.25  0.17  0.11  0.08 -0.00 -0.02  0.01 -0.02 -0.05 -0.07 03031994 12
 -0.12 -0.15 -0.14 -0.14 -0.11 -0.08 -0.08 -0.05 -0.04 -0.02  0.04  0.12 04031994 00
  0.19  0.23  0.25  0.27  0.28  0.33  0.39  0.39  0.40  0.44  0.44  0.43 04031994 12
  0.47  0.52  0.49  0.50  0.42  0.38  0.36  0.34  0.29  0.29  0.25  0.19 05031994 00
  0.13  0.05 -0.05 -0.06 -0.04 -0.02  0.03  0.06  0.08  0.11  0.14  0.15 05031994 12
  0.15  0.13  0.12  0.06  0.04  0.02  0.01 -0.02 -0.05 -0.05 -0.02 -0.01 06031994 00
  0.02  0.08  0.17  0.22  0.21  0.24  0.23  0.26  0.26  0.27  0.28  0.32 06031994 12
  0.33  0.31  0.30  0.25  0.17  0.09  0.07  0.06  0.07  0.05  0.01 -0.03 07031994 00
 -0.06 -0.09 -0.10 -0.07 -0.04 -0.03 -0.01  0.02  0.08  0.15  0.17  0.18 07031994 12
  0.19  0.19  0.19  0.18  0.13  0.11  0.10  0.14  0.17  0.20  0.22  0.25 08031994 00
  0.28  0.32  0.35  0.35  0.32  0.32  0.30  0.22  0.18  0.11  0.09  0.04 08031994 12
  0.02 -0.01  0.01 -0.02 -0.05 -0.03  0.01  0.04  0.06  0.05  0.05  0.05 09031994 00
  0.06  0.08  0.11  0.13  0.13  0.10  0.08  0.09  0.10  0.12  0.13  0.14 09031994 12
  0.12  0.10  0.10  0.12  0.10  0.04 -0.02 -0.04 -0.06 -0.08 -0.11 -0.12 10031994 00
 -0.12 -0.12 -0.11 -0.11 -0.10 -0.08 -0.05 -0.04 -0.02  0.01  0.03  0.06 10031994 12
  0.07  0.09  0.12  0.14  0.15  0.14  0.11  0.10  0.12  0.14  0.11  0.05 11031994 00
  0.04  0.04  0.05  0.05  0.05  0.05  0.04  0.03  0.02  0.04  0.06  0.06 11031994 12
  0.07  0.08  0.09  0.10  0.12  0.13  0.11  0.08  0.08  0.09  0.10  0.08 12031994 00
  0.07  0.09  0.09  0.07  0.08  0.12  0.18  0.26  0.32  0.38  0.41  0.44 12031994 12
  0.44  0.46  0.55  0.53  0.55  0.60  0.58  0.52  0.53  0.53  0.53  0.53 13031994 00
  0.42  0.32  0.30  0.18  0.17  0.16  0.07 -0.06 -0.15 -0.20 -0.15 -0.09 13031994 12
 -0.06  0.03  0.12  0.19  0.26  0.31  0.38  0.43  0.47  0.49  0.47  0.46 14031994 00
  0.41  0.35  0.34  0.28  0.18  0.18  0.12  0.03 -0.03 -0.05 -0.09 -0.08 14031994 12
 -0.06 -0.06 -0.03 -0.03 -0.02 -0.01  0.00  0.03  0.09  0.12  0.11  0.10 15031994 00
  0.10  0.09  0.10  0.12  0.11  0.11  0.11  0.10  0.06  0.03  0.02  0.05 15031994 12
  0.08  0.08  0.10  0.10  0.11  0.13  0.16  0.20  0.21  0.24  0.27  0.28 16031994 00
  0.27  0.25  0.25  0.25  0.25  0.24  0.29  0.31  0.29  0.22  0.15  0.10 16031994 12
  0.12  0.11  0.10  0.09  0.09  0.09  0.07  0.06  0.06  0.05  0.03 -0.01 17031994 00
 -0.01  0.03  0.02 -0.00 -0.02 -0.02 -0.01  0.01  0.02  0.01 -0.00 -0.01 17031994 12
 -0.01  0.01  0.03  0.05  0.07  0.07  0.07  0.06  0.04  0.02  0.01  0.01 18031994 00
  0.02  0.03  0.05  0.08  0.12  0.16  0.19  0.20  0.22  0.24  0.24  0.24 18031994 12
  0.22  0.19  0.16  0.11  0.08  0.09  0.09  0.07  0.04 -0.01 -0.05 -0.04 19031994 00
 -0.01  0.01  0.03  0.02  0.04  0.06  0.08  0.10  0.11  0.10  0.09  0.08 19031994 12
  0.07  0.07  0.06  0.02  0.00 -0.01 -0.01 -0.03 -0.03 -0.04 -0.03 -0.00 20031994 00
  0.03  0.03  0.03  0.00 -0.01 -0.01  0.00  0.01  0.02  0.02  0.01  0.01 20031994 12
  0.02  0.02  0.00 -0.02 -0.04 -0.05 -0.05 -0.07 -0.09 -0.13 -0.15 -0.16 21031994 00
 -0.15 -0.13 -0.10 -0.09 -0.08 -0.04 -0.01  0.04  0.07  0.09  0.10  0.11 21031994 12
  0.12  0.13  0.18  0.23  0.26  0.31  0.35  0.36  0.36  0.33  0.31  0.30 22031994 00
  0.26  0.22  0.15  0.08  0.00 -0.03 -0.03 -0.02 -0.01  0.02  0.03  0.07 22031994 12
  0.09  0.14  0.24  0.30  0.35  0.35  0.30  0.28  0.28  0.29  0.32  0.38 23031994 00
  0.46  0.50  0.52  0.54  0.55  0.56  0.51  0.45  0.45  0.44  0.42  0.35 23031994 12
  0.29  0.25  0.18  0.10  0.05  0.05 -0.00 -0.00 -0.01  0.00  0.02  0.05 24031994 00
  0.07  0.11  0.12  0.11  0.09  0.09  0.09  0.10  0.11  0.10  0.09  0.07 24031994 12
  0.06  0.08  0.12  0.15  0.15  0.19  0.23  0.23  0.24  0.25  0.26  0.26 25031994 00
  0.27  0.22  0.23  0.21  0.16  0.10  0.07  0.04  0.05  0.03  0.01 -0.04 25031994 12
 -0.06 -0.06 -0.06 -0.07 -0.10 -0.12 -0.13 -0.11 -0.10 -0.09 -0.08 -0.07 26031994 00
 -0.07 -0.07 -0.07 -0.09 -0.09 -0.08 -0.07 -0.07 -0.06 -0.07 -0.05 -0.05 26031994 12
 -0.04 -0.05 -0.04 -0.05 -0.05 -0.03  0.01  0.04  0.04  0.03  0.03  0.03 27031994 00
  0.06  0.11  0.12  0.13  0.15  0.16  0.19  0.27  0.28  0.30  0.26  0.26 27031994 12
  0.20  0.17  0.20  0.14  0.17  0.16  0.13  0.13  0.15  0.16  0.18  0.18 28031994 00
  0.17  0.18  0.21  0.19  0.21  0.23  0.25  0.27  0.31  0.33  0.27  0.30 28031994 12
  0.29  0.22  0.27  0.25  0.26  0.28  0.24  0.17  0.16  0.10  0.08  0.04 29031994 00
  0.05  0.03  0.04  0.04  0.01  0.03  0.04  0.04  0.05  0.07  0.07  0.07 29031994 12
  0.05  0.03  0.02  0.01  0.01  0.02  0.03  0.04  0.06  0.14  0.18  0.18 30031994 00
  0.22  0.26  0.29  0.38  0.43  0.45  0.53  0.65  0.76  0.90  0.87  0.75 30031994 12
  0.63  0.54  0.44  0.49  0.58  0.53  0.59  0.63  0.67  0.76  0.83  0.80 31031994 00
  0.76  0.73  0.63  0.58  0.66  0.51  0.55  0.54  0.43  0.36  0.44  0.50 31031994 12
  0.56  0.55  0.52  0.53  0.54  0.50  0.46  0.48  0.48  0.44  0.43  0.45 01041994 00
  0.43  0.43  0.43  0.37  0.36  0.41  0.39  0.43  0.44  0.39  0.31  0.27 01041994 12
  0.22  0.21  0.25  0.22  0.24  0.23  0.21  0.22  0.24  0.22  0.19  0.18 02041994 00
  0.16  0.15  0.19  0.19  0.18  0.17  0.16  0.15  0.14  0.11  0.07  0.00 02041994 12
 -0.06 -0.10 -0.09 -0.08 -0.07 -0.06 -0.06 -0.05 -0.03 -0.03 -0.01  0.03 03041994 00
  0.12  0.23  0.30  0.32  0.30  0.30  0.31  0.32  0.31  0.32  0.35  0.37 03041994 12
  0.39  0.36  0.35  0.31  0.27  0.19  0.17  0.15  0.17  0.17  0.18  0.15 04041994 00
  0.11  0.06  0.05  0.02 -0.00  0.00  0.04  0.16  0.23  0.25  0.28  0.30 04041994 12
  0.31  0.34  0.38  0.43  0.50  0.51  0.48  0.42  0.30  0.21  0.12  0.07 05041994 00
  0.03 -0.01 -0.05 -0.05 -0.03 -0.04 -0.02  0.02  0.10  0.16  0.21  0.21 05041994 12
  0.18  0.15  0.14  0.10  0.06  0.03  0.01  0.02  0.01 -0.01 -0.03 -0.03 06041994 00
 -0.03 -0.02 -0.02 -0.01  0.01  0.03  0.05  0.07  0.08  0.09  0.10  0.12 06041994 12
  0.13  0.12  0.13  0.15  0.18  0.23  0.27  0.27  0.26  0.23  0.20  0.15 07041994 00
  0.12  0.09  0.12  0.08  0.00 -0.06 -0.10 -0.12 -0.13 -0.12 -0.10 -0.08 07041994 12
 -0.08 -0.05 -0.05 -0.05 -0.03  0.01  0.05  0.08  0.11  0.13  0.19  0.28 08041994 00
  0.37  0.41  0.43  0.45  0.45  0.39  0.38  0.37  0.33  0.31  0.24  0.20 08041994 12
  0.17  0.16  0.14  0.17  0.16  0.12  0.13  0.17  0.15  0.13  0.11  0.09 09041994 00
  0.09  0.13  0.16  0.20  0.23  0.25  0.29  0.30  0.26  0.23  0.19  0.13 09041994 12
  0.07  0.01 -0.04 -0.05 -0.07 -0.13 -0.21 -0.26 -0.26 -0.26 -0.22 -0.18 10041994 00
 -0.15 -0.14 -0.12 -0.11 -0.11 -0.09 -0.05 -0.02 -0.03 -0.05 -0.08 -0.08 10041994 12
 -0.11 -0.11 -0.12 -0.12 -0.12 -0.12 -0.12 -0.11 -0.10 -0.10 -0.11 -0.09 11041994 00
 -0.07 -0.07 -0.07 -0.07 -0.08 -0.09 -0.09 -0.08 -0.08 -0.09 -0.08 -0.08 11041994 12
 -0.08 -0.07 -0.08 -0.07 -0.07 -0.06 -0.05 -0.06 -0.08 -0.10 -0.10 -0.09 12041994 00
 -0.08 -0.09 -0.10 -0.10 -0.09 -0.09 -0.09 -0.11 -0.15 -0.17 -0.18 -0.18 12041994 12
 -0.17 -0.15 -0.17 -0.17 -0.16 -0.19 -0.22 -0.23 -0.26 -0.30 -0.29 -0.30 13041994 00
 -0.27 -0.22 -0.21 -0.24 -0.20 -0.20 -0.21 -0.17 -0.16 -0.18 -0.19 -0.19 13041994 12
 -0.20 -0.16 -0.16 -0.20 -0.18 -0.17 -0.17 -0.15 -0.15 -0.17 -0.17 -0.17 14041994 00
 -0.16 -0.15 -0.15 -0.17 -0.17 -0.16 -0.19 -0.20 -0.20 -0.21 -0.22 -0.21 14041994 12
 -0.21 -0.17 -0.16 -0.18 -0.18 -0.17 -0.17 -0.18 -0.15 -0.17 -0.20 -0.23 15041994 00
 -0.23 -0.23 -0.21 -0.23 -0.25 -0.25 -0.25 -0.26 -0.24 -0.23 -0.25 -0.24 15041994 12
 -0.25 -0.21 -0.17 -0.18 -0.19 -0.20 -0.19 -0.20 -0.21 -0.20 -0.23 -0.25 16041994 00
 -0.26 -0.25 -0.22 -0.22 -0.21 -0.23 -0.21 -0.22 -0.21 -0.19 -0.20 -0.20 16041994 12
 -0.19 -0.18 -0.16 -0.16 -0.15 -0.15 -0.13 -0.13 -0.13 -0.12 -0.13 -0.16 17041994 00
 -0.18 -0.18 -0.18 -0.17 -0.16 -0.17 -0.17 -0.15 -0.15 -0.16 -0.14 -0.13 17041994 12
 -0.13 -0.14 -0.14 -0.12 -0.11 -0.09 -0.08 -0.08 -0.09 -0.10 -0.09 -0.09 18041994 00
 -0.10 -0.10 -0.11 -0.10 -0.09 -0.06 -0.06 -0.05 -0.04 -0.05 -0.04 -0.02 18041994 12
 -0.02 -0.03 -0.03 -0.03 -0.02 -0.01  0.00  0.01  0.03  0.04  0.04  0.04 19041994 00
  0.03  0.02  0.02  0.02  0.01  0.02  0.04  0.06  0.07  0.07  0.07  0.07 19041994 12
  0.07  0.09  0.11  0.11  0.11  0.10  0.10  0.09  0.09  0.09  0.10  0.10 20041994 00
  0.09  0.09  0.10  0.08  0.08  0.09  0.09  0.09  0.09  0.09  0.08  0.09 20041994 12
  0.09  0.08  0.08  0.09  0.08  0.09  0.08  0.06  0.05  0.06  0.08  0.09 21041994 00
  0.10  0.10  0.09  0.09  0.10  0.11  0.12  0.11  0.12  0.12  0.13  0.13 21041994 12
  0.13  0.14  0.14  0.14  0.16  0.17  0.16  0.14  0.11  0.10  0.11  0.11 22041994 00
  0.12  0.14  0.13  0.10  0.11  0.13  0.13  0.11  0.09  0.08  0.11  0.15 22041994 12
  0.14  0.13  0.13  0.12  0.15  0.19  0.19  0.17  0.16  0.16  0.19  0.25 23041994 00
  0.27  0.27  0.28  0.28  0.30  0.34  0.35  0.32  0.30  0.24  0.20  0.20 23041994 12
  0.22  0.19  0.19  0.19  0.21  0.28  0.34  0.32  0.27  0.25  0.22  0.22 24041994 00
  0.24  0.20  0.19  0.20  0.17  0.17  0.20  0.17  0.18  0.17  0.17  0.13 24041994 12
  0.13  0.14  0.11  0.11  0.11  0.10  0.11  0.12  0.10  0.12  0.14  0.15 25041994 00
  0.15  0.16  0.13  0.12  0.12  0.10  0.08  0.09  0.08  0.08  0.11  0.14 25041994 12
  0.18  0.24  0.27  0.29  0.30  0.29  0.26  0.26  0.22  0.23  0.17  0.15 26041994 00
  0.09  0.09  0.11  0.08  0.10  0.11  0.10  0.10  0.08  0.07  0.10  0.11 26041994 12
  0.10  0.12  0.14  0.12  0.12  0.11  0.08  0.04  0.02  0.01  0.01  0.03 27041994 00
  0.02  0.01  0.01  0.00 -0.01 -0.01 -0.00  0.01  0.05  0.04  0.04  0.04 27041994 12
  0.05  0.05  0.06  0.07  0.06  0.07  0.07  0.06  0.06  0.05  0.03  0.03 28041994 00
  0.01 -0.01 -0.01 -0.00 -0.02 -0.02 -0.03 -0.05 -0.07 -0.08 -0.11 -0.12 28041994 12
 -0.12 -0.11 -0.09 -0.09 -0.09 -0.08 -0.09 -0.10 -0.10 -0.10 -0.10 -0.10 29041994 00
 -0.09 -0.08 -0.05 -0.03 -0.02 -0.01 -0.01 -0.00  0.01  0.01 -0.01 -0.03 29041994 12
 -0.05 -0.06 -0.06 -0.07 -0.09 -0.09 -0.09 -0.10 -0.11 -0.12 -0.14 -0.16 30041994 00
 -0.16 -0.16 -0.17 -0.16 -0.15 -0.16 -0.15 -0.15 -0.16 -0.16 -0.16 -0.18 30041994 12
 -0.17 -0.18 -0.17 -0.16 -0.15 -0.16 -0.16 -0.15 -0.16 -0.16 -0.16 -0.15 01051994 00
 -0.14 -0.15 -0.16 -0.14 -0.13 -0.11 -0.10 -0.09 -0.09 -0.10 -0.09 -0.09 01051994 12
 -0.10 -0.10 -0.10 -0.10 -0.09 -0.09 -0.10 -0.10 -0.11 -0.11 -0.12 -0.11 02051994 00
 -0.10 -0.12 -0.15 -0.17 -0.16 -0.13 -0.11 -0.10 -0.09 -0.10 -0.10 -0.09 02051994 12
 -0.08 -0.07 -0.08 -0.08 -0.07 -0.04 -0.00  0.03  0.05  0.07  0.08  0.10 03051994 00
  0.13  0.17  0.22  0.26  0.27  0.26  0.25  0.22  0.24  0.25  0.27  0.28 03051994 12
  0.25  0.23  0.22  0.24  0.22  0.21  0.19  0.18  0.15  0.15  0.15  0.16 04051994 00
  0.17  0.17  0.18  0.19  0.18  0.18  0.15  0.14  0.14  0.11  0.10  0.10 04051994 12
  0.09  0.05  0.00 -0.04 -0.04 -0.06 -0.05 -0.04 -0.01  0.02  0.06  0.10 05051994 00
  0.12  0.14  0.19  0.23  0.26  0.26  0.23  0.20  0.16  0.17  0.16  0.15 05051994 12
  0.11  0.11  0.07  0.01 -0.02 -0.01 -0.01  0.01  0.01  0.02  0.01  0.01 06051994 00
  0.00 -0.01 -0.01 -0.02 -0.03 -0.04 -0.06 -0.06 -0.06 -0.05 -0.03 -0.01 06051994 12
  0.01  0.02  0.03  0.04  0.04  0.05  0.06  0.06  0.06  0.06  0.05  0.04 07051994 00
  0.03  0.02  0.02  0.01 -0.01 -0.01 -0.01 -0.01 -0.01  0.00  0.01  0.02 07051994 12
  0.02  0.03  0.03  0.02  0.02  0.01  0.01  0.01  0.02  0.01  0.01  0.02 08051994 00
  0.03  0.03  0.02  0.02  0.02  0.02  0.03  0.04  0.03  0.02  0.02  0.02 08051994 12
  0.02  0.01 -0.01 -0.01 -0.02 -0.03 -0.04 -0.05 -0.06 -0.07 -0.06 -0.04 09051994 00
 -0.04 -0.05 -0.06 -0.07 -0.07 -0.06 -0.06 -0.06 -0.05 -0.06 -0.06 -0.05 09051994 12
 -0.06 -0.06 -0.06 -0.06 -0.06 -0.05 -0.03 -0.01 -0.00  0.00 -0.00  0.01 10051994 00
  0.03  0.04  0.05  0.04  0.03  0.04  0.05  0.06  0.05  0.04  0.04  0.04 10051994 12
  0.03  0.03  0.01 -0.00 -0.01 -0.01 -0.00 -0.01 -0.02 -0.03 -0.03 -0.02 11051994 00
 -0.01 -0.00 -0.01 -0.02 -0.02 -0.02 -0.01 -0.01 -0.01 -0.00 -0.00 -0.01 11051994 12
 -0.01 -0.01 -0.03 -0.05 -0.06 -0.07 -0.09 -0.09 -0.11 -0.07 -0.03 -0.02 12051994 00
  0.00  0.02  0.04  0.07  0.07  0.05  0.04  0.06  0.06  0.03  0.01 -0.01 12051994 12
 -0.02 -0.04 -0.06 -0.08 -0.08 -0.07 -0.07 -0.07 -0.08 -0.09 -0.08 -0.06 13051994 00
 -0.06 -0.05 -0.05 -0.07 -0.07 -0.07 -0.08 -0.07 -0.08 -0.10 -0.08 -0.08 13051994 12
 -0.07 -0.05 -0.05 -0.07 -0.07 -0.06 -0.07 -0.08 -0.08 -0.10 -0.09 -0.08 14051994 00
 -0.08 -0.06 -0.05 -0.06 -0.05 -0.02 -0.02 -0.02 -0.01  0.00  0.04  0.06 14051994 12
  0.06  0.06  0.05  0.02  0.02  0.02  0.03  0.04  0.03  0.01  0.00  0.01 15051994 00
  0.00 -0.01 -0.01 -0.02 -0.02 -0.02 -0.03 -0.05 -0.06 -0.06 -0.06 -0.05 15051994 12
 -0.05 -0.06 -0.06 -0.07 -0.08 -0.07 -0.05 -0.04 -0.04 -0.04 -0.04 -0.02 16051994 00
 -0.00 -0.00 -0.00 -0.02 -0.02 -0.00 -0.00 -0.01 -0.03 -0.04 -0.04 -0.03 16051994 12
 -0.02 -0.01 -0.02 -0.03 -0.03 -0.02 -0.02 -0.02 -0.03 -0.03 -0.02 -0.01 17051994 00
 -0.01 -0.01 -0.01 -0.01 -0.01 -0.00 -0.01 -0.00 -0.00 -0.01 -0.01 -0.02 17051994 12
 -0.02 -0.01 -0.02 -0.03 -0.03 -0.02 -0.02 -0.02 -0.02 -0.03 -0.02  0.00 18051994 00
  0.01  0.01  0.00 -0.01  0.00  0.01  0.01 -0.01 -0.02 -0.03 -0.03 -0.03 18051994 12
 -0.02 -0.02 -0.02 -0.04 -0.05 -0.03 -0.03 -0.02 -0.02 -0.03 -0.03 -0.02 19051994 00
  0.01  0.02  0.02  0.01  0.00  0.00 -0.01 -0.02 -0.03 -0.03 -0.03 -0.03 19051994 12
 -0.04 -0.03 -0.02 -0.02 -0.02 -0.01 -0.00 -0.00 -0.01 -0.01 -0.01  0.00 20051994 00
  0.01  0.02  0.01  0.01  0.01  0.01 -0.00 -0.02 -0.03 -0.03 -0.03 -0.01 20051994 12
 -0.01 -0.02 -0.03 -0.05 -0.04 -0.01  0.00  0.00 -0.01 -0.02 -0.01 -0.01 21051994 00
 -0.01 -0.00  0.02  0.02  0.02  0.05  0.06  0.06  0.06  0.05  0.05  0.06 21051994 12
  0.07  0.07  0.06  0.04  0.02  0.04  0.05  0.05  0.04  0.02  0.01  0.02 22051994 00
  0.02  0.02  0.01  0.00 -0.00 -0.00  0.00  0.01  0.00  0.00 -0.00 -0.00 22051994 12
  0.01  0.01  0.00 -0.01 -0.01 -0.02 -0.02 -0.02 -0.02 -0.01 -0.01 -0.01 23051994 00
 -0.01 -0.01 -0.01 -0.02 -0.01 -0.00 -0.01 -0.01 -0.02 -0.02 -0.01 -0.01 23051994 12
 -0.02 -0.02 -0.02 -0.03 -0.04 -0.04 -0.05 -0.05 -0.05 -0.04 -0.03 -0.02 24051994 00
 -0.01 -0.01 -0.00 -0.02 -0.02 -0.00  0.01  0.01  0.00 -0.00 -0.00 -0.00 24051994 12
  0.00 -0.00 -0.01 -0.02 -0.02 -0.03 -0.03 -0.03 -0.02 -0.01 -0.01 -0.01 25051994 00
  0.00  0.00  0.00 -0.00  0.00  0.01  0.01  0.01  0.01  0.01  0.00 -0.00 25051994 12
 -0.00 -0.00 -0.01 -0.03 -0.03 -0.04 -0.04 -0.04 -0.04 -0.03 -0.04 -0.04 26051994 00
 -0.03 -0.03 -0.04 -0.05 -0.05 -0.05 -0.05 -0.05 -0.06 -0.07 -0.07 -0.07 26051994 12
 -0.07 -0.05 -0.06 -0.07 -0.06 -0.07 -0.08 -0.08 -0.09 -0.10 -0.10 -0.09 27051994 00
 -0.09 -0.08 -0.09 -0.11 -0.10 -0.10 -0.11 -0.11 -0.10 -0.11 -0.12 -0.09 27051994 12
 -0.10 -0.10 -0.10 -0.11 -0.10 -0.10 -0.10 -0.11 -0.11 -0.13 -0.13 -0.14 28051994 00
 -0.12 -0.11 -0.11 -0.11 -0.12 -0.09 -0.10 -0.11 -0.09 -0.09 -0.10 -0.10 28051994 12
 -0.10 -0.11 -0.10 -0.11 -0.12 -0.10 -0.11 -0.12 -0.13 -0.13 -0.14 -0.14 29051994 00
 -0.15 -0.14 -0.15 -0.14 -0.14 -0.15 -0.14 -0.14 -0.15 -0.14 -0.14 -0.14 29051994 12
 -0.15 -0.15 -0.16 -0.16 -0.16 -0.16 -0.15 -0.16 -0.16 -0.15 -0.14 -0.16 30051994 00
 -0.14 -0.15 -0.14 -0.13 -0.13 -0.14 -0.14 -0.13 -0.13 -0.14 -0.12 -0.10 30051994 12
 -0.10 -0.10 -0.10 -0.09 -0.08 -0.06 -0.07 -0.06 -0.06 -0.07 -0.07 -0.07 31051994 00
 -0.10 -0.10 -0.10 -0.10 -0.10 -0.10 -0.11 -0.11 -0.09 -0.08 -0.07 -0.06 31051994 12
 -0.06 -0.07 -0.07 -0.06 -0.03 -0.01  0.01 -0.00 -0.01 -0.02 -0.01 -0.01 01061994 00
  0.00  0.01  0.02  0.02  0.02  0.03  0.04  0.05  0.05  0.05  0.05  0.06 01061994 12
  0.05  0.05  0.06  0.04  0.04  0.04  0.04  0.04  0.04  0.05  0.07  0.07 02061994 00
  0.08  0.09  0.10  0.10  0.11  0.12  0.14  0.16  0.17  0.19  0.21  0.22 02061994 12
  0.22  0.24  0.25  0.29  0.31  0.32  0.29  0.29  0.28  0.32  0.35  0.37 03061994 00
  0.36  0.35  0.35  0.37  0.37  0.33  0.28  0.21  0.20  0.20  0.19  0.15 03061994 12
  0.13  0.09  0.06  0.04  0.04  0.02  0.02  0.00  0.02  0.03  0.07  0.10 04061994 00
  0.12  0.12  0.13  0.12  0.10  0.07  0.02  0.01  0.01  0.02  0.03  0.06 04061994 12
  0.08  0.08  0.07  0.05  0.03  0.03  0.03  0.05  0.04  0.02 -0.00 -0.02 05061994 00
 -0.04 -0.05 -0.05 -0.04 -0.02  0.00  0.01  0.00  0.01  0.01  0.03  0.05 05061994 12
  0.06  0.06  0.07  0.07  0.05  0.04  0.04  0.04  0.04  0.03  0.03  0.03 06061994 00
  0.04  0.04  0.04  0.05  0.06  0.09  0.10  0.07  0.07  0.07  0.08  0.09 06061994 12
  0.10  0.08  0.08  0.07  0.06  0.02 -0.02 -0.04 -0.04 -0.03 -0.03 -0.02 07061994 00
 -0.03 -0.03 -0.02 -0.02 -0.02 -0.01 -0.01 -0.02 -0.03 -0.02 -0.02 -0.02 07061994 12
 -0.02 -0.03 -0.02 -0.02 -0.03 -0.05 -0.08 -0.10 -0.10 -0.10 -0.10 -0.09 08061994 00
 -0.08 -0.08 -0.08 -0.09 -0.09 -0.08 -0.09 -0.11 -0.13 -0.12 -0.11 -0.08 08061994 12
 -0.07 -0.05 -0.04 -0.02  0.00  0.02  0.02  0.01  0.01  0.01  0.01 -0.00 09061994 00
 -0.01 -0.03 -0.03 -0.03 -0.02 -0.01 -0.04 -0.09 -0.14 -0.14 -0.12 -0.11 09061994 12
 -0.10 -0.12 -0.16 -0.16 -0.17 -0.17 -0.18 -0.20 -0.24 -0.24 -0.24 -0.22 10061994 00
 -0.19 -0.18 -0.20 -0.20 -0.19 -0.20 -0.20 -0.19 -0.21 -0.20 -0.22 -0.21 10061994 12
 -0.18 -0.17 -0.18 -0.18 -0.17 -0.18 -0.18 -0.17 -0.17 -0.20 -0.20 -0.21 11061994 00
 -0.20 -0.20 -0.20 -0.22 -0.20 -0.20 -0.21 -0.20 -0.20 -0.22 -0.23 -0.22 11061994 12
 -0.22 -0.19 -0.19 -0.22 -0.20 -0.20 -0.22 -0.22 -0.21 -0.24 -0.23 -0.24 12061994 00
 -0.23 -0.21 -0.20 -0.22 -0.21 -0.19 -0.20 -0.21 -0.21 -0.22 -0.23 -0.22 12061994 12
 -0.23 -0.21 -0.20 -0.21 -0.21 -0.20 -0.21 -0.21 -0.19 -0.18 -0.19 -0.19 13061994 00
 -0.20 -0.21 -0.18 -0.16 -0.17 -0.14 -0.15 -0.16 -0.15 -0.15 -0.16 -0.14 13061994 12
 -0.14 -0.14 -0.12 -0.13 -0.15 -0.14 -0.12 -0.12 -0.12 -0.14 -0.16 -0.18 14061994 00
 -0.17 -0.19 -0.18 -0.18 -0.17 -0.17 -0.15 -0.15 -0.15 -0.15 -0.16 -0.18 14061994 12
 -0.17 -0.16 -0.14 -0.13 -0.12 -0.10 -0.07 -0.06 -0.04 -0.03 -0.02 -0.02 15061994 00
 -0.03 -0.04 -0.04 -0.05 -0.06 -0.06 -0.08 -0.08 -0.07 -0.07 -0.07 -0.08 15061994 12
 -0.09 -0.07 -0.06 -0.05 -0.05 -0.03 -0.02  0.01  0.01  0.02  0.02  0.01 16061994 00
 -0.00 -0.02 -0.02 -0.03 -0.04 -0.04 -0.05 -0.05 -0.04 -0.04 -0.05 -0.05 16061994 12
 -0.06 -0.05 -0.04 -0.04 -0.05 -0.05 -0.05 -0.04 -0.03 -0.03 -0.02 -0.01 17061994 00
  0.01  0.01  0.02  0.03  0.04  0.06  0.08  0.09  0.11  0.11  0.10  0.10 17061994 12
  0.08  0.08  0.11  0.11  0.11  0.10  0.11  0.10  0.11  0.13  0.17  0.22 18061994 00
  0.24  0.23  0.22  0.20  0.19  0.19  0.15  0.17  0.19  0.20  0.17  0.18 18061994 12
  0.18  0.16  0.16  0.17  0.15  0.16  0.14  0.12  0.09  0.07  0.05  0.06 19061994 00
  0.05  0.03  0.01 -0.00 -0.01 -0.01 -0.01 -0.01  0.01  0.03  0.03  0.03 19061994 12
  0.03  0.04  0.05  0.05  0.07  0.08  0.07  0.06  0.06  0.06  0.07  0.08 20061994 00
  0.08  0.09  0.09  0.08  0.10  0.13  0.13  0.14  0.14  0.15  0.15  0.17 20061994 12
  0.16  0.18  0.19  0.18  0.17  0.18  0.18  0.15  0.16  0.15  0.18  0.22 21061994 00
  0.22  0.19  0.20  0.20  0.20  0.22  0.19  0.16  0.13  0.11  0.11  0.12 21061994 12
  0.12  0.10  0.11  0.11  0.10  0.09  0.08  0.06  0.07  0.07  0.07  0.07 22061994 00
  0.07  0.07  0.08  0.08  0.06  0.03 -0.01 -0.05 -0.07 -0.06 -0.09 -0.10 22061994 12
 -0.11 -0.14 -0.14 -0.14 -0.15 -0.15 -0.15 -0.17 -0.17 -0.16 -0.14 -0.12 23061994 00
 -0.09 -0.11 -0.09 -0.10 -0.11 -0.10 -0.08 -0.07 -0.07 -0.07 -0.07 -0.07 23061994 12
 -0.06 -0.05 -0.06 -0.05 -0.05 -0.04 -0.02  0.00  0.01  0.01  0.01  0.02 24061994 00
  0.02  0.01  0.01  0.02  0.03  0.05  0.06  0.07  0.07  0.07  0.07  0.08 24061994 12
  0.08  0.08  0.09  0.07  0.06  0.07  0.06  0.05  0.05  0.04  0.05  0.05 25061994 00
  0.03  0.01 -0.01 -0.00 -0.00  0.01  0.00 -0.02 -0.03 -0.02 -0.02 -0.03 25061994 12
 -0.02 -0.02 -0.02 -0.03 -0.02 -0.02 -0.02 -0.01  0.01  0.05  0.07  0.11 26061994 00
  0.12  0.13  0.15  0.18  0.23  0.23  0.23  0.22  0.19  0.17  0.17  0.14 26061994 12
  0.14  0.08  0.05  0.06  0.04  0.03  0.04  0.03  0.01  0.01  0.02  0.03 27061994 00
  0.02  0.01 -0.01 -0.02 -0.01 -0.00 -0.01 -0.02 -0.03 -0.04 -0.05 -0.06 27061994 12
 -0.07 -0.07 -0.06 -0.05 -0.04 -0.03 -0.02 -0.02 -0.02 -0.02 -0.02 -0.00 28061994 00
  0.00  0.01  0.02  0.03  0.05  0.07  0.08  0.09  0.09  0.10  0.12  0.15 28061994 12
  0.17  0.15  0.13  0.11  0.11  0.11  0.09  0.09  0.11  0.09  0.05  0.06 29061994 00
  0.07  0.07  0.06  0.02  0.01  0.00 -0.00 -0.02 -0.03 -0.03 -0.06 -0.09 29061994 12
 -0.12 -0.13 -0.13 -0.13 -0.13 -0.12 -0.13 -0.13 -0.13 -0.13 -0.12 -0.11 30061994 00
 -0.12 -0.12 -0.12 -0.13 -0.12 -0.12 -0.11 -0.11 -0.11 -0.11 -0.11 -0.11 30061994 12
 -0.11 -0.12 -0.11 -0.12 -0.11 -0.11 -0.10 -0.10 -0.10 -0.11 -0.11 -0.10 01071994 00
 -0.06 -0.07 -0.08 -0.09 -0.10 -0.08 -0.08 -0.08 -0.08 -0.08 -0.08 -0.09 01071994 12
 -0.07 -0.05 -0.05 -0.05 -0.07 -0.06 -0.05 -0.03 -0.02 -0.01  0.01  0.03 02071994 00
  0.04  0.04  0.03  0.04  0.04  0.04  0.03  0.02  0.02  0.02  0.02  0.03 02071994 12
  0.03  0.02  0.01  0.01  0.02  0.02  0.01  0.00 -0.00 -0.00  0.01  0.03 03071994 00
  0.04  0.04  0.02 -0.01 -0.02 -0.01 -0.00 -0.00 -0.00 -0.01 -0.02 -0.02 03071994 12
 -0.01 -0.01 -0.01 -0.02 -0.02 -0.01 -0.01 -0.00  0.00  0.01  0.02  0.04 04071994 00
  0.04  0.04  0.04  0.05  0.04  0.04  0.03  0.03  0.03  0.03  0.03  0.03 04071994 12
  0.03  0.03  0.03  0.02  0.01  0.00 -0.01 -0.01 -0.01 -0.03 -0.02 -0.01 05071994 00
 -0.02 -0.02 -0.03 -0.02 -0.01 -0.01 -0.01 -0.02 -0.02 -0.01  0.00  0.01 05071994 12
  0.00 -0.01 -0.01 -0.02 -0.02 -0.01 -0.01 -0.01 -0.01 -0.02 -0.01  0.01 06071994 00
  0.03  0.02  0.01 -0.01 -0.00  0.01  0.01  0.01  0.01  0.02  0.01  0.01 06071994 12
  0.01  0.00 -0.00 -0.02 -0.02 -0.03 -0.04 -0.04 -0.04 -0.05 -0.05 -0.04 07071994 00
 -0.04 -0.03 -0.03 -0.04 -0.03 -0.03 -0.02 -0.02 -0.02 -0.02 -0.03 -0.03 07071994 12
 -0.03 -0.04 -0.04 -0.04 -0.04 -0.05 -0.06 -0.07 -0.07 -0.07 -0.06 -0.05 08071994 00
 -0.05 -0.05 -0.05 -0.05 -0.06 -0.06 -0.05 -0.05 -0.05 -0.06 -0.06 -0.05 08071994 12
 -0.04 -0.04 -0.04 -0.04 -0.04 -0.04 -0.02 -0.01 -0.00  0.01  0.02  0.02 09071994 00
  0.02  0.04  0.07  0.08  0.07  0.08  0.08  0.11  0.14  0.14  0.13  0.11 09071994 12
  0.08  0.06  0.06  0.05  0.06  0.07  0.05  0.01 -0.01 -0.03 -0.01 -0.01 10071994 00
 -0.02 -0.00  0.01  0.02  0.01  0.01  0.00 -0.01 -0.02 -0.03 -0.03 -0.03 10071994 12
 -0.04 -0.05 -0.05 -0.05 -0.04 -0.04 -0.04 -0.05 -0.06 -0.06 -0.05 -0.04 11071994 00
 -0.04 -0.03 -0.03 -0.04 -0.03 -0.03 -0.03 -0.04 -0.05 -0.07 -0.07 -0.05 11071994 12
 -0.05 -0.04 -0.03 -0.04 -0.03 -0.02 -0.02 -0.02 -0.03 -0.04 -0.04 -0.02 12071994 00
 -0.02 -0.02 -0.01 -0.02 -0.03 -0.03 -0.04 -0.04 -0.04 -0.04 -0.05 -0.05 12071994 12
 -0.06 -0.07 -0.07 -0.08 -0.09 -0.08 -0.08 -0.08 -0.08 -0.10 -0.11 -0.12 13071994 00
 -0.12 -0.11 -0.11 -0.11 -0.11 -0.11 -0.10 -0.11 -0.11 -0.11 -0.12 -0.12 13071994 12
 -0.11 -0.11 -0.10 -0.10 -0.10 -0.09 -0.08 -0.08 -0.08 -0.08 -0.07 -0.07 14071994 00
 -0.07 -0.07 -0.07 -0.05 -0.03 -0.03 -0.02 -0.02 -0.03 -0.04 -0.04 -0.03 14071994 12
 -0.03 -0.03 -0.04 -0.05 -0.05 -0.05 -0.06 -0.06 -0.06 -0.06 -0.07 -0.08 15071994 00
 -0.09 -0.11 -0.11 -0.12 -0.10 -0.09 -0.10 -0.09 -0.09 -0.10 -0.10 -0.11 15071994 12
 -0.13 -0.13 -0.13 -0.14 -0.14 -0.14 -0.15 -0.14 -0.14 -0.15 -0.15 -0.14 16071994 00
 -0.16 -0.16 -0.16 -0.17 -0.16 -0.14 -0.14 -0.14 -0.13 -0.14 -0.16 -0.15 16071994 12
 -0.14 -0.16 -0.18 -0.18 -0.17 -0.14 -0.14 -0.14 -0.14 -0.12 -0.12 -0.11 17071994 00
 -0.08 -0.09 -0.11 -0.12 -0.12 -0.11 -0.11 -0.11 -0.12 -0.12 -0.13 -0.13 17071994 12
 -0.12 -0.10 -0.10 -0.11 -0.10 -0.10 -0.10 -0.10 -0.10 -0.10 -0.08 -0.07 18071994 00
 -0.06 -0.06 -0.07 -0.10 -0.10 -0.08 -0.07 -0.07 -0.07 -0.08 -0.08 -0.08 18071994 12
 -0.09 -0.09 -0.09 -0.10 -0.10 -0.10 -0.10 -0.09 -0.09 -0.07 -0.07 -0.05 19071994 00
 -0.06 -0.07 -0.07 -0.07 -0.08 -0.08 -0.08 -0.08 -0.07 -0.08 -0.07 -0.07 19071994 12
 -0.07 -0.07 -0.08 -0.07 -0.07 -0.08 -0.08 -0.08 -0.07 -0.06 -0.06 -0.06 20071994 00
 -0.06 -0.06 -0.06 -0.06 -0.05 -0.06 -0.07 -0.06 -0.06 -0.05 -0.05 -0.05 20071994 12
 -0.05 -0.05 -0.05 -0.06 -0.06 -0.05 -0.05 -0.05 -0.05 -0.05 -0.04 -0.03 21071994 00
 -0.03 -0.02 -0.02 -0.02 -0.03 -0.03 -0.04 -0.04 -0.05 -0.05 -0.05 -0.04 21071994 12
 -0.04 -0.04 -0.04 -0.05 -0.06 -0.07 -0.08 -0.09 -0.09 -0.09 -0.09 -0.09 22071994 00
 -0.09 -0.11 -0.10 -0.11 -0.12 -0.12 -0.13 -0.14 -0.14 -0.15 -0.14 -0.12 22071994 12
 -0.10 -0.11 -0.11 -0.12 -0.14 -0.14 -0.13 -0.12 -0.12 -0.11 -0.11 -0.10 23071994 00
 -0.09 -0.07 -0.09 -0.08 -0.07 -0.07 -0.06 -0.06 -0.07 -0.07 -0.07 -0.08 23071994 12
 -0.07 -0.06 -0.08 -0.07 -0.06 -0.06 -0.06 -0.04 -0.03 -0.03 -0.02 -0.01 24071994 00
 -0.01  0.00  0.00  0.00  0.01  0.02  0.02  0.03  0.03  0.02  0.02  0.03 24071994 12
  0.03  0.02  0.01  0.00  0.01  0.02  0.02  0.02  0.03  0.04  0.06  0.07 25071994 00
  0.07  0.06  0.08  0.10  0.11  0.12  0.13  0.15  0.16  0.19  0.18  0.18 25071994 12
  0.16  0.14  0.13  0.14  0.13  0.13  0.14  0.14  0.13  0.17  0.21  0.19 26071994 00
  0.18  0.13  0.08  0.06  0.06  0.02  0.02  0.02 -0.01 -0.02  0.00  0.01 26071994 12
  0.01  0.02  0.01  0.00  0.01  0.01  0.01  0.02  0.01  0.01 -0.00 -0.02 27071994 00
 -0.03 -0.04 -0.04 -0.05 -0.05 -0.05 -0.04 -0.03 -0.03 -0.03 -0.03 -0.03 27071994 12
 -0.03 -0.03 -0.03 -0.03 -0.04 -0.04 -0.04 -0.04 -0.05 -0.05 -0.05 -0.06 28071994 00
 -0.05 -0.05 -0.05 -0.06 -0.06 -0.06 -0.05 -0.04 -0.04 -0.05 -0.06 -0.07 28071994 12
 -0.07 -0.07 -0.07 -0.07 -0.06 -0.06 -0.05 -0.04 -0.05 -0.05 -0.04 -0.03 29071994 00
 -0.02 -0.02 -0.01  0.00  0.01  0.03  0.03  0.04  0.03  0.03  0.03  0.05 29071994 12
  0.06  0.04  0.03  0.02  0.03  0.03  0.04  0.04  0.05  0.05  0.05  0.06 30071994 00
  0.06  0.04  0.05  0.05  0.06  0.08  0.09  0.09  0.08  0.08  0.08  0.08 30071994 12
  0.07  0.06  0.05  0.05  0.04  0.05  0.04  0.05  0.04  0.05  0.05  0.06 31071994 00
  0.06  0.07  0.07  0.07  0.06  0.06  0.06  0.07  0.06  0.07  0.07  0.08 31071994 12
  0.08  0.08  0.08  0.07  0.07  0.07  0.07  0.07  0.07  0.04  0.04  0.04 01081994 00
  0.05  0.05  0.06  0.06  0.06  0.06  0.05  0.04  0.04  0.05  0.06  0.06 01081994 12
  0.05  0.04  0.03  0.03  0.02  0.01  0.00  0.00  0.00 -0.01 -0.01 -0.01 02081994 00
 -0.00 -0.00 -0.00  0.00  0.01  0.01 -0.01 -0.01 -0.01 -0.00  0.01  0.02 02081994 12
  0.02  0.02  0.01 -0.01 -0.01 -0.00 -0.01 -0.02 -0.03 -0.04 -0.03 -0.02 03081994 00
 -0.02 -0.02 -0.03 -0.03 -0.03 -0.02 -0.02 -0.03 -0.03 -0.04 -0.02 -0.00 03081994 12
 -0.00 -0.00 -0.01 -0.01 -0.02 -0.00  0.02  0.02  0.03  0.03  0.03  0.03 04081994 00
  0.02  0.01  0.00 -0.00 -0.01 -0.01 -0.01 -0.02 -0.03 -0.02 -0.02 -0.01 04081994 12
 -0.01 -0.00 -0.01 -0.03 -0.04 -0.04 -0.03 -0.02 -0.03 -0.04 -0.05 -0.05 05081994 00
 -0.05 -0.05 -0.05 -0.07 -0.08 -0.09 -0.10 -0.10 -0.10 -0.11 -0.10 -0.10 05081994 12
 -0.11 -0.12 -0.11 -0.13 -0.14 -0.13 -0.14 -0.15 -0.16 -0.17 -0.15 -0.14 06081994 00
 -0.14 -0.14 -0.14 -0.15 -0.16 -0.15 -0.15 -0.17 -0.16 -0.18 -0.17 -0.15 06081994 12
 -0.15 -0.16 -0.16 -0.16 -0.18 -0.18 -0.16 -0.16 -0.15 -0.17 -0.15 -0.12 07081994 00
 -0.12 -0.13 -0.14 -0.13 -0.13 -0.13 -0.12 -0.13 -0.15 -0.14 -0.15 -0.13 07081994 12
 -0.12 -0.13 -0.13 -0.12 -0.13 -0.14 -0.12 -0.11 -0.14 -0.14 -0.14 -0.12 08081994 00
 -0.11 -0.09 -0.11 -0.10 -0.11 -0.12 -0.12 -0.12 -0.13 -0.13 -0.14 -0.15 08081994 12
 -0.13 -0.11 -0.12 -0.13 -0.12 -0.13 -0.13 -0.12 -0.14 -0.14 -0.15 -0.12 09081994 00
 -0.11 -0.10 -0.10 -0.13 -0.11 -0.12 -0.13 -0.11 -0.12 -0.14 -0.12 -0.13 09081994 12
 -0.11 -0.10 -0.11 -0.16 -0.14 -0.13 -0.13 -0.14 -0.14 -0.16 -0.13 -0.08 10081994 00
 -0.09 -0.09 -0.06 -0.07 -0.06 -0.04 -0.04 -0.03 -0.02 -0.04 -0.04 -0.04 10081994 12
 -0.03 -0.02 -0.02 -0.04 -0.05 -0.03 -0.04 -0.04 -0.03 -0.03 -0.05 -0.03 11081994 00
 -0.04 -0.04 -0.03 -0.03 -0.02 -0.01 -0.01 -0.01 -0.01 -0.02 -0.04 -0.05 11081994 12
 -0.03 -0.02 -0.02 -0.03 -0.03 -0.03 -0.04 -0.04 -0.04 -0.04 -0.04 -0.04 12081994 00
 -0.04 -0.04 -0.04 -0.04 -0.04 -0.04 -0.03 -0.03 -0.04 -0.04 -0.05 -0.06 12081994 12
 -0.07 -0.08 -0.10 -0.10 -0.10 -0.11 -0.10 -0.09 -0.10 -0.10 -0.11 -0.13 13081994 00
 -0.12 -0.12 -0.11 -0.10 -0.10 -0.11 -0.11 -0.10 -0.10 -0.10 -0.09 -0.09 13081994 12
 -0.10 -0.11 -0.11 -0.11 -0.11 -0.10 -0.10 -0.08 -0.08 -0.09 -0.09 -0.09 14081994 00
 -0.11 -0.11 -0.10 -0.10 -0.09 -0.09 -0.09 -0.10 -0.09 -0.11 -0.11 -0.09 14081994 12
 -0.08 -0.09 -0.10 -0.11 -0.10 -0.08 -0.07 -0.07 -0.07 -0.08 -0.09 -0.08 15081994 00
 -0.08 -0.09 -0.10 -0.11 -0.11 -0.10 -0.09 -0.09 -0.09 -0.08 -0.08 -0.07 15081994 12
 -0.07 -0.06 -0.07 -0.07 -0.07 -0.06 -0.05 -0.05 -0.04 -0.03 -0.02 -0.01 16081994 00
 -0.00  0.00  0.01  0.01  0.00  0.00 -0.00 -0.00  0.01  0.03  0.04  0.04 16081994 12
  0.04  0.04  0.05  0.09  0.13  0.15  0.16  0.16  0.16  0.16  0.17  0.16 17081994 00
  0.13  0.09  0.05  0.00 -0.02 -0.04 -0.03 -0.01  0.01  0.02  0.02  0.02 17081994 12
  0.02  0.01  0.01  0.01  0.02  0.02  0.02  0.01  0.00  0.00  0.02  0.04 18081994 00
  0.06  0.07  0.09  0.10  0.12  0.16  0.18  0.17  0.18  0.17  0.16  0.16 18081994 12
  0.16  0.12  0.12  0.12  0.11  0.13  0.14  0.13  0.13  0.14  0.15  0.17 19081994 00
  0.18  0.18  0.17  0.17  0.15  0.12  0.12  0.12  0.12  0.11  0.09  0.08 19081994 12
  0.07  0.05  0.05  0.05  0.05  0.04  0.04  0.03  0.03  0.02  0.02  0.02 20081994 00
  0.01  0.02  0.02  0.02  0.01  0.00 -0.00  0.01  0.01  0.01  0.01  0.02 20081994 12
  0.02  0.02  0.01  0.00  0.00  0.00 -0.00 -0.01 -0.02 -0.03 -0.03 -0.03 21081994 00
 -0.03 -0.03 -0.03 -0.04 -0.04 -0.04 -0.04 -0.04 -0.04 -0.03 -0.04 -0.04 21081994 12
 -0.05 -0.05 -0.05 -0.05 -0.06 -0.06 -0.06 -0.06 -0.06 -0.07 -0.07 -0.06 22081994 00
 -0.04 -0.03 -0.03 -0.03 -0.03 -0.03 -0.03 -0.02 -0.01 -0.01 -0.02 -0.02 22081994 12
 -0.01  0.01  0.02  0.03  0.03  0.03  0.04  0.06  0.07  0.06  0.06  0.08 23081994 00
  0.08  0.08  0.08  0.07  0.06  0.06  0.06  0.06  0.08  0.11  0.10  0.09 23081994 12
  0.08  0.07  0.08  0.11  0.11  0.11  0.11  0.11  0.11  0.11  0.09  0.07 24081994 00
  0.07  0.06  0.07  0.08  0.08  0.08  0.09  0.11  0.12  0.12  0.11  0.13 24081994 12
  0.13  0.10  0.09  0.09  0.09  0.08  0.09  0.09  0.07  0.07  0.08  0.06 25081994 00
  0.08  0.08  0.08  0.08  0.08  0.07  0.07  0.08  0.08  0.09  0.11  0.11 25081994 12
  0.11  0.11  0.10  0.10  0.11  0.10  0.11  0.12  0.12  0.10  0.10  0.09 26081994 00
  0.07  0.08  0.06  0.05  0.06  0.05  0.05  0.07  0.10  0.10  0.13  0.15 26081994 12
  0.15  0.15  0.13  0.12  0.12  0.13  0.12  0.13  0.13  0.12  0.12  0.13 27081994 00
  0.11  0.12  0.13  0.13  0.14  0.16  0.15  0.17  0.17  0.16  0.14  0.16 27081994 12
  0.16  0.15  0.13  0.10  0.11  0.13  0.14  0.17  0.20  0.22  0.22  0.25 28081994 00
  0.28  0.28  0.28  0.23  0.21  0.18  0.16  0.15  0.17  0.13  0.09  0.05 28081994 12
  0.03 -0.02  0.00  0.00  0.01  0.01  0.00 -0.00 -0.00 -0.01  0.00  0.01 29081994 00
  0.01  0.01  0.00 -0.02 -0.02 -0.02 -0.03 -0.04 -0.04 -0.04 -0.04 -0.04 29081994 12
 -0.02 -0.01 -0.02 -0.03 -0.03 -0.01 -0.01 -0.02 -0.03 -0.05 -0.04 -0.03 30081994 00
 -0.02 -0.02 -0.03 -0.05 -0.05 -0.05 -0.04 -0.03 -0.03 -0.03 -0.03 -0.03 30081994 12
 -0.02 -0.01 -0.02 -0.02 -0.01 -0.01 -0.02 -0.03 -0.03 -0.03 -0.02 -0.01 31081994 00
 -0.01 -0.01 -0.02 -0.04 -0.05 -0.05 -0.03 -0.02 -0.01 -0.01 -0.01 -0.01 31081994 12
 -0.01  0.00  0.00 -0.01 -0.02 -0.02 -0.03 -0.03 -0.03 -0.05 -0.06 -0.06 01091994 00
 -0.06 -0.07 -0.08 -0.08 -0.10 -0.09 -0.08 -0.05 -0.05 -0.04 -0.04 -0.05 01091994 12
 -0.05 -0.05 -0.05 -0.06 -0.08 -0.09 -0.08 -0.06 -0.05 -0.07 -0.07 -0.07 02091994 00
 -0.05 -0.04 -0.04 -0.04 -0.03 -0.03 -0.02 -0.02 -0.01 -0.00  0.00  0.01 02091994 12
  0.00 -0.00 -0.01 -0.01 -0.01 -0.01 -0.01 -0.02 -0.03 -0.03 -0.02 -0.01 03091994 00
 -0.00  0.02  0.03  0.03  0.05  0.06  0.06  0.04  0.03  0.03  0.04  0.06 03091994 12
  0.05  0.04  0.03  0.03  0.02  0.02  0.01  0.01  0.01  0.02  0.01  0.01 04091994 00
  0.02  0.02  0.03  0.03  0.03  0.02  0.01  0.01  0.01  0.01  0.01  0.01 04091994 12
  0.01  0.01  0.01  0.01  0.01 -0.00 -0.01 -0.02 -0.04 -0.04 -0.03 -0.03 05091994 00
 -0.03 -0.04 -0.04 -0.05 -0.05 -0.05 -0.06 -0.06 -0.05 -0.05 -0.04 -0.02 05091994 12
 -0.01 -0.01 -0.00 -0.00 -0.00  0.01  0.03  0.05  0.07  0.08  0.08  0.08 06091994 00
  0.08  0.09  0.11  0.10  0.10  0.11  0.10  0.09  0.09  0.08  0.09  0.09 06091994 12
  0.07  0.07  0.08  0.07  0.08  0.08  0.08  0.07  0.08  0.08  0.07  0.09 07091994 00
  0.09  0.09  0.11  0.11  0.11  0.12  0.12  0.13  0.15  0.16  0.16  0.15 07091994 12
  0.16  0.13  0.15  0.16  0.14  0.16  0.17  0.17  0.19  0.22  0.22  0.22 08091994 00
  0.21  0.20  0.19  0.22  0.19  0.21  0.21  0.20  0.19  0.22  0.23  0.20 08091994 12
  0.20  0.18  0.15  0.18  0.17  0.17  0.18  0.19  0.19  0.24  0.24  0.23 09091994 00
  0.18  0.19  0.17  0.18  0.21  0.18  0.19  0.20  0.19  0.20  0.23  0.22 09091994 12
  0.24  0.23  0.21  0.18  0.20  0.17  0.19  0.20  0.19  0.19  0.21  0.21 10091994 00
  0.20  0.22  0.21  0.21  0.25  0.24  0.22  0.24  0.24  0.21  0.20  0.21 10091994 12
  0.20  0.24  0.22  0.20  0.22  0.23  0.21  0.24  0.25  0.23  0.22  0.22 11091994 00
  0.18  0.19  0.17  0.13  0.11  0.10  0.08  0.08  0.09  0.08  0.07  0.07 11091994 12
  0.07  0.07  0.07  0.07  0.08  0.10  0.11  0.10  0.11  0.11  0.13  0.16 12091994 00
  0.18  0.17  0.16  0.14  0.12  0.11  0.12  0.12  0.11  0.11  0.11  0.08 12091994 12
  0.07  0.07  0.06  0.05  0.05  0.05  0.04  0.05  0.04  0.04  0.05  0.05 13091994 00
  0.05  0.05  0.05  0.04  0.03  0.03  0.03  0.02  0.01  0.01 -0.00 -0.02 13091994 12
 -0.02 -0.01 -0.01 -0.01  0.00  0.01  0.01 -0.00 -0.02 -0.01 -0.00  0.01 14091994 00
  0.02  0.02 -0.01 -0.04 -0.03 -0.03 -0.01 -0.02 -0.03 -0.03 -0.01 -0.00 14091994 12
 -0.01  0.00  0.01  0.01  0.01  0.04  0.04  0.05  0.05  0.05  0.07  0.09 15091994 00
  0.09  0.10  0.09  0.06  0.04  0.04  0.03  0.03  0.01  0.00 -0.00 -0.01 15091994 12
 -0.01 -0.00  0.00 -0.01 -0.03 -0.02 -0.00  0.01  0.01 -0.00 -0.01 -0.03 16091994 00
 -0.04 -0.03 -0.03 -0.03 -0.03 -0.04 -0.02  0.00 -0.00 -0.01 -0.01 -0.02 16091994 12
 -0.02 -0.00 -0.01 -0.01 -0.03 -0.06 -0.07 -0.06 -0.07 -0.06 -0.06 -0.07 17091994 00
 -0.09 -0.08 -0.09 -0.12 -0.12 -0.12 -0.13 -0.13 -0.13 -0.13 -0.12 -0.10 17091994 12
 -0.10 -0.09 -0.09 -0.11 -0.11 -0.10 -0.12 -0.14 -0.14 -0.14 -0.11 -0.10 18091994 00
 -0.10 -0.10 -0.09 -0.10 -0.10 -0.09 -0.07 -0.06 -0.05 -0.04 -0.03 -0.01 18091994 12
  0.01  0.03  0.03  0.02  0.01  0.02  0.02 -0.01 -0.02 -0.02 -0.02 -0.03 19091994 00
 -0.03 -0.04 -0.03 -0.03 -0.03 -0.02  0.00  0.03  0.04  0.04  0.04  0.04 19091994 12
  0.05  0.05  0.04  0.04  0.05  0.04  0.02 -0.01 -0.03 -0.04 -0.03 -0.03 20091994 00
 -0.02 -0.02 -0.04 -0.03 -0.03 -0.03 -0.02 -0.04 -0.09 -0.11 -0.11 -0.11 20091994 12
 -0.11 -0.14 -0.20 -0.21 -0.21 -0.22 -0.23 -0.24 -0.27 -0.28 -0.23 -0.21 21091994 00
 -0.17 -0.12 -0.15 -0.15 -0.12 -0.13 -0.12 -0.11 -0.12 -0.12 -0.12 -0.13 21091994 12
 -0.13 -0.13 -0.14 -0.14 -0.12 -0.13 -0.14 -0.13 -0.13 -0.14 -0.13 -0.13 22091994 00
 -0.12 -0.12 -0.12 -0.14 -0.13 -0.13 -0.14 -0.13 -0.13 -0.16 -0.16 -0.16 22091994 12
 -0.16 -0.14 -0.13 -0.16 -0.14 -0.15 -0.15 -0.15 -0.15 -0.16 -0.17 -0.16 23091994 00
 -0.16 -0.15 -0.14 -0.17 -0.16 -0.15 -0.15 -0.14 -0.12 -0.13 -0.14 -0.15 23091994 12
 -0.14 -0.13 -0.12 -0.14 -0.15 -0.15 -0.16 -0.18 -0.19 -0.21 -0.24 -0.23 24091994 00
 -0.23 -0.23 -0.23 -0.26 -0.29 -0.26 -0.25 -0.25 -0.23 -0.24 -0.26 -0.25 24091994 12
 -0.24 -0.23 -0.21 -0.20 -0.20 -0.18 -0.16 -0.16 -0.15 -0.13 -0.13 -0.11 25091994 00
 -0.11 -0.14 -0.12 -0.15 -0.15 -0.13 -0.12 -0.13 -0.13 -0.11 -0.11 -0.11 25091994 12
 -0.10 -0.10 -0.08 -0.08 -0.06 -0.06 -0.06 -0.08 -0.08 -0.09 -0.10 -0.11 26091994 00
 -0.11 -0.10 -0.11 -0.12 -0.12 -0.11 -0.08 -0.07 -0.07 -0.07 -0.06 -0.05 26091994 12
 -0.04 -0.02  0.00  0.02  0.03  0.02  0.02  0.03  0.03  0.01 -0.01 -0.03 27091994 00
 -0.06 -0.08 -0.08 -0.10 -0.11 -0.13 -0.14 -0.14 -0.13 -0.13 -0.13 -0.13 27091994 12
 -0.13 -0.12 -0.11 -0.10 -0.08 -0.04 -0.01  0.02  0.05  0.06  0.08  0.09 28091994 00
  0.06  0.03  0.02 -0.01 -0.02 -0.02 -0.04 -0.05 -0.05 -0.04 -0.04 -0.05 28091994 12
 -0.04 -0.03 -0.02 -0.03 -0.05 -0.06 -0.05 -0.06 -0.07 -0.06 -0.05 -0.04 29091994 00
 -0.06 -0.07 -0.08 -0.08 -0.07 -0.06 -0.05 -0.04 -0.04 -0.03 -0.01  0.01 29091994 12
  0.01  0.00 -0.01 -0.02 -0.03 -0.01 -0.01 -0.03 -0.05 -0.06 -0.05 -0.03 30091994 00
 -0.01 -0.01 -0.03 -0.06 -0.06 -0.04 -0.03 -0.03 -0.03 -0.04 -0.04 -0.04 30091994 12
 -0.05 -0.05 -0.06 -0.08 -0.10 -0.10 -0.10 -0.10 -0.10 -0.09 -0.08 -0.07 01101994 00
 -0.07 -0.07 -0.08 -0.07 -0.07 -0.05 -0.03 -0.03 -0.03 -0.03 -0.01  0.00 01101994 12
 -0.01 -0.01 -0.00 -0.00 -0.01 -0.01 -0.02 -0.02 -0.02 -0.02 -0.01  0.01 02101994 00
  0.03  0.04  0.04  0.05  0.06  0.07  0.08  0.08  0.07  0.05  0.03  0.03 02101994 12
  0.04  0.04  0.04  0.03  0.02  0.01 -0.01 -0.03 -0.04 -0.04 -0.03 -0.04 03101994 00
 -0.06 -0.06 -0.06 -0.09 -0.10 -0.12 -0.14 -0.12 -0.11 -0.10 -0.08 -0.07 03101994 12
 -0.08 -0.07 -0.07 -0.08 -0.07 -0.06 -0.05 -0.05 -0.05 -0.06 -0.06 -0.07 04101994 00
 -0.09 -0.10 -0.09 -0.09 -0.10 -0.10 -0.12 -0.13 -0.11 -0.10 -0.10 -0.10 04101994 12
 -0.09 -0.10 -0.09 -0.10 -0.11 -0.11 -0.12 -0.15 -0.16 -0.16 -0.15 -0.14 05101994 00
 -0.11 -0.13 -0.13 -0.13 -0.14 -0.15 -0.16 -0.17 -0.18 -0.15 -0.15 -0.15 05101994 12
 -0.11 -0.11 -0.11 -0.10 -0.11 -0.10 -0.10 -0.11 -0.12 -0.12 -0.10 -0.08 06101994 00
 -0.06 -0.03 -0.01  0.01  0.01  0.01  0.02  0.04  0.04  0.02  0.01  0.00 06101994 12
 -0.02 -0.03 -0.02 -0.01  0.01  0.02  0.01 -0.01 -0.03 -0.05 -0.04 -0.03 07101994 00
 -0.03 -0.04 -0.04 -0.05 -0.05 -0.05 -0.06 -0.07 -0.08 -0.08 -0.08 -0.08 07101994 12
 -0.07 -0.06 -0.05 -0.05 -0.04 -0.05 -0.05 -0.05 -0.06 -0.08 -0.08 -0.07 08101994 00
 -0.06 -0.06 -0.05 -0.07 -0.07 -0.07 -0.08 -0.07 -0.07 -0.08 -0.10 -0.11 08101994 12
 -0.10 -0.10 -0.09 -0.08 -0.09 -0.07 -0.09 -0.09 -0.09 -0.09 -0.08 -0.07 09101994 00
 -0.06 -0.08 -0.08 -0.08 -0.08 -0.07 -0.07 -0.07 -0.07 -0.08 -0.08 -0.08 09101994 12
 -0.07 -0.07 -0.07 -0.06 -0.06 -0.07 -0.07 -0.08 -0.08 -0.07 -0.06 -0.04 10101994 00
 -0.04 -0.06 -0.07 -0.08 -0.07 -0.06 -0.06 -0.05 -0.06 -0.07 -0.08 -0.10 10101994 12
 -0.11 -0.11 -0.10 -0.09 -0.09 -0.09 -0.09 -0.09 -0.10 -0.10 -0.08 -0.07 11101994 00
 -0.08 -0.09 -0.09 -0.10 -0.11 -0.10 -0.11 -0.10 -0.11 -0.12 -0.13 -0.13 11101994 12
 -0.16 -0.17 -0.18 -0.19 -0.18 -0.18 -0.18 -0.19 -0.17 -0.18 -0.18 -0.16 12101994 00
 -0.16 -0.18 -0.17 -0.18 -0.18 -0.18 -0.18 -0.18 -0.18 -0.19 -0.20 -0.20 12101994 12
 -0.19 -0.21 -0.24 -0.24 -0.24 -0.22 -0.22 -0.21 -0.21 -0.20 -0.19 -0.19 13101994 00
 -0.17 -0.15 -0.17 -0.18 -0.19 -0.20 -0.17 -0.16 -0.15 -0.15 -0.15 -0.16 13101994 12
 -0.16 -0.16 -0.16 -0.17 -0.17 -0.16 -0.15 -0.14 -0.15 -0.15 -0.14 -0.12 14101994 00
 -0.12 -0.12 -0.11 -0.12 -0.14 -0.12 -0.10 -0.08 -0.08 -0.07 -0.08 -0.08 14101994 12
 -0.08 -0.09 -0.09 -0.09 -0.10 -0.09 -0.09 -0.09 -0.10 -0.11 -0.10 -0.10 15101994 00
 -0.09 -0.10 -0.11 -0.12 -0.12 -0.14 -0.14 -0.15 -0.16 -0.17 -0.18 -0.18 15101994 12
 -0.17 -0.18 -0.19 -0.20 -0.18 -0.17 -0.17 -0.18 -0.19 -0.19 -0.20 -0.19 16101994 00
 -0.19 -0.18 -0.19 -0.20 -0.20 -0.21 -0.23 -0.23 -0.24 -0.22 -0.20 -0.18 16101994 12
 -0.19 -0.16 -0.17 -0.18 -0.16 -0.14 -0.15 -0.16 -0.19 -0.19 -0.17 -0.17 17101994 00
 -0.16 -0.15 -0.14 -0.15 -0.15 -0.12 -0.13 -0.13 -0.14 -0.15 -0.14 -0.12 17101994 12
 -0.12 -0.11 -0.08 -0.08 -0.09 -0.09 -0.08 -0.06 -0.06 -0.07 -0.07 -0.04 18101994 00
 -0.01 -0.00  0.01  0.00  0.01  0.04  0.08  0.11  0.12  0.11  0.10  0.11 18101994 12
  0.13  0.15  0.15  0.14  0.13  0.10  0.10  0.12  0.11  0.11  0.09  0.09 19101994 00
  0.11  0.14  0.14  0.13  0.14  0.17  0.20  0.22  0.21  0.19  0.19  0.17 19101994 12
  0.16  0.17  0.15  0.14  0.16  0.17  0.17  0.17  0.17  0.16  0.17  0.17 20101994 00
  0.14  0.14  0.15  0.13  0.13  0.12  0.10  0.10  0.12  0.13  0.11  0.10 20101994 12
  0.08  0.06  0.08  0.07  0.07  0.08  0.08  0.08  0.09  0.09  0.09  0.10 21101994 00
  0.11  0.11  0.13  0.14  0.16  0.19  0.21  0.22  0.26  0.30  0.29  0.28 21101994 12
  0.23  0.21  0.25  0.24  0.22  0.24  0.25  0.22  0.21  0.23  0.26  0.28 22101994 00
  0.27  0.26  0.29  0.33  0.33  0.36  0.38  0.39  0.39  0.41  0.40  0.39 22101994 12
  0.36  0.32  0.31  0.35  0.36  0.39  0.43  0.42  0.39  0.40  0.41  0.38 23101994 00
  0.36  0.31  0.28  0.30  0.29  0.29  0.32  0.31  0.26  0.25  0.23  0.21 23101994 12
  0.21  0.20  0.19  0.18  0.19  0.18  0.20  0.20  0.18  0.19  0.23  0.24 24101994 00
  0.24  0.22  0.22  0.21  0.24  0.21  0.21  0.22  0.23  0.22  0.23  0.23 24101994 12
  0.23  0.23  0.21  0.20  0.21  0.20  0.19  0.20  0.19  0.17  0.18  0.20 25101994 00
  0.19  0.19  0.19  0.21  0.24  0.24  0.23  0.26  0.27  0.25  0.25  0.26 25101994 12
  0.22  0.21  0.18  0.16  0.14  0.15  0.14  0.15  0.16  0.15  0.13  0.15 26101994 00
  0.15  0.17  0.18  0.18  0.18  0.20  0.19  0.19  0.19  0.18  0.15  0.16 26101994 12
  0.17  0.13  0.13  0.10  0.12  0.11  0.12  0.13  0.14  0.14  0.13  0.14 27101994 00
  0.17  0.16  0.17  0.15  0.16  0.15  0.15  0.15  0.14  0.13  0.10  0.08 27101994 12
  0.09  0.10  0.08  0.07  0.06  0.08  0.08  0.10  0.10  0.12  0.12  0.12 28101994 00
  0.11  0.11  0.08  0.07  0.06  0.05  0.04  0.04  0.05  0.06  0.06  0.07 28101994 12
  0.07  0.10  0.13  0.13  0.14  0.14  0.15  0.15  0.15  0.14  0.14  0.14 29101994 00
  0.13  0.14  0.15  0.17  0.18  0.19  0.20  0.21  0.22  0.24  0.26  0.29 29101994 12
  0.30  0.32  0.34  0.37  0.33  0.30  0.25  0.22  0.24  0.28  0.30  0.27 30101994 00
  0.26  0.24  0.24  0.27  0.35  0.36  0.37  0.35  0.37  0.39  0.44  0.44 30101994 12
  0.44  0.42  0.42  0.42  0.44  0.43  0.41  0.40  0.36  0.38  0.42  0.46 31101994 00
  0.44  0.46  0.44  0.41  0.41  0.45  0.39  0.37  0.29  0.25  0.22  0.23 31101994 12
  0.19  0.23  0.23  0.19  0.14  0.11  0.08  0.10  0.10  0.07  0.08  0.08 01111994 00
  0.07  0.05  0.03  0.01 -0.02 -0.05 -0.07 -0.07 -0.05 -0.05 -0.05 -0.05 01111994 12
 -0.05 -0.04 -0.05 -0.06 -0.05 -0.02 -0.01 -0.01 -0.02 -0.02 -0.00  0.01 02111994 00
  0.02  0.03  0.02  0.01  0.00  0.02  0.05  0.06  0.06  0.05  0.05  0.06 02111994 12
  0.09  0.08  0.07  0.08  0.08  0.08  0.10  0.10  0.10  0.09  0.07  0.07 03111994 00
  0.08  0.12  0.11  0.10  0.09  0.11  0.15  0.20  0.21  0.21  0.20  0.19 03111994 12
  0.19  0.23  0.20  0.19  0.19  0.18  0.15  0.15  0.14  0.12  0.13  0.14 04111994 00
  0.11  0.13  0.16  0.13  0.14  0.14  0.12  0.12  0.10  0.09  0.08  0.07 04111994 12
  0.04  0.02  0.04  0.03  0.05  0.06  0.06  0.06  0.07  0.08  0.08  0.08 05111994 00
  0.08  0.08  0.09  0.08  0.08  0.08  0.08  0.07  0.08  0.08  0.08  0.08 05111994 12
  0.08  0.07  0.07  0.08  0.07  0.07  0.08  0.08  0.08  0.09  0.09  0.09 06111994 00
  0.09  0.09  0.09  0.10  0.08  0.08  0.07  0.06  0.07  0.10  0.11  0.09 06111994 12
  0.08  0.07  0.05  0.06  0.06  0.04  0.04  0.03  0.02  0.02  0.03  0.02 07111994 00
  0.03  0.04  0.04  0.04  0.06  0.07  0.07  0.06  0.06  0.07  0.10  0.12 07111994 12
  0.10  0.09  0.09  0.09  0.10  0.10  0.09  0.09  0.08  0.08  0.10  0.13 08111994 00
  0.14  0.16  0.15  0.14  0.16  0.16  0.12  0.09  0.08  0.08  0.10  0.11 08111994 12
  0.09  0.09  0.08  0.07  0.10  0.13  0.15  0.14  0.14  0.14  0.16  0.20 09111994 00
  0.22  0.21  0.18  0.13  0.12  0.11  0.11  0.09  0.10  0.08  0.06  0.05 09111994 12
  0.07  0.07  0.09  0.09  0.09  0.09  0.09  0.09  0.08  0.08  0.08  0.09 10111994 00
  0.09  0.09  0.07  0.06  0.05  0.05  0.03  0.01 -0.00  0.00  0.00 -0.01 10111994 12
 -0.01 -0.01 -0.01 -0.02 -0.02 -0.01 -0.01 -0.02 -0.02 -0.01 -0.01 -0.00 11111994 00
  0.00 -0.00 -0.02 -0.02 -0.02 -0.01 -0.02 -0.02 -0.02 -0.01 -0.00  0.00 11111994 12
  0.01  0.03  0.07  0.08  0.07  0.05  0.05  0.04  0.05  0.05  0.06  0.07 12111994 00
  0.10  0.11  0.10  0.09  0.08  0.09  0.07  0.05  0.04  0.03  0.04  0.04 12111994 12
  0.03  0.03  0.02  0.02  0.04  0.06  0.07  0.08  0.14  0.22  0.29  0.35 13111994 00
  0.37  0.40  0.41  0.39  0.38  0.40  0.36  0.31  0.30  0.30  0.31  0.30 13111994 12
  0.28  0.29  0.27  0.25  0.31  0.41  0.38  0.37  0.33  0.38  0.43  0.48 14111994 00
  0.43  0.41  0.41  0.40  0.34  0.34  0.37  0.38  0.37  0.33  0.33  0.32 14111994 12
  0.30  0.30  0.33  0.29  0.21  0.19  0.19  0.16  0.15  0.11  0.13  0.13 15111994 00
  0.15  0.13  0.15  0.15  0.16  0.18  0.20  0.19  0.19  0.18  0.16  0.13 15111994 12
  0.12  0.11  0.11  0.09  0.04 -0.01 -0.04 -0.06 -0.05 -0.03 -0.01  0.01 16111994 00
  0.01  0.03  0.05  0.05  0.07  0.09  0.13  0.16  0.16  0.14  0.12  0.11 16111994 12
  0.09  0.07  0.06  0.07  0.07  0.03  0.00  0.00  0.00  0.04  0.06  0.07 17111994 00
  0.08  0.09  0.09  0.08  0.09  0.08  0.07  0.07  0.07  0.08  0.09  0.09 17111994 12
  0.10  0.11  0.13  0.12  0.12  0.12  0.09  0.09  0.09  0.09  0.08  0.06 18111994 00
  0.04  0.03  0.02 -0.01 -0.01 -0.01  0.00  0.04  0.07  0.08  0.10  0.12 18111994 12
  0.17  0.24  0.30  0.31  0.33  0.36  0.37  0.38  0.37  0.33  0.28  0.22 19111994 00
  0.13  0.06  0.05  0.01  0.03  0.03  0.01 -0.00  0.02  0.04  0.06  0.08 19111994 12
  0.11  0.17  0.23  0.26  0.26  0.25  0.23  0.19  0.15  0.13  0.13  0.14 20111994 00
  0.10  0.10  0.12  0.11  0.10  0.10  0.08  0.05  0.03 -0.01 -0.02 -0.05 20111994 12
 -0.06 -0.06 -0.06 -0.08 -0.08 -0.08 -0.09 -0.10 -0.10 -0.09 -0.08 -0.06 21111994 00
 -0.06 -0.04 -0.03 -0.04 -0.04 -0.05 -0.05 -0.04 -0.03 -0.04 -0.04 -0.04 21111994 12
 -0.04 -0.03 -0.02 -0.01  0.01  0.02  0.02  0.03  0.05  0.06  0.06  0.07 22111994 00
  0.07  0.07  0.07  0.06  0.06  0.04  0.03  0.01 -0.00  0.01  0.01  0.00 22111994 12
 -0.01 -0.02  0.01  0.03  0.04  0.05  0.06  0.07  0.08  0.08  0.10  0.13 23111994 00
  0.14  0.14  0.15  0.13  0.10  0.07  0.06  0.07  0.05 -0.00 -0.04 -0.09 23111994 12
 -0.12 -0.13 -0.15 -0.15 -0.15 -0.17 -0.16 -0.15 -0.16 -0.16 -0.17 -0.19 24111994 00
 -0.18 -0.17 -0.16 -0.17 -0.17 -0.18 -0.18 -0.17 -0.17 -0.16 -0.17 -0.19 24111994 12
 -0.20 -0.19 -0.19 -0.17 -0.17 -0.16 -0.17 -0.15 -0.16 -0.16 -0.14 -0.14 25111994 00
 -0.15 -0.14 -0.14 -0.14 -0.14 -0.14 -0.14 -0.13 -0.14 -0.14 -0.13 -0.13 25111994 12
 -0.16 -0.18 -0.18 -0.17 -0.16 -0.17 -0.19 -0.19 -0.17 -0.16 -0.15 -0.14 26111994 00
 -0.15 -0.15 -0.14 -0.14 -0.13 -0.13 -0.12 -0.10 -0.07 -0.07 -0.06 -0.06 26111994 12
 -0.08 -0.10 -0.10 -0.09 -0.09 -0.09 -0.10 -0.12 -0.12 -0.12 -0.12 -0.12 27111994 00
 -0.12 -0.14 -0.18 -0.20 -0.21 -0.21 -0.23 -0.22 -0.24 -0.24 -0.25 -0.25 27111994 12
 -0.25 -0.24 -0.26 -0.25 -0.22 -0.22 -0.20 -0.19 -0.19 -0.21 -0.21 -0.22 28111994 00
 -0.23 -0.23 -0.25 -0.31 -0.31 -0.31 -0.28 -0.25 -0.23 -0.25 -0.24 -0.24 28111994 12
 -0.24 -0.24 -0.23 -0.25 -0.25 -0.24 -0.23 -0.20 -0.18 -0.18 -0.19 -0.17 29111994 00
 -0.18 -0.18 -0.17 -0.16 -0.18 -0.19 -0.19 -0.18 -0.16 -0.15 -0.15 -0.15 29111994 12
 -0.16 -0.16 -0.15 -0.12 -0.09 -0.08 -0.10 -0.11 -0.10 -0.10 -0.09 -0.09 30111994 00
 -0.09 -0.09 -0.09 -0.09 -0.10 -0.11 -0.10 -0.11 -0.11 -0.11 -0.11 -0.11 30111994 12
 -0.09 -0.09 -0.10 -0.11 -0.11 -0.11 -0.11 -0.12 -0.11 -0.11 -0.10 -0.09 01121994 00
 -0.09 -0.08 -0.10 -0.11 -0.10 -0.08 -0.09 -0.09 -0.08 -0.07 -0.05 -0.02 01121994 12
 -0.03 -0.03 -0.04 -0.05 -0.05 -0.04 -0.03 -0.03 -0.03 -0.03 -0.02  0.01 02121994 00
  0.05  0.08  0.08  0.07  0.07  0.07  0.08  0.09  0.07  0.07  0.06  0.03 02121994 12
  0.02  0.06  0.08  0.10  0.12  0.17  0.30  0.41  0.43  0.40  0.43  0.43 03121994 00
  0.42  0.47  0.39  0.35  0.34  0.32  0.28  0.30  0.24  0.25  0.23  0.18 03121994 12
  0.10  0.05  0.07  0.04  0.07  0.08  0.05  0.05  0.09  0.11  0.14  0.16 04121994 00
  0.17  0.18  0.23  0.24  0.26  0.27  0.27  0.28  0.29  0.28  0.20  0.16 04121994 12
  0.15  0.07  0.05  0.03  0.01  0.02 -0.01 -0.04 -0.04 -0.01  0.02  0.05 05121994 00
  0.08  0.16  0.32  0.45  0.48  0.50  0.54  0.58  0.62  0.62  0.55  0.46 05121994 12
  0.46  0.42  0.34  0.33  0.25  0.22  0.22  0.16  0.08  0.04 -0.01 -0.02 06121994 00
 -0.04 -0.07 -0.09 -0.09 -0.05 -0.04 -0.03  0.00  0.07  0.28  0.48  0.52 06121994 12
  0.52  0.54  0.54  0.56  0.64  0.52  0.51  0.51  0.46  0.42  0.48  0.51 07121994 00
  0.51  0.48  0.40  0.36  0.40  0.37  0.36  0.40  0.36  0.30  0.33  0.30 07121994 12
  0.26  0.24  0.20  0.21  0.34  0.52  0.72  0.93  1.07  1.06  0.94  0.80 08121994 00
  0.66  0.50  0.40  0.26  0.19  0.19  0.10  0.17  0.25  0.26  0.27  0.32 08121994 12
  0.33  0.28  0.23  0.15  0.13  0.11  0.12  0.09  0.10  0.10  0.09  0.08 09121994 00
  0.09  0.10  0.14  0.17  0.17  0.16  0.13  0.12  0.13  0.15  0.16  0.16 09121994 12
  0.20  0.21  0.18  0.18  0.20  0.25  0.26  0.29  0.32  0.37  0.43  0.49 10121994 00
  0.51  0.55  0.57  0.51  0.41  0.37  0.33  0.30  0.22  0.26  0.30  0.24 10121994 12
  0.18  0.15  0.16  0.11  0.10  0.10  0.17  0.22  0.25  0.23  0.26  0.31 11121994 00
  0.33  0.33  0.33  0.32  0.29  0.28  0.28  0.25  0.22  0.19  0.21  0.24 11121994 12
  0.21  0.21  0.20  0.18  0.11  0.10  0.11  0.16  0.19  0.19  0.16  0.16 12121994 00
  0.15  0.13  0.12  0.10  0.09  0.04  0.02  0.00  0.00 -0.02 -0.03 -0.03 12121994 12
 -0.01 -0.01 -0.04 -0.10 -0.15 -0.18 -0.17 -0.16 -0.16 -0.14 -0.12 -0.10 13121994 00
 -0.08 -0.08 -0.06 -0.04 -0.07 -0.12 -0.14 -0.14 -0.13 -0.16 -0.18 -0.20 13121994 12
 -0.21 -0.22 -0.23 -0.24 -0.26 -0.27 -0.26 -0.25 -0.22 -0.21 -0.19 -0.18 14121994 00
 -0.16 -0.15 -0.17 -0.18 -0.17 -0.19 -0.20 -0.19 -0.19 -0.17 -0.18 -0.18 14121994 12
 -0.18 -0.16 -0.16 -0.15 -0.12 -0.11 -0.11 -0.11 -0.10 -0.08 -0.07 -0.04 15121994 00
 -0.02  0.01  0.01  0.01  0.02  0.06  0.07  0.07  0.07  0.04  0.01  0.00 15121994 12
 -0.00 -0.01  0.01  0.02  0.01 -0.04 -0.09 -0.13 -0.14 -0.14 -0.14 -0.14 16121994 00
 -0.15 -0.17 -0.18 -0.20 -0.21 -0.20 -0.21 -0.20 -0.18 -0.17 -0.14 -0.11 16121994 12
 -0.08 -0.05 -0.01  0.00  0.04  0.11  0.21  0.26  0.27  0.26  0.26  0.28 17121994 00
  0.32  0.39  0.42  0.44  0.45  0.45  0.43  0.44  0.42  0.37  0.32  0.21 17121994 12
  0.16  0.13  0.11  0.12  0.16  0.15  0.13  0.16  0.16  0.17  0.18  0.18 18121994 00
  0.19  0.19  0.19  0.18  0.21  0.21  0.15  0.11  0.11  0.14  0.21  0.22 18121994 12
  0.23  0.24  0.25  0.23  0.22  0.23  0.22  0.19  0.16  0.13  0.15  0.16 19121994 00
  0.13  0.12  0.11  0.10  0.09  0.08  0.07  0.05  0.04  0.03  0.02  0.05 19121994 12
  0.05  0.05  0.03  0.00  0.00  0.01  0.00 -0.02 -0.05 -0.08 -0.09 -0.08 20121994 00
 -0.06 -0.04 -0.04 -0.05 -0.04 -0.04 -0.04 -0.04 -0.06 -0.06 -0.06 -0.06 20121994 12
 -0.06 -0.05 -0.06 -0.07 -0.07 -0.08 -0.08 -0.09 -0.11 -0.14 -0.14 -0.14 21121994 00
 -0.13 -0.12 -0.13 -0.15 -0.15 -0.15 -0.16 -0.17 -0.17 -0.18 -0.19 -0.19 21121994 12
 -0.20 -0.18 -0.17 -0.18 -0.18 -0.16 -0.16 -0.17 -0.16 -0.17 -0.18 -0.19 22121994 00
 -0.17 -0.16 -0.14 -0.14 -0.15 -0.14 -0.14 -0.15 -0.14 -0.14 -0.15 -0.15 22121994 12
 -0.17 -0.17 -0.16 -0.16 -0.16 -0.14 -0.14 -0.15 -0.16 -0.16 -0.15 -0.14 23121994 00
 -0.14 -0.14 -0.14 -0.14 -0.13 -0.12 -0.11 -0.12 -0.11 -0.08 -0.07 -0.08 23121994 12
 -0.09 -0.10 -0.08 -0.07 -0.05 -0.05 -0.06 -0.06 -0.05 -0.05 -0.04 -0.03 24121994 00
 -0.04 -0.06 -0.09 -0.09 -0.07 -0.07 -0.08 -0.06 -0.05 -0.04 -0.04 -0.04 24121994 12
 -0.05 -0.05 -0.04 -0.02  0.01  0.03  0.05  0.08  0.10  0.12  0.16  0.21 25121994 00
  0.26  0.28  0.30  0.29  0.28  0.26  0.23  0.16  0.13  0.12  0.07  0.00 25121994 12
 -0.03 -0.04 -0.03  0.00  0.02  0.06  0.10  0.13  0.14  0.13  0.15  0.17 26121994 00
  0.18  0.19  0.20  0.24  0.29  0.38  0.46  0.53  0.53  0.51  0.49  0.46 26121994 12
  0.39  0.36  0.37  0.34  0.35  0.34  0.38  0.38  0.40  0.35  0.32  0.28 27121994 00
  0.25  0.20  0.18  0.13  0.11  0.09  0.08  0.11  0.18  0.25  0.30  0.34 27121994 12
  0.37  0.39  0.46  0.54  0.52  0.50  0.45  0.43  0.44  0.49  0.49  0.51 28121994 00
  0.52  0.50  0.51  0.58  0.65  0.63  0.61  0.52  0.50  0.52  0.54  0.50 28121994 12
  0.49  0.42  0.37  0.37  0.41  0.40  0.40  0.41  0.43  0.49  0.56  0.59 29121994 00
  0.60  0.64  0.66  0.66  0.69  0.72  0.64  0.61  0.53  0.55  0.57  0.61 29121994 12
  0.58  0.64  0.66  0.69  0.76  0.83  0.81  0.76  0.72  0.63  0.59  0.60 30121994 00
  0.52  0.52  0.55  0.47  0.38  0.39  0.43  0.43  0.43  0.37  0.33  0.31 30121994 12
  0.33  0.27  0.29  0.29  0.28  0.28  0.29  0.26  0.25  0.23  0.19  0.17 31121994 00
  0.20  0.17  0.14  0.12  0.06 -0.03 -0.11 -0.13 -0.08 -0.02  0.00  0.04 31121994 12
