Parameter Z: CS3 Location ( 52, 86) Lat 53.500 Lon -3.417
  0.16  0.13  0.10  0.12  0.11  0.11  0.11  0.11  0.12  0.16  0.19  0.20 01011998 00
  0.22  0.23  0.34  0.55  0.64  0.77  0.92  1.02  1.13  1.27  1.18  0.97 01011998 12
  0.77  0.54  0.38  0.45  0.37  0.33  0.39  0.35  0.28  0.32  0.38  0.36 02011998 00
  0.38  0.32  0.26  0.26  0.31  0.31  0.36  0.38  0.39  0.39  0.42  0.40 02011998 12
  0.34  0.32  0.32  0.39  0.52  0.59  0.69  0.80  0.92  1.02  1.11  1.13 03011998 00
  1.07  1.11  1.04  0.97  1.03  0.98  0.96  0.99  0.86  0.69  0.59  0.55 03011998 12
  0.44  0.39  0.41  0.40  0.44  0.44  0.33  0.31  0.33  0.32  0.36  0.56 04011998 00
  0.73  0.75  0.78  0.78  0.76  0.80  0.72  0.59  0.50  0.39  0.29  0.23 04011998 12
  0.21  0.22  0.28  0.29  0.32  0.37  0.42  0.42  0.39  0.39  0.39  0.37 05011998 00
  0.35  0.31  0.23  0.18  0.12  0.10  0.10  0.08  0.05  0.05  0.02 -0.00 05011998 12
  0.02  0.09  0.16  0.21  0.22  0.21  0.20  0.21  0.21  0.18  0.16  0.13 06011998 00
  0.11  0.14  0.20  0.22  0.24  0.26  0.29  0.33  0.36  0.35  0.37  0.39 06011998 12
  0.42  0.44  0.47  0.46  0.45  0.44  0.41  0.40  0.41  0.40  0.38  0.40 07011998 00
  0.38  0.34  0.33  0.35  0.30  0.32  0.32  0.41  0.46  0.50  0.48  0.47 07011998 12
  0.44  0.42  0.36  0.35  0.31  0.23  0.17  0.13  0.19  0.26  0.32  0.39 08011998 00
  0.52  0.62  0.66  0.63  0.58  0.42  0.33  0.26  0.25  0.28  0.35  0.31 08011998 12
  0.29  0.27  0.27  0.31  0.45  0.52  0.47  0.40  0.31  0.34  0.38  0.42 09011998 00
  0.38  0.39  0.36  0.30  0.26  0.29  0.26  0.23  0.20  0.17  0.18  0.22 09011998 12
  0.22  0.21  0.21  0.21  0.18  0.19  0.20  0.15  0.12  0.09  0.10  0.11 10011998 00
  0.13  0.12  0.13  0.14  0.12  0.10  0.12  0.12  0.10  0.10  0.10  0.11 10011998 12
  0.12  0.12  0.11  0.12  0.14  0.15  0.17  0.17  0.16  0.16  0.15  0.15 11011998 00
  0.19  0.21  0.19  0.20  0.21  0.23  0.30  0.32  0.31  0.28  0.23  0.20 11011998 12
  0.17  0.16  0.13  0.14  0.14  0.11  0.10  0.15  0.16  0.17  0.15  0.15 12011998 00
  0.18  0.22  0.22  0.21  0.21  0.20  0.18  0.16  0.16  0.15  0.17  0.13 12011998 12
  0.12  0.12  0.11  0.11  0.13  0.13  0.10  0.07  0.06  0.06  0.07  0.09 13011998 00
  0.09  0.09  0.08  0.07  0.08  0.09  0.08  0.07  0.07  0.06  0.06  0.05 13011998 12
  0.03  0.02  0.01  0.02  0.05  0.10  0.12  0.13  0.14  0.18  0.21  0.23 14011998 00
  0.22  0.21  0.21  0.20  0.17  0.17  0.17  0.13  0.09  0.06  0.03  0.05 14011998 12
  0.08  0.08  0.12  0.17  0.20  0.24  0.28  0.30  0.31  0.30  0.26  0.24 15011998 00
  0.24  0.23  0.27  0.32  0.33  0.34  0.37  0.38  0.39  0.42  0.39  0.35 15011998 12
  0.33  0.25  0.22  0.22  0.17  0.15  0.18  0.15  0.08  0.03  0.01 -0.02 16011998 00
 -0.02 -0.03 -0.04 -0.05 -0.07 -0.07 -0.06 -0.06 -0.06 -0.06 -0.06 -0.05 16011998 12
 -0.04 -0.02 -0.00  0.02  0.02  0.03  0.04  0.05  0.06  0.07  0.09  0.11 17011998 00
  0.10  0.12  0.11  0.13  0.14  0.14  0.13  0.13  0.12  0.10  0.10  0.08 17011998 12
  0.06  0.05  0.04  0.03  0.04  0.06  0.09  0.12  0.19  0.29  0.40  0.46 18011998 00
  0.44  0.40  0.37  0.35  0.34  0.38  0.35  0.37  0.36  0.32  0.24  0.17 18011998 12
  0.12  0.10  0.09  0.06  0.06  0.07  0.06  0.03 -0.01 -0.05 -0.07 -0.09 19011998 00
 -0.11 -0.12 -0.13 -0.13 -0.12 -0.14 -0.15 -0.12 -0.12 -0.13 -0.12 -0.12 19011998 12
 -0.11 -0.07 -0.05 -0.03 -0.03 -0.05 -0.09 -0.09 -0.10 -0.12 -0.14 -0.16 20011998 00
 -0.19 -0.20 -0.19 -0.18 -0.16 -0.13 -0.09 -0.06 -0.04 -0.06 -0.05 -0.01 20011998 12
  0.02  0.02  0.02  0.01 -0.02 -0.03 -0.04 -0.04 -0.04 -0.03 -0.05 -0.08 21011998 00
 -0.09 -0.10 -0.11 -0.12 -0.11 -0.10 -0.08 -0.09 -0.09 -0.08 -0.08 -0.08 21011998 12
 -0.07 -0.07 -0.07 -0.08 -0.10 -0.10 -0.11 -0.11 -0.11 -0.10 -0.09 -0.09 22011998 00
 -0.10 -0.10 -0.11 -0.09 -0.08 -0.07 -0.07 -0.08 -0.09 -0.08 -0.09 -0.10 22011998 12
 -0.11 -0.11 -0.13 -0.16 -0.17 -0.16 -0.14 -0.14 -0.14 -0.15 -0.16 -0.16 23011998 00
 -0.17 -0.17 -0.16 -0.19 -0.23 -0.23 -0.25 -0.24 -0.25 -0.25 -0.27 -0.28 23011998 12
 -0.28 -0.28 -0.26 -0.28 -0.33 -0.30 -0.29 -0.27 -0.26 -0.26 -0.28 -0.28 24011998 00
 -0.26 -0.27 -0.27 -0.26 -0.30 -0.34 -0.33 -0.31 -0.26 -0.26 -0.24 -0.27 24011998 12
 -0.26 -0.27 -0.28 -0.26 -0.27 -0.31 -0.32 -0.32 -0.30 -0.26 -0.26 -0.26 25011998 00
 -0.25 -0.23 -0.25 -0.26 -0.26 -0.30 -0.34 -0.32 -0.31 -0.28 -0.27 -0.27 25011998 12
 -0.28 -0.25 -0.26 -0.25 -0.22 -0.24 -0.28 -0.31 -0.31 -0.30 -0.27 -0.26 26011998 00
 -0.26 -0.24 -0.24 -0.26 -0.26 -0.25 -0.27 -0.28 -0.26 -0.27 -0.24 -0.21 26011998 12
 -0.22 -0.21 -0.19 -0.20 -0.20 -0.19 -0.17 -0.18 -0.19 -0.20 -0.19 -0.16 27011998 00
 -0.16 -0.17 -0.15 -0.16 -0.16 -0.15 -0.14 -0.15 -0.16 -0.15 -0.15 -0.12 27011998 12
 -0.11 -0.12 -0.11 -0.11 -0.12 -0.11 -0.10 -0.12 -0.13 -0.14 -0.14 -0.12 28011998 00
 -0.10 -0.10 -0.11 -0.11 -0.12 -0.12 -0.11 -0.12 -0.13 -0.12 -0.13 -0.12 28011998 12
 -0.11 -0.10 -0.13 -0.11 -0.12 -0.12 -0.12 -0.11 -0.14 -0.15 -0.14 -0.14 29011998 00
 -0.13 -0.11 -0.13 -0.12 -0.11 -0.11 -0.11 -0.11 -0.12 -0.13 -0.13 -0.12 29011998 12
 -0.12 -0.10 -0.09 -0.11 -0.09 -0.10 -0.10 -0.08 -0.07 -0.07 -0.08 -0.09 30011998 00
 -0.08 -0.07 -0.06 -0.08 -0.07 -0.08 -0.08 -0.07 -0.07 -0.08 -0.09 -0.08 30011998 12
 -0.08 -0.08 -0.07 -0.08 -0.09 -0.08 -0.08 -0.08 -0.08 -0.09 -0.10 -0.10 31011998 00
 -0.08 -0.09 -0.08 -0.09 -0.11 -0.09 -0.10 -0.10 -0.09 -0.08 -0.08 -0.08 31011998 12
 -0.08 -0.09 -0.08 -0.08 -0.09 -0.07 -0.07 -0.07 -0.07 -0.05 -0.05 -0.07 01021998 00
 -0.06 -0.06 -0.06 -0.06 -0.06 -0.05 -0.04 -0.04 -0.03 -0.04 -0.05 -0.05 01021998 12
 -0.05 -0.05 -0.05 -0.04 -0.04 -0.04 -0.03 -0.03 -0.03 -0.03 -0.04 -0.05 02021998 00
 -0.04 -0.03 -0.03 -0.03 -0.04 -0.05 -0.04 -0.03 -0.03 -0.04 -0.06 -0.09 02021998 12
 -0.09 -0.08 -0.06 -0.05 -0.03 -0.04 -0.04 -0.03 -0.02 -0.02  0.00  0.02 03021998 00
  0.04  0.05  0.05  0.05  0.06  0.08  0.10  0.11  0.11  0.12  0.12  0.10 03021998 12
  0.11  0.11  0.11  0.11  0.10  0.09  0.08  0.09  0.07  0.07  0.08  0.06 04021998 00
  0.05  0.06  0.05  0.05  0.04  0.04  0.05  0.04  0.04  0.04  0.05  0.04 04021998 12
  0.01 -0.00 -0.01 -0.00  0.01  0.02  0.02  0.02  0.02  0.01  0.01  0.02 05021998 00
  0.03  0.02  0.01 -0.00 -0.00  0.01  0.02  0.04  0.05  0.05  0.06  0.08 05021998 12
  0.09  0.09  0.10  0.12  0.12  0.13  0.12  0.13  0.15  0.18  0.21  0.23 06021998 00
  0.26  0.28  0.30  0.35  0.40  0.41  0.44  0.43  0.46  0.46  0.45  0.35 06021998 12
  0.31  0.26  0.19  0.12  0.09  0.03  0.00 -0.02 -0.03  0.01  0.02  0.02 07021998 00
  0.03  0.05  0.07  0.09  0.07  0.04 -0.01 -0.03 -0.04 -0.06 -0.09 -0.11 07021998 12
 -0.12 -0.10 -0.08 -0.06 -0.02  0.04  0.10  0.13  0.16  0.19  0.22  0.24 08021998 00
  0.25  0.23  0.23  0.21  0.18  0.14  0.13  0.09  0.09  0.09  0.09  0.10 08021998 12
  0.11  0.10  0.11  0.13  0.13  0.13  0.15  0.14  0.11  0.10  0.08  0.09 09021998 00
  0.10  0.09  0.08  0.10  0.10  0.10  0.12  0.14  0.12  0.12  0.10  0.11 09021998 12
  0.13  0.13  0.09  0.08  0.07  0.05  0.01 -0.02 -0.04 -0.05 -0.04 -0.05 10021998 00
 -0.05 -0.05 -0.05 -0.06 -0.06 -0.06 -0.05 -0.02 -0.01 -0.00  0.00  0.01 10021998 12
  0.03  0.06  0.08  0.10  0.12  0.16  0.20  0.27  0.29  0.31  0.32  0.33 11021998 00
  0.34  0.38  0.40  0.35  0.35  0.31  0.24  0.19  0.16  0.12  0.11  0.07 11021998 12
  0.05  0.06  0.07  0.05  0.06  0.09  0.12  0.14  0.13  0.08  0.08  0.07 12021998 00
  0.06  0.07  0.07  0.05  0.05  0.07  0.05  0.03  0.02 -0.00 -0.02 -0.02 12021998 12
 -0.03 -0.01  0.01  0.00 -0.00 -0.01 -0.02 -0.04 -0.05 -0.05 -0.06 -0.05 13021998 00
 -0.05 -0.06 -0.06 -0.07 -0.07 -0.07 -0.07 -0.07 -0.07 -0.09 -0.10 -0.09 13021998 12
 -0.08 -0.08 -0.06 -0.06 -0.05 -0.05 -0.05 -0.04 -0.02 -0.02 -0.03 -0.03 14021998 00
 -0.04 -0.05 -0.04 -0.03 -0.02 -0.01 -0.01 -0.02 -0.02 -0.01 -0.02 -0.02 14021998 12
 -0.03 -0.05 -0.06 -0.07 -0.09 -0.09 -0.09 -0.09 -0.09 -0.10 -0.11 -0.11 15021998 00
 -0.09 -0.06 -0.02  0.03  0.05  0.07  0.08  0.11  0.17  0.27  0.33  0.31 15021998 12
  0.29  0.24  0.22  0.24  0.27  0.26  0.27  0.28  0.26  0.19  0.14  0.09 16021998 00
  0.07  0.07  0.01 -0.03 -0.09 -0.14 -0.17 -0.16 -0.18 -0.21 -0.25 -0.30 16021998 12
 -0.31 -0.29 -0.25 -0.22 -0.19 -0.18 -0.15 -0.15 -0.14 -0.12 -0.11 -0.12 17021998 00
 -0.11 -0.10 -0.10 -0.10 -0.13 -0.15 -0.17 -0.18 -0.19 -0.20 -0.24 -0.28 17021998 12
 -0.30 -0.28 -0.27 -0.24 -0.23 -0.22 -0.21 -0.18 -0.17 -0.14 -0.09 -0.07 18021998 00
 -0.06 -0.07 -0.09 -0.10 -0.11 -0.10 -0.09 -0.08 -0.07 -0.07 -0.06 -0.07 18021998 12
 -0.08 -0.08 -0.07 -0.05 -0.02 -0.00  0.01  0.02  0.01  0.00  0.01  0.03 19021998 00
  0.04  0.02 -0.00 -0.02 -0.03 -0.04 -0.04 -0.04 -0.03 -0.02 -0.01  0.00 19021998 12
  0.02  0.03  0.05  0.06  0.06  0.08  0.13  0.16  0.18  0.20  0.21  0.24 20021998 00
  0.27  0.30  0.28  0.27  0.28  0.32  0.36  0.39  0.41  0.45  0.48  0.52 20021998 12
  0.54  0.48  0.39  0.27  0.14  0.07  0.05  0.00 -0.04 -0.07 -0.03  0.01 21021998 00
  0.03  0.07  0.11  0.12  0.13  0.14  0.17  0.20  0.20  0.18  0.16  0.15 21021998 12
  0.13  0.10  0.06  0.04  0.01  0.01  0.02  0.00 -0.03 -0.08 -0.10 -0.10 22021998 00
 -0.12 -0.12 -0.13 -0.13 -0.13 -0.12 -0.12 -0.10 -0.08 -0.05 -0.04 -0.02 22021998 12
 -0.00  0.01  0.02  0.01  0.01  0.03  0.07  0.07  0.04  0.02 -0.01 -0.03 23021998 00
 -0.05 -0.04 -0.06 -0.09 -0.13 -0.17 -0.18 -0.18 -0.18 -0.16 -0.14 -0.13 23021998 12
 -0.13 -0.12 -0.14 -0.14 -0.14 -0.15 -0.17 -0.17 -0.16 -0.14 -0.15 -0.16 24021998 00
 -0.19 -0.19 -0.20 -0.20 -0.21 -0.25 -0.30 -0.30 -0.28 -0.25 -0.22 -0.22 24021998 12
 -0.23 -0.21 -0.20 -0.22 -0.23 -0.22 -0.25 -0.25 -0.25 -0.24 -0.21 -0.20 25021998 00
 -0.21 -0.20 -0.18 -0.19 -0.19 -0.18 -0.17 -0.20 -0.18 -0.18 -0.15 -0.11 25021998 12
 -0.06 -0.04 -0.00  0.01  0.02  0.04  0.05  0.03  0.03 -0.01 -0.03 -0.05 26021998 00
 -0.06 -0.07 -0.08 -0.07 -0.06 -0.06 -0.05 -0.03  0.00  0.03  0.05  0.08 26021998 12
  0.12  0.15  0.17  0.19  0.24  0.30  0.33  0.35  0.37  0.35  0.41  0.44 27021998 00
  0.43  0.42  0.51  0.46  0.49  0.48  0.42  0.32  0.26  0.21  0.13  0.15 27021998 12
  0.15  0.10  0.10  0.07  0.07  0.07  0.05  0.02 -0.00 -0.02 -0.04 -0.05 28021998 00
 -0.03  0.01  0.02  0.03  0.04  0.05  0.06  0.09  0.11  0.10  0.11  0.11 28021998 12
  0.14  0.16  0.16  0.17  0.15  0.15  0.14  0.13  0.09  0.07  0.06  0.06 01031998 00
  0.08  0.08  0.06  0.08  0.09  0.12  0.17  0.23  0.28  0.34  0.31  0.32 01031998 12
  0.27  0.28  0.25  0.23  0.25  0.18  0.19  0.18  0.12  0.05  0.02 -0.02 02031998 00
  0.02  0.04  0.03  0.06  0.12  0.16  0.17  0.19  0.25  0.35  0.49  0.51 02031998 12
  0.46  0.38  0.34  0.24  0.26  0.24  0.19  0.22  0.23  0.22  0.34  0.47 03031998 00
  0.50  0.51  0.49  0.40  0.32  0.33  0.23  0.22  0.19  0.13  0.11  0.14 03031998 12
  0.17  0.19  0.21  0.23  0.27  0.32  0.34  0.33  0.32  0.31  0.28  0.25 04031998 00
  0.24  0.25  0.30  0.32  0.35  0.41  0.44  0.43  0.44  0.42  0.38  0.33 04031998 12
  0.29  0.21  0.14  0.11  0.07  0.04  0.02  0.01  0.02  0.03  0.03  0.05 05031998 00
  0.10  0.15  0.16  0.14  0.10  0.07  0.04  0.02 -0.02 -0.02 -0.03 -0.06 05031998 12
 -0.06 -0.03 -0.00  0.03  0.07  0.11  0.17  0.21  0.23  0.23  0.19  0.14 06031998 00
  0.11  0.10  0.10  0.08  0.09  0.11  0.16  0.24  0.35  0.43  0.47  0.48 06031998 12
  0.51  0.52  0.52  0.54  0.49  0.45  0.38  0.31  0.23  0.19  0.16  0.16 07031998 00
  0.13  0.10  0.11  0.17  0.16  0.15  0.12  0.14  0.20  0.23  0.22  0.18 07031998 12
  0.15  0.12  0.10  0.05 -0.01 -0.09 -0.11 -0.10 -0.09 -0.09 -0.08 -0.06 08031998 00
 -0.03 -0.03 -0.02 -0.02 -0.03 -0.04 -0.05 -0.06 -0.06 -0.09 -0.10 -0.10 08031998 12
 -0.10 -0.09 -0.10 -0.11 -0.11 -0.10 -0.09 -0.08 -0.08 -0.07 -0.06 -0.06 09031998 00
 -0.06 -0.06 -0.08 -0.09 -0.10 -0.12 -0.13 -0.11 -0.10 -0.10 -0.11 -0.10 09031998 12
 -0.09 -0.07 -0.06 -0.07 -0.07 -0.04 -0.03 -0.03 -0.02 -0.01  0.03  0.09 10031998 00
  0.14  0.18  0.22  0.26  0.29  0.32  0.36  0.35  0.29  0.27  0.22  0.24 10031998 12
  0.25  0.24  0.18  0.15  0.07 -0.06 -0.24 -0.40 -0.47 -0.44 -0.42 -0.42 11031998 00
 -0.43 -0.44 -0.35 -0.31 -0.27 -0.20 -0.14 -0.13 -0.11 -0.16 -0.17 -0.16 11031998 12
 -0.16 -0.17 -0.18 -0.18 -0.18 -0.19 -0.20 -0.22 -0.20 -0.17 -0.15 -0.10 12031998 00
 -0.08 -0.07 -0.05 -0.05 -0.07 -0.07 -0.05 -0.05 -0.06 -0.07 -0.09 -0.11 12031998 12
 -0.13 -0.15 -0.16 -0.15 -0.16 -0.17 -0.18 -0.19 -0.21 -0.22 -0.22 -0.21 13031998 00
 -0.18 -0.18 -0.21 -0.18 -0.19 -0.20 -0.19 -0.18 -0.18 -0.20 -0.18 -0.19 13031998 12
 -0.16 -0.15 -0.18 -0.18 -0.18 -0.19 -0.18 -0.18 -0.20 -0.21 -0.22 -0.21 14031998 00
 -0.20 -0.19 -0.20 -0.20 -0.20 -0.21 -0.22 -0.21 -0.23 -0.24 -0.23 -0.22 14031998 12
 -0.21 -0.19 -0.19 -0.21 -0.19 -0.19 -0.20 -0.18 -0.17 -0.20 -0.19 -0.21 15031998 00
 -0.21 -0.19 -0.18 -0.20 -0.18 -0.18 -0.19 -0.18 -0.17 -0.18 -0.20 -0.19 15031998 12
 -0.20 -0.17 -0.16 -0.18 -0.17 -0.16 -0.17 -0.16 -0.15 -0.16 -0.16 -0.16 16031998 00
 -0.14 -0.12 -0.11 -0.12 -0.11 -0.09 -0.08 -0.08 -0.07 -0.09 -0.13 -0.14 16031998 12
 -0.14 -0.13 -0.13 -0.13 -0.15 -0.15 -0.15 -0.16 -0.16 -0.17 -0.18 -0.18 17031998 00
 -0.16 -0.14 -0.12 -0.10 -0.10 -0.08 -0.07 -0.07 -0.05 -0.06 -0.09 -0.12 17031998 12
 -0.13 -0.13 -0.12 -0.12 -0.15 -0.17 -0.17 -0.17 -0.18 -0.20 -0.23 -0.25 18031998 00
 -0.24 -0.26 -0.24 -0.23 -0.25 -0.24 -0.22 -0.23 -0.22 -0.21 -0.23 -0.24 18031998 12
 -0.27 -0.27 -0.26 -0.25 -0.26 -0.28 -0.28 -0.29 -0.30 -0.28 -0.30 -0.32 19031998 00
 -0.32 -0.33 -0.32 -0.30 -0.29 -0.30 -0.28 -0.27 -0.28 -0.27 -0.25 -0.28 19031998 12
 -0.29 -0.30 -0.31 -0.29 -0.29 -0.29 -0.29 -0.27 -0.28 -0.29 -0.27 -0.28 20031998 00
 -0.30 -0.30 -0.31 -0.29 -0.29 -0.28 -0.28 -0.25 -0.26 -0.27 -0.25 -0.26 20031998 12
 -0.29 -0.30 -0.31 -0.30 -0.29 -0.29 -0.30 -0.29 -0.28 -0.29 -0.28 -0.25 21031998 00
 -0.25 -0.26 -0.26 -0.27 -0.25 -0.27 -0.25 -0.25 -0.24 -0.25 -0.25 -0.25 21031998 12
 -0.25 -0.28 -0.28 -0.28 -0.26 -0.25 -0.25 -0.26 -0.26 -0.25 -0.25 -0.24 22031998 00
 -0.21 -0.23 -0.27 -0.26 -0.27 -0.25 -0.25 -0.22 -0.22 -0.22 -0.22 -0.22 22031998 12
 -0.22 -0.20 -0.22 -0.23 -0.23 -0.23 -0.21 -0.21 -0.20 -0.21 -0.19 -0.19 23031998 00
 -0.18 -0.18 -0.18 -0.21 -0.20 -0.20 -0.18 -0.15 -0.13 -0.13 -0.13 -0.10 23031998 12
 -0.10 -0.08 -0.08 -0.09 -0.13 -0.13 -0.12 -0.12 -0.13 -0.13 -0.14 -0.14 24031998 00
 -0.14 -0.13 -0.15 -0.16 -0.19 -0.20 -0.19 -0.17 -0.16 -0.15 -0.13 -0.13 24031998 12
 -0.12 -0.12 -0.12 -0.10 -0.06 -0.04 -0.03 -0.03 -0.02 -0.02 -0.02 -0.02 25031998 00
 -0.02 -0.03 -0.04 -0.04 -0.06 -0.08 -0.10 -0.09 -0.07 -0.04 -0.02  0.01 25031998 12
  0.05  0.07  0.07  0.08  0.11  0.17  0.21  0.23  0.25  0.26  0.29  0.37 26031998 00
  0.41  0.38  0.37  0.37  0.33  0.25  0.18  0.10  0.11  0.08  0.03  0.01 26031998 12
  0.01 -0.00 -0.00  0.01  0.01  0.01  0.05  0.08  0.07  0.05  0.04  0.04 27031998 00
  0.06  0.09  0.09  0.10  0.11  0.12  0.13  0.16  0.15  0.13  0.15  0.15 27031998 12
  0.13  0.16  0.15  0.13  0.12  0.12  0.11  0.12  0.10  0.08  0.07  0.08 28031998 00
  0.07  0.09  0.11  0.11  0.11  0.10  0.09  0.08  0.07  0.06  0.05  0.04 28031998 12
  0.03  0.02  0.02  0.01  0.01  0.01  0.01  0.01  0.01  0.01  0.01  0.01 29031998 00
  0.02  0.02  0.01  0.00 -0.00  0.01  0.02  0.05  0.10  0.13  0.14  0.15 29031998 12
  0.15  0.15  0.18  0.21  0.18  0.19  0.20  0.20  0.22  0.23  0.20  0.20 30031998 00
  0.18  0.15  0.12  0.14  0.10  0.10  0.11  0.10  0.07  0.06  0.05  0.03 30031998 12
  0.03  0.02 -0.02 -0.03 -0.05 -0.05 -0.05 -0.05 -0.06 -0.07 -0.08 -0.08 31031998 00
 -0.07 -0.06 -0.04 -0.03 -0.03 -0.02 -0.03 -0.03 -0.03 -0.02 -0.02 -0.01 31031998 12
 -0.01 -0.02 -0.03 -0.04 -0.05 -0.05 -0.05 -0.04 -0.03 -0.02 -0.01 -0.01 01041998 00
  0.01  0.02  0.01  0.01  0.02  0.02  0.01  0.00  0.00  0.01  0.02  0.03 01041998 12
  0.04  0.03  0.03  0.02  0.02  0.03  0.04  0.04  0.05  0.05  0.06  0.07 02041998 00
  0.08  0.08  0.07  0.07  0.08  0.08  0.07  0.05  0.04  0.05  0.08  0.18 02041998 12
  0.28  0.31  0.31  0.29  0.30  0.34  0.39  0.36  0.35  0.38  0.43  0.51 03041998 00
  0.62  0.63  0.57  0.53  0.48  0.47  0.53  0.53  0.49  0.48  0.41  0.36 03041998 12
  0.41  0.47  0.40  0.35  0.26  0.26  0.27  0.32  0.34  0.38  0.40  0.41 04041998 00
  0.42  0.47  0.46  0.42  0.37  0.32  0.32  0.33  0.33  0.31  0.31  0.29 04041998 12
  0.26  0.25  0.29  0.25  0.25  0.21  0.22  0.22  0.25  0.25  0.26  0.24 05041998 00
  0.21  0.20  0.19  0.20  0.17  0.17  0.16  0.18  0.19  0.22  0.22  0.21 05041998 12
  0.19  0.17  0.16  0.16  0.16  0.13  0.12  0.11  0.12  0.11  0.13  0.14 06041998 00
  0.13  0.13  0.13  0.12  0.13  0.13  0.13  0.12  0.11  0.11  0.10  0.11 06041998 12
  0.12  0.12  0.10  0.09  0.08  0.10  0.09  0.08  0.07  0.07  0.07  0.08 07041998 00
  0.07  0.07  0.06  0.04  0.03  0.04  0.05  0.05  0.04  0.03  0.03  0.03 07041998 12
  0.03  0.03  0.03  0.02  0.02  0.04  0.06  0.07  0.08  0.08  0.09  0.10 08041998 00
  0.11  0.10  0.11  0.11  0.10  0.09  0.11  0.10  0.09  0.08  0.04  0.01 08041998 12
  0.00 -0.03 -0.05 -0.06 -0.09 -0.10 -0.11 -0.11 -0.10 -0.12 -0.13 -0.18 09041998 00
 -0.21 -0.22 -0.21 -0.23 -0.27 -0.28 -0.31 -0.30 -0.27 -0.23 -0.18 -0.15 09041998 12
 -0.16 -0.15 -0.10 -0.09 -0.10 -0.07 -0.08 -0.11 -0.09 -0.07 -0.04 -0.04 10041998 00
 -0.07 -0.09 -0.09 -0.07 -0.08 -0.10 -0.13 -0.16 -0.13 -0.13 -0.09 -0.07 10041998 12
 -0.10 -0.13 -0.13 -0.12 -0.13 -0.14 -0.17 -0.22 -0.21 -0.19 -0.17 -0.12 11041998 00
 -0.13 -0.15 -0.13 -0.11 -0.10 -0.10 -0.08 -0.07 -0.09 -0.06 -0.05 -0.03 11041998 12
 -0.03 -0.05 -0.06 -0.05 -0.04 -0.04 -0.04 -0.04 -0.04 -0.03 -0.03 -0.03 12041998 00
 -0.03 -0.04 -0.04 -0.03 -0.03 -0.02 -0.02 -0.00 -0.00 -0.01 -0.02 -0.03 12041998 12
 -0.02 -0.03 -0.04 -0.04 -0.04 -0.05 -0.04 -0.03 -0.03 -0.02 -0.02 -0.01 13041998 00
  0.01  0.02  0.03  0.03  0.03  0.03  0.04  0.07  0.09  0.09  0.09  0.10 13041998 12
  0.11  0.10  0.10  0.11  0.10  0.10  0.11  0.11  0.11  0.12  0.13  0.12 14041998 00
  0.13  0.11  0.10  0.10  0.09  0.10  0.11  0.11  0.11  0.12  0.11  0.10 14041998 12
  0.09  0.06  0.02  0.00 -0.01  0.00  0.02  0.01  0.01  0.00  0.01  0.02 15041998 00
  0.04  0.05  0.06  0.07  0.08  0.09  0.11  0.14  0.16  0.17  0.18  0.19 15041998 12
  0.18  0.17  0.15  0.13  0.14  0.14  0.18  0.19  0.18  0.17  0.18  0.18 16041998 00
  0.20  0.18  0.16  0.14  0.14  0.12  0.12  0.13  0.12  0.09  0.08  0.08 16041998 12
  0.08  0.09  0.07  0.04  0.01  0.00  0.01  0.01  0.00 -0.03 -0.07 -0.08 17041998 00
 -0.05 -0.01  0.02  0.04  0.04  0.05  0.07  0.08  0.10  0.11  0.09  0.07 17041998 12
  0.06  0.06  0.05  0.04  0.02  0.02  0.01  0.01  0.01  0.02  0.03  0.04 18041998 00
  0.05  0.05  0.05  0.05  0.06  0.07  0.07  0.06  0.06  0.05  0.05  0.06 18041998 12
  0.08  0.07  0.07  0.06  0.07  0.08  0.10  0.10  0.10  0.10  0.10  0.12 19041998 00
  0.13  0.12  0.10  0.09  0.09  0.10  0.11  0.11  0.11  0.11  0.12  0.12 19041998 12
  0.13  0.15  0.14  0.14  0.11  0.11  0.09  0.08  0.07  0.09  0.09  0.08 20041998 00
  0.07  0.07  0.05  0.03  0.03  0.03  0.05  0.06  0.06  0.05  0.05  0.05 20041998 12
  0.06  0.06  0.06  0.05  0.06  0.06  0.07  0.08  0.10  0.11  0.11  0.11 21041998 00
  0.10  0.09  0.09  0.10  0.08  0.07  0.07  0.09  0.11  0.15  0.18  0.20 21041998 12
  0.21  0.20  0.19  0.21  0.20  0.16  0.14  0.11  0.11  0.10  0.08  0.06 22041998 00
  0.07  0.06  0.04  0.05  0.06  0.07  0.08  0.09  0.10  0.12  0.14  0.15 22041998 12
  0.14  0.14  0.13  0.11  0.12  0.13  0.11  0.11  0.10  0.11  0.12  0.15 23041998 00
  0.15  0.15  0.14  0.11  0.10  0.08  0.05  0.05  0.03  0.02  0.03  0.03 23041998 12
  0.03  0.04  0.04  0.03  0.02  0.04  0.07  0.10  0.11  0.12  0.14  0.16 24041998 00
  0.16  0.15  0.15  0.15  0.15  0.14  0.14  0.14  0.12  0.13  0.12  0.12 24041998 12
  0.14  0.12  0.12  0.11  0.09  0.07  0.06  0.05  0.06  0.06  0.06  0.07 25041998 00
  0.08  0.09  0.10  0.11  0.12  0.13  0.18  0.19  0.19  0.18  0.16  0.15 25041998 12
  0.14  0.17  0.12  0.13  0.14  0.13  0.11  0.13  0.13  0.13  0.15  0.13 26041998 00
  0.12  0.14  0.13  0.13  0.14  0.14  0.14  0.17  0.17  0.16  0.14  0.14 26041998 12
  0.12  0.12  0.13  0.10  0.10  0.10  0.08  0.08  0.10  0.11  0.11  0.10 27041998 00
  0.10  0.09  0.10  0.08  0.09  0.09  0.09  0.09  0.10  0.11  0.09  0.10 27041998 12
  0.11  0.10  0.11  0.10  0.09  0.09  0.09  0.09  0.11  0.12  0.13  0.11 28041998 00
  0.12  0.10  0.10  0.12  0.10  0.12  0.12  0.12  0.11  0.11  0.10  0.11 28041998 12
  0.11  0.09  0.08  0.08  0.06  0.05  0.05  0.06  0.06  0.07  0.06  0.03 29041998 00
  0.03  0.03  0.01  0.01 -0.01 -0.01 -0.01 -0.01  0.00  0.02  0.02 -0.01 29041998 12
 -0.02 -0.03 -0.04 -0.05 -0.07 -0.09 -0.09 -0.09 -0.09 -0.09 -0.12 -0.12 30041998 00
 -0.11 -0.13 -0.12 -0.11 -0.12 -0.12 -0.12 -0.11 -0.11 -0.10 -0.13 -0.14 30041998 12
 -0.15 -0.14 -0.13 -0.12 -0.13 -0.15 -0.14 -0.15 -0.14 -0.12 -0.12 -0.13 01051998 00
 -0.14 -0.14 -0.14 -0.12 -0.11 -0.12 -0.10 -0.10 -0.11 -0.11 -0.11 -0.12 01051998 12
 -0.12 -0.10 -0.12 -0.11 -0.12 -0.12 -0.13 -0.12 -0.12 -0.12 -0.11 -0.13 02051998 00
 -0.15 -0.15 -0.16 -0.15 -0.15 -0.15 -0.16 -0.15 -0.14 -0.15 -0.16 -0.16 02051998 12
 -0.17 -0.18 -0.17 -0.16 -0.15 -0.16 -0.17 -0.17 -0.15 -0.16 -0.15 -0.14 03051998 00
 -0.15 -0.17 -0.17 -0.17 -0.15 -0.13 -0.12 -0.12 -0.11 -0.09 -0.09 -0.07 03051998 12
 -0.04 -0.05 -0.07 -0.08 -0.07 -0.06 -0.06 -0.07 -0.08 -0.08 -0.07 -0.05 04051998 00
 -0.04 -0.04 -0.07 -0.07 -0.07 -0.05 -0.05 -0.05 -0.06 -0.07 -0.06 -0.04 04051998 12
 -0.03 -0.03 -0.03 -0.04 -0.03 -0.03 -0.02 -0.00  0.02  0.03  0.06  0.10 05051998 00
  0.13  0.15  0.13  0.13  0.14  0.15  0.16  0.15  0.15  0.14  0.15  0.16 05051998 12
  0.17  0.17  0.16  0.16  0.19  0.19  0.19  0.17  0.18  0.18  0.18  0.15 06051998 00
  0.15  0.14  0.12  0.09  0.09  0.11  0.10  0.11  0.12  0.16  0.19  0.23 06051998 12
  0.25  0.25  0.25  0.27  0.27  0.28  0.25  0.25  0.24  0.23  0.21  0.22 07051998 00
  0.21  0.23  0.23  0.22  0.22  0.26  0.26  0.22  0.20  0.16  0.14  0.11 07051998 12
  0.10  0.09  0.11  0.07  0.01 -0.02 -0.01 -0.01 -0.00 -0.02 -0.03 -0.04 08051998 00
 -0.03 -0.02 -0.02 -0.03 -0.04 -0.06 -0.08 -0.07 -0.05 -0.05 -0.04 -0.04 08051998 12
 -0.04 -0.03 -0.02 -0.01 -0.00  0.00  0.01  0.01  0.02  0.02  0.02  0.02 09051998 00
  0.03  0.02  0.01  0.01  0.01  0.00 -0.01 -0.01 -0.02 -0.02 -0.04 -0.05 09051998 12
 -0.05 -0.05 -0.06 -0.08 -0.11 -0.13 -0.16 -0.17 -0.17 -0.18 -0.17 -0.16 10051998 00
 -0.15 -0.15 -0.14 -0.13 -0.14 -0.13 -0.14 -0.16 -0.14 -0.15 -0.14 -0.12 10051998 12
 -0.11 -0.13 -0.14 -0.14 -0.15 -0.14 -0.11 -0.09 -0.08 -0.09 -0.11 -0.09 11051998 00
 -0.08 -0.07 -0.07 -0.08 -0.09 -0.10 -0.10 -0.08 -0.09 -0.08 -0.09 -0.08 11051998 12
 -0.07 -0.07 -0.07 -0.07 -0.08 -0.09 -0.09 -0.08 -0.08 -0.09 -0.09 -0.09 12051998 00
 -0.08 -0.07 -0.08 -0.07 -0.07 -0.08 -0.08 -0.08 -0.08 -0.08 -0.09 -0.10 12051998 12
 -0.09 -0.10 -0.11 -0.11 -0.11 -0.11 -0.12 -0.12 -0.12 -0.13 -0.12 -0.12 13051998 00
 -0.10 -0.10 -0.10 -0.10 -0.09 -0.09 -0.08 -0.07 -0.07 -0.08 -0.07 -0.08 13051998 12
 -0.07 -0.07 -0.07 -0.08 -0.07 -0.08 -0.08 -0.09 -0.10 -0.12 -0.12 -0.12 14051998 00
 -0.12 -0.11 -0.10 -0.12 -0.11 -0.11 -0.12 -0.12 -0.12 -0.13 -0.13 -0.14 14051998 12
 -0.13 -0.12 -0.12 -0.14 -0.14 -0.14 -0.14 -0.15 -0.14 -0.14 -0.16 -0.15 15051998 00
 -0.16 -0.15 -0.14 -0.14 -0.14 -0.13 -0.13 -0.13 -0.12 -0.12 -0.13 -0.13 15051998 12
 -0.13 -0.13 -0.12 -0.12 -0.13 -0.13 -0.13 -0.14 -0.14 -0.14 -0.15 -0.15 16051998 00
 -0.16 -0.16 -0.15 -0.15 -0.16 -0.15 -0.14 -0.14 -0.15 -0.13 -0.14 -0.14 16051998 12
 -0.15 -0.15 -0.15 -0.15 -0.14 -0.15 -0.14 -0.15 -0.15 -0.15 -0.16 -0.17 17051998 00
 -0.17 -0.17 -0.16 -0.16 -0.16 -0.15 -0.15 -0.14 -0.15 -0.15 -0.14 -0.14 17051998 12
 -0.15 -0.14 -0.15 -0.15 -0.15 -0.15 -0.16 -0.14 -0.15 -0.15 -0.15 -0.16 18051998 00
 -0.18 -0.18 -0.19 -0.19 -0.17 -0.16 -0.16 -0.16 -0.15 -0.17 -0.17 -0.15 18051998 12
 -0.15 -0.16 -0.17 -0.19 -0.18 -0.18 -0.17 -0.18 -0.16 -0.17 -0.17 -0.16 19051998 00
 -0.17 -0.20 -0.21 -0.20 -0.18 -0.17 -0.17 -0.17 -0.17 -0.16 -0.16 -0.15 19051998 12
 -0.13 -0.14 -0.15 -0.16 -0.17 -0.15 -0.15 -0.14 -0.15 -0.13 -0.14 -0.13 20051998 00
 -0.12 -0.13 -0.15 -0.15 -0.14 -0.13 -0.12 -0.13 -0.13 -0.13 -0.10 -0.10 20051998 12
 -0.09 -0.09 -0.10 -0.13 -0.13 -0.13 -0.13 -0.14 -0.14 -0.15 -0.15 -0.15 21051998 00
 -0.16 -0.17 -0.17 -0.19 -0.20 -0.19 -0.18 -0.17 -0.16 -0.16 -0.16 -0.15 21051998 12
 -0.15 -0.15 -0.13 -0.13 -0.15 -0.17 -0.16 -0.16 -0.14 -0.15 -0.16 -0.16 22051998 00
 -0.16 -0.17 -0.18 -0.17 -0.18 -0.19 -0.18 -0.18 -0.17 -0.15 -0.15 -0.15 22051998 12
 -0.13 -0.13 -0.14 -0.13 -0.13 -0.15 -0.14 -0.15 -0.14 -0.12 -0.11 -0.11 23051998 00
 -0.10 -0.10 -0.12 -0.12 -0.12 -0.13 -0.13 -0.14 -0.14 -0.14 -0.12 -0.11 23051998 12
 -0.11 -0.09 -0.10 -0.11 -0.09 -0.08 -0.09 -0.09 -0.08 -0.09 -0.07 -0.06 24051998 00
 -0.07 -0.06 -0.07 -0.08 -0.07 -0.06 -0.06 -0.07 -0.07 -0.06 -0.05 -0.03 24051998 12
 -0.02 -0.02 -0.02 -0.03 -0.03 -0.02 -0.02 -0.03 -0.03 -0.03 -0.01  0.00 25051998 00
  0.01  0.01  0.02  0.02  0.02  0.03  0.03  0.04  0.03  0.02  0.03  0.04 25051998 12
  0.03  0.03  0.04  0.04  0.04  0.04  0.04  0.04  0.03  0.02  0.01  0.00 26051998 00
 -0.01 -0.00  0.00  0.00 -0.00 -0.01 -0.02 -0.02 -0.02 -0.02 -0.03 -0.03 26051998 12
 -0.03 -0.04 -0.04 -0.04 -0.04 -0.04 -0.04 -0.04 -0.04 -0.05 -0.04 -0.04 27051998 00
 -0.03 -0.03 -0.03 -0.03 -0.03 -0.03 -0.03 -0.01 -0.01 -0.01 -0.02 -0.02 27051998 12
 -0.02 -0.03 -0.04 -0.04 -0.03 -0.04 -0.04 -0.04 -0.04 -0.04 -0.04 -0.04 28051998 00
 -0.03 -0.02 -0.02 -0.02 -0.02 -0.01 -0.01 -0.01 -0.01 -0.01 -0.01 -0.02 28051998 12
 -0.02 -0.03 -0.04 -0.04 -0.04 -0.04 -0.04 -0.04 -0.03 -0.02 -0.02 -0.02 29051998 00
 -0.03 -0.03 -0.02 -0.02 -0.01 -0.01 -0.01 -0.02 -0.01 -0.01 -0.01 -0.01 29051998 12
 -0.02 -0.03 -0.03 -0.04 -0.04 -0.05 -0.06 -0.07 -0.07 -0.06 -0.06 -0.06 30051998 00
 -0.06 -0.07 -0.07 -0.06 -0.06 -0.06 -0.05 -0.05 -0.06 -0.07 -0.07 -0.07 30051998 12
 -0.06 -0.06 -0.06 -0.05 -0.05 -0.04 -0.03 -0.02 -0.01  0.02  0.06  0.10 31051998 00
  0.12  0.11  0.09  0.09  0.11  0.12  0.12  0.10  0.09  0.09  0.08  0.08 31051998 12
  0.09  0.08  0.07  0.06  0.05  0.06  0.08  0.08  0.07  0.07  0.08  0.10 01061998 00
  0.11  0.10  0.07  0.05  0.03  0.02  0.02  0.02  0.01  0.01 -0.00 -0.02 01061998 12
 -0.02 -0.01 -0.00 -0.01 -0.02 -0.03 -0.02 -0.03 -0.03 -0.03 -0.02 -0.01 02061998 00
  0.01  0.02  0.03  0.05  0.06  0.08  0.07  0.07  0.07  0.08  0.08  0.08 02061998 12
  0.08  0.08  0.07  0.06  0.06  0.05  0.04  0.03  0.03  0.02  0.02  0.02 03061998 00
  0.01  0.00 -0.01 -0.02 -0.01 -0.01 -0.01 -0.02 -0.02 -0.02 -0.02 -0.03 03061998 12
 -0.03 -0.03 -0.02 -0.03 -0.04 -0.05 -0.06 -0.06 -0.07 -0.07 -0.07 -0.06 04061998 00
 -0.06 -0.07 -0.08 -0.09 -0.08 -0.07 -0.07 -0.06 -0.07 -0.07 -0.07 -0.06 04061998 12
 -0.06 -0.06 -0.07 -0.08 -0.09 -0.08 -0.08 -0.08 -0.08 -0.07 -0.05 -0.04 05061998 00
 -0.04 -0.04 -0.05 -0.04 -0.03 -0.03 -0.03 -0.04 -0.04 -0.04 -0.03 -0.02 05061998 12
 -0.01 -0.00 -0.01 -0.01  0.01  0.02  0.02  0.01 -0.01 -0.00  0.03  0.06 06061998 00
  0.07  0.06  0.06  0.07  0.10  0.13  0.14  0.13  0.13  0.12  0.12  0.12 06061998 12
  0.12  0.11  0.11  0.11  0.09  0.08  0.09  0.08  0.08  0.08  0.09  0.09 07061998 00
  0.09  0.08  0.08  0.08  0.08  0.08  0.09  0.08  0.07  0.07  0.04  0.03 07061998 12
  0.04  0.03  0.03  0.02 -0.01 -0.03 -0.03 -0.01 -0.00  0.01  0.02  0.05 08061998 00
  0.08  0.12  0.14  0.16  0.21  0.27  0.30  0.29  0.24  0.21  0.16  0.14 08061998 12
  0.14  0.14  0.11  0.13  0.15  0.18  0.26  0.36  0.40  0.39  0.38  0.34 09061998 00
  0.30  0.30  0.24  0.23  0.24  0.23  0.22  0.23  0.22  0.20  0.21  0.19 09061998 12
  0.19  0.22  0.21  0.20  0.20  0.18  0.15  0.15  0.14  0.15  0.14  0.13 10061998 00
  0.13  0.12  0.13  0.12  0.13  0.13  0.10  0.08  0.05  0.04  0.00 -0.02 10061998 12
 -0.05 -0.08 -0.10 -0.10 -0.11 -0.12 -0.14 -0.17 -0.18 -0.18 -0.18 -0.18 11061998 00
 -0.15 -0.14 -0.15 -0.13 -0.12 -0.11 -0.09 -0.07 -0.05 -0.02 -0.05 -0.06 11061998 12
 -0.05 -0.07 -0.08 -0.09 -0.10 -0.10 -0.11 -0.10 -0.10 -0.10 -0.09 -0.10 12061998 00
 -0.08 -0.07 -0.06 -0.06 -0.06 -0.06 -0.06 -0.05 -0.04 -0.03 -0.02 -0.01 12061998 12
 -0.00  0.00  0.00  0.00  0.01  0.02  0.00 -0.00 -0.01  0.01  0.03  0.03 13061998 00
  0.03  0.02  0.02  0.03  0.05  0.05  0.05  0.05  0.05  0.05  0.05  0.04 13061998 12
  0.04  0.03  0.02  0.02  0.02  0.01  0.02  0.01  0.01  0.00 -0.00 -0.01 14061998 00
 -0.01 -0.01 -0.01 -0.02 -0.02 -0.02 -0.02 -0.02 -0.02 -0.03 -0.03 -0.03 14061998 12
 -0.02 -0.02 -0.01 -0.02 -0.04 -0.04 -0.04 -0.04 -0.04 -0.04 -0.06 -0.07 15061998 00
 -0.06 -0.05 -0.04 -0.03 -0.03 -0.04 -0.03 -0.03 -0.03 -0.02 -0.04 -0.06 15061998 12
 -0.07 -0.07 -0.07 -0.07 -0.07 -0.08 -0.08 -0.08 -0.08 -0.08 -0.08 -0.09 16061998 00
 -0.08 -0.09 -0.09 -0.09 -0.09 -0.09 -0.09 -0.09 -0.09 -0.09 -0.09 -0.10 16061998 12
 -0.11 -0.11 -0.11 -0.11 -0.09 -0.08 -0.09 -0.08 -0.08 -0.08 -0.07 -0.05 17061998 00
 -0.04 -0.05 -0.05 -0.07 -0.05 -0.04 -0.04 -0.03 -0.02 -0.03 -0.03 -0.03 17061998 12
 -0.03 -0.03 -0.04 -0.04 -0.03 -0.02 -0.01  0.00  0.02  0.02  0.02  0.02 18061998 00
  0.01  0.00 -0.01 -0.02 -0.02 -0.03 -0.04 -0.04 -0.03 -0.03 -0.04 -0.05 18061998 12
 -0.05 -0.05 -0.05 -0.05 -0.05 -0.05 -0.05 -0.05 -0.05 -0.04 -0.02 -0.02 19061998 00
 -0.02 -0.02 -0.03 -0.04 -0.05 -0.04 -0.03 -0.04 -0.04 -0.04 -0.04 -0.03 19061998 12
 -0.03 -0.03 -0.03 -0.04 -0.04 -0.03 -0.04 -0.04 -0.04 -0.03 -0.03 -0.03 20061998 00
 -0.04 -0.05 -0.05 -0.05 -0.05 -0.06 -0.06 -0.06 -0.05 -0.03 -0.01  0.01 20061998 12
  0.03  0.04  0.05  0.08  0.11  0.12  0.10  0.08  0.06  0.05  0.04  0.03 21061998 00
  0.02  0.02  0.01  0.01 -0.00  0.01  0.01  0.02  0.02  0.02  0.02  0.03 21061998 12
  0.03  0.03  0.04  0.04  0.03  0.01 -0.01 -0.01 -0.01 -0.01 -0.02 -0.03 22061998 00
 -0.03 -0.03 -0.02 -0.03 -0.04 -0.04 -0.04 -0.04 -0.03 -0.03 -0.01  0.02 22061998 12
  0.05  0.07  0.08  0.08  0.11  0.14  0.15  0.15  0.12  0.12  0.10  0.08 23061998 00
  0.08  0.08  0.06  0.06  0.05  0.03  0.03  0.04  0.04  0.03  0.05  0.06 23061998 12
  0.08  0.10  0.10  0.09  0.10  0.10  0.11  0.11  0.10  0.10  0.09  0.09 24061998 00
  0.08  0.07  0.07  0.05  0.06  0.06  0.05  0.06  0.07  0.06  0.06  0.06 24061998 12
  0.06  0.06  0.06  0.05  0.05  0.06  0.05  0.05  0.07  0.06  0.06  0.05 25061998 00
  0.05  0.05  0.07  0.07  0.07  0.08  0.09  0.09  0.11  0.10  0.09  0.09 25061998 12
  0.09  0.09  0.09  0.08  0.07  0.08  0.07  0.06  0.07  0.08  0.07  0.09 26061998 00
  0.09  0.09  0.09  0.10  0.10  0.11  0.11  0.11  0.11  0.11  0.11  0.09 26061998 12
  0.10  0.09  0.09  0.11  0.10  0.10  0.11  0.10  0.11  0.14  0.16  0.15 27061998 00
  0.14  0.12  0.11  0.10  0.11  0.09  0.09  0.09  0.07  0.05  0.04  0.04 27061998 12
  0.03  0.04  0.03  0.03  0.03  0.02  0.02  0.02  0.03  0.03  0.03  0.02 28061998 00
  0.02  0.01  0.01  0.00 -0.00 -0.00  0.00  0.01  0.02  0.02  0.00 -0.01 28061998 12
 -0.01 -0.01 -0.01 -0.00 -0.01 -0.02 -0.02 -0.02 -0.01 -0.01 -0.01 -0.02 29061998 00
 -0.02 -0.02 -0.02 -0.02 -0.02 -0.02 -0.01  0.01  0.01  0.02  0.01 -0.00 29061998 12
 -0.01 -0.02 -0.02 -0.02 -0.02 -0.03 -0.03 -0.03 -0.02 -0.01 -0.00 -0.02 30061998 00
 -0.02 -0.02 -0.02 -0.02 -0.02 -0.02 -0.02 -0.01 -0.01 -0.02 -0.03 -0.04 30061998 12
 -0.05 -0.06 -0.07 -0.08 -0.09 -0.09 -0.08 -0.08 -0.09 -0.10 -0.11 -0.11 01071998 00
 -0.11 -0.11 -0.10 -0.10 -0.09 -0.10 -0.09 -0.09 -0.07 -0.08 -0.08 -0.09 01071998 12
 -0.09 -0.10 -0.10 -0.11 -0.12 -0.13 -0.13 -0.13 -0.13 -0.12 -0.13 -0.13 02071998 00
 -0.11 -0.12 -0.12 -0.11 -0.12 -0.11 -0.12 -0.12 -0.12 -0.11 -0.11 -0.10 02071998 12
 -0.09 -0.09 -0.11 -0.11 -0.12 -0.11 -0.10 -0.09 -0.08 -0.07 -0.07 -0.06 03071998 00
 -0.07 -0.09 -0.12 -0.13 -0.13 -0.13 -0.12 -0.12 -0.11 -0.11 -0.11 -0.10 03071998 12
 -0.10 -0.10 -0.10 -0.13 -0.12 -0.13 -0.12 -0.12 -0.12 -0.12 -0.11 -0.11 04071998 00
 -0.11 -0.11 -0.11 -0.13 -0.13 -0.11 -0.10 -0.09 -0.10 -0.09 -0.08 -0.05 04071998 12
 -0.04 -0.03 -0.01 -0.00  0.00  0.01 -0.00 -0.01 -0.01 -0.01 -0.02 -0.01 05071998 00
 -0.00 -0.00 -0.02 -0.04 -0.06 -0.07 -0.07 -0.07 -0.06 -0.06 -0.05 -0.05 05071998 12
 -0.04 -0.04 -0.04 -0.03 -0.03 -0.04 -0.04 -0.04 -0.03 -0.03 -0.03 -0.03 06071998 00
 -0.03 -0.03 -0.03 -0.04 -0.05 -0.07 -0.07 -0.06 -0.05 -0.04 -0.04 -0.04 06071998 12
 -0.04 -0.03 -0.05 -0.05 -0.05 -0.05 -0.06 -0.06 -0.05 -0.05 -0.04 -0.04 07071998 00
 -0.04 -0.03 -0.04 -0.03 -0.03 -0.03 -0.04 -0.03 -0.03 -0.03 -0.04 -0.04 07071998 12
 -0.04 -0.04 -0.04 -0.05 -0.05 -0.04 -0.04 -0.03 -0.03 -0.01  0.01  0.03 08071998 00
  0.03  0.03  0.03  0.03  0.04  0.05  0.06  0.05  0.05  0.07  0.09  0.10 08071998 12
  0.12  0.12  0.11  0.10  0.10  0.09  0.07  0.04  0.03  0.01  0.01 -0.01 09071998 00
 -0.02 -0.03 -0.04 -0.04 -0.04 -0.04 -0.04 -0.03 -0.03 -0.02 -0.02 -0.01 09071998 12
 -0.00  0.00  0.01 -0.00 -0.01 -0.01 -0.01 -0.00  0.01  0.02  0.02  0.02 10071998 00
  0.02  0.02  0.03  0.04  0.04  0.05  0.06  0.08  0.09  0.09  0.09  0.10 10071998 12
  0.11  0.11  0.11  0.09  0.09  0.08  0.08  0.06  0.05  0.03  0.03  0.03 11071998 00
  0.03  0.04  0.04  0.04  0.06  0.08  0.10  0.11  0.11  0.11  0.09  0.09 11071998 12
  0.09  0.07  0.07  0.09  0.08  0.10  0.13  0.16  0.23  0.32  0.38  0.37 12071998 00
  0.38  0.35  0.34  0.40  0.36  0.34  0.32  0.25  0.15  0.06  0.01  0.01 12071998 12
  0.05  0.05  0.07  0.08  0.09  0.11  0.12  0.13  0.13  0.12  0.13  0.11 13071998 00
  0.12  0.12  0.10  0.08  0.10  0.09  0.10  0.11  0.11  0.10  0.08  0.07 13071998 12
  0.08  0.09  0.08  0.06  0.04  0.02  0.02  0.03  0.03  0.02 -0.01 -0.02 14071998 00
 -0.01  0.02  0.03  0.04  0.05  0.06  0.06  0.06  0.07  0.07  0.07  0.07 14071998 12
  0.07  0.07  0.07  0.06  0.05  0.05  0.03  0.02  0.03  0.03  0.02  0.02 15071998 00
  0.02  0.02  0.02  0.01  0.01  0.01  0.02  0.01  0.00 -0.00 -0.00  0.01 15071998 12
  0.01  0.01  0.01  0.02  0.02  0.02  0.02  0.01  0.01  0.02  0.01  0.01 16071998 00
 -0.00 -0.00  0.00  0.01  0.02  0.02  0.04  0.04  0.04  0.05  0.06  0.07 16071998 12
  0.10  0.13  0.14  0.14  0.14  0.15  0.15  0.16  0.13  0.12  0.11  0.10 17071998 00
  0.07  0.06  0.06  0.07  0.08  0.07  0.08  0.08  0.09  0.10  0.10  0.10 17071998 12
  0.10  0.10  0.12  0.11  0.10  0.09  0.10  0.10  0.12  0.12  0.13  0.14 18071998 00
  0.13  0.10  0.09  0.08  0.06  0.05  0.03  0.03  0.01  0.00 -0.02 -0.02 18071998 12
 -0.02 -0.02 -0.01  0.00 -0.01 -0.01  0.00  0.02  0.04  0.06  0.08  0.09 19071998 00
  0.10  0.12  0.13  0.17  0.20  0.20  0.18  0.17  0.17  0.19  0.24  0.23 19071998 12
  0.22  0.20  0.17  0.14  0.16  0.17  0.15  0.13  0.10  0.11  0.13  0.15 20071998 00
  0.13  0.12  0.11  0.11  0.13  0.16  0.15  0.14  0.13  0.13  0.12  0.14 20071998 12
  0.14  0.14  0.15  0.15  0.15  0.17  0.18  0.16  0.16  0.16  0.18  0.19 21071998 00
  0.20  0.19  0.20  0.20  0.19  0.20  0.21  0.19  0.18  0.16  0.14  0.13 21071998 12
  0.15  0.13  0.13  0.12  0.08  0.03  0.01  0.00  0.00  0.02  0.01  0.02 22071998 00
  0.04  0.05  0.06  0.06  0.07  0.09  0.12  0.13  0.15  0.15  0.17  0.17 22071998 12
  0.18  0.18  0.15  0.15  0.14  0.13  0.10  0.10  0.07  0.08  0.05  0.03 23071998 00
  0.02  0.01  0.02  0.02  0.02  0.02  0.01 -0.00 -0.01 -0.03 -0.05 -0.07 23071998 12
 -0.08 -0.08 -0.08 -0.07 -0.08 -0.10 -0.10 -0.11 -0.10 -0.08 -0.07 -0.07 24071998 00
 -0.06 -0.06 -0.07 -0.06 -0.06 -0.07 -0.08 -0.09 -0.10 -0.11 -0.12 -0.13 24071998 12
 -0.12 -0.11 -0.12 -0.11 -0.12 -0.13 -0.13 -0.12 -0.13 -0.12 -0.12 -0.11 25071998 00
 -0.10 -0.09 -0.08 -0.09 -0.08 -0.08 -0.08 -0.07 -0.06 -0.06 -0.04 -0.03 25071998 12
 -0.03 -0.02 -0.01 -0.00  0.02  0.02  0.02  0.03  0.04  0.05  0.07  0.07 26071998 00
  0.06  0.05  0.04  0.04  0.04  0.04  0.04  0.04  0.03  0.03  0.03  0.03 26071998 12
  0.03  0.03  0.03  0.03  0.03  0.02  0.01  0.01  0.00  0.01  0.02  0.02 27071998 00
  0.01  0.01  0.01  0.01  0.02  0.02  0.02  0.02  0.02  0.02  0.02  0.02 27071998 12
  0.03  0.03  0.02  0.02  0.02  0.02  0.02  0.02  0.02  0.03  0.04  0.05 28071998 00
  0.05  0.04  0.03  0.02  0.02  0.02  0.02  0.03  0.03  0.02  0.02  0.02 28071998 12
  0.03  0.04  0.05  0.05  0.06  0.08  0.09  0.10  0.12  0.12  0.13  0.14 29071998 00
  0.13  0.12  0.11  0.09  0.09  0.10  0.10  0.09  0.10  0.10  0.09  0.10 29071998 12
  0.12  0.12  0.12  0.10  0.09  0.09  0.10  0.10  0.12  0.12  0.10  0.10 30071998 00
  0.10  0.09  0.08  0.06  0.05  0.04  0.05  0.04  0.05  0.04  0.01 -0.02 30071998 12
 -0.02 -0.01 -0.00 -0.01 -0.03 -0.04 -0.04 -0.03 -0.03 -0.03 -0.03 -0.05 31071998 00
 -0.05 -0.04 -0.03 -0.03 -0.03 -0.04 -0.04 -0.04 -0.04 -0.04 -0.06 -0.07 31071998 12
 -0.08 -0.09 -0.08 -0.08 -0.09 -0.11 -0.11 -0.12 -0.11 -0.11 -0.11 -0.11 01081998 00
 -0.11 -0.12 -0.12 -0.13 -0.13 -0.11 -0.11 -0.11 -0.11 -0.11 -0.13 -0.14 01081998 12
 -0.14 -0.12 -0.13 -0.12 -0.14 -0.14 -0.14 -0.12 -0.12 -0.11 -0.11 -0.10 02081998 00
 -0.10 -0.09 -0.10 -0.10 -0.08 -0.06 -0.05 -0.07 -0.08 -0.08 -0.06 -0.03 02081998 12
 -0.01  0.01  0.02  0.03  0.06  0.10  0.11  0.13  0.16  0.21  0.26  0.29 03081998 00
  0.27  0.23  0.18  0.14  0.11  0.04  0.02 -0.03 -0.05 -0.10 -0.11 -0.12 03081998 12
 -0.12 -0.12 -0.11 -0.09 -0.09 -0.10 -0.11 -0.11 -0.09 -0.08 -0.08 -0.09 04081998 00
 -0.08 -0.07 -0.06 -0.05 -0.07 -0.08 -0.06 -0.03 -0.00  0.00 -0.02 -0.05 04081998 12
 -0.05 -0.04 -0.05 -0.08 -0.13 -0.17 -0.20 -0.19 -0.17 -0.15 -0.14 -0.14 05081998 00
 -0.15 -0.13 -0.14 -0.13 -0.12 -0.14 -0.16 -0.15 -0.14 -0.12 -0.11 -0.09 05081998 12
 -0.08 -0.04 -0.03 -0.02  0.01  0.03  0.02  0.01 -0.00 -0.00  0.00  0.01 06081998 00
 -0.01 -0.02 -0.03 -0.04 -0.06 -0.09 -0.11 -0.12 -0.11 -0.10 -0.10 -0.09 06081998 12
 -0.09 -0.10 -0.09 -0.09 -0.10 -0.10 -0.10 -0.10 -0.11 -0.10 -0.09 -0.08 07081998 00
 -0.06 -0.06 -0.06 -0.06 -0.07 -0.06 -0.06 -0.07 -0.07 -0.07 -0.06 -0.05 07081998 12
 -0.03 -0.02 -0.01 -0.01 -0.01 -0.01 -0.02 -0.03 -0.04 -0.04 -0.05 -0.05 08081998 00
 -0.05 -0.05 -0.06 -0.06 -0.08 -0.09 -0.09 -0.09 -0.10 -0.10 -0.11 -0.11 08081998 12
 -0.09 -0.08 -0.09 -0.08 -0.09 -0.10 -0.11 -0.10 -0.10 -0.08 -0.07 -0.08 09081998 00
 -0.07 -0.06 -0.06 -0.07 -0.06 -0.05 -0.05 -0.04 -0.04 -0.04 -0.05 -0.05 09081998 12
 -0.05 -0.04 -0.04 -0.05 -0.04 -0.06 -0.06 -0.06 -0.05 -0.04 -0.03 -0.03 10081998 00
 -0.04 -0.03 -0.02 -0.02 -0.01 -0.01 -0.02 -0.02 -0.02 -0.03 -0.04 -0.04 10081998 12
 -0.04 -0.03 -0.03 -0.04 -0.04 -0.05 -0.05 -0.05 -0.05 -0.05 -0.05 -0.06 11081998 00
 -0.06 -0.05 -0.05 -0.04 -0.04 -0.03 -0.03 -0.03 -0.03 -0.02 -0.00  0.01 11081998 12
  0.02  0.03  0.04  0.05  0.05  0.05  0.05  0.06  0.06  0.06  0.07  0.07 12081998 00
  0.04  0.02  0.02 -0.00 -0.00 -0.01 -0.00  0.01  0.01 -0.01 -0.04 -0.06 12081998 12
 -0.07 -0.05 -0.05 -0.05 -0.06 -0.07 -0.06 -0.06 -0.06 -0.05 -0.04 -0.03 13081998 00
 -0.02 -0.00  0.01  0.03  0.06  0.07  0.08  0.07  0.07  0.06  0.06  0.06 13081998 12
  0.07  0.07  0.07  0.05  0.05  0.07  0.07  0.07  0.08  0.09  0.09  0.11 14081998 00
  0.12  0.10  0.09  0.07  0.07  0.08  0.08  0.07  0.06  0.07  0.06  0.04 14081998 12
  0.04  0.03  0.02  0.02 -0.00 -0.01 -0.02 -0.03 -0.02 -0.01 -0.02 -0.03 15081998 00
 -0.04 -0.03 -0.02 -0.02 -0.03 -0.04 -0.05 -0.04 -0.02 -0.01 -0.02 -0.04 15081998 12
 -0.06 -0.06 -0.05 -0.04 -0.05 -0.06 -0.06 -0.04 -0.03 -0.02 -0.02 -0.00 16081998 00
  0.02  0.04  0.06  0.07  0.09  0.09  0.08  0.08  0.07  0.06  0.05  0.07 16081998 12
  0.09  0.09  0.09  0.09  0.07  0.07  0.08  0.09  0.10  0.10  0.07  0.06 17081998 00
  0.04  0.01 -0.01 -0.03 -0.05 -0.07 -0.07 -0.08 -0.06 -0.06 -0.07 -0.08 17081998 12
 -0.08 -0.07 -0.06 -0.06 -0.09 -0.11 -0.12 -0.11 -0.09 -0.09 -0.09 -0.10 18081998 00
 -0.09 -0.09 -0.08 -0.08 -0.09 -0.10 -0.09 -0.08 -0.06 -0.07 -0.07 -0.08 18081998 12
 -0.08 -0.09 -0.09 -0.08 -0.08 -0.08 -0.08 -0.07 -0.07 -0.05 -0.04 -0.02 19081998 00
 -0.01 -0.01 -0.01 -0.01 -0.00  0.01  0.01  0.00 -0.01 -0.01 -0.01 -0.00 19081998 12
  0.01  0.01  0.02  0.02  0.02  0.02  0.02  0.01  0.02  0.04  0.07  0.11 20081998 00
  0.13  0.15  0.15  0.15  0.16  0.15  0.17  0.17  0.17  0.16  0.14  0.15 20081998 12
  0.16  0.18  0.17  0.18  0.17  0.14  0.10  0.07  0.03  0.04  0.04  0.04 21081998 00
  0.05  0.07  0.08  0.08  0.07  0.07  0.06  0.06  0.07  0.08  0.07  0.04 21081998 12
  0.02  0.02  0.02  0.01  0.01  0.01  0.00  0.01  0.03  0.04  0.04  0.05 22081998 00
  0.05  0.05  0.06  0.04  0.03  0.02 -0.00 -0.02 -0.02 -0.02 -0.03 -0.03 22081998 12
 -0.02 -0.01 -0.00 -0.00 -0.01 -0.01 -0.00  0.02  0.06  0.10  0.12  0.14 23081998 00
  0.14  0.14  0.15  0.16  0.16  0.18  0.19  0.18  0.16  0.13  0.11  0.09 23081998 12
  0.04  0.03  0.02 -0.01 -0.03 -0.05 -0.07 -0.09 -0.10 -0.12 -0.12 -0.12 24081998 00
 -0.10 -0.08 -0.07 -0.08 -0.06 -0.06 -0.06 -0.05 -0.04 -0.04 -0.05 -0.05 24081998 12
 -0.05 -0.05 -0.05 -0.06 -0.06 -0.06 -0.07 -0.07 -0.06 -0.05 -0.02 -0.02 25081998 00
 -0.01  0.00  0.01  0.01  0.01  0.01  0.01  0.00  0.00 -0.00 -0.01 -0.02 25081998 12
 -0.02 -0.02 -0.03 -0.03 -0.05 -0.06 -0.08 -0.09 -0.09 -0.10 -0.13 -0.15 26081998 00
 -0.15 -0.15 -0.14 -0.13 -0.15 -0.13 -0.14 -0.14 -0.13 -0.13 -0.15 -0.14 26081998 12
 -0.14 -0.13 -0.10 -0.10 -0.12 -0.12 -0.11 -0.12 -0.11 -0.11 -0.11 -0.12 27081998 00
 -0.12 -0.13 -0.12 -0.12 -0.12 -0.12 -0.11 -0.12 -0.13 -0.12 -0.12 -0.12 27081998 12
 -0.11 -0.12 -0.11 -0.11 -0.12 -0.12 -0.11 -0.11 -0.12 -0.11 -0.11 -0.12 28081998 00
 -0.13 -0.13 -0.13 -0.11 -0.10 -0.11 -0.11 -0.11 -0.12 -0.11 -0.10 -0.11 28081998 12
 -0.11 -0.11 -0.11 -0.10 -0.11 -0.11 -0.11 -0.10 -0.11 -0.11 -0.10 -0.10 29081998 00
 -0.11 -0.10 -0.10 -0.10 -0.10 -0.10 -0.10 -0.09 -0.09 -0.09 -0.09 -0.08 29081998 12
 -0.09 -0.09 -0.09 -0.09 -0.09 -0.08 -0.08 -0.08 -0.08 -0.07 -0.06 -0.05 30081998 00
 -0.04 -0.03 -0.03 -0.03 -0.02 -0.02 -0.02 -0.03 -0.02 -0.02 -0.02 -0.01 30081998 12
 -0.01 -0.01 -0.00 -0.00  0.00  0.01  0.02  0.01  0.01  0.01  0.03  0.05 31081998 00
  0.08  0.09  0.08  0.06  0.05  0.06  0.08  0.10  0.10  0.09  0.09  0.09 31081998 12
  0.07  0.05  0.04  0.03  0.04  0.04  0.03  0.02  0.02  0.04  0.06  0.06 01091998 00
  0.07  0.08  0.09  0.10  0.08  0.06  0.05  0.06  0.05  0.05  0.03  0.01 01091998 12
 -0.00 -0.01 -0.01 -0.01 -0.03 -0.05 -0.06 -0.06 -0.04 -0.03 -0.03 -0.03 02091998 00
 -0.04 -0.04 -0.04 -0.03 -0.04 -0.04 -0.05 -0.05 -0.04 -0.03 -0.03 -0.03 02091998 12
 -0.03 -0.02 -0.01 -0.01 -0.03 -0.05 -0.05 -0.04 -0.03 -0.03 -0.03 -0.04 03091998 00
 -0.03 -0.02 -0.02 -0.02 -0.02 -0.01 -0.01 -0.01 -0.01 -0.01 -0.01 -0.01 03091998 12
 -0.01 -0.01 -0.01 -0.01 -0.00  0.02  0.03  0.04  0.04  0.05  0.07  0.08 04091998 00
  0.09  0.08  0.07  0.06  0.07  0.09  0.10  0.10  0.09  0.10  0.10  0.11 04091998 12
  0.13  0.13  0.13  0.13  0.13  0.13  0.12  0.12  0.11  0.11  0.09  0.08 05091998 00
  0.08  0.07  0.06  0.06  0.06  0.05  0.06  0.07  0.06  0.05  0.05  0.06 05091998 12
  0.07  0.08  0.07  0.06  0.05  0.05  0.08  0.15  0.19  0.19  0.19  0.20 06091998 00
  0.22  0.28  0.28  0.27  0.27  0.29  0.31  0.36  0.31  0.29  0.27  0.25 06091998 12
  0.21  0.25  0.26  0.24  0.25  0.25  0.23  0.24  0.27  0.28  0.29  0.27 07091998 00
  0.24  0.22  0.27  0.23  0.24  0.24  0.22  0.21  0.24  0.25  0.25  0.28 07091998 12
  0.26  0.24  0.29  0.27  0.27  0.28  0.26  0.24  0.26  0.27  0.26  0.24 08091998 00
  0.25  0.20  0.19  0.21  0.18  0.21  0.21  0.20  0.22  0.25  0.26  0.27 08091998 12
  0.27  0.25  0.24  0.29  0.25  0.27  0.28  0.27  0.27  0.33  0.35  0.33 09091998 00
  0.35  0.33  0.29  0.34  0.33  0.31  0.31  0.30  0.27  0.28  0.25  0.26 09091998 12
  0.23  0.23  0.20  0.21  0.21  0.17  0.20  0.21  0.20  0.21  0.21  0.16 10091998 00
  0.17  0.17  0.15  0.15  0.18  0.16  0.18  0.19  0.21  0.21  0.19  0.17 10091998 12
  0.14  0.13  0.11  0.07  0.08  0.07  0.07  0.09  0.09  0.08  0.09  0.11 11091998 00
  0.10  0.10  0.10  0.09  0.07  0.07  0.05  0.06  0.06  0.05  0.02  0.00 11091998 12
  0.01  0.03  0.05  0.09  0.12  0.15  0.18  0.18  0.19  0.19  0.18  0.18 12091998 00
  0.17  0.15  0.13  0.09  0.06  0.05  0.04  0.04  0.07  0.09  0.09  0.10 12091998 12
  0.10  0.09  0.08  0.05  0.01 -0.01 -0.02 -0.04 -0.05 -0.06 -0.10 -0.13 13091998 00
 -0.14 -0.11 -0.05  0.01  0.06  0.09  0.11  0.13  0.14  0.14  0.13  0.13 13091998 12
  0.10  0.06  0.03  0.01  0.01  0.02  0.02  0.02  0.02  0.03  0.04  0.05 14091998 00
  0.07  0.08  0.09  0.08  0.09  0.09  0.08  0.07  0.05  0.04  0.03  0.04 14091998 12
  0.05  0.04  0.04  0.04  0.06  0.09  0.11  0.14  0.15  0.17  0.18  0.18 15091998 00
  0.19  0.19  0.17  0.16  0.14  0.12  0.11  0.09  0.09  0.08  0.07  0.06 15091998 12
  0.06  0.06  0.07  0.08  0.09  0.08  0.09  0.11  0.14  0.15  0.15  0.14 16091998 00
  0.15  0.19  0.21  0.20  0.13  0.08  0.05  0.08  0.08  0.05 -0.02 -0.05 16091998 12
 -0.05 -0.04 -0.04 -0.05 -0.07 -0.08 -0.06 -0.03  0.00  0.02  0.04  0.04 17091998 00
  0.04  0.05  0.04  0.05  0.04  0.03  0.02  0.01  0.01  0.01  0.01  0.02 17091998 12
  0.03  0.03  0.03  0.04  0.06  0.08  0.09  0.09  0.07  0.05  0.03  0.02 18091998 00
  0.01 -0.01 -0.02 -0.03 -0.05 -0.07 -0.09 -0.10 -0.10 -0.09 -0.09 -0.09 18091998 12
 -0.09 -0.10 -0.09 -0.10 -0.10 -0.11 -0.14 -0.16 -0.17 -0.15 -0.15 -0.13 19091998 00
 -0.12 -0.14 -0.13 -0.13 -0.14 -0.13 -0.15 -0.17 -0.16 -0.17 -0.17 -0.16 19091998 12
 -0.15 -0.16 -0.15 -0.15 -0.16 -0.17 -0.17 -0.20 -0.19 -0.20 -0.19 -0.17 20091998 00
 -0.17 -0.18 -0.18 -0.17 -0.18 -0.19 -0.19 -0.19 -0.21 -0.20 -0.20 -0.18 20091998 12
 -0.18 -0.19 -0.19 -0.17 -0.18 -0.19 -0.19 -0.20 -0.23 -0.22 -0.23 -0.23 21091998 00
 -0.20 -0.18 -0.20 -0.17 -0.19 -0.20 -0.20 -0.19 -0.19 -0.20 -0.18 -0.20 21091998 12
 -0.17 -0.16 -0.18 -0.16 -0.16 -0.18 -0.18 -0.19 -0.21 -0.22 -0.21 -0.19 22091998 00
 -0.19 -0.17 -0.17 -0.18 -0.15 -0.16 -0.17 -0.15 -0.16 -0.16 -0.16 -0.15 22091998 12
 -0.14 -0.13 -0.14 -0.14 -0.12 -0.13 -0.14 -0.14 -0.14 -0.16 -0.14 -0.14 23091998 00
 -0.13 -0.11 -0.10 -0.11 -0.09 -0.09 -0.10 -0.09 -0.09 -0.09 -0.10 -0.09 23091998 12
 -0.09 -0.08 -0.08 -0.09 -0.08 -0.08 -0.09 -0.10 -0.10 -0.11 -0.10 -0.10 24091998 00
 -0.09 -0.08 -0.07 -0.07 -0.06 -0.05 -0.05 -0.04 -0.02 -0.00 -0.01 -0.01 24091998 12
 -0.02 -0.01 -0.02 -0.02 -0.02 -0.02 -0.02 -0.03 -0.03 -0.02  0.00  0.01 25091998 00
  0.02  0.01  0.01  0.00  0.01  0.03  0.03  0.03  0.02  0.02  0.02  0.02 25091998 12
  0.03  0.03  0.02  0.02  0.03  0.03  0.03  0.02  0.02  0.01  0.03  0.05 26091998 00
  0.05  0.05  0.05  0.04  0.04  0.05  0.06  0.07  0.08  0.08  0.09  0.10 26091998 12
  0.10  0.10  0.09  0.09  0.10  0.11  0.10  0.10  0.10  0.11  0.12  0.12 27091998 00
  0.11  0.11  0.09  0.08  0.08  0.08  0.07  0.07  0.08  0.08  0.06  0.05 27091998 12
  0.05  0.06  0.07  0.06  0.06  0.06  0.06  0.06  0.07  0.07  0.05  0.04 28091998 00
  0.04  0.05  0.05  0.04  0.04  0.03  0.03  0.04  0.04  0.05  0.04  0.04 28091998 12
  0.05  0.05  0.05  0.05  0.04  0.05  0.05  0.06  0.06  0.06  0.06  0.06 29091998 00
  0.07  0.09  0.08  0.07  0.06  0.08  0.08  0.09  0.07  0.06  0.05  0.04 29091998 12
  0.03  0.03  0.01 -0.01 -0.03 -0.05 -0.07 -0.08 -0.08 -0.07 -0.06 -0.04 30091998 00
 -0.04 -0.02 -0.04 -0.03 -0.03 -0.02 -0.01  0.02  0.03  0.04  0.03  0.02 30091998 12
  0.01 -0.01 -0.03 -0.07 -0.08 -0.10 -0.09 -0.09 -0.08 -0.06 -0.06 -0.07 01101998 00
 -0.08 -0.08 -0.07 -0.07 -0.06 -0.04 -0.05 -0.05 -0.07 -0.06 -0.05 -0.04 01101998 12
 -0.04 -0.05 -0.06 -0.08 -0.09 -0.09 -0.10 -0.11 -0.11 -0.11 -0.09 -0.08 02101998 00
 -0.07 -0.08 -0.08 -0.06 -0.05 -0.05 -0.04 -0.05 -0.06 -0.08 -0.09 -0.09 02101998 12
 -0.08 -0.08 -0.08 -0.08 -0.08 -0.08 -0.06 -0.06 -0.07 -0.07 -0.06 -0.05 03101998 00
 -0.04 -0.03 -0.04 -0.05 -0.04 -0.03 -0.02 -0.01 -0.02 -0.02 -0.02 -0.02 03101998 12
 -0.02 -0.01 -0.01 -0.02 -0.02 -0.01 -0.01 -0.01 -0.01 -0.02 -0.02 -0.02 04101998 00
 -0.02 -0.01 -0.02 -0.03 -0.04 -0.05 -0.06 -0.06 -0.06 -0.04 -0.05 -0.06 04101998 12
 -0.08 -0.08 -0.08 -0.08 -0.08 -0.08 -0.09 -0.08 -0.09 -0.07 -0.07 -0.07 05101998 00
 -0.08 -0.11 -0.10 -0.10 -0.11 -0.11 -0.11 -0.13 -0.12 -0.12 -0.12 -0.11 05101998 12
 -0.11 -0.15 -0.14 -0.14 -0.15 -0.15 -0.14 -0.16 -0.18 -0.15 -0.16 -0.16 06101998 00
 -0.14 -0.14 -0.17 -0.15 -0.16 -0.16 -0.15 -0.17 -0.16 -0.17 -0.14 -0.15 06101998 12
 -0.13 -0.13 -0.15 -0.12 -0.12 -0.13 -0.12 -0.12 -0.14 -0.14 -0.14 -0.14 07101998 00
 -0.14 -0.12 -0.13 -0.13 -0.12 -0.14 -0.16 -0.16 -0.19 -0.21 -0.19 -0.20 07101998 12
 -0.22 -0.19 -0.19 -0.21 -0.19 -0.21 -0.21 -0.21 -0.24 -0.25 -0.27 -0.22 08101998 00
 -0.22 -0.21 -0.19 -0.21 -0.18 -0.18 -0.19 -0.19 -0.17 -0.20 -0.19 -0.16 08101998 12
 -0.16 -0.15 -0.11 -0.11 -0.08 -0.06 -0.05 -0.05 -0.04 -0.02  0.01  0.06 09101998 00
  0.08  0.11  0.13  0.13  0.14  0.13  0.14  0.13  0.10  0.07  0.06  0.01 09101998 12
  0.02  0.01 -0.00 -0.02 -0.03 -0.02 -0.01 -0.01 -0.00  0.00 -0.01 -0.02 10101998 00
 -0.03 -0.03 -0.02 -0.03 -0.05 -0.05 -0.04 -0.03 -0.02 -0.01  0.00  0.02 10101998 12
  0.05  0.06  0.08  0.12  0.18  0.25  0.27  0.29  0.30  0.27  0.18  0.09 11101998 00
  0.04  0.04  0.05  0.02  0.02  0.02  0.03  0.05  0.08  0.11  0.14  0.18 11101998 12
  0.21  0.21  0.19  0.15  0.11  0.06  0.06  0.04  0.05  0.03 -0.04 -0.11 12101998 00
 -0.13 -0.12 -0.09 -0.07 -0.05 -0.05 -0.05 -0.05 -0.04 -0.04 -0.03 -0.02 12101998 12
  0.00  0.02  0.04  0.04  0.06  0.08  0.10  0.12  0.13  0.15  0.18  0.20 13101998 00
  0.20  0.19  0.18  0.15  0.15  0.13  0.12  0.09  0.07  0.05  0.05  0.04 13101998 12
  0.04  0.06  0.10  0.13  0.16  0.16  0.14  0.13  0.12  0.13  0.10  0.08 14101998 00
  0.04  0.00 -0.05 -0.08 -0.12 -0.11 -0.08 -0.04  0.00  0.03  0.05  0.06 14101998 12
  0.05  0.06  0.07  0.07  0.06  0.03  0.02  0.01  0.01 -0.01 -0.04 -0.06 15101998 00
 -0.05 -0.04 -0.05 -0.07 -0.10 -0.13 -0.13 -0.11 -0.09 -0.08 -0.07 -0.07 15101998 12
 -0.07 -0.07 -0.06 -0.02  0.01  0.03  0.05  0.05  0.07  0.13  0.26  0.39 16101998 00
  0.47  0.48  0.47  0.47  0.48  0.50  0.49  0.43  0.38  0.31  0.26  0.23 16101998 12
  0.17  0.16  0.16  0.12  0.08  0.12  0.14  0.12  0.14  0.14  0.16  0.17 17101998 00
  0.18  0.15  0.13  0.07 -0.04 -0.13 -0.18 -0.21 -0.21 -0.20 -0.19 -0.17 17101998 12
 -0.16 -0.13 -0.10 -0.08 -0.04  0.01  0.03  0.05  0.04  0.03  0.02  0.02 18101998 00
  0.02  0.02  0.01  0.02  0.02  0.01  0.00  0.01  0.03  0.05  0.05  0.05 18101998 12
  0.05  0.05  0.04  0.03  0.03  0.03  0.02  0.00 -0.01 -0.00 -0.00 -0.01 19101998 00
 -0.01 -0.01  0.00  0.01  0.01  0.01 -0.00 -0.02 -0.03 -0.02 -0.03 -0.05 19101998 12
 -0.05 -0.05 -0.05 -0.06 -0.08 -0.09 -0.11 -0.11 -0.10 -0.08 -0.06 -0.04 20101998 00
 -0.02  0.01  0.04  0.05  0.07  0.13  0.25  0.41  0.49  0.54  0.59  0.63 20101998 12
  0.65  0.72  0.75  0.69  0.71  0.67  0.57  0.49  0.43  0.36  0.31  0.26 21101998 00
  0.19  0.17  0.19  0.15  0.15  0.16  0.14  0.16  0.21  0.21  0.22  0.20 21101998 12
  0.20  0.23  0.31  0.35  0.38  0.41  0.40  0.36  0.35  0.31  0.29  0.29 22101998 00
  0.24  0.24  0.26  0.21  0.18  0.20  0.20  0.20  0.25  0.29  0.29  0.29 22101998 12
  0.27  0.30  0.37  0.44  0.45  0.45  0.40  0.31  0.23  0.18  0.12  0.08 23101998 00
  0.07  0.06  0.07  0.07  0.05  0.03  0.01 -0.02 -0.03 -0.03 -0.05 -0.07 23101998 12
 -0.05 -0.03 -0.01  0.01  0.00  0.01  0.03  0.07  0.17  0.36  0.55  0.62 24101998 00
  0.62  0.59  0.59  0.73  0.83  0.81  0.84  0.82  0.80  0.84  0.88  0.73 24101998 12
  0.57  0.38  0.26  0.16  0.07 -0.00  0.10  0.13  0.11  0.13  0.15  0.14 25101998 00
  0.15  0.15  0.15  0.17  0.18  0.17  0.18  0.19  0.19  0.15  0.12  0.11 25101998 12
  0.11  0.14  0.16  0.16  0.17  0.17  0.16  0.18  0.18  0.15  0.13  0.11 26101998 00
  0.08  0.08  0.08  0.09  0.07  0.05  0.03  0.02  0.02  0.03  0.07  0.15 26101998 12
  0.23  0.31  0.39  0.50  0.63  0.71  0.68  0.62  0.59  0.59  0.57  0.56 27101998 00
  0.52  0.47  0.41  0.33  0.29  0.29  0.26  0.26  0.27  0.27  0.28  0.33 27101998 12
  0.37  0.32  0.34  0.36  0.46  0.50  0.55  0.54  0.56  0.54  0.53  0.48 28101998 00
  0.43  0.42  0.41  0.40  0.38  0.33  0.30  0.27  0.29  0.33  0.29  0.25 28101998 12
  0.21  0.22  0.15  0.16  0.14  0.14  0.11  0.12  0.10  0.08  0.03  0.00 29101998 00
  0.00  0.04  0.10  0.12  0.13  0.13  0.14  0.14  0.15  0.15  0.13  0.12 29101998 12
  0.11  0.10  0.08  0.04  0.04  0.04  0.04  0.03 -0.00 -0.03 -0.06 -0.07 30101998 00
 -0.08 -0.08 -0.09 -0.11 -0.12 -0.12 -0.09 -0.06 -0.03 -0.02 -0.01  0.00 30101998 12
  0.01  0.02  0.02  0.01  0.02  0.03  0.04  0.03  0.03  0.05  0.09  0.12 31101998 00
  0.14  0.14  0.14  0.11  0.10  0.08  0.06  0.05  0.02  0.01  0.03  0.03 31101998 12
  0.03  0.03  0.02  0.02  0.02  0.02  0.05  0.09  0.11  0.13  0.13  0.13 01111998 00
  0.13  0.13  0.13  0.11  0.08  0.07  0.07  0.08  0.08  0.07  0.04  0.03 01111998 12
  0.03  0.03  0.04  0.04  0.04  0.09  0.13  0.15  0.16  0.19  0.22  0.27 02111998 00
  0.31  0.29  0.27  0.25  0.26  0.30  0.30  0.28  0.23  0.21  0.16  0.13 02111998 12
  0.13  0.08  0.08  0.07  0.04  0.02  0.01  0.02  0.04  0.06  0.06  0.05 03111998 00
  0.04  0.05  0.04  0.02 -0.01 -0.02 -0.05 -0.05 -0.04 -0.02 -0.02 -0.03 03111998 12
 -0.03 -0.03 -0.01 -0.00  0.01  0.02  0.03  0.04  0.04  0.03  0.04  0.03 04111998 00
  0.01 -0.01 -0.02 -0.02 -0.02 -0.03 -0.05 -0.07 -0.07 -0.03 -0.00  0.01 04111998 12
  0.03  0.04  0.06  0.08  0.09  0.13  0.17  0.21  0.20  0.21  0.22  0.25 05111998 00
  0.25  0.24  0.29  0.26  0.30  0.31  0.30  0.25  0.24  0.21  0.13  0.12 05111998 12
  0.09  0.02  0.03 -0.02 -0.04 -0.06 -0.09 -0.11 -0.12 -0.14 -0.14 -0.12 06111998 00
 -0.12 -0.09 -0.08 -0.09 -0.07 -0.09 -0.09 -0.08 -0.05 -0.04 -0.04 -0.04 06111998 12
 -0.03 -0.03 -0.02 -0.02 -0.00  0.00  0.01  0.02  0.03  0.06  0.07  0.06 07111998 00
  0.07  0.09  0.14  0.22  0.26  0.27  0.26  0.26  0.27  0.34  0.36  0.35 07111998 12
  0.33  0.32  0.33  0.40  0.51  0.46  0.42  0.38  0.29  0.19  0.12  0.08 08111998 00
  0.05  0.07  0.05  0.03  0.03  0.02  0.04  0.05  0.07  0.12  0.21  0.27 08111998 12
  0.30  0.32  0.35  0.43  0.59  0.73  0.72  0.68  0.65  0.63  0.64  0.71 09111998 00
  0.70  0.71  0.63  0.51  0.35  0.27  0.17  0.20  0.20  0.12  0.04  0.01 09111998 12
 -0.03 -0.03  0.01  0.06  0.10  0.09  0.05  0.01  0.02  0.04  0.04  0.02 10111998 00
  0.01  0.02  0.04  0.06  0.04  0.00 -0.01 -0.01  0.03  0.04 -0.01 -0.07 10111998 12
 -0.11 -0.12 -0.09 -0.06 -0.07 -0.08 -0.09 -0.10 -0.10 -0.11 -0.11 -0.09 11111998 00
 -0.06 -0.03 -0.01 -0.00  0.02  0.07  0.12  0.18  0.21  0.21  0.22  0.22 11111998 12
  0.18  0.18  0.18  0.15  0.16  0.16  0.16  0.16  0.18  0.20  0.22  0.23 12111998 00
  0.25  0.25  0.25  0.23  0.20  0.18  0.17  0.16  0.15  0.11  0.06  0.02 12111998 12
 -0.00 -0.01 -0.02 -0.04 -0.06 -0.05 -0.02  0.01  0.02  0.04  0.07  0.11 13111998 00
  0.13  0.15  0.17  0.16  0.15  0.12  0.10  0.08  0.09  0.09  0.09  0.07 13111998 12
  0.07  0.07  0.07  0.06  0.06  0.04  0.04  0.04  0.06  0.07  0.05  0.04 14111998 00
  0.04  0.04  0.04  0.02 -0.02 -0.03 -0.01  0.01  0.02 -0.00 -0.04 -0.07 14111998 12
 -0.07 -0.07 -0.07 -0.09 -0.12 -0.16 -0.15 -0.12 -0.09 -0.06 -0.07 -0.08 15111998 00
 -0.08 -0.07 -0.08 -0.08 -0.09 -0.12 -0.14 -0.13 -0.13 -0.12 -0.14 -0.15 15111998 12
 -0.16 -0.15 -0.16 -0.16 -0.16 -0.17 -0.18 -0.17 -0.16 -0.15 -0.15 -0.16 16111998 00
 -0.17 -0.15 -0.16 -0.17 -0.17 -0.16 -0.17 -0.17 -0.16 -0.16 -0.15 -0.15 16111998 12
 -0.15 -0.14 -0.13 -0.14 -0.13 -0.11 -0.11 -0.11 -0.12 -0.12 -0.10 -0.09 17111998 00
 -0.07 -0.08 -0.07 -0.08 -0.07 -0.06 -0.07 -0.09 -0.11 -0.12 -0.12 -0.12 17111998 12
 -0.12 -0.12 -0.12 -0.12 -0.13 -0.12 -0.12 -0.12 -0.13 -0.13 -0.13 -0.11 18111998 00
 -0.09 -0.09 -0.09 -0.09 -0.10 -0.09 -0.09 -0.10 -0.10 -0.11 -0.11 -0.10 18111998 12
 -0.10 -0.11 -0.11 -0.10 -0.10 -0.10 -0.09 -0.08 -0.07 -0.08 -0.08 -0.07 19111998 00
 -0.07 -0.06 -0.05 -0.06 -0.07 -0.06 -0.05 -0.03 -0.03 -0.04 -0.06 -0.08 19111998 12
 -0.09 -0.09 -0.09 -0.09 -0.10 -0.11 -0.12 -0.12 -0.12 -0.13 -0.12 -0.12 20111998 00
 -0.11 -0.09 -0.09 -0.07 -0.07 -0.08 -0.07 -0.05 -0.04 -0.02 -0.02 -0.02 20111998 12
 -0.02 -0.01  0.01  0.02  0.04  0.04  0.03  0.03  0.05  0.06  0.07  0.08 21111998 00
  0.07  0.08  0.10  0.11  0.10  0.10  0.09  0.08  0.11  0.13  0.15  0.11 21111998 12
  0.08  0.07  0.09  0.12  0.13  0.13  0.11  0.07  0.05  0.05  0.01 -0.01 22111998 00
 -0.03 -0.05 -0.04 -0.05 -0.05 -0.06 -0.06 -0.07 -0.06 -0.05 -0.07 -0.10 22111998 12
 -0.11 -0.12 -0.12 -0.13 -0.13 -0.13 -0.13 -0.13 -0.13 -0.12 -0.11 -0.11 23111998 00
 -0.10 -0.09 -0.10 -0.09 -0.07 -0.05 -0.05 -0.04 -0.03  0.02  0.07  0.12 23111998 12
  0.14  0.15  0.17  0.20  0.23  0.24  0.23  0.22  0.18  0.11  0.04 -0.03 24111998 00
 -0.07 -0.08 -0.09 -0.10 -0.12 -0.13 -0.11 -0.10 -0.08 -0.05 -0.03 -0.03 24111998 12
 -0.03 -0.03 -0.02 -0.02 -0.02 -0.02 -0.02 -0.01 -0.00  0.01  0.02  0.01 25111998 00
  0.02  0.04  0.05  0.06  0.07  0.06  0.06  0.05  0.04  0.02 -0.03 -0.09 25111998 12
 -0.13 -0.13 -0.11 -0.08 -0.05 -0.02  0.02  0.09  0.15  0.23  0.29  0.28 26111998 00
  0.25  0.21  0.21  0.15  0.09 -0.01 -0.05 -0.09 -0.08 -0.10 -0.16 -0.21 26111998 12
 -0.23 -0.22 -0.20 -0.17 -0.13 -0.09 -0.06 -0.06 -0.03 -0.02  0.01  0.04 27111998 00
  0.06  0.05  0.04  0.02  0.03  0.04  0.03  0.04  0.05  0.06  0.07  0.08 27111998 12
  0.08  0.10  0.11  0.12  0.13  0.12  0.12  0.13  0.14  0.13  0.11  0.09 28111998 00
  0.07  0.03  0.00 -0.03 -0.04 -0.03 -0.03 -0.02 -0.01 -0.01 -0.00 -0.01 28111998 12
 -0.02 -0.03 -0.05 -0.06 -0.10 -0.12 -0.12 -0.11 -0.11 -0.12 -0.15 -0.16 29111998 00
 -0.16 -0.16 -0.15 -0.17 -0.20 -0.20 -0.19 -0.16 -0.16 -0.16 -0.18 -0.18 29111998 12
 -0.19 -0.19 -0.18 -0.19 -0.22 -0.23 -0.22 -0.20 -0.17 -0.18 -0.19 -0.20 30111998 00
 -0.18 -0.19 -0.19 -0.18 -0.22 -0.24 -0.24 -0.23 -0.21 -0.20 -0.20 -0.22 30111998 12
 -0.20 -0.21 -0.21 -0.20 -0.22 -0.24 -0.26 -0.24 -0.25 -0.23 -0.22 -0.23 01121998 00
 -0.22 -0.22 -0.23 -0.24 -0.24 -0.26 -0.29 -0.30 -0.29 -0.26 -0.24 -0.24 01121998 12
 -0.24 -0.22 -0.23 -0.24 -0.23 -0.24 -0.28 -0.25 -0.26 -0.25 -0.23 -0.21 02121998 00
 -0.22 -0.18 -0.18 -0.19 -0.21 -0.23 -0.24 -0.21 -0.20 -0.22 -0.23 -0.18 02121998 12
 -0.16 -0.17 -0.15 -0.16 -0.17 -0.16 -0.17 -0.17 -0.18 -0.16 -0.14 -0.12 03121998 00
 -0.10 -0.12 -0.09 -0.09 -0.09 -0.07 -0.07 -0.08 -0.08 -0.08 -0.10 -0.10 03121998 12
 -0.10 -0.11 -0.11 -0.11 -0.11 -0.12 -0.12 -0.14 -0.16 -0.16 -0.15 -0.15 04121998 00
 -0.13 -0.12 -0.13 -0.10 -0.11 -0.10 -0.09 -0.08 -0.08 -0.08 -0.08 -0.07 04121998 12
 -0.07 -0.07 -0.08 -0.06 -0.05 -0.04 -0.02  0.00  0.01  0.00 -0.00 -0.01 05121998 00
 -0.01 -0.01 -0.03 -0.05 -0.06 -0.06 -0.07 -0.08 -0.11 -0.12 -0.14 -0.12 05121998 12
 -0.12 -0.09 -0.09 -0.11 -0.10 -0.11 -0.12 -0.11 -0.09 -0.08 -0.08 -0.09 06121998 00
 -0.09 -0.08 -0.08 -0.10 -0.09 -0.09 -0.10 -0.10 -0.09 -0.10 -0.10 -0.08 06121998 12
 -0.08 -0.09 -0.09 -0.08 -0.08 -0.07 -0.07 -0.08 -0.07 -0.06 -0.05 -0.04 07121998 00
 -0.04 -0.04 -0.03 -0.01 -0.00  0.01  0.00  0.00  0.01  0.03  0.05  0.05 07121998 12
  0.04  0.04  0.06  0.09  0.13  0.15  0.13  0.12  0.11  0.10  0.12  0.13 08121998 00
  0.11  0.10  0.06  0.04  0.04  0.02  0.00  0.00 -0.01 -0.02 -0.04 -0.05 08121998 12
 -0.06 -0.06 -0.06 -0.06 -0.05 -0.05 -0.04 -0.03 -0.02 -0.02 -0.01 -0.01 09121998 00
 -0.01 -0.03 -0.04 -0.03 -0.01  0.02  0.03  0.04  0.04  0.05  0.06  0.09 09121998 12
  0.12  0.13  0.13  0.13  0.14  0.15  0.17  0.19  0.21  0.24  0.27  0.29 10121998 00
  0.29  0.26  0.20  0.17  0.13  0.11  0.09  0.07  0.06  0.07  0.06  0.02 10121998 12
 -0.01 -0.01 -0.01 -0.00 -0.02 -0.03 -0.03 -0.02 -0.02 -0.02 -0.03 -0.03 11121998 00
 -0.01  0.01  0.03  0.04  0.07  0.11  0.15  0.18  0.20  0.23  0.28  0.34 11121998 12
  0.37  0.34  0.33  0.26  0.22  0.18  0.15  0.11  0.07  0.00 -0.04 -0.05 12121998 00
 -0.06 -0.07 -0.04  0.00  0.03  0.04  0.05  0.06  0.08  0.11  0.16  0.24 12121998 12
  0.31  0.33  0.26  0.19  0.11  0.05  0.03  0.02  0.04  0.02 -0.04 -0.08 13121998 00
 -0.07 -0.06 -0.04 -0.01  0.02  0.04  0.05  0.07  0.13  0.21  0.28  0.31 13121998 12
  0.34  0.36  0.37  0.35  0.36  0.35  0.33  0.33  0.32  0.31  0.30  0.29 14121998 00
  0.28  0.32  0.34  0.36  0.34  0.34  0.25  0.20  0.14  0.10  0.03 -0.02 14121998 12
 -0.07 -0.07 -0.10 -0.13 -0.14 -0.14 -0.14 -0.12 -0.08 -0.04 -0.02 -0.01 15121998 00
 -0.00  0.02  0.04  0.05  0.05  0.03 -0.00 -0.01  0.01  0.02 -0.01 -0.06 15121998 12
 -0.10 -0.10 -0.08 -0.09 -0.10 -0.11 -0.08 -0.06 -0.03  0.02  0.06  0.09 16121998 00
  0.09  0.09  0.08  0.09  0.11  0.12  0.11  0.08  0.07  0.07  0.08  0.11 16121998 12
  0.14  0.16  0.16  0.18  0.21  0.24  0.27  0.28  0.26  0.25  0.23  0.24 17121998 00
  0.25  0.27  0.25  0.27  0.27  0.25  0.28  0.27  0.20  0.16  0.15  0.12 17121998 12
  0.09  0.08  0.05  0.07  0.06  0.03  0.00  0.02  0.04  0.05  0.06  0.07 18121998 00
  0.10  0.14  0.17  0.19  0.21  0.23  0.22  0.20  0.16  0.13  0.12  0.08 18121998 12
  0.03 -0.01 -0.02 -0.02  0.02  0.03  0.03  0.05  0.08  0.09  0.07  0.04 19121998 00
  0.04  0.03  0.02 -0.02 -0.04 -0.06 -0.07 -0.09 -0.11 -0.11 -0.09 -0.07 19121998 12
 -0.04 -0.04 -0.07 -0.09 -0.12 -0.15 -0.17 -0.20 -0.21 -0.18 -0.15 -0.14 20121998 00
 -0.11 -0.10 -0.11 -0.10 -0.11 -0.13 -0.13 -0.13 -0.13 -0.14 -0.14 -0.14 20121998 12
 -0.11 -0.10 -0.11 -0.11 -0.10 -0.11 -0.11 -0.08 -0.06 -0.06 -0.05 -0.04 21121998 00
 -0.03  0.00  0.03  0.04  0.07  0.09  0.10  0.10  0.08  0.05  0.02  0.01 21121998 12
 -0.02 -0.05 -0.08 -0.10 -0.12 -0.13 -0.13 -0.13 -0.12 -0.10 -0.07 -0.07 22121998 00
 -0.06 -0.04 -0.02  0.02  0.06  0.08  0.11  0.14  0.18  0.24  0.26  0.23 22121998 12
  0.16  0.13  0.09  0.06  0.05  0.01  0.01  0.00 -0.03 -0.05 -0.05 -0.05 23121998 00
 -0.03 -0.01  0.02  0.04  0.05  0.05  0.05  0.05  0.06  0.06  0.05  0.03 23121998 12
  0.02  0.01 -0.00 -0.00 -0.01 -0.03 -0.02 -0.00  0.01  0.02  0.03  0.06 24121998 00
  0.09  0.14  0.19  0.26  0.34  0.36  0.33  0.30  0.28  0.28  0.27  0.28 24121998 12
  0.26  0.24  0.23  0.18  0.17  0.17  0.17  0.18  0.22  0.21  0.18  0.19 25121998 00
  0.20  0.19  0.20  0.18  0.18  0.20  0.20  0.20  0.24  0.27  0.29  0.29 25121998 12
  0.28  0.24  0.23  0.21  0.14  0.09  0.09  0.08  0.07  0.08  0.02  0.01 26121998 00
  0.13  0.31  0.47  0.60  0.77  0.98  1.19  1.34  1.37  1.37  1.34  1.25 26121998 12
  1.08  1.01  1.00  0.92  0.64  0.33  0.08  0.02 -0.07 -0.03 -0.02 -0.10 27121998 00
 -0.13 -0.08 -0.03  0.01  0.10  0.15  0.21  0.29  0.32  0.32  0.29  0.28 27121998 12
  0.31  0.32  0.36  0.37  0.33  0.29  0.26  0.28  0.31  0.34  0.33  0.33 28121998 00
  0.28  0.21  0.17  0.18  0.12  0.10  0.09  0.08  0.07  0.08  0.06  0.05 28121998 12
  0.05  0.08  0.11  0.15  0.17  0.17  0.16  0.16  0.19  0.25  0.31  0.33 29121998 00
  0.36  0.40  0.44  0.49  0.56  0.52  0.43  0.37  0.33  0.36  0.46  0.47 29121998 12
  0.49  0.53  0.54  0.58  0.76  0.83  0.68  0.55  0.44  0.45  0.51  0.52 30121998 00
  0.39  0.38  0.34  0.27  0.19  0.16  0.14  0.14  0.14  0.11  0.11  0.14 30121998 12
  0.16  0.17  0.18  0.20  0.22  0.28  0.31  0.30  0.28  0.29  0.29  0.32 31121998 00
  0.33  0.29  0.27  0.26  0.23  0.19  0.20  0.18  0.22  0.21  0.19  0.18 31121998 12
