Parameter Z: CS3 Location ( 52, 86) Lat 53.500 Lon -3.417
  0.00  0.04  0.08  0.09  0.06  0.06  0.10  0.18  0.21  0.19  0.13  0.05 01012006 00
 -0.03 -0.09 -0.08 -0.08 -0.05 -0.06 -0.09 -0.12 -0.15 -0.15 -0.15 -0.11 01012006 12
 -0.11 -0.09 -0.08 -0.11 -0.11 -0.12 -0.11 -0.08 -0.07 -0.09 -0.09 -0.10 02012006 00
 -0.10 -0.10 -0.08 -0.09 -0.08 -0.08 -0.08 -0.08 -0.09 -0.08 -0.07 -0.05 02012006 12
 -0.05 -0.04 -0.00  0.03  0.04  0.04  0.04  0.03  0.01 -0.01 -0.04 -0.06 03012006 00
 -0.09 -0.12 -0.14 -0.17 -0.19 -0.19 -0.20 -0.21 -0.20 -0.20 -0.22 -0.22 03012006 12
 -0.22 -0.24 -0.22 -0.19 -0.20 -0.20 -0.19 -0.21 -0.22 -0.22 -0.22 -0.21 04012006 00
 -0.21 -0.19 -0.19 -0.18 -0.19 -0.18 -0.16 -0.18 -0.18 -0.16 -0.18 -0.24 04012006 12
 -0.23 -0.22 -0.20 -0.20 -0.18 -0.17 -0.13 -0.13 -0.14 -0.13 -0.12 -0.13 05012006 00
 -0.13 -0.15 -0.15 -0.13 -0.12 -0.12 -0.10 -0.09 -0.10 -0.10 -0.07 -0.05 05012006 12
 -0.04 -0.05 -0.07 -0.07 -0.06 -0.04 -0.05 -0.05 -0.05 -0.06 -0.07 -0.08 06012006 00
 -0.10 -0.11 -0.11 -0.12 -0.13 -0.13 -0.14 -0.14 -0.14 -0.16 -0.16 -0.15 06012006 12
 -0.16 -0.17 -0.18 -0.18 -0.18 -0.17 -0.15 -0.14 -0.13 -0.11 -0.12 -0.11 07012006 00
 -0.10 -0.12 -0.13 -0.14 -0.15 -0.14 -0.14 -0.13 -0.13 -0.12 -0.12 -0.12 07012006 12
 -0.10 -0.11 -0.11 -0.11 -0.12 -0.12 -0.11 -0.09 -0.09 -0.10 -0.11 -0.12 08012006 00
 -0.14 -0.15 -0.18 -0.19 -0.19 -0.19 -0.16 -0.16 -0.17 -0.18 -0.17 -0.18 08012006 12
 -0.17 -0.17 -0.19 -0.21 -0.21 -0.21 -0.18 -0.15 -0.16 -0.17 -0.16 -0.14 09012006 00
 -0.13 -0.09 -0.03  0.01  0.02  0.04  0.04  0.06  0.13  0.20  0.26  0.27 09012006 12
  0.24  0.22  0.25  0.25  0.25  0.19  0.17  0.15  0.13  0.15  0.17  0.19 10012006 00
  0.20  0.24  0.29  0.34  0.38  0.44  0.40  0.38  0.37  0.43  0.48  0.56 10012006 12
  0.55  0.55  0.51  0.47  0.45  0.48  0.48  0.42  0.29  0.18  0.13  0.09 11012006 00
  0.03 -0.03 -0.04 -0.06 -0.11 -0.11 -0.10 -0.12 -0.13 -0.16 -0.17 -0.14 11012006 12
 -0.11 -0.08 -0.05 -0.03 -0.00  0.05  0.10  0.15  0.17  0.19  0.23  0.29 12012006 00
  0.33  0.33  0.31  0.29  0.27  0.24  0.29  0.33  0.29  0.24  0.15  0.12 12012006 12
  0.12  0.13  0.10  0.12  0.12  0.11  0.16  0.22  0.20  0.16  0.12  0.12 13012006 00
  0.19  0.25  0.23  0.22  0.23  0.23  0.23  0.24  0.22  0.19  0.16  0.10 13012006 12
  0.09  0.10  0.10  0.09  0.09  0.06  0.02 -0.01 -0.03 -0.04 -0.05 -0.07 14012006 00
 -0.08 -0.09 -0.09 -0.09 -0.07 -0.05 -0.04 -0.01  0.02  0.05  0.05  0.06 14012006 12
  0.08  0.12  0.16  0.17  0.18  0.20  0.23  0.29  0.34  0.33  0.27  0.25 15012006 00
  0.24  0.25  0.28  0.24  0.21  0.21  0.18  0.15  0.16  0.14  0.11  0.07 15012006 12
  0.03  0.01  0.02  0.03  0.03  0.05  0.08  0.09  0.12  0.12  0.10  0.07 16012006 00
  0.06  0.06  0.07  0.08  0.10  0.13  0.18  0.22  0.29  0.34  0.30  0.22 16012006 12
  0.17  0.13  0.13  0.13  0.11  0.13  0.15  0.15  0.11  0.10  0.11  0.11 17012006 00
  0.11  0.07  0.05  0.03  0.01  0.01  0.04  0.06  0.07  0.08  0.07  0.08 17012006 12
  0.11  0.14  0.14  0.12  0.12  0.13  0.13  0.12  0.09  0.07  0.05  0.04 18012006 00
  0.05  0.02  0.01 -0.01 -0.03 -0.03 -0.02  0.01  0.02  0.04  0.07  0.07 18012006 12
  0.06  0.06  0.06  0.08  0.10  0.10  0.09  0.07  0.06  0.04  0.06  0.07 19012006 00
  0.08  0.08  0.08  0.09  0.09  0.10  0.12  0.15  0.17  0.18  0.20  0.21 19012006 12
  0.21  0.23  0.27  0.39  0.59  0.73  0.61  0.52  0.47  0.42  0.31  0.25 20012006 00
  0.17  0.21  0.22  0.18  0.13  0.12  0.11  0.12  0.10  0.04 -0.03 -0.04 20012006 12
 -0.07 -0.10 -0.12 -0.12 -0.12 -0.12 -0.11 -0.11 -0.11 -0.11 -0.13 -0.14 21012006 00
 -0.13 -0.14 -0.15 -0.14 -0.14 -0.15 -0.16 -0.15 -0.15 -0.14 -0.13 -0.15 21012006 12
 -0.18 -0.19 -0.20 -0.18 -0.15 -0.13 -0.13 -0.13 -0.15 -0.16 -0.17 -0.18 22012006 00
 -0.18 -0.16 -0.17 -0.17 -0.17 -0.16 -0.17 -0.16 -0.15 -0.16 -0.16 -0.15 22012006 12
 -0.16 -0.19 -0.20 -0.21 -0.20 -0.20 -0.18 -0.18 -0.16 -0.16 -0.17 -0.17 23012006 00
 -0.13 -0.14 -0.16 -0.19 -0.19 -0.16 -0.13 -0.13 -0.12 -0.11 -0.11 -0.12 23012006 12
 -0.12 -0.14 -0.16 -0.14 -0.14 -0.15 -0.16 -0.16 -0.17 -0.16 -0.15 -0.14 24012006 00
 -0.14 -0.15 -0.19 -0.19 -0.21 -0.21 -0.19 -0.18 -0.18 -0.18 -0.17 -0.18 24012006 12
 -0.18 -0.16 -0.18 -0.20 -0.19 -0.18 -0.15 -0.14 -0.15 -0.18 -0.20 -0.20 25012006 00
 -0.19 -0.19 -0.18 -0.21 -0.23 -0.21 -0.19 -0.16 -0.16 -0.15 -0.17 -0.18 25012006 12
 -0.19 -0.19 -0.19 -0.18 -0.20 -0.18 -0.18 -0.17 -0.15 -0.15 -0.16 -0.16 26012006 00
 -0.13 -0.14 -0.14 -0.15 -0.19 -0.24 -0.22 -0.23 -0.22 -0.20 -0.17 -0.17 26012006 12
 -0.15 -0.16 -0.19 -0.19 -0.17 -0.18 -0.19 -0.19 -0.19 -0.17 -0.17 -0.19 27012006 00
 -0.21 -0.20 -0.20 -0.20 -0.20 -0.23 -0.26 -0.28 -0.28 -0.25 -0.22 -0.21 27012006 12
 -0.23 -0.23 -0.22 -0.24 -0.25 -0.27 -0.30 -0.32 -0.29 -0.30 -0.26 -0.23 28012006 00
 -0.24 -0.25 -0.24 -0.27 -0.27 -0.27 -0.28 -0.33 -0.32 -0.32 -0.31 -0.29 28012006 12
 -0.29 -0.33 -0.30 -0.30 -0.32 -0.31 -0.32 -0.35 -0.37 -0.32 -0.32 -0.28 29012006 00
 -0.25 -0.27 -0.26 -0.27 -0.30 -0.29 -0.27 -0.26 -0.24 -0.26 -0.26 -0.25 29012006 12
 -0.21 -0.18 -0.22 -0.19 -0.22 -0.23 -0.22 -0.22 -0.27 -0.24 -0.26 -0.26 30012006 00
 -0.23 -0.20 -0.22 -0.18 -0.18 -0.20 -0.20 -0.18 -0.18 -0.20 -0.18 -0.21 30012006 12
 -0.22 -0.19 -0.19 -0.20 -0.16 -0.16 -0.16 -0.15 -0.16 -0.16 -0.18 -0.15 31012006 00
 -0.15 -0.13 -0.11 -0.12 -0.10 -0.12 -0.13 -0.13 -0.12 -0.13 -0.12 -0.12 31012006 12
 -0.13 -0.14 -0.12 -0.12 -0.12 -0.10 -0.09 -0.10 -0.09 -0.10 -0.11 -0.09 01022006 00
 -0.09 -0.09 -0.09 -0.09 -0.09 -0.08 -0.08 -0.07 -0.06 -0.07 -0.07 -0.08 01022006 12
 -0.08 -0.08 -0.08 -0.07 -0.07 -0.07 -0.07 -0.07 -0.06 -0.06 -0.07 -0.06 02022006 00
 -0.05 -0.06 -0.06 -0.05 -0.06 -0.06 -0.06 -0.07 -0.07 -0.06 -0.08 -0.09 02022006 12
 -0.11 -0.11 -0.12 -0.11 -0.10 -0.11 -0.10 -0.11 -0.12 -0.12 -0.12 -0.14 03022006 00
 -0.12 -0.13 -0.13 -0.11 -0.11 -0.13 -0.11 -0.11 -0.11 -0.11 -0.11 -0.14 03022006 12
 -0.17 -0.17 -0.16 -0.15 -0.14 -0.14 -0.15 -0.14 -0.16 -0.17 -0.16 -0.16 04022006 00
 -0.17 -0.16 -0.18 -0.17 -0.17 -0.17 -0.18 -0.16 -0.17 -0.17 -0.17 -0.18 04022006 12
 -0.21 -0.21 -0.22 -0.20 -0.17 -0.17 -0.18 -0.18 -0.16 -0.18 -0.18 -0.16 05022006 00
 -0.17 -0.18 -0.18 -0.19 -0.18 -0.18 -0.17 -0.18 -0.16 -0.15 -0.14 -0.13 05022006 12
 -0.13 -0.16 -0.17 -0.16 -0.15 -0.12 -0.11 -0.11 -0.10 -0.08 -0.08 -0.08 06022006 00
 -0.06 -0.06 -0.07 -0.07 -0.07 -0.06 -0.05 -0.04 -0.04 -0.03 -0.01  0.01 06022006 12
  0.01 -0.01 -0.03 -0.04 -0.03 -0.01 -0.01  0.02  0.03  0.03  0.03  0.06 07022006 00
  0.08  0.09  0.08  0.11  0.13  0.17  0.20  0.29  0.42  0.49  0.39  0.33 07022006 12
  0.30  0.27  0.22  0.11  0.06  0.00 -0.01 -0.04 -0.06 -0.11 -0.17 -0.21 08022006 00
 -0.18 -0.15 -0.10 -0.04 -0.01  0.03  0.05  0.04  0.05  0.05  0.06  0.04 08022006 12
  0.00 -0.01 -0.00  0.01 -0.01 -0.05 -0.06 -0.06 -0.06 -0.07 -0.09 -0.09 09022006 00
 -0.09 -0.10 -0.10 -0.10 -0.10 -0.11 -0.11 -0.09 -0.08 -0.04 -0.04 -0.02 09022006 12
 -0.02 -0.03 -0.05 -0.05 -0.04 -0.05 -0.07 -0.09 -0.10 -0.09 -0.08 -0.08 10022006 00
 -0.08 -0.07 -0.07 -0.08 -0.09 -0.08 -0.08 -0.09 -0.09 -0.10 -0.09 -0.09 10022006 12
 -0.08 -0.08 -0.08 -0.10 -0.09 -0.06 -0.03 -0.01 -0.01 -0.03 -0.04 -0.02 11022006 00
  0.01  0.03  0.04  0.06  0.06  0.08  0.12  0.15  0.16  0.15  0.13  0.07 11022006 12
  0.03  0.02 -0.00 -0.01 -0.01 -0.02 -0.04 -0.03 -0.03 -0.01  0.02  0.05 12022006 00
  0.09  0.12  0.13  0.13  0.11  0.09  0.08  0.07  0.04 -0.00 -0.02 -0.05 12022006 12
 -0.06 -0.07 -0.08 -0.08 -0.05 -0.02  0.00  0.04  0.07  0.07  0.07  0.07 13022006 00
  0.09  0.12  0.14  0.13  0.11  0.09  0.08  0.08  0.10  0.10  0.10  0.08 13022006 12
  0.05  0.06  0.10  0.12  0.12  0.12  0.13  0.17  0.21  0.20  0.15  0.16 14022006 00
  0.16  0.17  0.20  0.18  0.16  0.16  0.15  0.15  0.19  0.23  0.26  0.28 14022006 12
  0.31  0.42  0.62  0.73  0.72  0.70  0.67  0.59  0.48  0.38  0.29  0.29 15022006 00
  0.28  0.23  0.22  0.25  0.25  0.30  0.35  0.39  0.44  0.52  0.50  0.45 15022006 12
  0.38  0.32  0.31  0.39  0.38  0.38  0.42  0.42  0.39  0.43  0.46  0.47 16022006 00
  0.51  0.48  0.49  0.57  0.59  0.57  0.61  0.61  0.57  0.61  0.61  0.52 16022006 12
  0.48  0.42  0.37  0.38  0.36  0.27  0.29  0.28  0.23  0.21  0.24  0.25 17022006 00
  0.27  0.26  0.25  0.26  0.28  0.28  0.28  0.28  0.28  0.27  0.30  0.27 17022006 12
  0.27  0.25  0.21  0.20  0.22  0.21  0.22  0.25  0.25  0.21  0.23  0.24 18022006 00
  0.23  0.23  0.20  0.18  0.17  0.16  0.15  0.19  0.20  0.19  0.20  0.19 18022006 12
  0.18  0.18  0.17  0.16  0.13  0.12  0.10  0.11  0.10  0.07  0.05  0.05 19022006 00
  0.05  0.05  0.05  0.04  0.03  0.03  0.01  0.00 -0.00 -0.02 -0.05 -0.09 19022006 12
 -0.13 -0.15 -0.16 -0.15 -0.16 -0.18 -0.20 -0.20 -0.20 -0.20 -0.19 -0.20 20022006 00
 -0.20 -0.20 -0.20 -0.17 -0.18 -0.21 -0.22 -0.19 -0.18 -0.17 -0.19 -0.25 20022006 12
 -0.30 -0.30 -0.30 -0.27 -0.25 -0.25 -0.26 -0.26 -0.27 -0.28 -0.27 -0.24 21022006 00
 -0.27 -0.30 -0.31 -0.32 -0.30 -0.32 -0.33 -0.33 -0.29 -0.30 -0.29 -0.26 21022006 12
 -0.29 -0.33 -0.33 -0.33 -0.29 -0.27 -0.23 -0.26 -0.28 -0.29 -0.29 -0.30 22022006 00
 -0.29 -0.34 -0.35 -0.37 -0.38 -0.34 -0.33 -0.30 -0.29 -0.27 -0.27 -0.24 22022006 12
 -0.22 -0.22 -0.26 -0.23 -0.22 -0.20 -0.19 -0.18 -0.17 -0.16 -0.15 -0.14 23022006 00
 -0.14 -0.13 -0.12 -0.15 -0.15 -0.18 -0.18 -0.22 -0.23 -0.24 -0.22 -0.19 23022006 12
 -0.20 -0.22 -0.23 -0.27 -0.31 -0.29 -0.29 -0.26 -0.28 -0.29 -0.32 -0.30 24022006 00
 -0.27 -0.22 -0.17 -0.14 -0.20 -0.27 -0.31 -0.33 -0.32 -0.33 -0.31 -0.32 24022006 12
 -0.30 -0.31 -0.32 -0.30 -0.29 -0.35 -0.35 -0.34 -0.32 -0.30 -0.32 -0.32 25022006 00
 -0.30 -0.28 -0.31 -0.31 -0.28 -0.30 -0.32 -0.33 -0.33 -0.28 -0.25 -0.24 25022006 12
 -0.28 -0.29 -0.31 -0.34 -0.32 -0.32 -0.35 -0.33 -0.34 -0.33 -0.29 -0.29 26022006 00
 -0.31 -0.31 -0.28 -0.30 -0.30 -0.27 -0.28 -0.28 -0.28 -0.26 -0.23 -0.18 26022006 12
 -0.16 -0.17 -0.14 -0.15 -0.16 -0.15 -0.14 -0.16 -0.18 -0.17 -0.16 -0.13 27022006 00
 -0.10 -0.10 -0.05 -0.04 -0.03  0.00  0.05  0.09  0.12  0.13  0.09  0.08 27022006 12
  0.04  0.01 -0.00 -0.00 -0.00 -0.03 -0.06 -0.12 -0.16 -0.17 -0.16 -0.16 28022006 00
 -0.14 -0.13 -0.15 -0.10 -0.09 -0.08 -0.05 -0.01 -0.01  0.02  0.02  0.00 28022006 12
 -0.01 -0.02 -0.03 -0.01  0.01  0.02  0.03  0.03  0.02  0.02  0.02  0.02 01032006 00
  0.03  0.03  0.04  0.04  0.04  0.04  0.04  0.04  0.05  0.06  0.08  0.09 01032006 12
  0.09  0.09  0.08  0.10  0.09  0.10  0.11  0.11  0.10  0.10  0.09  0.09 02032006 00
  0.10  0.10  0.08  0.09  0.07  0.07  0.07  0.07  0.08  0.11  0.13  0.12 02032006 12
  0.12  0.12  0.10  0.11  0.12  0.11  0.12  0.12  0.12  0.13  0.13  0.15 03032006 00
  0.16  0.16  0.15  0.14  0.17  0.15  0.16  0.17  0.16  0.15  0.17  0.15 03032006 12
  0.12  0.13  0.13  0.12  0.12  0.11  0.11  0.10  0.09  0.07  0.06  0.05 04032006 00
  0.08  0.08  0.07  0.06  0.06  0.07  0.07  0.10  0.14  0.16  0.15  0.15 04032006 12
  0.14  0.14  0.14  0.12  0.09  0.08  0.07  0.08  0.08  0.06  0.01 -0.01 05032006 00
 -0.02 -0.02 -0.00  0.01  0.00  0.02  0.04  0.03  0.03  0.03  0.03  0.02 05032006 12
  0.01 -0.00 -0.01 -0.02 -0.03 -0.05 -0.04 -0.03 -0.03 -0.05 -0.08 -0.09 06032006 00
 -0.09 -0.09 -0.09 -0.08 -0.08 -0.08 -0.09 -0.09 -0.07 -0.07 -0.07 -0.05 06032006 12
 -0.05 -0.06 -0.07 -0.06 -0.03  0.03  0.07  0.07  0.09  0.07  0.06  0.07 07032006 00
  0.10  0.11  0.10  0.09  0.09  0.07  0.06  0.08  0.09  0.11  0.12  0.13 07032006 12
  0.14  0.14  0.15  0.18  0.18  0.18  0.21  0.23  0.25  0.24  0.23  0.25 08032006 00
  0.28  0.33  0.35  0.36  0.30  0.23  0.20  0.14  0.09  0.07  0.02 -0.03 08032006 12
 -0.08 -0.11 -0.09 -0.04  0.01  0.06  0.08  0.12  0.17  0.21  0.24  0.29 09032006 00
  0.33  0.35  0.33  0.31  0.31  0.32  0.29  0.26  0.26  0.30  0.33  0.34 09032006 12
  0.32  0.31  0.28  0.28  0.34  0.42  0.48  0.40  0.36  0.32  0.27  0.24 10032006 00
  0.22  0.22  0.20  0.15  0.09  0.01 -0.05 -0.08 -0.05 -0.04 -0.04 -0.05 10032006 12
 -0.04 -0.05 -0.05 -0.06 -0.06 -0.05 -0.07 -0.07 -0.08 -0.08 -0.08 -0.08 11032006 00
 -0.09 -0.10 -0.09 -0.10 -0.13 -0.18 -0.22 -0.21 -0.18 -0.18 -0.18 -0.19 11032006 12
 -0.17 -0.17 -0.18 -0.20 -0.19 -0.12 -0.06 -0.02 -0.03 -0.09 -0.11 -0.13 12032006 00
 -0.13 -0.13 -0.12 -0.10 -0.08 -0.05 -0.04 -0.06 -0.07 -0.07 -0.08 -0.08 12032006 12
 -0.04 -0.01  0.01  0.00 -0.01  0.01  0.05  0.07  0.06  0.03  0.01  0.03 13032006 00
  0.08  0.11  0.10  0.08  0.11  0.16  0.21  0.25  0.24  0.18  0.12  0.07 13032006 12
  0.06  0.10  0.13  0.12  0.13  0.12  0.11  0.13  0.12  0.08  0.04  0.01 14032006 00
 -0.01 -0.02 -0.03 -0.05 -0.05 -0.05 -0.06 -0.05 -0.05 -0.07 -0.08 -0.09 14032006 12
 -0.09 -0.08 -0.09 -0.08 -0.08 -0.10 -0.11 -0.14 -0.16 -0.18 -0.18 -0.20 15032006 00
 -0.19 -0.19 -0.22 -0.21 -0.21 -0.23 -0.23 -0.24 -0.24 -0.25 -0.23 -0.23 15032006 12
 -0.22 -0.22 -0.23 -0.23 -0.22 -0.23 -0.24 -0.23 -0.25 -0.26 -0.27 -0.24 16032006 00
 -0.21 -0.21 -0.23 -0.26 -0.26 -0.28 -0.30 -0.30 -0.31 -0.31 -0.31 -0.32 16032006 12
 -0.33 -0.34 -0.33 -0.38 -0.33 -0.33 -0.35 -0.32 -0.30 -0.32 -0.29 -0.30 17032006 00
 -0.30 -0.28 -0.28 -0.35 -0.33 -0.34 -0.33 -0.30 -0.27 -0.28 -0.30 -0.28 17032006 12
 -0.30 -0.28 -0.28 -0.31 -0.30 -0.29 -0.30 -0.31 -0.30 -0.30 -0.28 -0.28 18032006 00
 -0.27 -0.26 -0.25 -0.26 -0.26 -0.23 -0.25 -0.26 -0.24 -0.24 -0.24 -0.24 18032006 12
 -0.24 -0.23 -0.21 -0.20 -0.20 -0.16 -0.15 -0.15 -0.12 -0.10 -0.11 -0.12 19032006 00
 -0.11 -0.12 -0.12 -0.13 -0.15 -0.15 -0.14 -0.14 -0.12 -0.11 -0.11 -0.10 19032006 12
 -0.11 -0.10 -0.10 -0.09 -0.11 -0.12 -0.12 -0.12 -0.11 -0.08 -0.07 -0.07 20032006 00
 -0.08 -0.11 -0.10 -0.11 -0.11 -0.11 -0.10 -0.11 -0.12 -0.10 -0.09 -0.09 20032006 12
 -0.11 -0.13 -0.12 -0.10 -0.11 -0.12 -0.11 -0.10 -0.10 -0.10 -0.10 -0.09 21032006 00
 -0.08 -0.09 -0.10 -0.10 -0.11 -0.10 -0.07 -0.05 -0.05 -0.04 -0.03 -0.03 21032006 12
 -0.03 -0.04 -0.06 -0.06 -0.06 -0.07 -0.07 -0.06 -0.06 -0.05 -0.03 -0.03 22032006 00
 -0.03 -0.03 -0.03 -0.02 -0.02 -0.01  0.01  0.04  0.06  0.07  0.09  0.09 22032006 12
  0.06  0.04  0.02  0.02  0.03  0.03  0.04  0.03  0.01  0.00 -0.00  0.00 23032006 00
  0.03  0.05  0.05  0.05  0.07  0.09  0.11  0.11  0.10  0.11  0.11  0.11 23032006 12
  0.08  0.07  0.09  0.11  0.08  0.06  0.06  0.08  0.09  0.09  0.11  0.14 24032006 00
  0.16  0.21  0.27  0.32  0.34  0.35  0.33  0.31  0.32  0.36  0.38  0.40 24032006 12
  0.38  0.34  0.35  0.38  0.40  0.34  0.30  0.28  0.26  0.24  0.24  0.23 25032006 00
  0.23  0.21  0.19  0.19  0.21  0.21  0.22  0.24  0.28  0.34  0.38  0.41 25032006 12
  0.42  0.40  0.39  0.40  0.40  0.41  0.35  0.32  0.28  0.27  0.26  0.29 26032006 00
  0.26  0.25  0.21  0.18  0.19  0.28  0.36  0.38  0.38  0.39  0.44  0.49 26032006 12
  0.52  0.45  0.42  0.40  0.36  0.38  0.48  0.52  0.54  0.53  0.52  0.51 27032006 00
  0.55  0.49  0.49  0.50  0.49  0.52  0.61  0.58  0.54  0.52  0.47  0.48 27032006 12
  0.52  0.48  0.42  0.45  0.44  0.42  0.48  0.51  0.46  0.47  0.42  0.40 28032006 00
  0.45  0.45  0.41  0.43  0.39  0.33  0.28  0.26  0.21  0.18  0.17  0.12 28032006 12
  0.08  0.11  0.08  0.08  0.09  0.09  0.10  0.12  0.14  0.13  0.13  0.15 29032006 00
  0.15  0.16  0.15  0.14  0.14  0.13  0.12  0.13  0.14  0.15  0.14  0.14 29032006 12
  0.15  0.19  0.29  0.34  0.40  0.43  0.47  0.55  0.59  0.53  0.46  0.48 30032006 00
  0.40  0.33  0.41  0.28  0.31  0.32  0.28  0.26  0.34  0.39  0.33  0.33 30032006 12
  0.35  0.31  0.37  0.40  0.36  0.38  0.37  0.34  0.32  0.25  0.24  0.23 31032006 00
  0.23  0.20  0.22  0.29  0.27  0.30  0.32  0.32  0.32  0.35  0.29  0.24 31032006 12
  0.24  0.21  0.20  0.25  0.21  0.20  0.20  0.19  0.20  0.24  0.28  0.25 01042006 00
  0.26  0.26  0.23  0.27  0.28  0.26  0.27  0.28  0.29  0.36  0.37  0.31 01042006 12
  0.30  0.27  0.22  0.23  0.26  0.22  0.25  0.28  0.27  0.32  0.41  0.43 02042006 00
  0.39  0.38  0.32  0.28  0.28  0.17  0.15  0.14  0.11  0.06  0.03  0.00 02042006 12
  0.01  0.02  0.02  0.02  0.02  0.02  0.01 -0.01 -0.01  0.00  0.00  0.01 03042006 00
  0.01  0.03  0.04  0.04  0.01  0.00 -0.00 -0.00  0.00 -0.02 -0.05 -0.07 03042006 12
 -0.09 -0.11 -0.12 -0.13 -0.14 -0.16 -0.17 -0.18 -0.20 -0.22 -0.21 -0.23 04042006 00
 -0.23 -0.23 -0.21 -0.19 -0.19 -0.19 -0.20 -0.17 -0.16 -0.15 -0.13 -0.15 04042006 12
 -0.19 -0.19 -0.18 -0.16 -0.15 -0.13 -0.12 -0.09 -0.06 -0.04 -0.02 -0.01 05042006 00
 -0.01 -0.03 -0.04 -0.04 -0.03 -0.02 -0.02 -0.02 -0.01  0.00  0.02  0.06 05042006 12
  0.08  0.06  0.04  0.05  0.06  0.08  0.11  0.11  0.11  0.12  0.12  0.11 06042006 00
  0.15  0.15  0.13  0.12  0.11  0.13  0.12  0.06  0.05  0.04  0.03  0.00 06042006 12
 -0.02 -0.03 -0.03 -0.03 -0.06 -0.09 -0.06 -0.01  0.00  0.01  0.05  0.09 07042006 00
  0.12  0.14  0.16  0.16  0.19  0.17  0.19  0.24  0.29  0.32  0.30  0.18 07042006 12
  0.15  0.15  0.14  0.12  0.07  0.04  0.04  0.04  0.06  0.10  0.14  0.15 08042006 00
  0.12  0.12  0.16  0.23  0.21  0.17  0.11  0.09  0.08  0.11  0.10  0.06 08042006 12
  0.02  0.03  0.00 -0.03 -0.06 -0.06 -0.05 -0.07 -0.09 -0.09 -0.10 -0.12 09042006 00
 -0.12 -0.11 -0.08 -0.06 -0.07 -0.10 -0.12 -0.11 -0.10 -0.07 -0.08 -0.10 09042006 12
 -0.11 -0.12 -0.13 -0.14 -0.16 -0.19 -0.20 -0.18 -0.19 -0.19 -0.18 -0.17 10042006 00
 -0.15 -0.13 -0.11 -0.10 -0.08 -0.05 -0.04 -0.03 -0.03 -0.05 -0.04 -0.02 10042006 12
 -0.00  0.02  0.04  0.04  0.04  0.06  0.14  0.19  0.20  0.24  0.30  0.37 11042006 00
  0.39  0.36  0.32  0.32  0.29  0.22  0.16  0.10  0.04  0.02 -0.03 -0.05 11042006 12
 -0.06 -0.05 -0.01  0.02  0.02  0.01  0.01  0.01  0.02  0.03  0.02  0.04 12042006 00
  0.04  0.04  0.03  0.03  0.06  0.08  0.15  0.23  0.26  0.26  0.27  0.24 12042006 12
  0.23  0.24  0.22  0.21  0.23  0.22  0.18  0.13  0.10  0.11  0.14  0.15 13042006 00
  0.18  0.21  0.22  0.20  0.20  0.18  0.14  0.12  0.10  0.10  0.11  0.08 13042006 12
  0.05  0.05  0.06  0.07  0.09  0.10  0.11  0.12  0.12  0.11  0.09  0.09 14042006 00
  0.07  0.04  0.03  0.00 -0.00  0.00 -0.01 -0.04 -0.04 -0.03 -0.02 -0.01 14042006 12
 -0.01 -0.02 -0.01  0.00  0.00  0.00  0.00  0.01  0.02  0.03  0.03  0.04 15042006 00
  0.06  0.07  0.07  0.07  0.07  0.07  0.07  0.07  0.09  0.11  0.10  0.10 15042006 12
  0.09  0.08  0.09  0.10  0.10  0.10  0.10  0.09  0.07  0.07  0.07  0.06 16042006 00
  0.07  0.06  0.05  0.05  0.03  0.04  0.05  0.04  0.05  0.05  0.04  0.04 16042006 12
  0.06  0.06  0.06  0.07  0.08  0.09  0.11  0.13  0.13  0.12  0.10  0.08 17042006 00
  0.11  0.08  0.08  0.08  0.05  0.05  0.06  0.06  0.04  0.03  0.03  0.04 17042006 12
  0.04  0.05  0.04  0.04  0.04  0.04  0.04  0.05  0.05  0.06  0.06  0.05 18042006 00
  0.05  0.05  0.04  0.05  0.05  0.05  0.05  0.06  0.06  0.07  0.07  0.08 18042006 12
  0.08  0.08  0.08  0.08  0.08  0.09  0.09  0.09  0.08  0.07  0.06  0.07 19042006 00
  0.06  0.05  0.03  0.02  0.01  0.02  0.03  0.03  0.03  0.03  0.03  0.03 19042006 12
  0.03  0.03  0.02  0.02  0.02  0.02  0.02  0.01  0.01  0.01  0.02  0.04 20042006 00
  0.06  0.06  0.07  0.07  0.06  0.05  0.07  0.07  0.09  0.08  0.07  0.05 20042006 12
  0.04  0.02  0.00 -0.01 -0.01 -0.02 -0.03 -0.04 -0.04 -0.04 -0.05 -0.05 21042006 00
 -0.07 -0.09 -0.10 -0.10 -0.11 -0.12 -0.12 -0.12 -0.12 -0.11 -0.11 -0.11 21042006 12
 -0.11 -0.11 -0.11 -0.10 -0.10 -0.09 -0.09 -0.07 -0.06 -0.04 -0.03 -0.02 22042006 00
  0.00  0.01  0.02  0.04  0.05  0.06  0.07  0.09  0.12  0.11  0.10  0.09 22042006 12
  0.07  0.05  0.03  0.03  0.00 -0.01 -0.02 -0.04 -0.04 -0.05 -0.08 -0.09 23042006 00
 -0.10 -0.11 -0.12 -0.13 -0.15 -0.16 -0.14 -0.11 -0.09 -0.08 -0.08 -0.07 23042006 12
 -0.06 -0.06 -0.06 -0.05 -0.06 -0.07 -0.06 -0.07 -0.05 -0.04 -0.04 -0.05 24042006 00
 -0.05 -0.06 -0.04  0.00  0.03  0.05  0.06  0.07  0.08  0.09  0.13  0.17 24042006 12
  0.19  0.19  0.21  0.22  0.20  0.21  0.22  0.20  0.21  0.19  0.15  0.14 25042006 00
  0.11  0.08  0.08  0.06  0.03  0.03  0.02 -0.00 -0.01 -0.01  0.00  0.03 25042006 12
  0.06  0.07  0.08  0.08  0.07  0.06  0.06  0.03  0.04  0.02 -0.01 -0.02 26042006 00
 -0.02 -0.04 -0.04 -0.03 -0.04 -0.05 -0.06 -0.07 -0.08 -0.07 -0.06 -0.04 26042006 12
 -0.04 -0.07 -0.07 -0.08 -0.08 -0.09 -0.10 -0.12 -0.12 -0.12 -0.13 -0.13 27042006 00
 -0.12 -0.14 -0.13 -0.14 -0.15 -0.14 -0.15 -0.17 -0.19 -0.16 -0.15 -0.14 27042006 12
 -0.11 -0.12 -0.13 -0.12 -0.14 -0.16 -0.18 -0.24 -0.25 -0.25 -0.22 -0.23 28042006 00
 -0.20 -0.20 -0.22 -0.18 -0.21 -0.21 -0.19 -0.17 -0.17 -0.14 -0.15 -0.15 28042006 12
 -0.13 -0.11 -0.12 -0.11 -0.12 -0.13 -0.14 -0.14 -0.16 -0.18 -0.15 -0.15 29042006 00
 -0.16 -0.13 -0.13 -0.13 -0.12 -0.13 -0.11 -0.09 -0.09 -0.08 -0.09 -0.07 29042006 12
 -0.06 -0.04 -0.03 -0.02 -0.01 -0.03 -0.04 -0.03 -0.03 -0.04 -0.04 -0.03 30042006 00
 -0.04 -0.03 -0.02 -0.01  0.00  0.01  0.02  0.04  0.06  0.08  0.11  0.12 30042006 12
  0.11  0.12  0.15  0.19  0.22  0.23  0.25  0.25  0.24  0.25  0.26  0.19 01052006 00
  0.17  0.12  0.08  0.07  0.07  0.06  0.09  0.11  0.11  0.12  0.12  0.10 01052006 12
  0.08  0.06  0.03  0.02  0.04  0.05  0.04  0.06  0.07  0.13  0.21  0.25 02052006 00
  0.22  0.18  0.16  0.22  0.32  0.40  0.44  0.45  0.46  0.46  0.50  0.50 02052006 12
  0.41  0.35  0.25  0.21  0.17  0.15  0.10  0.11  0.08  0.07  0.14  0.21 03052006 00
  0.20  0.18  0.16  0.17  0.17  0.16  0.13  0.11  0.12  0.10  0.05  0.03 03052006 12
  0.00 -0.02 -0.03 -0.05 -0.07 -0.08 -0.08 -0.06 -0.05 -0.04 -0.03  0.00 04052006 00
  0.01  0.01  0.00 -0.00  0.00  0.04  0.05  0.06  0.09  0.13  0.15  0.18 04052006 12
  0.19  0.19  0.18  0.15  0.12  0.07  0.03  0.02  0.02  0.02  0.02  0.01 05052006 00
  0.00 -0.01 -0.04 -0.07 -0.10 -0.10 -0.08 -0.07 -0.06 -0.05 -0.06 -0.07 05052006 12
 -0.06 -0.03 -0.02 -0.03 -0.04 -0.05 -0.06 -0.06 -0.06 -0.05 -0.03 -0.00 06052006 00
  0.01  0.02  0.02  0.03  0.04  0.03  0.04  0.05  0.04  0.04  0.03  0.01 06052006 12
 -0.01 -0.03 -0.03 -0.04 -0.05 -0.06 -0.06 -0.07 -0.06 -0.05 -0.04 -0.03 07052006 00
 -0.02 -0.02 -0.01 -0.02 -0.05 -0.06 -0.06 -0.07 -0.08 -0.08 -0.08 -0.08 07052006 12
 -0.08 -0.08 -0.07 -0.07 -0.09 -0.10 -0.09 -0.08 -0.06 -0.05 -0.03 -0.02 08052006 00
 -0.01 -0.01 -0.01  0.01 -0.01 -0.04 -0.03 -0.03 -0.02 -0.03 -0.04 -0.04 08052006 12
 -0.04 -0.04 -0.03 -0.03 -0.05 -0.05 -0.05 -0.06 -0.08 -0.08 -0.08 -0.07 09052006 00
 -0.06 -0.06 -0.07 -0.08 -0.08 -0.09 -0.10 -0.10 -0.10 -0.09 -0.09 -0.10 09052006 12
 -0.10 -0.08 -0.08 -0.09 -0.09 -0.11 -0.13 -0.13 -0.14 -0.13 -0.12 -0.10 10052006 00
 -0.10 -0.09 -0.08 -0.07 -0.07 -0.07 -0.08 -0.08 -0.08 -0.09 -0.10 -0.11 10052006 12
 -0.10 -0.09 -0.08 -0.07 -0.07 -0.07 -0.08 -0.10 -0.10 -0.09 -0.08 -0.07 11052006 00
 -0.07 -0.07 -0.06 -0.06 -0.07 -0.06 -0.07 -0.06 -0.05 -0.05 -0.05 -0.06 11052006 12
 -0.06 -0.06 -0.05 -0.04 -0.04 -0.03 -0.03 -0.05 -0.06 -0.05 -0.04 -0.04 12052006 00
 -0.03 -0.03 -0.02 -0.01 -0.01  0.01  0.02  0.02  0.00 -0.01 -0.02 -0.04 12052006 12
 -0.03 -0.02 -0.02 -0.01 -0.02 -0.03 -0.04 -0.04 -0.05 -0.06 -0.07 -0.07 13052006 00
 -0.06 -0.06 -0.05 -0.05 -0.05 -0.05 -0.04 -0.06 -0.09 -0.10 -0.12 -0.12 13052006 12
 -0.11 -0.10 -0.10 -0.09 -0.10 -0.11 -0.11 -0.11 -0.10 -0.10 -0.09 -0.09 14052006 00
 -0.07 -0.06 -0.06 -0.03 -0.03 -0.05 -0.05 -0.05 -0.04 -0.05 -0.06 -0.06 14052006 12
 -0.05 -0.03 -0.01  0.00  0.00  0.00  0.01  0.02  0.02  0.02  0.02  0.02 15052006 00
  0.02  0.02  0.04  0.06  0.07  0.07  0.09  0.11  0.12  0.13  0.13  0.10 15052006 12
  0.10  0.09  0.09  0.11  0.09  0.08  0.07  0.04  0.01 -0.01 -0.03 -0.02 16052006 00
 -0.01 -0.00  0.02  0.03  0.04  0.05  0.06  0.07  0.07  0.07  0.06  0.04 16052006 12
  0.05  0.06  0.07  0.09  0.08  0.05  0.05  0.03  0.01 -0.01 -0.02 -0.02 17052006 00
 -0.02 -0.02 -0.01  0.01  0.03  0.06  0.11  0.16  0.23  0.31  0.34  0.32 17052006 12
  0.28  0.27  0.26  0.30  0.35  0.35  0.32  0.32  0.30  0.29  0.34  0.39 18052006 00
  0.39  0.39  0.37  0.39  0.42  0.45  0.42  0.43  0.43  0.46  0.48  0.51 18052006 12
  0.47  0.43  0.40  0.36  0.35  0.41  0.38  0.33  0.28  0.22  0.17  0.21 19052006 00
  0.26  0.26  0.26  0.22  0.21  0.21  0.25  0.24  0.24  0.22  0.20  0.17 19052006 12
  0.19  0.20  0.22  0.24  0.24  0.25  0.29  0.30  0.29  0.28  0.26  0.23 20052006 00
  0.22  0.21  0.18  0.19  0.19  0.19  0.19  0.20  0.20  0.17  0.14  0.09 20052006 12
  0.06  0.10  0.16  0.17  0.16  0.13  0.11  0.09  0.08  0.08  0.10  0.09 21052006 00
  0.10  0.17  0.26  0.32  0.36  0.38  0.36  0.36  0.36  0.36  0.33  0.32 21052006 12
  0.33  0.35  0.35  0.36  0.29  0.25  0.19  0.17  0.12  0.11  0.06  0.06 22052006 00
  0.06  0.06  0.09  0.11  0.10  0.09  0.09  0.11  0.14  0.15  0.13  0.11 22052006 12
  0.09  0.08  0.07  0.05  0.05  0.05  0.05  0.03 -0.02 -0.05 -0.05 -0.03 23052006 00
 -0.01  0.02  0.05  0.12  0.24  0.32  0.35  0.35  0.31  0.28  0.25  0.24 23052006 12
  0.19  0.22  0.21  0.16  0.12  0.15  0.16  0.14  0.11  0.11  0.10  0.12 24052006 00
  0.10  0.07  0.06  0.06  0.06  0.06  0.07  0.05  0.05  0.03  0.03  0.03 24052006 12
  0.02  0.01  0.02  0.03  0.02  0.01  0.01 -0.00 -0.00 -0.01 -0.04 -0.05 25052006 00
 -0.05 -0.05 -0.04 -0.03 -0.02  0.01  0.04  0.05  0.03  0.00 -0.02 -0.05 25052006 12
 -0.05 -0.07 -0.06 -0.05 -0.05 -0.03  0.04  0.10  0.12  0.11  0.13  0.15 26052006 00
  0.15  0.16  0.14  0.15  0.15  0.15  0.16  0.15  0.13  0.07  0.04 -0.02 26052006 12
 -0.05 -0.03 -0.04 -0.02 -0.01 -0.02 -0.02 -0.01 -0.00 -0.00 -0.02 -0.02 27052006 00
  0.00  0.01  0.01  0.02  0.05  0.10  0.14  0.16  0.15  0.10  0.08  0.05 27052006 12
  0.01 -0.02 -0.03 -0.02  0.00  0.01  0.00 -0.02 -0.03 -0.05 -0.07 -0.06 28052006 00
 -0.07 -0.07 -0.07 -0.06 -0.05 -0.05 -0.04 -0.02 -0.00 -0.01 -0.04 -0.05 28052006 12
 -0.04 -0.04 -0.04 -0.04 -0.02  0.01  0.02  0.01 -0.01 -0.00  0.01 -0.01 29052006 00
 -0.03 -0.08 -0.11 -0.11 -0.10 -0.07 -0.06 -0.07 -0.10 -0.13 -0.15 -0.15 29052006 12
 -0.15 -0.15 -0.14 -0.15 -0.13 -0.12 -0.12 -0.10 -0.09 -0.11 -0.12 -0.14 30052006 00
 -0.13 -0.12 -0.12 -0.14 -0.14 -0.13 -0.10 -0.08 -0.06 -0.07 -0.09 -0.10 30052006 12
 -0.10 -0.10 -0.10 -0.11 -0.13 -0.14 -0.14 -0.15 -0.14 -0.13 -0.15 -0.14 31052006 00
 -0.15 -0.15 -0.12 -0.12 -0.14 -0.13 -0.11 -0.09 -0.08 -0.06 -0.08 -0.09 31052006 12
 -0.11 -0.12 -0.12 -0.12 -0.12 -0.12 -0.11 -0.11 -0.10 -0.08 -0.08 -0.10 01062006 00
 -0.13 -0.15 -0.14 -0.12 -0.15 -0.17 -0.17 -0.16 -0.15 -0.14 -0.14 -0.16 01062006 12
 -0.17 -0.17 -0.18 -0.18 -0.17 -0.16 -0.16 -0.16 -0.17 -0.16 -0.14 -0.17 02062006 00
 -0.19 -0.19 -0.20 -0.19 -0.19 -0.19 -0.20 -0.19 -0.19 -0.18 -0.17 -0.15 02062006 12
 -0.17 -0.19 -0.20 -0.20 -0.19 -0.19 -0.20 -0.19 -0.18 -0.18 -0.18 -0.18 03062006 00
 -0.19 -0.21 -0.21 -0.21 -0.19 -0.20 -0.20 -0.20 -0.18 -0.17 -0.17 -0.17 03062006 12
 -0.15 -0.16 -0.16 -0.17 -0.17 -0.17 -0.16 -0.15 -0.13 -0.12 -0.11 -0.10 04062006 00
 -0.09 -0.11 -0.13 -0.12 -0.13 -0.13 -0.14 -0.15 -0.15 -0.15 -0.15 -0.14 04062006 12
 -0.13 -0.12 -0.15 -0.16 -0.18 -0.18 -0.18 -0.17 -0.16 -0.14 -0.13 -0.13 05062006 00
 -0.14 -0.14 -0.15 -0.15 -0.14 -0.14 -0.13 -0.16 -0.15 -0.15 -0.15 -0.15 05062006 12
 -0.14 -0.13 -0.10 -0.12 -0.12 -0.14 -0.15 -0.16 -0.16 -0.14 -0.12 -0.12 06062006 00
 -0.13 -0.14 -0.13 -0.13 -0.15 -0.15 -0.15 -0.13 -0.14 -0.13 -0.16 -0.15 06062006 12
 -0.15 -0.14 -0.14 -0.13 -0.15 -0.16 -0.18 -0.19 -0.19 -0.18 -0.18 -0.18 07062006 00
 -0.17 -0.16 -0.17 -0.16 -0.18 -0.18 -0.19 -0.19 -0.17 -0.17 -0.17 -0.17 07062006 12
 -0.14 -0.14 -0.13 -0.13 -0.14 -0.18 -0.18 -0.19 -0.18 -0.16 -0.15 -0.16 08062006 00
 -0.15 -0.15 -0.15 -0.14 -0.14 -0.16 -0.17 -0.17 -0.17 -0.15 -0.15 -0.15 08062006 12
 -0.15 -0.13 -0.13 -0.13 -0.11 -0.11 -0.13 -0.15 -0.16 -0.15 -0.14 -0.11 09062006 00
 -0.11 -0.10 -0.11 -0.10 -0.08 -0.09 -0.11 -0.11 -0.11 -0.10 -0.07 -0.05 09062006 12
 -0.04 -0.03 -0.04 -0.06 -0.07 -0.07 -0.08 -0.10 -0.11 -0.12 -0.11 -0.09 10062006 00
 -0.07 -0.06 -0.05 -0.05 -0.03 -0.00  0.03  0.05  0.07  0.08  0.08  0.09 10062006 12
  0.11  0.13  0.12  0.10  0.08  0.06  0.05  0.02  0.00  0.01  0.01  0.00 11062006 00
  0.02  0.03  0.04  0.04  0.04  0.04  0.03  0.02  0.00 -0.01 -0.03 -0.03 11062006 12
 -0.03 -0.03 -0.03 -0.02 -0.03 -0.03 -0.03 -0.04 -0.04 -0.02 -0.01 -0.01 12062006 00
  0.00  0.02  0.04  0.06  0.07  0.08  0.09  0.10  0.09  0.09  0.08  0.08 12062006 12
  0.09  0.08  0.05  0.03  0.03  0.03  0.01 -0.04 -0.09 -0.15 -0.16 -0.14 13062006 00
 -0.12 -0.09 -0.09 -0.10 -0.10 -0.11 -0.11 -0.11 -0.12 -0.13 -0.11 -0.11 13062006 12
 -0.09 -0.08 -0.07 -0.07 -0.09 -0.11 -0.11 -0.11 -0.15 -0.17 -0.18 -0.15 14062006 00
 -0.14 -0.11 -0.12 -0.14 -0.13 -0.14 -0.14 -0.14 -0.14 -0.15 -0.15 -0.15 14062006 12
 -0.14 -0.11 -0.09 -0.10 -0.09 -0.08 -0.10 -0.11 -0.12 -0.13 -0.13 -0.12 15062006 00
 -0.11 -0.09 -0.06 -0.04 -0.05 -0.05 -0.06 -0.07 -0.05 -0.05 -0.08 -0.09 15062006 12
 -0.08 -0.07 -0.04 -0.03 -0.04 -0.04 -0.05 -0.07 -0.08 -0.08 -0.07 -0.07 16062006 00
 -0.06 -0.07 -0.06 -0.05 -0.05 -0.07 -0.07 -0.08 -0.09 -0.09 -0.10 -0.10 16062006 12
 -0.08 -0.06 -0.06 -0.05 -0.05 -0.05 -0.05 -0.07 -0.08 -0.08 -0.07 -0.07 17062006 00
 -0.06 -0.05 -0.02 -0.01 -0.02 -0.02 -0.03 -0.03 -0.03 -0.03 -0.02  0.00 17062006 12
  0.03  0.04  0.05  0.06  0.05  0.04  0.03  0.00 -0.01  0.01  0.01  0.01 18062006 00
  0.04  0.05  0.07  0.09  0.08  0.08  0.11  0.13  0.12  0.12  0.14  0.16 18062006 12
  0.20  0.22  0.19  0.18  0.17  0.15  0.14  0.15  0.12  0.12  0.12  0.11 19062006 00
  0.10  0.13  0.15  0.14  0.12  0.08  0.05  0.03  0.02 -0.01 -0.03 -0.03 19062006 12
 -0.05 -0.06 -0.02  0.01  0.01 -0.00 -0.02 -0.05 -0.04 -0.01  0.01  0.04 20062006 00
  0.07  0.09  0.15  0.25  0.30  0.30  0.33  0.39  0.46  0.49  0.42  0.37 20062006 12
  0.37  0.31  0.21  0.21  0.22  0.20  0.18  0.11  0.08  0.08  0.10  0.13 21062006 00
  0.20  0.23  0.23  0.26  0.31  0.32  0.32  0.30  0.27  0.26  0.22  0.17 21062006 12
  0.18  0.23  0.22  0.17  0.15  0.16  0.15  0.15  0.11  0.15  0.15  0.14 22062006 00
  0.12  0.12  0.10  0.08  0.06  0.04  0.00 -0.01 -0.01 -0.03 -0.06 -0.07 22062006 12
 -0.07 -0.06 -0.03 -0.01 -0.01 -0.00 -0.00 -0.02 -0.03 -0.04 -0.06 -0.06 23062006 00
 -0.05 -0.05 -0.04 -0.03 -0.02 -0.02 -0.01 -0.01 -0.02 -0.03 -0.05 -0.05 23062006 12
 -0.05 -0.06 -0.04 -0.02 -0.02 -0.01  0.01  0.00 -0.02 -0.03 -0.04 -0.04 24062006 00
 -0.03 -0.03 -0.02 -0.00  0.00  0.01  0.02  0.02  0.00 -0.02 -0.02 -0.03 24062006 12
 -0.03 -0.03 -0.02 -0.01 -0.01 -0.02 -0.03 -0.05 -0.06 -0.07 -0.07 -0.08 25062006 00
 -0.08 -0.08 -0.08 -0.07 -0.07 -0.07 -0.06 -0.07 -0.09 -0.10 -0.12 -0.12 25062006 12
 -0.11 -0.13 -0.13 -0.11 -0.12 -0.12 -0.10 -0.10 -0.11 -0.12 -0.11 -0.11 26062006 00
 -0.10 -0.12 -0.12 -0.09 -0.07 -0.06 -0.04 -0.03 -0.04 -0.05 -0.08 -0.09 26062006 12
 -0.09 -0.09 -0.09 -0.08 -0.08 -0.08 -0.08 -0.07 -0.08 -0.08 -0.09 -0.10 27062006 00
 -0.09 -0.10 -0.09 -0.08 -0.08 -0.08 -0.07 -0.06 -0.05 -0.06 -0.07 -0.08 27062006 12
 -0.08 -0.08 -0.08 -0.08 -0.07 -0.07 -0.07 -0.08 -0.08 -0.07 -0.06 -0.08 28062006 00
 -0.08 -0.08 -0.08 -0.06 -0.05 -0.04 -0.04 -0.03 -0.00  0.02  0.02  0.01 28062006 12
 -0.01 -0.03 -0.03 -0.02 -0.02 -0.02 -0.02 -0.02 -0.03 -0.03 -0.03 -0.04 29062006 00
 -0.06 -0.08 -0.08 -0.08 -0.06 -0.06 -0.06 -0.05 -0.03 -0.03 -0.03 -0.04 29062006 12
 -0.04 -0.04 -0.06 -0.06 -0.04 -0.03 -0.04 -0.05 -0.06 -0.05 -0.04 -0.03 30062006 00
 -0.05 -0.07 -0.07 -0.07 -0.08 -0.08 -0.08 -0.08 -0.07 -0.07 -0.09 -0.10 30062006 12
 -0.11 -0.12 -0.12 -0.13 -0.13 -0.14 -0.13 -0.14 -0.14 -0.13 -0.11 -0.11 01072006 00
 -0.10 -0.10 -0.11 -0.09 -0.08 -0.08 -0.08 -0.06 -0.05 -0.05 -0.05 -0.05 01072006 12
 -0.05 -0.05 -0.06 -0.06 -0.06 -0.08 -0.09 -0.09 -0.09 -0.07 -0.06 -0.07 02072006 00
 -0.08 -0.10 -0.12 -0.13 -0.13 -0.12 -0.11 -0.11 -0.11 -0.09 -0.09 -0.09 02072006 12
 -0.09 -0.07 -0.06 -0.06 -0.07 -0.10 -0.12 -0.10 -0.09 -0.07 -0.07 -0.08 03072006 00
 -0.11 -0.13 -0.13 -0.12 -0.11 -0.13 -0.13 -0.15 -0.13 -0.12 -0.12 -0.13 03072006 12
 -0.11 -0.13 -0.13 -0.15 -0.16 -0.16 -0.14 -0.14 -0.10 -0.08 -0.06 -0.05 04072006 00
 -0.04 -0.03 -0.01 -0.01 -0.03 -0.03 -0.03 -0.02 -0.01 -0.00 -0.01 -0.01 04072006 12
 -0.02 -0.02 -0.02 -0.01 -0.02 -0.03 -0.03 -0.04 -0.03 -0.01  0.00  0.01 05072006 00
  0.02  0.03  0.02  0.01  0.00  0.00  0.01  0.01  0.01  0.01  0.02  0.02 05072006 12
  0.03  0.04  0.03  0.01 -0.01 -0.02 -0.03 -0.04 -0.04 -0.02 -0.01  0.01 06072006 00
  0.01  0.02  0.04  0.05  0.04  0.03  0.03  0.04  0.06  0.08  0.08  0.08 06072006 12
  0.07  0.06  0.06  0.06  0.05  0.01 -0.00 -0.02 -0.03 -0.04 -0.04 -0.04 07072006 00
 -0.02 -0.02 -0.02 -0.03 -0.03 -0.02 -0.01  0.00  0.02  0.05  0.06  0.07 07072006 12
  0.07  0.07  0.06  0.06  0.03 -0.00 -0.02 -0.03 -0.03 -0.02 -0.01  0.01 08072006 00
  0.02  0.02  0.03  0.04  0.05  0.05  0.06  0.09  0.12  0.16  0.20  0.25 08072006 12
  0.31  0.32  0.32  0.33  0.34  0.35  0.37  0.30  0.25  0.24  0.24  0.24 09072006 00
  0.28  0.24  0.24  0.24  0.22  0.17  0.15  0.13  0.11  0.07  0.00 -0.03 09072006 12
 -0.03 -0.03 -0.05 -0.06 -0.09 -0.11 -0.14 -0.15 -0.14 -0.13 -0.10 -0.05 10072006 00
 -0.00  0.01  0.03  0.03  0.04  0.05  0.07  0.08  0.08  0.09  0.09  0.09 10072006 12
  0.10  0.11  0.10  0.09  0.07  0.04 -0.02 -0.06 -0.09 -0.10 -0.09 -0.09 11072006 00
 -0.08 -0.09 -0.10 -0.09 -0.09 -0.10 -0.10 -0.10 -0.10 -0.10 -0.10 -0.09 11072006 12
 -0.06 -0.05 -0.05 -0.04 -0.05 -0.06 -0.06 -0.07 -0.09 -0.09 -0.07 -0.06 12072006 00
 -0.06 -0.06 -0.06 -0.06 -0.06 -0.08 -0.08 -0.07 -0.05 -0.05 -0.05 -0.05 12072006 12
 -0.06 -0.08 -0.10 -0.11 -0.12 -0.13 -0.14 -0.16 -0.17 -0.21 -0.19 -0.20 13072006 00
 -0.18 -0.17 -0.16 -0.20 -0.20 -0.21 -0.21 -0.22 -0.23 -0.24 -0.25 -0.24 13072006 12
 -0.24 -0.22 -0.20 -0.24 -0.24 -0.23 -0.25 -0.26 -0.25 -0.26 -0.23 -0.25 14072006 00
 -0.21 -0.19 -0.16 -0.15 -0.20 -0.17 -0.19 -0.22 -0.22 -0.22 -0.25 -0.26 14072006 12
 -0.23 -0.23 -0.21 -0.19 -0.24 -0.21 -0.22 -0.24 -0.24 -0.23 -0.24 -0.22 15072006 00
 -0.21 -0.20 -0.22 -0.19 -0.19 -0.23 -0.21 -0.23 -0.25 -0.23 -0.22 -0.23 15072006 12
 -0.21 -0.22 -0.21 -0.18 -0.19 -0.22 -0.20 -0.21 -0.22 -0.20 -0.17 -0.15 16072006 00
 -0.14 -0.14 -0.15 -0.15 -0.14 -0.15 -0.16 -0.15 -0.16 -0.17 -0.17 -0.17 16072006 12
 -0.14 -0.12 -0.12 -0.11 -0.12 -0.14 -0.16 -0.16 -0.16 -0.16 -0.15 -0.14 17072006 00
 -0.14 -0.13 -0.13 -0.12 -0.13 -0.15 -0.17 -0.17 -0.16 -0.16 -0.17 -0.16 17072006 12
 -0.15 -0.13 -0.11 -0.11 -0.11 -0.12 -0.13 -0.14 -0.14 -0.15 -0.14 -0.11 18072006 00
 -0.09 -0.09 -0.08 -0.06 -0.08 -0.09 -0.10 -0.11 -0.10 -0.09 -0.10 -0.12 18072006 12
 -0.10 -0.07 -0.05 -0.04 -0.04 -0.06 -0.09 -0.12 -0.14 -0.13 -0.11 -0.08 19072006 00
 -0.04  0.00  0.03  0.03  0.00 -0.01 -0.00 -0.01 -0.01 -0.02 -0.01 -0.01 19072006 12
 -0.00  0.02  0.07  0.08  0.08  0.05  0.01 -0.00 -0.02 -0.02 -0.03 -0.02 20072006 00
 -0.00  0.01  0.02  0.04  0.05  0.03  0.01 -0.03 -0.05 -0.06 -0.06 -0.05 20072006 12
 -0.02 -0.01 -0.01 -0.01 -0.00 -0.01 -0.03 -0.06 -0.08 -0.08 -0.08 -0.08 21072006 00
 -0.07 -0.07 -0.06 -0.04 -0.02 -0.01 -0.02 -0.03 -0.04 -0.05 -0.07 -0.08 21072006 12
 -0.07 -0.06 -0.04 -0.04 -0.04 -0.04 -0.05 -0.06 -0.06 -0.04 -0.02 -0.01 22072006 00
  0.00  0.02  0.04  0.06  0.07  0.08  0.08  0.06  0.03 -0.00 -0.01 -0.01 22072006 12
  0.00  0.01  0.02  0.03  0.03  0.03  0.02  0.01 -0.00 -0.01 -0.02 -0.03 23072006 00
 -0.04 -0.03 -0.01 -0.00 -0.01 -0.01  0.01  0.01 -0.00 -0.02 -0.03 -0.04 23072006 12
 -0.05 -0.05 -0.04 -0.04 -0.04 -0.06 -0.07 -0.11 -0.13 -0.12 -0.11 -0.10 24072006 00
 -0.09 -0.09 -0.08 -0.06 -0.06 -0.05 -0.04 -0.03 -0.04 -0.04 -0.06 -0.06 24072006 12
 -0.06 -0.05 -0.05 -0.04 -0.05 -0.05 -0.04 -0.06 -0.08 -0.09 -0.08 -0.07 25072006 00
 -0.05 -0.05 -0.05 -0.03 -0.02 -0.02 -0.00  0.02  0.03  0.02  0.01  0.00 25072006 12
 -0.00 -0.01 -0.00 -0.00 -0.00 -0.00 -0.00 -0.01 -0.01 -0.02 -0.04 -0.04 26072006 00
 -0.04 -0.03 -0.03 -0.03 -0.02 -0.03 -0.02 -0.02 -0.02 -0.01 -0.03 -0.04 26072006 12
 -0.04 -0.04 -0.03 -0.02 -0.01 -0.01 -0.01 -0.01 -0.02 -0.01 -0.01 -0.02 27072006 00
 -0.03 -0.05 -0.05 -0.03 -0.03 -0.02 -0.02 -0.01 -0.01 -0.00  0.00  0.00 27072006 12
 -0.00 -0.00  0.00  0.00  0.01  0.01  0.01  0.00 -0.01 -0.01 -0.00 -0.00 28072006 00
 -0.00 -0.02 -0.02 -0.01  0.00  0.01  0.02  0.02  0.02  0.03  0.02  0.02 28072006 12
  0.01 -0.00 -0.00  0.01  0.02  0.02  0.03  0.03  0.05  0.08  0.13  0.16 29072006 00
  0.16  0.14  0.12  0.14  0.17  0.18  0.18  0.19  0.19  0.18  0.21  0.23 29072006 12
  0.21  0.18  0.16  0.15  0.16  0.14  0.13  0.14  0.12  0.11  0.12  0.11 30072006 00
  0.11  0.11  0.09  0.10  0.11  0.13  0.15  0.17  0.18  0.18  0.20  0.20 30072006 12
  0.19  0.18  0.15  0.14  0.13  0.14  0.13  0.15  0.16  0.15  0.16  0.21 31072006 00
  0.23  0.22  0.20  0.19  0.20  0.22  0.21  0.20  0.22  0.22  0.21  0.23 31072006 12
  0.24  0.21  0.20  0.17  0.16  0.15  0.14  0.12  0.13  0.15  0.17  0.22 01082006 00
  0.22  0.15  0.13  0.11  0.09  0.06  0.09  0.10  0.13  0.14  0.14  0.11 01082006 12
  0.09  0.08  0.08  0.07  0.07  0.05  0.07  0.07  0.08  0.10  0.12  0.11 02082006 00
  0.11  0.09  0.07  0.08  0.07  0.09  0.09  0.09  0.08  0.08  0.06  0.01 02082006 12
 -0.05 -0.08 -0.09 -0.10 -0.12 -0.14 -0.15 -0.16 -0.13 -0.11 -0.08 -0.04 03082006 00
 -0.02 -0.04 -0.04 -0.03 -0.02 -0.02  0.00  0.01  0.01  0.02  0.02  0.01 03082006 12
  0.00 -0.02 -0.04 -0.05 -0.06 -0.07 -0.05 -0.02 -0.01 -0.00 -0.01 -0.01 04082006 00
  0.00 -0.01 -0.02 -0.03 -0.05 -0.06 -0.05 -0.05 -0.03 -0.03 -0.02 -0.02 04082006 12
 -0.02 -0.02 -0.02 -0.05 -0.08 -0.10 -0.10 -0.09 -0.06 -0.04 -0.04 -0.04 05082006 00
 -0.04 -0.04 -0.04 -0.06 -0.09 -0.10 -0.08 -0.06 -0.03 -0.00 -0.00 -0.01 05082006 12
 -0.02 -0.04 -0.04 -0.05 -0.09 -0.13 -0.13 -0.10 -0.07 -0.05 -0.04 -0.05 06082006 00
 -0.04 -0.05 -0.05 -0.04 -0.05 -0.07 -0.07 -0.06 -0.04 -0.03 -0.04 -0.05 06082006 12
 -0.05 -0.07 -0.10 -0.12 -0.14 -0.18 -0.22 -0.21 -0.19 -0.14 -0.12 -0.11 07082006 00
 -0.13 -0.13 -0.16 -0.17 -0.18 -0.20 -0.22 -0.20 -0.18 -0.16 -0.13 -0.14 07082006 12
 -0.18 -0.17 -0.16 -0.17 -0.17 -0.16 -0.17 -0.17 -0.14 -0.11 -0.08 -0.05 08082006 00
 -0.05 -0.06 -0.06 -0.08 -0.07 -0.08 -0.06 -0.01  0.01  0.02  0.03  0.04 08082006 12
  0.03  0.02  0.01  0.00  0.01 -0.01 -0.06 -0.13 -0.15 -0.12 -0.09 -0.06 09082006 00
 -0.05 -0.07 -0.08 -0.08 -0.07 -0.04 -0.02  0.00  0.04  0.07  0.05  0.02 09082006 12
  0.01 -0.02 -0.03 -0.04 -0.03 -0.02 -0.03 -0.05 -0.06 -0.01  0.02  0.04 10082006 00
  0.05  0.03  0.03  0.02  0.01  0.01  0.00 -0.00  0.01  0.01  0.01 -0.00 10082006 12
 -0.01 -0.05 -0.06 -0.07 -0.08 -0.09 -0.08 -0.08 -0.07 -0.03 -0.02 -0.00 11082006 00
 -0.00 -0.01 -0.03 -0.05 -0.05 -0.05 -0.05 -0.04 -0.01  0.00  0.01 -0.01 11082006 12
 -0.02 -0.03 -0.06 -0.10 -0.12 -0.13 -0.13 -0.14 -0.14 -0.11 -0.08 -0.03 12082006 00
 -0.03 -0.05 -0.06 -0.09 -0.12 -0.11 -0.10 -0.08 -0.06 -0.05 -0.04 -0.05 12082006 12
 -0.05 -0.07 -0.07 -0.09 -0.13 -0.13 -0.12 -0.11 -0.11 -0.10 -0.08 -0.03 13082006 00
 -0.02 -0.04 -0.05 -0.07 -0.11 -0.13 -0.13 -0.10 -0.09 -0.06 -0.03  0.01 13082006 12
  0.00 -0.00 -0.01 -0.02 -0.06 -0.09 -0.09 -0.08 -0.07 -0.04 -0.01  0.00 14082006 00
  0.04  0.03  0.02 -0.01 -0.03 -0.04 -0.07 -0.05 -0.02  0.01  0.03  0.05 14082006 12
  0.08  0.08  0.08  0.05  0.02  0.01 -0.00 -0.01  0.01  0.03  0.06  0.13 15082006 00
  0.17  0.17  0.14  0.12  0.09  0.06  0.06  0.05  0.06  0.07  0.07  0.10 15082006 12
  0.15  0.15  0.12  0.11  0.07  0.04  0.03  0.01  0.02  0.03  0.05  0.08 16082006 00
  0.14  0.18  0.18  0.15  0.10  0.06  0.03  0.04  0.03  0.04  0.05  0.05 16082006 12
  0.09  0.13  0.13  0.10  0.07  0.03  0.00 -0.00 -0.01  0.00  0.02  0.04 17082006 00
  0.06  0.09  0.12  0.12  0.10  0.06  0.05  0.04  0.06  0.07  0.10  0.12 17082006 12
  0.14  0.15  0.17  0.16  0.12  0.08  0.04  0.04  0.03  0.03  0.04  0.07 18082006 00
  0.09  0.10  0.14  0.18  0.16  0.13  0.08  0.07  0.07  0.08  0.09  0.12 18082006 12
  0.14  0.13  0.13  0.15  0.15  0.10  0.07  0.04  0.05  0.05  0.07  0.08 19082006 00
  0.10  0.11  0.11  0.12  0.13  0.12  0.10  0.08  0.06  0.06  0.05  0.05 19082006 12
  0.05  0.06  0.07  0.08  0.07  0.05  0.01 -0.01 -0.01 -0.01  0.01  0.03 20082006 00
  0.05  0.05  0.05  0.04  0.02 -0.01 -0.01 -0.03 -0.04 -0.05 -0.05 -0.05 20082006 12
 -0.04 -0.01  0.02  0.06  0.08  0.07  0.04 -0.02 -0.04 -0.02 -0.02 -0.02 21082006 00
 -0.02 -0.02 -0.02 -0.01 -0.02 -0.05 -0.07 -0.07 -0.07 -0.08 -0.09 -0.09 21082006 12
 -0.08 -0.08 -0.06 -0.06 -0.06 -0.05 -0.06 -0.08 -0.09 -0.08 -0.07 -0.06 22082006 00
 -0.04 -0.03 -0.01 -0.01 -0.01 -0.01 -0.01  0.00  0.01  0.01  0.01  0.01 22082006 12
  0.02  0.04  0.05  0.06  0.07  0.08  0.09  0.08  0.06  0.05  0.03  0.02 23082006 00
  0.01  0.00  0.00  0.00  0.01  0.01  0.02  0.04  0.06  0.06  0.05  0.03 23082006 12
  0.02  0.01  0.01  0.02  0.04  0.04  0.03 -0.02 -0.04 -0.02 -0.01 -0.03 24082006 00
 -0.02 -0.01  0.01  0.03  0.03  0.04  0.05  0.06  0.07  0.08  0.07  0.04 24082006 12
  0.02  0.01  0.03  0.02  0.02  0.02  0.02  0.03  0.05  0.06  0.05  0.04 25082006 00
  0.04  0.04  0.05  0.06  0.05  0.06  0.06  0.08  0.10  0.11  0.09  0.09 25082006 12
  0.09  0.07  0.07  0.06  0.05  0.06  0.06  0.05  0.04  0.04  0.04  0.03 26082006 00
  0.04  0.04  0.04  0.05  0.06  0.07  0.07  0.05  0.04  0.04  0.04  0.05 26082006 12
  0.03  0.03  0.04  0.05  0.05  0.05  0.06  0.08  0.09  0.10  0.09  0.08 27082006 00
  0.07  0.03  0.01  0.01  0.00  0.01  0.03  0.03  0.04  0.07  0.07  0.07 27082006 12
  0.09  0.10  0.12  0.13  0.12  0.10  0.12  0.12  0.11  0.10  0.09  0.09 28082006 00
  0.07  0.06  0.05  0.05  0.06  0.07  0.07  0.08  0.10  0.12  0.12  0.11 28082006 12
  0.10  0.10  0.09  0.09  0.09  0.09  0.10  0.12  0.13  0.14  0.14  0.12 29082006 00
  0.11  0.12  0.10  0.09  0.07  0.06  0.06  0.08  0.07  0.05  0.02  0.00 29082006 12
 -0.01 -0.01 -0.02 -0.02 -0.02 -0.02  0.01  0.01  0.01  0.01  0.02  0.02 30082006 00
  0.01 -0.00 -0.01 -0.01 -0.02 -0.03 -0.02 -0.01  0.01  0.03  0.06  0.09 30082006 12
  0.10  0.08  0.08  0.11  0.14  0.18  0.18  0.18  0.19  0.18  0.14  0.12 31082006 00
  0.11  0.07  0.04  0.02  0.02  0.04  0.07  0.10  0.11  0.11  0.11  0.13 31082006 12
  0.16  0.15  0.14  0.12  0.11  0.11  0.14  0.15  0.16  0.17  0.17  0.14 01092006 00
  0.12  0.10  0.08  0.09  0.09  0.13  0.15  0.16  0.15  0.15  0.14  0.14 01092006 12
  0.11  0.08  0.03  0.02  0.01  0.02  0.02  0.05  0.08  0.12  0.17  0.27 02092006 00
  0.43  0.59  0.66  0.64  0.56  0.50  0.45  0.37  0.26  0.17  0.14  0.09 02092006 12
  0.01 -0.02  0.03  0.09  0.11  0.13  0.18  0.27  0.35  0.39  0.38  0.36 03092006 00
  0.34  0.31  0.24  0.12  0.04 -0.00  0.03  0.05  0.04  0.03  0.06  0.07 03092006 12
  0.05  0.02  0.02  0.00 -0.02 -0.05 -0.05 -0.04 -0.02 -0.02 -0.04 -0.04 04092006 00
 -0.05 -0.07 -0.09 -0.09 -0.10 -0.10 -0.07 -0.06 -0.04 -0.03 -0.03 -0.05 04092006 12
 -0.06 -0.08 -0.06 -0.04 -0.04 -0.05 -0.04 -0.02 -0.00  0.01  0.01  0.03 05092006 00
  0.04  0.02  0.01  0.02  0.03  0.05  0.07  0.08  0.08  0.07  0.06  0.04 05092006 12
  0.04  0.02  0.03  0.03  0.04  0.05  0.07  0.06  0.07  0.08  0.06  0.06 06092006 00
  0.05  0.01 -0.02 -0.03 -0.06 -0.08 -0.06 -0.04 -0.01  0.00  0.00 -0.01 06092006 12
 -0.03 -0.04 -0.05 -0.06 -0.06 -0.08 -0.10 -0.13 -0.11 -0.10 -0.10 -0.12 07092006 00
 -0.14 -0.19 -0.20 -0.20 -0.20 -0.18 -0.16 -0.15 -0.16 -0.13 -0.14 -0.16 07092006 12
 -0.17 -0.23 -0.24 -0.24 -0.25 -0.24 -0.21 -0.19 -0.15 -0.13 -0.10 -0.11 08092006 00
 -0.10 -0.12 -0.17 -0.15 -0.17 -0.18 -0.17 -0.16 -0.15 -0.13 -0.13 -0.14 08092006 12
 -0.15 -0.17 -0.20 -0.18 -0.18 -0.18 -0.17 -0.13 -0.10 -0.09 -0.06 -0.09 09092006 00
 -0.10 -0.12 -0.15 -0.16 -0.15 -0.14 -0.13 -0.09 -0.05 -0.01 -0.02 -0.02 09092006 12
 -0.04 -0.05 -0.08 -0.11 -0.11 -0.11 -0.09 -0.07 -0.06 -0.04 -0.02 -0.03 10092006 00
 -0.04 -0.06 -0.06 -0.07 -0.08 -0.08 -0.07 -0.05 -0.02  0.03  0.04  0.05 10092006 12
  0.03  0.01 -0.03 -0.05 -0.06 -0.06 -0.05 -0.03 -0.01  0.02  0.05  0.05 11092006 00
  0.05  0.02 -0.02 -0.04 -0.05 -0.05 -0.03 -0.02  0.00  0.05  0.10  0.10 11092006 12
  0.07  0.05  0.02 -0.01 -0.01 -0.02 -0.02 -0.02 -0.01  0.02  0.07  0.09 12092006 00
  0.08  0.06  0.04  0.01 -0.01 -0.02 -0.03 -0.02  0.01  0.03  0.07  0.08 12092006 12
  0.08  0.06  0.06  0.05  0.05  0.06  0.05  0.06  0.08  0.10  0.15  0.22 13092006 00
  0.26  0.24  0.19  0.16  0.14  0.17  0.16  0.14  0.14  0.14  0.13  0.17 13092006 12
  0.20  0.18  0.16  0.12  0.08  0.05  0.05  0.04  0.07  0.09  0.10  0.13 14092006 00
  0.16  0.16  0.13  0.10  0.08  0.06  0.06  0.05  0.06  0.08  0.08  0.07 14092006 12
  0.08  0.09  0.07  0.05  0.02 -0.00 -0.03 -0.04 -0.04 -0.02 -0.01 -0.01 15092006 00
 -0.00 -0.00 -0.01 -0.01 -0.03 -0.04 -0.04 -0.04 -0.04 -0.04 -0.02 -0.01 15092006 12
 -0.01 -0.02 -0.03 -0.03 -0.03 -0.03 -0.03 -0.04 -0.03 -0.02 -0.00  0.02 16092006 00
  0.05  0.07  0.09  0.09  0.07  0.04  0.03  0.03  0.03  0.05  0.06  0.07 16092006 12
  0.08  0.07  0.08  0.07  0.06  0.03  0.03  0.02  0.02  0.04  0.05  0.05 17092006 00
  0.06  0.07  0.08  0.09  0.07  0.05  0.03  0.02  0.02  0.02  0.01  0.02 17092006 12
  0.03  0.03  0.03  0.03  0.03  0.02  0.00 -0.01 -0.00  0.03  0.06  0.11 18092006 00
  0.13  0.14  0.14  0.17  0.21  0.28  0.35  0.38  0.37  0.35  0.33  0.29 18092006 12
  0.28  0.29  0.34  0.34  0.31  0.26  0.25  0.17  0.10  0.06  0.05  0.06 19092006 00
  0.10  0.08  0.07  0.07  0.06  0.05  0.06  0.06  0.06  0.08  0.07  0.07 19092006 12
  0.11  0.14  0.16  0.19  0.23  0.27  0.34  0.38  0.38  0.39  0.40  0.42 20092006 00
  0.47  0.53  0.52  0.53  0.52  0.50  0.54  0.59  0.46  0.36  0.30  0.26 20092006 12
  0.27  0.30  0.26  0.27  0.23  0.21  0.24  0.32  0.33  0.31  0.26  0.19 21092006 00
  0.17  0.19  0.16  0.12  0.10  0.09  0.11  0.16  0.18  0.19  0.28  0.38 21092006 12
  0.53  0.67  0.57  0.40  0.29  0.25  0.27  0.33  0.31  0.26  0.22  0.16 22092006 00
  0.10  0.09  0.12  0.12  0.12  0.11  0.09  0.09  0.11  0.13  0.12  0.10 22092006 12
  0.09  0.09  0.12  0.13  0.14  0.13  0.12  0.14  0.19  0.20  0.15  0.12 23092006 00
  0.08  0.05  0.06  0.04  0.05  0.06  0.05  0.04  0.05  0.03  0.03  0.03 23092006 12
  0.03  0.02  0.03  0.03  0.03  0.05  0.07  0.09  0.11  0.12  0.10  0.07 24092006 00
  0.05  0.05  0.07  0.08  0.07  0.09  0.11  0.12  0.11  0.11  0.10  0.10 24092006 12
  0.08  0.06  0.06  0.06  0.06  0.08  0.09  0.10  0.10  0.11  0.09  0.08 25092006 00
  0.07  0.05  0.03  0.05  0.04  0.05  0.06  0.06  0.06  0.06  0.06  0.05 25092006 12
  0.04  0.03  0.02  0.03  0.02  0.02  0.03  0.02 -0.00 -0.01 -0.02 -0.03 26092006 00
 -0.05 -0.06 -0.06 -0.04 -0.02 -0.02  0.00  0.01  0.02  0.02  0.02  0.00 26092006 12
 -0.01 -0.01  0.00  0.02  0.03  0.05  0.07  0.08  0.10  0.13  0.15  0.16 27092006 00
  0.16  0.16  0.19  0.25  0.33  0.36  0.35  0.33  0.30  0.29  0.31  0.31 27092006 12
  0.30  0.29  0.26  0.25  0.27  0.26  0.29  0.30  0.28  0.23  0.18  0.12 28092006 00
  0.08  0.07  0.03  0.03  0.04  0.05  0.06  0.08  0.08  0.08  0.11  0.13 28092006 12
  0.13  0.12  0.12  0.14  0.15  0.16  0.16  0.18  0.19  0.18  0.18  0.19 29092006 00
  0.17  0.14  0.12  0.12  0.15  0.19  0.20  0.19  0.19  0.19  0.17  0.16 29092006 12
  0.15  0.13  0.12  0.09  0.10  0.12  0.15  0.16  0.16  0.15  0.16  0.19 30092006 00
  0.22  0.17  0.13  0.11  0.14  0.15  0.18  0.17  0.18  0.17  0.16  0.16 30092006 12
  0.18  0.18  0.18  0.18  0.19  0.24  0.27  0.28  0.26  0.25  0.24  0.22 01102006 00
  0.21  0.24  0.25  0.24  0.24  0.26  0.28  0.31  0.31  0.30  0.27  0.24 01102006 12
  0.22  0.16  0.15  0.11  0.12  0.13  0.14  0.17  0.19  0.19  0.17  0.15 02102006 00
  0.14  0.13  0.11  0.12  0.08  0.07  0.07  0.07  0.06  0.08  0.08  0.09 02102006 12
  0.09  0.09  0.09  0.11  0.14  0.16  0.19  0.17  0.14  0.11  0.11  0.10 03102006 00
  0.09  0.08  0.08  0.09  0.11  0.13  0.15  0.17  0.15  0.13  0.09  0.07 03102006 12
  0.04  0.03  0.02  0.02  0.05  0.11  0.14  0.15  0.14  0.12  0.09  0.07 04102006 00
  0.05  0.03  0.03  0.04  0.04  0.06  0.09  0.10  0.10  0.07  0.05  0.03 04102006 12
  0.01 -0.01 -0.01 -0.00  0.02  0.06  0.11  0.12  0.12  0.13  0.14  0.19 05102006 00
  0.24  0.24  0.24  0.26  0.29  0.36  0.44  0.43  0.41  0.36  0.27  0.23 05102006 12
  0.24  0.18  0.19  0.23  0.23  0.25  0.34  0.33  0.33  0.31  0.31  0.29 06102006 00
  0.33  0.38  0.36  0.41  0.46  0.47  0.52  0.62  0.57  0.46  0.37  0.24 06102006 12
  0.14  0.12  0.04  0.14  0.17  0.12  0.08  0.10  0.11  0.11  0.10  0.07 07102006 00
  0.02  0.01  0.01  0.00  0.03  0.05  0.09  0.19  0.25  0.25  0.21  0.18 07102006 12
  0.10  0.06  0.06  0.04  0.08  0.09  0.09  0.11  0.15  0.16  0.14  0.12 08102006 00
  0.09  0.04  0.05  0.02  0.03  0.05  0.06  0.11  0.21  0.23  0.21  0.21 08102006 12
  0.19  0.15  0.17  0.15  0.15  0.18  0.23  0.28  0.34  0.29  0.24  0.15 09102006 00
  0.11  0.01 -0.04 -0.05 -0.08 -0.04 -0.03 -0.03 -0.01  0.01  0.00 -0.02 09102006 12
 -0.05 -0.08 -0.12 -0.14 -0.15 -0.13 -0.12 -0.10 -0.06 -0.02 -0.02 -0.01 10102006 00
 -0.05 -0.07 -0.08 -0.11 -0.11 -0.10 -0.07 -0.04 -0.01  0.03  0.05  0.04 10102006 12
  0.03  0.01 -0.03 -0.04 -0.05 -0.04 -0.03 -0.00  0.06  0.15  0.20  0.19 11102006 00
  0.17  0.16  0.13  0.12  0.13  0.09  0.11  0.13  0.13  0.14  0.16  0.16 11102006 12
  0.14  0.09  0.03 -0.00  0.02  0.04  0.05  0.10  0.15  0.19  0.26  0.28 12102006 00
  0.22  0.15  0.07  0.01 -0.03 -0.05 -0.08 -0.06 -0.06 -0.09 -0.11 -0.11 12102006 12
 -0.12 -0.13 -0.15 -0.16 -0.17 -0.16 -0.16 -0.14 -0.13 -0.11 -0.08 -0.05 13102006 00
 -0.05 -0.09 -0.13 -0.15 -0.16 -0.17 -0.18 -0.17 -0.16 -0.15 -0.14 -0.12 13102006 12
 -0.12 -0.13 -0.14 -0.15 -0.16 -0.17 -0.17 -0.17 -0.15 -0.15 -0.13 -0.11 14102006 00
 -0.12 -0.15 -0.16 -0.18 -0.17 -0.19 -0.18 -0.19 -0.17 -0.16 -0.14 -0.12 14102006 12
 -0.11 -0.14 -0.18 -0.21 -0.23 -0.24 -0.25 -0.22 -0.21 -0.20 -0.19 -0.17 15102006 00
 -0.15 -0.14 -0.16 -0.17 -0.18 -0.20 -0.20 -0.20 -0.19 -0.19 -0.18 -0.17 15102006 12
 -0.17 -0.16 -0.15 -0.19 -0.19 -0.20 -0.19 -0.17 -0.16 -0.16 -0.15 -0.12 16102006 00
 -0.09 -0.06 -0.04 -0.03 -0.05 -0.04 -0.05 -0.05 -0.05 -0.02 -0.01 -0.01 16102006 12
 -0.02 -0.01 -0.01 -0.01 -0.01 -0.00  0.01 -0.00 -0.00  0.00  0.01  0.03 17102006 00
  0.04  0.05  0.04  0.05  0.05  0.07  0.08  0.09  0.09  0.09  0.10  0.11 17102006 12
  0.11  0.10  0.09  0.10  0.11  0.12  0.12  0.11  0.10  0.09  0.09  0.09 18102006 00
  0.10  0.10  0.10  0.11  0.11  0.11  0.13  0.12  0.11  0.08  0.07  0.07 18102006 12
  0.09  0.08  0.09  0.09  0.09  0.11  0.14  0.15  0.15  0.15  0.16  0.18 19102006 00
  0.20  0.23  0.29  0.37  0.40  0.37  0.34  0.30  0.28  0.27  0.23  0.21 19102006 12
  0.21  0.19  0.19  0.23  0.25  0.27  0.31  0.31  0.28  0.28  0.25  0.25 20102006 00
  0.26  0.28  0.27  0.30  0.31  0.29  0.30  0.30  0.26  0.24  0.21  0.19 20102006 12
  0.19  0.21  0.19  0.22  0.23  0.23  0.27  0.31  0.32  0.32  0.30  0.30 21102006 00
  0.33  0.38  0.38  0.40  0.43  0.46  0.49  0.57  0.59  0.55  0.54  0.48 21102006 12
  0.49  0.59  0.62  0.64  0.67  0.61  0.49  0.45  0.41  0.31  0.26  0.16 22102006 00
  0.11  0.14  0.12  0.11  0.14  0.14  0.13  0.15  0.17  0.16  0.17  0.17 22102006 12
  0.17  0.18  0.19  0.20  0.22  0.25  0.25  0.25  0.24  0.22  0.19  0.20 23102006 00
  0.17  0.16  0.19  0.18  0.19  0.21  0.20  0.18  0.19  0.17  0.18  0.16 23102006 12
  0.14  0.11  0.12  0.11  0.13  0.17  0.19  0.19  0.19  0.17  0.19  0.20 24102006 00
  0.19  0.20  0.22  0.23  0.22  0.23  0.23  0.20  0.20  0.19  0.19  0.19 24102006 12
  0.17  0.13  0.12  0.11  0.09  0.10  0.10  0.09  0.06  0.05  0.04  0.02 25102006 00
  0.02  0.00 -0.03 -0.03 -0.01  0.03  0.07  0.09  0.16  0.24  0.27  0.27 25102006 12
  0.27  0.29  0.35  0.42  0.41  0.41  0.45  0.52  0.61  0.69  0.58  0.43 26102006 00
  0.40  0.31  0.30  0.36  0.36  0.34  0.38  0.34  0.26  0.21  0.16  0.10 26102006 12
  0.09  0.03 -0.01 -0.05 -0.05 -0.06 -0.04 -0.05 -0.06 -0.05 -0.05 -0.06 27102006 00
 -0.06 -0.04 -0.01  0.04  0.09  0.12  0.13  0.12  0.11  0.08  0.07  0.07 27102006 12
  0.08  0.07  0.05  0.08  0.10  0.11  0.10  0.10  0.10  0.08  0.08  0.10 28102006 00
  0.09  0.09  0.09  0.12  0.15  0.15  0.11  0.07  0.06  0.06  0.04  0.02 28102006 12
 -0.01 -0.04 -0.04 -0.06 -0.09 -0.11 -0.12 -0.13 -0.14 -0.16 -0.19 -0.21 29102006 00
 -0.22 -0.21 -0.17 -0.12 -0.09 -0.06 -0.07 -0.07 -0.10 -0.12 -0.12 -0.10 29102006 12
 -0.10 -0.07 -0.02  0.04  0.10  0.16  0.19  0.19  0.18  0.17  0.16  0.16 30102006 00
  0.10  0.06  0.04  0.07  0.08  0.10  0.11  0.13  0.14  0.16  0.18  0.25 30102006 12
  0.37  0.40  0.34  0.28  0.34  0.35  0.40  0.38  0.35  0.32  0.33  0.36 31102006 00
  0.36  0.27  0.04 -0.14 -0.16 -0.09 -0.12 -0.24 -0.37 -0.44 -0.45 -0.44 31102006 12
 -0.43 -0.38 -0.32 -0.25 -0.14 -0.10 -0.08 -0.06 -0.07 -0.09 -0.12 -0.10 01112006 00
 -0.09 -0.08 -0.08 -0.09 -0.12 -0.13 -0.13 -0.14 -0.17 -0.20 -0.22 -0.21 01112006 12
 -0.20 -0.18 -0.16 -0.13 -0.11 -0.10 -0.12 -0.15 -0.17 -0.21 -0.25 -0.28 02112006 00
 -0.28 -0.28 -0.27 -0.23 -0.21 -0.20 -0.19 -0.20 -0.21 -0.22 -0.23 -0.26 02112006 12
 -0.25 -0.25 -0.24 -0.22 -0.18 -0.17 -0.14 -0.15 -0.15 -0.18 -0.20 -0.23 03112006 00
 -0.26 -0.25 -0.24 -0.23 -0.19 -0.14 -0.12 -0.11 -0.15 -0.15 -0.17 -0.20 03112006 12
 -0.21 -0.19 -0.19 -0.18 -0.15 -0.11 -0.11 -0.10 -0.11 -0.14 -0.17 -0.19 04112006 00
 -0.23 -0.24 -0.22 -0.20 -0.19 -0.17 -0.14 -0.10 -0.12 -0.14 -0.15 -0.16 04112006 12
 -0.18 -0.19 -0.16 -0.14 -0.13 -0.10 -0.06 -0.04 -0.04 -0.07 -0.10 -0.11 05112006 00
 -0.13 -0.16 -0.15 -0.12 -0.10 -0.10 -0.09 -0.08 -0.07 -0.07 -0.10 -0.12 05112006 12
 -0.13 -0.16 -0.17 -0.14 -0.12 -0.10 -0.07 -0.04 -0.03 -0.04 -0.07 -0.10 06112006 00
 -0.12 -0.15 -0.15 -0.13 -0.10 -0.08 -0.05 -0.03 -0.02 -0.02 -0.05 -0.06 06112006 12
 -0.08 -0.10 -0.10 -0.09 -0.06 -0.04 -0.02  0.01  0.05  0.05  0.03 -0.00 07112006 00
 -0.03 -0.06 -0.06 -0.06 -0.05 -0.03 -0.02 -0.01  0.02  0.04  0.03  0.01 07112006 12
 -0.01 -0.03 -0.03 -0.02 -0.01  0.03  0.06  0.09  0.12  0.17  0.16  0.12 08112006 00
  0.10  0.09  0.07  0.09  0.06  0.08  0.12  0.13  0.12  0.13  0.13  0.09 08112006 12
  0.03 -0.03 -0.08 -0.11 -0.13 -0.14 -0.12 -0.13 -0.15 -0.17 -0.20 -0.20 09112006 00
 -0.21 -0.21 -0.21 -0.22 -0.23 -0.21 -0.21 -0.20 -0.17 -0.15 -0.16 -0.17 09112006 12
 -0.18 -0.21 -0.19 -0.17 -0.18 -0.15 -0.12 -0.10 -0.07 -0.03  0.03  0.07 10112006 00
  0.08  0.08  0.08  0.09  0.14  0.18  0.20  0.21  0.22  0.23  0.26  0.24 10112006 12
  0.14  0.07  0.01 -0.04 -0.06 -0.03 -0.00  0.02  0.06  0.14  0.24  0.30 11112006 00
  0.30  0.29  0.28  0.38  0.41  0.38  0.29  0.28  0.34  0.34  0.30  0.20 11112006 12
  0.10 -0.02 -0.06 -0.11 -0.14 -0.18 -0.18 -0.18 -0.18 -0.19 -0.19 -0.15 12112006 00
 -0.11 -0.02  0.03  0.06  0.10  0.14  0.15  0.16  0.18  0.25  0.30  0.35 12112006 12
  0.39  0.45  0.43  0.43  0.43  0.47  0.45  0.42  0.38  0.37  0.34  0.30 13112006 00
  0.27  0.19  0.11  0.04  0.00  0.02  0.04  0.06  0.06  0.09  0.14  0.21 13112006 12
  0.29  0.34  0.37  0.37  0.32  0.27  0.27  0.26  0.21  0.18  0.17  0.19 14112006 00
  0.21  0.18  0.17  0.17  0.18  0.16  0.18  0.20  0.23  0.24  0.23  0.22 14112006 12
  0.21  0.19  0.17  0.19  0.21  0.18  0.19  0.20  0.23  0.22  0.23  0.24 15112006 00
  0.26  0.28  0.31  0.36  0.37  0.34  0.29  0.29  0.35  0.43  0.50  0.58 15112006 12
  0.64  0.63  0.59  0.56  0.51  0.46  0.34  0.24  0.14  0.15  0.16  0.20 16112006 00
  0.22  0.28  0.28  0.25  0.24  0.26  0.22  0.21  0.18  0.18  0.19  0.23 16112006 12
  0.24  0.25  0.24  0.24  0.26  0.31  0.34  0.31  0.27  0.24  0.27  0.37 17112006 00
  0.47  0.51  0.50  0.41  0.29  0.23  0.29  0.26  0.29  0.29  0.29  0.28 17112006 12
  0.30  0.29  0.29  0.28  0.27  0.31  0.38  0.36  0.32  0.27  0.25  0.26 18112006 00
  0.29  0.22  0.24  0.25  0.22  0.14  0.10  0.05  0.00 -0.04 -0.09 -0.07 18112006 12
 -0.03 -0.01  0.01  0.06  0.10  0.13  0.13  0.10  0.04  0.00 -0.00  0.01 19112006 00
  0.04  0.07  0.09  0.12  0.17  0.25  0.43  0.57  0.60  0.66  0.79  0.94 19112006 12
  1.04  1.06  0.96  0.96  0.83  0.60  0.39  0.28  0.17  0.14  0.09  0.08 20112006 00
  0.13  0.18  0.22  0.29  0.36  0.40  0.42  0.44  0.41  0.35  0.35  0.31 20112006 12
  0.31  0.31  0.30  0.36  0.44  0.45  0.42  0.40  0.38  0.36  0.39  0.37 21112006 00
  0.38  0.40  0.40  0.38  0.39  0.34  0.23  0.13  0.10  0.10  0.13  0.15 21112006 12
  0.17  0.17  0.18  0.18  0.19  0.20  0.20  0.20  0.18  0.17  0.17  0.18 22112006 00
  0.18  0.20  0.25  0.26  0.26  0.29  0.29  0.27  0.27  0.28  0.28  0.29 22112006 12
  0.25  0.29  0.41  0.48  0.54  0.63  0.67  0.62  0.60  0.54  0.45  0.50 23112006 00
  0.53  0.57  0.69  0.78  0.75  0.76  0.72  0.69  0.67  0.71  0.66  0.62 23112006 12
  0.56  0.50  0.45  0.46  0.38  0.41  0.40  0.32  0.26  0.29  0.28  0.27 24112006 00
  0.29  0.26  0.28  0.33  0.35  0.33  0.31  0.29  0.28  0.33  0.34  0.34 24112006 12
  0.37  0.37  0.34  0.32  0.36  0.35  0.37  0.35  0.31  0.34  0.40  0.41 25112006 00
  0.42  0.41  0.43  0.45  0.50  0.46  0.48  0.49  0.48  0.43  0.41  0.38 25112006 12
  0.35  0.32  0.24  0.20  0.18  0.17  0.15  0.16  0.12  0.11  0.15  0.16 26112006 00
  0.12  0.12  0.12  0.15  0.18  0.19  0.16  0.15  0.12  0.10  0.11  0.19 26112006 12
  0.27  0.31  0.32  0.33  0.39  0.43  0.45  0.42  0.41  0.42  0.45  0.55 27112006 00
  0.65  0.63  0.61  0.56  0.57  0.60  0.58  0.46  0.41  0.35  0.29  0.26 27112006 12
  0.27  0.25  0.23  0.20  0.19  0.23  0.27  0.29  0.28  0.30  0.30  0.31 28112006 00
  0.32  0.36  0.34  0.36  0.33  0.31  0.25  0.20  0.14  0.13  0.10  0.05 28112006 12
  0.02  0.03  0.02  0.02  0.03  0.07  0.12  0.16  0.17  0.15  0.14  0.16 29112006 00
  0.21  0.28  0.33  0.30  0.28  0.21  0.16  0.09  0.05 -0.02 -0.02 -0.02 29112006 12
 -0.03 -0.02  0.05  0.12  0.15  0.18  0.19  0.20  0.21  0.24  0.28  0.34 30112006 00
  0.40  0.47  0.54  0.63  0.65  0.60  0.52  0.46  0.44  0.42  0.35  0.34 30112006 12
  0.37  0.38  0.38  0.45  0.53  0.48  0.37  0.26  0.13  0.01 -0.02 -0.11 01122006 00
 -0.11 -0.10 -0.11 -0.04  0.11  0.19  0.21  0.22  0.23  0.28  0.33  0.39 01122006 12
  0.44  0.45  0.41  0.35  0.33  0.30  0.24  0.24  0.21  0.19  0.18  0.19 02122006 00
  0.19  0.21  0.25  0.29  0.35  0.45  0.48  0.40  0.32  0.26  0.27  0.35 02122006 12
  0.42  0.47  0.56  0.64  0.84  1.33  1.56  1.35  1.13  0.91  0.75  0.80 03122006 00
  0.80  0.62  0.75  0.86  0.90  1.05  1.26  1.15  0.97  0.81  0.67  0.65 03122006 12
  0.75  0.61  0.68  0.72  0.67  0.64  0.65  0.55  0.44  0.44  0.36  0.34 04122006 00
  0.37  0.31  0.25  0.29  0.30  0.31  0.45  0.57  0.58  0.56  0.55  0.47 04122006 12
  0.52  0.65  0.61  0.70  0.76  0.77  0.77  0.81  0.76  0.71  0.65  0.54 05122006 00
  0.47  0.54  0.47  0.51  0.62  0.67  0.71  0.81  0.81  0.66  0.58  0.44 05122006 12
  0.33  0.34  0.37  0.32  0.36  0.39  0.38  0.36  0.32  0.29  0.26  0.25 06122006 00
  0.18  0.14  0.17  0.15  0.15  0.16  0.15  0.15  0.20  0.21  0.24  0.26 06122006 12
  0.31  0.40  0.53  0.61  0.64  0.74  0.83  0.83  0.83  0.86  0.82  0.85 07122006 00
  0.82  0.79  0.90  0.97  0.94  1.04  1.03  0.97  0.90  0.90  0.82  0.70 07122006 12
  0.59  0.46  0.41  0.48  0.36  0.36  0.39  0.32  0.21  0.18  0.15  0.13 08122006 00
  0.14  0.09  0.07  0.08  0.10  0.13  0.17  0.18  0.18  0.22  0.23  0.24 08122006 12
  0.21  0.18  0.14  0.12  0.11  0.08  0.10  0.12  0.09  0.03  0.01  0.01 09122006 00
  0.03  0.02  0.00 -0.02 -0.04 -0.05 -0.05 -0.07 -0.09 -0.10 -0.12 -0.11 09122006 12
 -0.13 -0.13 -0.12 -0.10 -0.08 -0.04  0.01  0.04  0.10  0.22  0.35  0.44 10122006 00
  0.46  0.47  0.48  0.49  0.50  0.54  0.49  0.50  0.48  0.46  0.46  0.53 10122006 12
  0.53  0.43  0.38  0.37  0.50  0.57  0.52  0.51  0.60  0.53  0.36  0.24 11122006 00
  0.26  0.18  0.09 -0.06 -0.10 -0.09 -0.01  0.05  0.15  0.21  0.28  0.35 11122006 12
  0.41  0.33  0.25  0.19  0.17  0.16  0.14  0.11  0.14  0.22  0.26  0.35 12122006 00
  0.55  0.76  0.80  0.72  0.67  0.63  0.63  0.56  0.50  0.49  0.38  0.22 12122006 12
  0.06 -0.06 -0.19 -0.28 -0.25 -0.19 -0.06  0.04  0.08  0.12  0.13  0.25 13122006 00
  0.49  0.67  0.74  0.74  0.71  0.73  0.69  0.67  0.65  0.64  0.65  0.60 13122006 12
  0.55  0.51  0.44  0.39  0.35  0.31  0.33  0.38  0.42  0.38  0.32  0.31 14122006 00
  0.32  0.34  0.36  0.33  0.32  0.26  0.28  0.32  0.34  0.33  0.31  0.35 14122006 12
  0.35  0.29  0.20  0.15  0.08  0.02 -0.02 -0.08 -0.12 -0.14 -0.13 -0.07 15122006 00
 -0.03  0.01  0.04  0.11  0.15  0.14  0.09  0.03  0.04  0.03  0.03  0.02 15122006 12
  0.02 -0.01 -0.05 -0.09 -0.12 -0.13 -0.09 -0.05 -0.02 -0.01  0.01  0.03 16122006 00
  0.06  0.07  0.07  0.06  0.01 -0.02 -0.04 -0.06 -0.07 -0.05 -0.00  0.04 16122006 12
  0.07  0.07  0.07  0.09  0.10  0.08  0.02 -0.03 -0.06 -0.09 -0.11 -0.11 17122006 00
 -0.12 -0.12 -0.11 -0.12 -0.14 -0.19 -0.20 -0.20 -0.19 -0.15 -0.11 -0.05 17122006 12
 -0.02 -0.00 -0.02 -0.02 -0.02 -0.04 -0.06 -0.08 -0.09 -0.11 -0.13 -0.15 18122006 00
 -0.16 -0.15 -0.16 -0.18 -0.21 -0.25 -0.29 -0.32 -0.30 -0.28 -0.25 -0.23 18122006 12
 -0.22 -0.19 -0.18 -0.21 -0.21 -0.20 -0.21 -0.23 -0.26 -0.26 -0.23 -0.21 19122006 00
 -0.20 -0.20 -0.17 -0.19 -0.21 -0.22 -0.26 -0.30 -0.31 -0.30 -0.27 -0.24 19122006 12
 -0.22 -0.22 -0.20 -0.20 -0.22 -0.22 -0.22 -0.26 -0.28 -0.30 -0.28 -0.24 20122006 00
 -0.22 -0.22 -0.21 -0.20 -0.23 -0.25 -0.26 -0.30 -0.32 -0.31 -0.31 -0.26 20122006 12
 -0.23 -0.23 -0.22 -0.19 -0.21 -0.22 -0.21 -0.23 -0.28 -0.29 -0.28 -0.26 21122006 00
 -0.20 -0.17 -0.18 -0.16 -0.18 -0.19 -0.18 -0.24 -0.31 -0.31 -0.27 -0.26 21122006 12
 -0.22 -0.21 -0.26 -0.24 -0.23 -0.25 -0.27 -0.30 -0.35 -0.34 -0.33 -0.29 22122006 00
 -0.26 -0.23 -0.24 -0.25 -0.23 -0.27 -0.29 -0.29 -0.31 -0.35 -0.32 -0.32 22122006 12
 -0.29 -0.24 -0.21 -0.24 -0.22 -0.24 -0.27 -0.28 -0.30 -0.32 -0.32 -0.28 23122006 00
 -0.28 -0.24 -0.22 -0.25 -0.24 -0.26 -0.30 -0.31 -0.32 -0.35 -0.33 -0.33 23122006 12
 -0.30 -0.29 -0.25 -0.25 -0.28 -0.26 -0.28 -0.31 -0.30 -0.30 -0.31 -0.28 24122006 00
 -0.26 -0.25 -0.21 -0.21 -0.24 -0.24 -0.27 -0.30 -0.30 -0.30 -0.31 -0.30 24122006 12
 -0.25 -0.24 -0.22 -0.20 -0.23 -0.24 -0.23 -0.27 -0.29 -0.28 -0.25 -0.23 25122006 00
 -0.20 -0.20 -0.18 -0.17 -0.20 -0.21 -0.22 -0.24 -0.25 -0.24 -0.24 -0.23 25122006 12
 -0.22 -0.19 -0.20 -0.17 -0.18 -0.22 -0.23 -0.25 -0.27 -0.28 -0.26 -0.22 26122006 00
 -0.18 -0.15 -0.14 -0.12 -0.12 -0.15 -0.18 -0.18 -0.21 -0.21 -0.17 -0.16 26122006 12
 -0.12 -0.11 -0.11 -0.10 -0.10 -0.12 -0.13 -0.14 -0.14 -0.15 -0.13 -0.07 27122006 00
  0.00  0.06  0.07  0.06  0.05  0.02  0.00 -0.01 -0.03 -0.04 -0.04 -0.03 27122006 12
 -0.01 -0.01 -0.02 -0.03 -0.05 -0.07 -0.10 -0.13 -0.15 -0.15 -0.15 -0.14 28122006 00
 -0.08 -0.01  0.05  0.07  0.06  0.03  0.01 -0.00  0.01  0.01  0.03  0.05 28122006 12
  0.10  0.20  0.28  0.31  0.28  0.26  0.23  0.24  0.26  0.29  0.37  0.55 29122006 00
  0.72  0.85  0.95  0.96  0.80  0.64  0.47  0.35  0.29  0.21  0.22  0.37 29122006 12
  0.47  0.63  0.91  1.08  0.92  0.69  0.41  0.34  0.46  0.46  0.37  0.28 30122006 00
  0.28  0.21  0.18  0.23  0.29  0.23  0.20  0.14  0.16  0.21  0.27  0.28 30122006 12
  0.30  0.31  0.35  0.37  0.38  0.30  0.16  0.09  0.01  0.01  0.03  0.08 31122006 00
  0.13  0.21  0.30  0.52  0.90  1.18  1.16  1.10  0.95  0.83  0.80  0.88 31122006 12
