Parameter Z: CS3X Location (100, 86) Lat 53.500 Lon -3.417
  0.35  0.33  0.35  0.33  0.27  0.26  0.30  0.35  0.31  0.35  0.32  0.29 01012014 00
  0.28  0.31  0.40  0.51  0.57  0.61  0.64  0.64  0.55  0.49  0.50  0.49 01012014 12
  0.40  0.46  0.43  0.45  0.43  0.39  0.41  0.48  0.47  0.44  0.40  0.38 02012014 00
  0.31  0.29  0.31  0.32  0.33  0.30  0.27  0.28  0.32  0.28  0.31  0.36 02012014 12
  0.46  0.51  0.62  0.64  0.61  0.62  0.68  0.82  0.98  0.91  0.78  0.81 03012014 00
  0.86  0.75  0.92  0.96  1.03  1.01  0.95  0.96  1.03  0.95  0.82  0.73 03012014 12
  0.62  0.47  0.28  0.27  0.17  0.17  0.14  0.15  0.24  0.34  0.33  0.31 04012014 00
  0.30  0.27  0.19  0.24  0.23  0.26  0.25  0.24  0.26  0.33  0.34  0.33 04012014 12
  0.30  0.27  0.18  0.09  0.10  0.09  0.13  0.11  0.12  0.16  0.22  0.22 05012014 00
  0.25  0.28  0.28  0.26  0.31  0.31  0.34  0.30  0.33  0.48  0.70  0.77 05012014 12
  0.74  0.65  0.64  0.54  0.58  0.64  0.67  0.66  0.64  0.67  0.81  0.89 06012014 00
  0.87  0.94  0.95  0.82  0.80  0.76  0.77  0.77  0.70  0.66  0.78  0.88 06012014 12
  0.84  0.78  0.70  0.63  0.59  0.67  0.67  0.73  0.70  0.63  0.60  0.64 07012014 00
  0.61  0.59  0.61  0.55  0.45  0.43  0.40  0.41  0.40  0.33  0.28  0.32 07012014 12
  0.35  0.32  0.34  0.33  0.33  0.35  0.40  0.37  0.33  0.27  0.22  0.16 08012014 00
  0.11  0.07  0.05  0.06  0.04  0.01 -0.01  0.01  0.04  0.06  0.09  0.12 08012014 12
  0.18  0.24  0.26  0.24  0.22  0.19  0.17  0.16  0.15  0.15  0.13  0.11 09012014 00
  0.08  0.07  0.09  0.13  0.15  0.15  0.15  0.17  0.18  0.19  0.19  0.17 09012014 12
  0.14  0.11  0.08  0.05  0.03  0.03  0.04  0.07  0.11  0.13  0.14  0.15 10012014 00
  0.19  0.24  0.29  0.32  0.33  0.30  0.24  0.18  0.14  0.13  0.12  0.10 10012014 12
  0.05 -0.00 -0.01 -0.01 -0.03 -0.01  0.02  0.05  0.09  0.09  0.07  0.06 11012014 00
  0.05  0.03  0.01 -0.02 -0.06 -0.10 -0.13 -0.15 -0.14 -0.12 -0.11 -0.08 11012014 12
 -0.05 -0.02  0.00  0.03  0.06  0.07  0.07  0.07  0.06  0.07  0.11  0.15 12012014 00
  0.18  0.19  0.19  0.22  0.27  0.32  0.35  0.35  0.34  0.34  0.35  0.37 12012014 12
  0.38  0.36  0.34  0.31  0.29  0.29  0.25  0.24  0.24  0.22  0.21  0.22 13012014 00
  0.22  0.20  0.17  0.12  0.08  0.06  0.07  0.07  0.07  0.07  0.08  0.09 13012014 12
  0.12  0.15  0.19  0.21  0.19  0.16  0.13  0.14  0.15  0.14  0.11  0.07 14012014 00
  0.04  0.03  0.04  0.06  0.07  0.07  0.13  0.17  0.18  0.19  0.21  0.23 14012014 12
  0.27  0.30  0.30  0.28  0.25  0.23  0.25  0.27  0.27  0.28  0.30  0.29 15012014 00
  0.32  0.36  0.38  0.39  0.38  0.36  0.36  0.37  0.35  0.31  0.29  0.24 15012014 12
  0.20  0.22  0.23  0.25  0.26  0.27  0.30  0.36  0.39  0.37  0.36  0.34 16012014 00
  0.29  0.31  0.31  0.32  0.31  0.28  0.27  0.30  0.31  0.30  0.29  0.28 16012014 12
  0.24  0.24  0.27  0.28  0.30  0.29  0.28  0.30  0.32  0.31  0.32  0.31 17012014 00
  0.27  0.24  0.25  0.26  0.27  0.25  0.23  0.23  0.25  0.23  0.23  0.22 17012014 12
  0.20  0.17  0.18  0.17  0.19  0.18  0.17  0.17  0.20  0.24  0.23  0.24 18012014 00
  0.21  0.20  0.22  0.21  0.22  0.21  0.19  0.20  0.24  0.27  0.27  0.28 18012014 12
  0.29  0.25  0.22  0.25  0.24  0.27  0.26  0.25  0.26  0.28  0.26  0.26 19012014 00
  0.25  0.23  0.20  0.22  0.21  0.21  0.20  0.16  0.15  0.15  0.13  0.15 19012014 12
  0.15  0.11  0.08  0.06  0.04  0.06  0.06  0.05  0.03  0.02  0.02  0.00 20012014 00
  0.01 -0.00 -0.01 -0.03 -0.04 -0.04 -0.05 -0.05 -0.06 -0.06 -0.05 -0.04 20012014 12
 -0.02 -0.02 -0.00  0.02  0.04  0.07  0.07  0.08  0.10  0.16  0.23  0.27 21012014 00
  0.26  0.23  0.20  0.19  0.21  0.21  0.20  0.19  0.18  0.18  0.20  0.18 21012014 12
  0.19  0.20  0.19  0.15  0.16  0.17  0.20  0.20  0.18  0.17  0.17  0.17 22012014 00
  0.15  0.15  0.13  0.10  0.08  0.07  0.07  0.08  0.07  0.04 -0.01 -0.05 22012014 12
 -0.08 -0.08 -0.07 -0.08 -0.08 -0.06 -0.01  0.11  0.28  0.37  0.32  0.21 23012014 00
  0.16  0.19  0.20  0.16  0.08  0.04  0.02 -0.03 -0.08 -0.14 -0.19 -0.24 23012014 12
 -0.24 -0.21 -0.18 -0.18 -0.17 -0.15 -0.12 -0.09 -0.08 -0.07 -0.05 -0.02 24012014 00
  0.01  0.02 -0.01 -0.06 -0.08 -0.08 -0.05 -0.00  0.04  0.07  0.11  0.14 24012014 12
  0.15  0.09  0.04  0.02 -0.02 -0.08 -0.09 -0.06 -0.04 -0.04 -0.05 -0.07 25012014 00
 -0.00  0.25  0.56  0.48  0.38  0.42  0.39  0.27  0.17  0.19  0.21  0.08 25012014 12
 -0.07 -0.24 -0.42 -0.48 -0.43 -0.34 -0.21  0.01  0.19  0.27  0.33  0.51 26012014 00
  0.85  1.17  1.19  1.15  1.06  0.85  0.69  0.51  0.42  0.39  0.35  0.29 26012014 12
  0.19  0.11  0.12  0.14  0.18  0.30  0.34  0.33  0.36  0.32  0.23  0.19 27012014 00
  0.18  0.14  0.06 -0.04 -0.14 -0.20 -0.18 -0.12 -0.04  0.08  0.16  0.19 27012014 12
  0.21  0.22  0.22  0.21  0.17  0.15  0.12  0.10  0.09  0.06  0.07  0.09 28012014 00
  0.10  0.08  0.07  0.06  0.06  0.04  0.02  0.01  0.02  0.02  0.02  0.05 28012014 12
  0.05  0.04  0.02  0.01  0.01  0.02  0.02  0.02 -0.00 -0.04 -0.07 -0.09 29012014 00
 -0.07 -0.05 -0.05 -0.07 -0.11 -0.14 -0.16 -0.17 -0.15 -0.16 -0.15 -0.12 29012014 12
 -0.12 -0.11 -0.12 -0.12 -0.12 -0.11 -0.10 -0.06 -0.04 -0.04 -0.05 -0.03 30012014 00
 -0.01 -0.02 -0.02 -0.01 -0.02 -0.03 -0.03 -0.03 -0.01 -0.02 -0.04 -0.05 30012014 12
 -0.03 -0.01  0.00 -0.00 -0.01  0.01  0.05  0.11  0.12  0.10  0.08  0.11 31012014 00
  0.15  0.25  0.32  0.36  0.40  0.46  0.56  0.69  0.71  0.61  0.51  0.42 31012014 12
  0.44  0.49  0.68  0.62  0.56  0.44  0.39  0.41  0.43  0.39  0.41  0.49 01022014 00
  0.47  0.48  0.63  0.66  0.77  0.76  0.76  0.89  1.09  1.00  0.82  0.66 01022014 12
  0.57  0.35  0.26  0.28  0.31  0.36  0.27  0.18  0.16  0.12  0.10  0.18 02022014 00
  0.19  0.19  0.16  0.17  0.13  0.13  0.12  0.11  0.10  0.11  0.11  0.08 02022014 12
  0.11  0.11  0.12  0.17  0.24  0.25  0.26  0.30  0.38  0.55  0.59  0.59 03022014 00
  0.55  0.57  0.45  0.37  0.36  0.30  0.29  0.26  0.25  0.27  0.27  0.20 03022014 12
  0.24  0.26  0.24  0.19  0.24  0.26  0.28  0.25  0.24  0.28  0.35  0.35 04022014 00
  0.33  0.32  0.30  0.24  0.26  0.26  0.28  0.27  0.28  0.44  0.75  0.97 04022014 12
  0.88  0.73  0.56  0.38  0.38  0.54  0.63  0.65  0.57  0.54  0.64  0.74 05022014 00
  0.64  0.60  0.58  0.55  0.55  0.64  0.71  0.78  0.77  0.75  0.75  0.76 05022014 12
  0.70  0.64  0.56  0.42  0.29  0.28  0.27  0.30  0.26  0.19  0.13  0.11 06022014 00
  0.10  0.07  0.08  0.07  0.07  0.11  0.18  0.22  0.23  0.24  0.24  0.25 06022014 12
  0.27  0.27  0.25  0.21  0.20  0.20  0.23  0.27  0.31  0.33  0.31  0.27 07022014 00
  0.26  0.24  0.25  0.29  0.30  0.29  0.29  0.31  0.32  0.35  0.40  0.49 07022014 12
  0.66  0.82  0.82  0.72  0.62  0.60  0.71  0.84  0.97  1.06  1.10  1.12 08022014 00
  1.15  1.25  1.30  1.25  1.14  1.00  0.86  0.81  0.81  0.83  0.86  0.77 08022014 12
  0.62  0.55  0.50  0.41  0.44  0.46  0.42  0.41  0.48  0.52  0.51  0.45 09022014 00
  0.36  0.29  0.27  0.22  0.09 -0.00 -0.01  0.02  0.06  0.14  0.22  0.28 09022014 12
  0.31  0.31  0.33  0.35  0.37  0.37  0.33  0.26  0.21  0.18  0.17  0.17 10022014 00
  0.14  0.09  0.04  0.02  0.05  0.05  0.06  0.10  0.12  0.13  0.15  0.17 10022014 12
  0.17  0.15  0.15  0.16  0.21  0.32  0.40  0.45  0.49  0.50  0.46  0.43 11022014 00
  0.44  0.39  0.31  0.23  0.25  0.33  0.40  0.47  0.50  0.46  0.39  0.33 11022014 12
  0.32  0.37  0.40  0.36  0.28  0.21  0.18  0.14  0.14  0.16  0.17  0.27 12022014 00
  0.48  0.69  0.90  1.04  1.21  1.73  2.18  2.18  1.79  1.14  0.71  0.58 12022014 12
  0.55  0.63  0.66  0.54  0.45  0.51  0.57  0.53  0.55  0.60  0.51  0.35 13022014 00
  0.29  0.29  0.35  0.35  0.30  0.27  0.32  0.31  0.24  0.21  0.21  0.20 13022014 12
  0.19  0.24  0.28  0.30  0.27  0.20  0.12  0.07  0.07  0.11  0.13  0.10 14022014 00
  0.09  0.05  0.04  0.13  0.31  0.59  0.90  1.15  1.15  0.96  0.79  0.66 14022014 12
  0.57  0.64  0.62  0.63  0.58  0.52  0.57  0.70  0.75  0.72  0.73  0.70 15022014 00
  0.57  0.56  0.55  0.54  0.50  0.42  0.34  0.26  0.16  0.07  0.05  0.05 15022014 12
  0.02  0.00  0.05  0.08  0.11  0.12  0.11  0.10  0.10  0.09  0.06  0.06 16022014 00
  0.06  0.06  0.08  0.10  0.12  0.13  0.13  0.16  0.20  0.22  0.22  0.22 16022014 12
  0.23  0.22  0.23  0.25  0.25  0.24  0.23  0.23  0.25  0.28  0.24  0.24 17022014 00
  0.22  0.20  0.23  0.27  0.29  0.27  0.24  0.22  0.23  0.24  0.24  0.22 17022014 12
  0.22  0.16  0.12  0.14  0.12  0.14  0.12  0.11  0.14  0.16  0.15  0.14 18022014 00
  0.15  0.15  0.13  0.14  0.12  0.12  0.11  0.10  0.09  0.10  0.09  0.11 18022014 12
  0.11  0.10  0.09  0.07  0.07  0.07  0.08  0.08  0.07  0.07  0.07  0.05 19022014 00
  0.06  0.06  0.05  0.06  0.06  0.05  0.05  0.05  0.04  0.04  0.07  0.11 19022014 12
  0.13  0.16  0.19  0.24  0.31  0.33  0.35  0.38  0.47  0.63  0.72  0.67 20022014 00
  0.50  0.40  0.31  0.22  0.20  0.21  0.26  0.24  0.18  0.18  0.23  0.23 20022014 12
  0.25  0.26  0.25  0.23  0.24  0.25  0.28  0.28  0.23  0.20  0.24  0.30 21022014 00
  0.32  0.35  0.36  0.33  0.32  0.34  0.37  0.41  0.42  0.45  0.51  0.49 21022014 12
  0.33  0.24  0.27  0.26  0.21  0.19  0.15  0.13  0.13  0.10  0.06  0.04 22022014 00
  0.04  0.06  0.09  0.11  0.13  0.18  0.22  0.25  0.27  0.30  0.37  0.48 22022014 12
  0.59  0.63  0.59  0.52  0.48  0.50  0.54  0.56  0.57  0.57  0.61  0.74 23022014 00
  0.96  1.02  0.91  0.73  0.54  0.41  0.40  0.39  0.36  0.33  0.25  0.19 23022014 12
  0.24  0.32  0.32  0.33  0.31  0.29  0.29  0.34  0.33  0.34  0.31  0.25 24022014 00
  0.22  0.22  0.22  0.21  0.21  0.22  0.24  0.29  0.41  0.50  0.57  0.64 24022014 12
  0.68  0.71  0.72  0.64  0.56  0.51  0.45  0.40  0.39  0.39  0.43  0.46 25022014 00
  0.46  0.45  0.52  0.62  0.61  0.55  0.44  0.34  0.29  0.31  0.31  0.30 25022014 12
  0.27  0.22  0.17  0.12  0.08  0.02  0.03  0.05  0.06  0.08  0.11  0.13 26022014 00
  0.16  0.18  0.17  0.14  0.11  0.11  0.10  0.10  0.10  0.10  0.13  0.17 26022014 12
  0.20  0.23  0.26  0.34  0.48  0.64  0.63  0.48  0.38  0.33  0.21  0.18 27022014 00
  0.17  0.19  0.20  0.18  0.16  0.11  0.01 -0.01 -0.00  0.01  0.00  0.04 27022014 12
  0.10  0.13  0.17  0.18  0.19  0.18  0.14  0.04 -0.07 -0.22 -0.35 -0.48 28022014 00
 -0.52 -0.50 -0.41 -0.34 -0.30 -0.27 -0.23 -0.14 -0.11 -0.04 -0.06 -0.06 28022014 12
 -0.05 -0.09 -0.08 -0.07 -0.06 -0.08 -0.13 -0.19 -0.20 -0.18 -0.15 -0.12 01032014 00
 -0.04 -0.01  0.01  0.01  0.02  0.03  0.05  0.08  0.11  0.12  0.14  0.17 01032014 12
  0.24  0.35  0.44  0.40  0.35  0.31  0.31  0.29  0.28  0.25  0.26  0.24 02032014 00
  0.22  0.18  0.23  0.24  0.27  0.29  0.35  0.43  0.57  0.61  0.53  0.51 02032014 12
  0.46  0.32  0.32  0.34  0.37  0.36  0.32  0.31  0.32  0.27  0.22  0.19 03032014 00
  0.19  0.11  0.05  0.05  0.05  0.08  0.05 -0.00 -0.05 -0.12 -0.12 -0.08 03032014 12
 -0.05 -0.02  0.04  0.02  0.01  0.03  0.05  0.06  0.04  0.01 -0.01 -0.02 04032014 00
 -0.02 -0.02 -0.02 -0.01 -0.01 -0.00  0.00  0.01  0.00 -0.00 -0.01 -0.02 04032014 12
 -0.02 -0.01 -0.01 -0.02 -0.00 -0.00 -0.01 -0.00  0.01  0.02  0.05  0.05 05032014 00
  0.06  0.05  0.04  0.04  0.06  0.07  0.07  0.07  0.07  0.10  0.14  0.16 05032014 12
  0.15  0.15  0.14  0.13  0.17  0.17  0.16  0.13  0.10  0.08  0.08  0.06 06032014 00
  0.03  0.03  0.02  0.00  0.03  0.05  0.07  0.08  0.10  0.13  0.19  0.22 06032014 12
  0.18  0.15  0.12  0.13  0.17  0.25  0.32  0.34  0.32  0.25  0.23  0.29 07032014 00
  0.30  0.23  0.15  0.09  0.01 -0.07 -0.12 -0.12 -0.14 -0.18 -0.23 -0.26 07032014 12
 -0.29 -0.31 -0.32 -0.31 -0.26 -0.20 -0.14 -0.09 -0.06 -0.02  0.04  0.12 08032014 00
  0.24  0.36  0.38  0.35  0.33  0.35  0.38  0.39  0.39  0.37  0.31  0.25 08032014 12
  0.22  0.19  0.16  0.14  0.10  0.06  0.01 -0.02 -0.02 -0.00 -0.01 -0.05 09032014 00
 -0.07 -0.09 -0.11 -0.10 -0.10 -0.10 -0.09 -0.07 -0.04 -0.00  0.03  0.06 09032014 12
  0.09  0.11  0.10  0.04  0.02 -0.00 -0.02 -0.07 -0.12 -0.16 -0.19 -0.22 10032014 00
 -0.25 -0.28 -0.29 -0.29 -0.27 -0.25 -0.24 -0.21 -0.19 -0.19 -0.20 -0.20 10032014 12
 -0.20 -0.19 -0.20 -0.23 -0.25 -0.24 -0.22 -0.18 -0.17 -0.18 -0.19 -0.19 11032014 00
 -0.17 -0.16 -0.17 -0.21 -0.24 -0.25 -0.27 -0.26 -0.24 -0.23 -0.22 -0.21 11032014 12
 -0.22 -0.22 -0.21 -0.21 -0.23 -0.24 -0.23 -0.21 -0.18 -0.17 -0.18 -0.19 12032014 00
 -0.18 -0.18 -0.16 -0.16 -0.18 -0.20 -0.21 -0.20 -0.18 -0.16 -0.13 -0.13 12032014 12
 -0.13 -0.14 -0.15 -0.16 -0.17 -0.20 -0.21 -0.22 -0.22 -0.21 -0.19 -0.19 13032014 00
 -0.20 -0.20 -0.20 -0.20 -0.19 -0.22 -0.24 -0.25 -0.24 -0.21 -0.18 -0.16 13032014 12
 -0.15 -0.15 -0.16 -0.16 -0.16 -0.16 -0.17 -0.17 -0.14 -0.11 -0.08 -0.05 14032014 00
 -0.03 -0.01 -0.02 -0.04 -0.03 -0.04 -0.05 -0.05 -0.05 -0.07 -0.08 -0.08 14032014 12
 -0.07 -0.06 -0.07 -0.09 -0.11 -0.13 -0.18 -0.21 -0.20 -0.16 -0.13 -0.12 15032014 00
 -0.11 -0.12 -0.11 -0.09 -0.07 -0.06 -0.06 -0.09 -0.09 -0.07 -0.05 -0.04 15032014 12
 -0.03 -0.04 -0.04 -0.05 -0.07 -0.11 -0.15 -0.19 -0.20 -0.21 -0.20 -0.16 16032014 00
 -0.12 -0.11 -0.10 -0.10 -0.08 -0.06 -0.05 -0.08 -0.08 -0.08 -0.08 -0.06 16032014 12
 -0.04 -0.03 -0.05 -0.05 -0.05 -0.05 -0.06 -0.10 -0.11 -0.09 -0.08 -0.07 17032014 00
 -0.06 -0.05 -0.06 -0.05 -0.05 -0.05 -0.04 -0.04 -0.04 -0.03 -0.02 -0.00 17032014 12
  0.02  0.04  0.04  0.04  0.03  0.03  0.03  0.04  0.06  0.12  0.17  0.21 18032014 00
  0.22  0.24  0.30  0.31  0.30  0.27  0.23  0.17  0.08 -0.02 -0.03 -0.03 18032014 12
 -0.04 -0.06 -0.10 -0.11 -0.08 -0.04 -0.00  0.02  0.05  0.06  0.06  0.07 19032014 00
  0.07  0.07  0.10  0.14  0.15  0.16  0.16  0.15  0.16  0.18  0.22  0.23 19032014 12
  0.27  0.25  0.24  0.32  0.34  0.40  0.41  0.40  0.44  0.52  0.52  0.53 20032014 00
  0.56  0.56  0.58  0.62  0.55  0.56  0.53  0.42  0.34  0.34  0.32  0.25 20032014 12
  0.25  0.20  0.14  0.15  0.18  0.22  0.25  0.26  0.26  0.28  0.28  0.26 21032014 00
  0.24  0.23  0.20  0.17  0.19  0.19  0.24  0.27  0.31  0.40  0.53  0.56 21032014 12
  0.52  0.39  0.26  0.20  0.23  0.21  0.23  0.21  0.20  0.21  0.24  0.23 22032014 00
  0.24  0.28  0.28  0.23  0.20  0.20  0.21  0.23  0.20  0.15  0.10  0.06 22032014 12
  0.02  0.02  0.05  0.05  0.03  0.02  0.04  0.08  0.09  0.08  0.03 -0.05 23032014 00
 -0.10 -0.14 -0.14 -0.14 -0.14 -0.14 -0.14 -0.15 -0.14 -0.13 -0.12 -0.10 23032014 12
 -0.07 -0.06 -0.07 -0.07 -0.06 -0.06 -0.04 -0.02 -0.02 -0.01  0.03  0.08 24032014 00
  0.17  0.25  0.26  0.23  0.25  0.28  0.31  0.33  0.29  0.21  0.14  0.13 24032014 12
  0.14  0.15  0.13  0.10  0.07  0.07  0.10  0.14  0.21  0.26  0.28  0.25 25032014 00
  0.18  0.08 -0.06 -0.15 -0.20 -0.27 -0.33 -0.36 -0.38 -0.37 -0.35 -0.33 25032014 12
 -0.32 -0.28 -0.23 -0.22 -0.24 -0.25 -0.25 -0.26 -0.27 -0.30 -0.31 -0.32 26032014 00
 -0.31 -0.30 -0.31 -0.33 -0.33 -0.29 -0.24 -0.18 -0.13 -0.10 -0.09 -0.09 26032014 12
 -0.08 -0.06 -0.05 -0.07 -0.12 -0.15 -0.18 -0.19 -0.18 -0.15 -0.13 -0.13 27032014 00
 -0.13 -0.12 -0.10 -0.10 -0.13 -0.13 -0.14 -0.12 -0.13 -0.11 -0.09 -0.07 27032014 12
 -0.08 -0.11 -0.11 -0.09 -0.08 -0.09 -0.10 -0.11 -0.12 -0.12 -0.13 -0.14 28032014 00
 -0.13 -0.14 -0.14 -0.14 -0.15 -0.17 -0.18 -0.17 -0.16 -0.15 -0.13 -0.10 28032014 12
 -0.10 -0.09 -0.10 -0.11 -0.11 -0.11 -0.12 -0.12 -0.10 -0.10 -0.09 -0.08 29032014 00
 -0.08 -0.07 -0.09 -0.10 -0.10 -0.10 -0.09 -0.06 -0.06 -0.06 -0.07 -0.03 29032014 12
  0.00  0.00 -0.00 -0.02 -0.02 -0.02 -0.01 -0.01 -0.02 -0.04 -0.05 -0.05 30032014 00
 -0.03 -0.01  0.00 -0.00 -0.01 -0.01  0.00  0.01  0.01  0.02  0.01  0.01 30032014 12
  0.01  0.00 -0.00 -0.01 -0.02 -0.02 -0.02 -0.02 -0.02 -0.01 -0.00 -0.00 31032014 00
  0.01  0.02  0.03  0.02  0.02  0.02  0.02  0.04  0.05  0.06  0.06  0.06 31032014 12
  0.06  0.05  0.06  0.06  0.06  0.04  0.03  0.02  0.03  0.03  0.03  0.03 01042014 00
  0.03  0.03  0.04  0.04  0.04  0.03  0.03  0.03  0.05  0.06  0.07  0.06 01042014 12
  0.06  0.05  0.03  0.02  0.01 -0.00 -0.01 -0.01  0.00  0.01  0.02  0.03 02042014 00
  0.05  0.07  0.07  0.07  0.06  0.06  0.06  0.08  0.11  0.15  0.16  0.14 02042014 12
  0.12  0.12  0.10  0.11  0.11  0.12  0.11  0.11  0.13  0.16  0.15  0.14 03042014 00
  0.14  0.14  0.11  0.09  0.10  0.11  0.11  0.11  0.10  0.11  0.13  0.13 03042014 12
  0.14  0.15  0.14  0.13  0.13  0.13  0.13  0.12  0.12  0.11  0.10  0.08 04042014 00
  0.07  0.07  0.07  0.06  0.06  0.06  0.06  0.06  0.06  0.07  0.09  0.11 04042014 12
  0.12  0.14  0.13  0.11  0.11  0.12  0.12  0.12  0.11  0.10  0.13  0.17 05042014 00
  0.18  0.18  0.17  0.16  0.16  0.17  0.17  0.15  0.13  0.12  0.12  0.15 05042014 12
  0.17  0.17  0.16  0.16  0.16  0.19  0.20  0.20  0.19  0.20  0.26  0.39 06042014 00
  0.47  0.47  0.43  0.39  0.33  0.29  0.27  0.27  0.22  0.13  0.10  0.14 06042014 12
  0.15  0.12  0.13  0.09  0.04  0.02  0.02  0.02  0.07  0.10  0.11  0.12 07042014 00
  0.13  0.15  0.15  0.13  0.12  0.13  0.16  0.16  0.18  0.21  0.23  0.24 07042014 12
  0.25  0.24  0.23  0.21  0.19  0.18  0.15  0.12  0.11  0.11  0.09  0.04 08042014 00
 -0.01 -0.05 -0.09 -0.12 -0.12 -0.12 -0.12 -0.12 -0.13 -0.13 -0.12 -0.11 08042014 12
 -0.09 -0.06 -0.04 -0.02 -0.01 -0.02 -0.02 -0.03 -0.03 -0.03 -0.01 -0.00 09042014 00
 -0.01 -0.04 -0.07 -0.09 -0.09 -0.08 -0.08 -0.07 -0.06 -0.06 -0.07 -0.06 09042014 12
 -0.03 -0.01 -0.02 -0.03 -0.05 -0.06 -0.07 -0.09 -0.09 -0.09 -0.08 -0.08 10042014 00
 -0.08 -0.08 -0.08 -0.09 -0.11 -0.12 -0.11 -0.10 -0.09 -0.07 -0.07 -0.07 10042014 12
 -0.08 -0.09 -0.09 -0.12 -0.15 -0.17 -0.19 -0.19 -0.17 -0.15 -0.14 -0.14 11042014 00
 -0.15 -0.13 -0.10 -0.09 -0.11 -0.14 -0.13 -0.12 -0.11 -0.09 -0.08 -0.07 11042014 12
 -0.06 -0.05 -0.04 -0.02 -0.02 -0.02  0.00  0.03  0.04  0.06  0.10  0.13 12042014 00
  0.13  0.13  0.15  0.16  0.13  0.07  0.04  0.03  0.03  0.02 -0.01 -0.03 12042014 12
 -0.05 -0.06 -0.05 -0.06 -0.08 -0.11 -0.14 -0.16 -0.13 -0.09 -0.06 -0.03 13042014 00
 -0.03 -0.03 -0.03 -0.00  0.03  0.04  0.03  0.06  0.11  0.12  0.10  0.09 13042014 12
  0.07  0.04  0.05  0.04  0.01 -0.04 -0.12 -0.18 -0.19 -0.18 -0.18 -0.16 14042014 00
 -0.15 -0.17 -0.17 -0.18 -0.18 -0.18 -0.19 -0.20 -0.18 -0.18 -0.18 -0.14 14042014 12
 -0.12 -0.14 -0.14 -0.16 -0.16 -0.16 -0.17 -0.17 -0.18 -0.16 -0.15 -0.12 15042014 00
 -0.08 -0.09 -0.09 -0.12 -0.12 -0.11 -0.10 -0.10 -0.09 -0.11 -0.11 -0.11 15042014 12
 -0.08 -0.06 -0.06 -0.05 -0.07 -0.08 -0.07 -0.06 -0.07 -0.07 -0.07 -0.07 16042014 00
 -0.06 -0.03 -0.04 -0.04 -0.04 -0.03 -0.02 -0.02 -0.03 -0.02 -0.01 -0.01 16042014 12
  0.01  0.02  0.02  0.03  0.04  0.05  0.05  0.05  0.05  0.02  0.02  0.02 17042014 00
  0.03  0.01 -0.01 -0.01 -0.01 -0.00 -0.01 -0.06 -0.09 -0.10 -0.10 -0.10 17042014 12
 -0.10 -0.10 -0.10 -0.12 -0.12 -0.14 -0.14 -0.15 -0.14 -0.16 -0.14 -0.14 18042014 00
 -0.13 -0.11 -0.08 -0.10 -0.10 -0.11 -0.10 -0.09 -0.09 -0.10 -0.10 -0.09 18042014 12
 -0.10 -0.09 -0.07 -0.07 -0.08 -0.09 -0.10 -0.11 -0.12 -0.13 -0.13 -0.12 19042014 00
 -0.11 -0.10 -0.08 -0.07 -0.08 -0.07 -0.08 -0.07 -0.07 -0.06 -0.05 -0.05 19042014 12
 -0.06 -0.08 -0.07 -0.06 -0.07 -0.07 -0.09 -0.10 -0.10 -0.10 -0.10 -0.08 20042014 00
 -0.08 -0.09 -0.09 -0.09 -0.12 -0.13 -0.13 -0.12 -0.12 -0.13 -0.16 -0.17 20042014 12
 -0.15 -0.11 -0.09 -0.06 -0.04 -0.06 -0.08 -0.08 -0.05 -0.01  0.01  0.01 21042014 00
  0.01  0.00 -0.01  0.00  0.01  0.02  0.02  0.01  0.01  0.01  0.02  0.03 21042014 12
  0.05  0.06  0.04  0.02  0.01  0.01  0.03  0.03  0.02  0.02  0.03  0.05 22042014 00
  0.08  0.11  0.11  0.10  0.08  0.07  0.06  0.07  0.08  0.08  0.07  0.07 22042014 12
  0.07  0.07  0.07  0.07  0.06  0.05  0.04  0.04  0.05  0.05  0.03  0.01 23042014 00
 -0.01  0.00  0.01 -0.00 -0.00 -0.01  0.00  0.02  0.04  0.05  0.05  0.05 23042014 12
  0.05  0.04  0.02 -0.00 -0.02 -0.03 -0.06 -0.08 -0.09 -0.09 -0.07 -0.06 24042014 00
 -0.05 -0.05 -0.04 -0.04 -0.05 -0.05 -0.05 -0.05 -0.05 -0.05 -0.05 -0.04 24042014 12
 -0.04 -0.04 -0.05 -0.07 -0.08 -0.08 -0.09 -0.09 -0.08 -0.08 -0.08 -0.07 25042014 00
 -0.06 -0.06 -0.05 -0.04 -0.02  0.01  0.03  0.04  0.06  0.09  0.12  0.13 25042014 12
  0.16  0.19  0.22  0.24  0.25  0.21  0.16  0.17  0.20  0.20  0.23  0.23 26042014 00
  0.22  0.22  0.22  0.20  0.21  0.23  0.20  0.17  0.12  0.07  0.05  0.06 26042014 12
  0.05  0.05  0.02 -0.02 -0.06 -0.12 -0.16 -0.17 -0.15 -0.15 -0.15 -0.16 27042014 00
 -0.17 -0.15 -0.14 -0.15 -0.16 -0.17 -0.19 -0.20 -0.20 -0.21 -0.20 -0.15 27042014 12
 -0.14 -0.13 -0.12 -0.11 -0.11 -0.13 -0.15 -0.15 -0.14 -0.13 -0.13 -0.11 28042014 00
 -0.10 -0.10 -0.10 -0.10 -0.10 -0.09 -0.08 -0.07 -0.07 -0.09 -0.09 -0.07 28042014 12
 -0.05 -0.04 -0.04 -0.05 -0.05 -0.05 -0.05 -0.05 -0.05 -0.04 -0.04 -0.03 29042014 00
 -0.02 -0.01  0.01 -0.00 -0.01 -0.01 -0.00  0.01  0.01  0.01  0.01  0.01 29042014 12
  0.02  0.02  0.03  0.03  0.02  0.01  0.01  0.02  0.02  0.03  0.03  0.04 30042014 00
  0.04  0.05  0.06  0.07  0.06  0.05  0.05  0.04  0.04  0.04  0.03  0.03 30042014 12
  0.03  0.03  0.04  0.04  0.03  0.02  0.02  0.02  0.03  0.03  0.03  0.02 01052014 00
  0.01  0.00 -0.01 -0.02 -0.03 -0.04 -0.07 -0.09 -0.11 -0.14 -0.15 -0.15 01052014 12
 -0.15 -0.14 -0.13 -0.14 -0.15 -0.18 -0.18 -0.19 -0.20 -0.23 -0.23 -0.21 02052014 00
 -0.20 -0.18 -0.15 -0.17 -0.16 -0.18 -0.17 -0.17 -0.18 -0.21 -0.21 -0.22 02052014 12
 -0.22 -0.22 -0.21 -0.20 -0.20 -0.21 -0.21 -0.20 -0.20 -0.19 -0.20 -0.16 03052014 00
 -0.16 -0.14 -0.12 -0.09 -0.09 -0.08 -0.09 -0.09 -0.08 -0.08 -0.08 -0.07 03052014 12
 -0.09 -0.09 -0.08 -0.08 -0.06 -0.06 -0.06 -0.08 -0.08 -0.07 -0.05 -0.04 04052014 00
 -0.03 -0.04 -0.05 -0.04 -0.03 -0.03 -0.01 -0.01 -0.02 -0.03 -0.03 -0.02 04052014 12
 -0.02 -0.01 -0.01  0.01  0.02  0.03  0.04  0.04  0.04  0.04  0.06  0.09 05052014 00
  0.11  0.13  0.12  0.11  0.11  0.13  0.16  0.19  0.21  0.22  0.24  0.27 05052014 12
  0.29  0.29  0.27  0.25  0.23  0.22  0.19  0.17  0.15  0.11  0.09  0.08 06052014 00
  0.08  0.08  0.11  0.11  0.11  0.13  0.15  0.17  0.19  0.21  0.23  0.27 06052014 12
  0.31  0.31  0.27  0.23  0.19  0.18  0.18  0.18  0.20  0.19  0.17  0.14 07052014 00
  0.15  0.17  0.19  0.20  0.18  0.17  0.17  0.16  0.16  0.17  0.18  0.16 07052014 12
  0.14  0.15  0.12  0.08  0.06  0.04  0.03  0.03  0.03  0.04  0.05  0.05 08052014 00
  0.07  0.10  0.12  0.11  0.11  0.11  0.12  0.11  0.12  0.11  0.11  0.11 08052014 12
  0.11  0.12  0.15  0.19  0.22  0.25  0.27  0.28  0.30  0.27  0.22  0.20 09052014 00
  0.16  0.11  0.04 -0.02 -0.03 -0.02 -0.03 -0.03 -0.02  0.01  0.03  0.03 09052014 12
  0.05  0.06  0.08  0.14  0.20  0.22  0.23  0.23  0.22  0.24  0.28  0.31 10052014 00
  0.34  0.36  0.39  0.43  0.46  0.45  0.41  0.37  0.31  0.28  0.30  0.30 10052014 12
  0.28  0.22  0.15  0.11  0.09  0.05  0.05  0.07  0.06  0.07  0.08  0.09 11052014 00
  0.10  0.10  0.08  0.05  0.02 -0.01 -0.02 -0.04 -0.05 -0.05 -0.04 -0.02 11052014 12
  0.00  0.01  0.01  0.00 -0.02 -0.04 -0.04 -0.03 -0.01 -0.00 -0.00 -0.00 12052014 00
  0.00 -0.00 -0.00 -0.01 -0.01 -0.02 -0.02 -0.02 -0.02 -0.01 -0.01 -0.01 12052014 12
 -0.02 -0.03 -0.04 -0.06 -0.08 -0.11 -0.15 -0.16 -0.17 -0.16 -0.14 -0.13 13052014 00
 -0.14 -0.14 -0.14 -0.14 -0.13 -0.13 -0.13 -0.11 -0.13 -0.13 -0.14 -0.13 13052014 12
 -0.13 -0.13 -0.14 -0.14 -0.15 -0.17 -0.21 -0.26 -0.25 -0.25 -0.23 -0.21 14052014 00
 -0.17 -0.18 -0.18 -0.19 -0.19 -0.19 -0.19 -0.22 -0.21 -0.23 -0.23 -0.22 14052014 12
 -0.18 -0.19 -0.19 -0.21 -0.21 -0.21 -0.22 -0.26 -0.28 -0.26 -0.26 -0.25 15052014 00
 -0.20 -0.18 -0.21 -0.22 -0.22 -0.22 -0.22 -0.25 -0.25 -0.28 -0.27 -0.26 15052014 12
 -0.24 -0.20 -0.23 -0.22 -0.24 -0.23 -0.22 -0.23 -0.26 -0.24 -0.23 -0.23 16052014 00
 -0.21 -0.14 -0.14 -0.13 -0.14 -0.13 -0.11 -0.12 -0.13 -0.15 -0.13 -0.14 16052014 12
 -0.15 -0.13 -0.13 -0.14 -0.15 -0.15 -0.16 -0.19 -0.21 -0.21 -0.21 -0.20 17052014 00
 -0.16 -0.14 -0.10 -0.11 -0.10 -0.09 -0.06 -0.03 -0.02 -0.00  0.01  0.01 17052014 12
 -0.00 -0.01 -0.00  0.01  0.01  0.02  0.01  0.01  0.00 -0.00 -0.00  0.01 18052014 00
  0.03  0.04  0.04  0.04  0.04  0.03  0.03  0.02  0.00 -0.01 -0.00 -0.00 18052014 12
  0.00  0.01  0.02  0.03  0.03  0.03  0.02  0.02  0.02  0.02  0.02  0.03 19052014 00
  0.03  0.05  0.06  0.04  0.04  0.04  0.04  0.04  0.05  0.06  0.08  0.08 19052014 12
  0.07  0.06  0.04  0.03  0.02  0.02  0.02  0.03  0.03  0.03  0.05  0.07 20052014 00
  0.07  0.07  0.06  0.07  0.07  0.07  0.07  0.07  0.07  0.08  0.08  0.09 20052014 12
  0.10  0.08  0.06  0.05  0.04  0.02  0.02  0.01 -0.00 -0.01 -0.01  0.01 21052014 00
  0.04  0.04  0.03  0.02  0.02  0.01  0.01  0.02  0.03  0.03  0.02  0.01 21052014 12
  0.03  0.06  0.08  0.07  0.05  0.04  0.04  0.05  0.05  0.04  0.05  0.06 22052014 00
  0.06  0.05  0.02 -0.00 -0.01 -0.02 -0.04 -0.04 -0.04 -0.06 -0.08 -0.11 22052014 12
 -0.13 -0.13 -0.14 -0.14 -0.16 -0.17 -0.16 -0.16 -0.15 -0.13 -0.15 -0.17 23052014 00
 -0.17 -0.18 -0.20 -0.21 -0.20 -0.19 -0.17 -0.16 -0.17 -0.16 -0.14 -0.14 23052014 12
 -0.14 -0.12 -0.11 -0.12 -0.12 -0.12 -0.14 -0.14 -0.14 -0.14 -0.13 -0.12 24052014 00
 -0.10 -0.08 -0.07 -0.07 -0.07 -0.05 -0.04 -0.04 -0.06 -0.09 -0.09 -0.08 24052014 12
 -0.07 -0.06 -0.06 -0.06 -0.09 -0.10 -0.09 -0.09 -0.08 -0.06 -0.06 -0.04 25052014 00
 -0.04 -0.04 -0.04 -0.04 -0.03 -0.02 -0.02 -0.03 -0.04 -0.05 -0.05 -0.04 25052014 12
 -0.03 -0.03 -0.04 -0.06 -0.06 -0.06 -0.06 -0.07 -0.09 -0.09 -0.08 -0.07 26052014 00
 -0.06 -0.06 -0.06 -0.06 -0.06 -0.06 -0.06 -0.06 -0.07 -0.07 -0.06 -0.05 26052014 12
 -0.05 -0.05 -0.06 -0.06 -0.07 -0.08 -0.10 -0.10 -0.10 -0.09 -0.09 -0.07 27052014 00
 -0.07 -0.07 -0.07 -0.06 -0.06 -0.05 -0.06 -0.07 -0.07 -0.07 -0.06 -0.06 27052014 12
 -0.05 -0.05 -0.05 -0.04 -0.04 -0.05 -0.06 -0.08 -0.07 -0.06 -0.05 -0.03 28052014 00
 -0.02 -0.03 -0.03 -0.04 -0.04 -0.04 -0.04 -0.06 -0.07 -0.08 -0.08 -0.07 28052014 12
 -0.05 -0.06 -0.07 -0.08 -0.08 -0.09 -0.10 -0.12 -0.13 -0.14 -0.13 -0.12 29052014 00
 -0.10 -0.09 -0.10 -0.10 -0.11 -0.11 -0.11 -0.12 -0.15 -0.14 -0.15 -0.15 29052014 12
 -0.14 -0.13 -0.15 -0.15 -0.16 -0.16 -0.16 -0.17 -0.18 -0.20 -0.18 -0.18 30052014 00
 -0.16 -0.14 -0.15 -0.16 -0.17 -0.16 -0.15 -0.16 -0.18 -0.18 -0.19 -0.17 30052014 12
 -0.16 -0.14 -0.14 -0.13 -0.14 -0.14 -0.14 -0.14 -0.15 -0.17 -0.15 -0.16 31052014 00
 -0.15 -0.14 -0.11 -0.12 -0.11 -0.12 -0.12 -0.12 -0.12 -0.13 -0.12 -0.11 31052014 12
 -0.12 -0.11 -0.09 -0.10 -0.10 -0.10 -0.10 -0.09 -0.10 -0.12 -0.11 -0.11 01062014 00
 -0.09 -0.07 -0.06 -0.05 -0.04 -0.05 -0.05 -0.04 -0.04 -0.04 -0.04 -0.03 01062014 12
 -0.04 -0.03 -0.02 -0.01 -0.00 -0.00 -0.01 -0.02 -0.03 -0.05 -0.06 -0.06 02062014 00
 -0.06 -0.05 -0.06 -0.06 -0.07 -0.06 -0.06 -0.06 -0.06 -0.07 -0.07 -0.06 02062014 12
 -0.05 -0.05 -0.04 -0.03 -0.02 -0.01 -0.01 -0.01 -0.00  0.00  0.01  0.01 03062014 00
  0.01  0.00 -0.00 -0.01 -0.00  0.00 -0.00 -0.00 -0.00 -0.01 -0.01 -0.01 03062014 12
 -0.01 -0.00  0.00  0.00  0.00 -0.00 -0.00 -0.00 -0.00  0.00  0.00 -0.01 04062014 00
 -0.01 -0.00  0.01  0.03  0.03  0.03  0.02  0.02  0.04  0.05  0.04  0.01 04062014 12
 -0.01 -0.02 -0.01 -0.00 -0.00 -0.01 -0.01 -0.00  0.01  0.02  0.02  0.02 05062014 00
  0.03  0.04  0.04  0.03  0.04  0.06  0.08  0.08  0.06  0.05  0.04  0.04 05062014 12
  0.04  0.04  0.04  0.03  0.03  0.03  0.02  0.01  0.01  0.00  0.00  0.02 06062014 00
  0.05  0.08  0.09  0.06  0.02  0.01  0.01  0.03  0.06  0.07  0.07  0.08 06062014 12
  0.10  0.11  0.12  0.12  0.12  0.10  0.08  0.08  0.08  0.08  0.09  0.11 07062014 00
  0.12  0.14  0.15  0.14  0.15  0.15  0.12  0.11  0.11  0.10  0.10  0.09 07062014 12
  0.07  0.05  0.05  0.06  0.06  0.05  0.03  0.04  0.06  0.08  0.09  0.11 08062014 00
  0.12  0.12  0.12  0.12  0.10  0.07  0.05  0.03  0.02  0.01  0.00  0.00 08062014 12
  0.01  0.01  0.00  0.00  0.00 -0.00 -0.01 -0.02 -0.02 -0.03 -0.02 -0.01 09062014 00
 -0.00 -0.01 -0.02 -0.02 -0.01  0.00  0.00  0.01  0.02  0.03  0.04  0.04 09062014 12
  0.05  0.06  0.06  0.06  0.06  0.06  0.06  0.05  0.04  0.04  0.05  0.06 10062014 00
  0.06  0.06  0.06  0.07  0.07  0.07  0.07  0.05  0.05  0.03  0.03  0.03 10062014 12
  0.04  0.04  0.02  0.01 -0.01 -0.01 -0.03 -0.04 -0.06 -0.06 -0.08 -0.09 11062014 00
 -0.09 -0.08 -0.09 -0.10 -0.11 -0.12 -0.13 -0.14 -0.15 -0.16 -0.15 -0.13 11062014 12
 -0.14 -0.13 -0.14 -0.15 -0.14 -0.15 -0.18 -0.19 -0.20 -0.19 -0.17 -0.14 12062014 00
 -0.12 -0.13 -0.14 -0.14 -0.13 -0.14 -0.15 -0.15 -0.15 -0.14 -0.13 -0.12 12062014 12
 -0.10 -0.11 -0.11 -0.12 -0.12 -0.12 -0.14 -0.18 -0.19 -0.19 -0.17 -0.15 13062014 00
 -0.10 -0.11 -0.12 -0.14 -0.14 -0.13 -0.14 -0.16 -0.18 -0.16 -0.15 -0.16 13062014 12
 -0.12 -0.11 -0.12 -0.13 -0.14 -0.13 -0.14 -0.18 -0.20 -0.22 -0.21 -0.20 14062014 00
 -0.19 -0.15 -0.17 -0.17 -0.19 -0.18 -0.18 -0.18 -0.21 -0.21 -0.19 -0.20 14062014 12
 -0.19 -0.15 -0.16 -0.17 -0.18 -0.17 -0.17 -0.19 -0.24 -0.26 -0.25 -0.23 15062014 00
 -0.23 -0.20 -0.17 -0.20 -0.19 -0.20 -0.18 -0.18 -0.19 -0.21 -0.21 -0.22 15062014 12
 -0.21 -0.20 -0.18 -0.21 -0.20 -0.22 -0.21 -0.21 -0.22 -0.26 -0.29 -0.24 16062014 00
 -0.23 -0.23 -0.19 -0.17 -0.19 -0.18 -0.19 -0.18 -0.19 -0.23 -0.24 -0.24 16062014 12
 -0.23 -0.23 -0.22 -0.18 -0.20 -0.20 -0.21 -0.20 -0.20 -0.20 -0.22 -0.21 17062014 00
 -0.18 -0.20 -0.20 -0.17 -0.17 -0.18 -0.18 -0.18 -0.18 -0.19 -0.21 -0.21 17062014 12
 -0.21 -0.20 -0.19 -0.17 -0.15 -0.17 -0.17 -0.18 -0.17 -0.16 -0.16 -0.17 18062014 00
 -0.17 -0.18 -0.18 -0.17 -0.14 -0.14 -0.12 -0.13 -0.12 -0.12 -0.13 -0.16 18062014 12
 -0.16 -0.13 -0.14 -0.12 -0.11 -0.13 -0.12 -0.15 -0.16 -0.16 -0.16 -0.18 19062014 00
 -0.20 -0.20 -0.18 -0.18 -0.17 -0.15 -0.16 -0.16 -0.19 -0.17 -0.14 -0.13 19062014 12
 -0.15 -0.16 -0.16 -0.16 -0.16 -0.14 -0.14 -0.15 -0.16 -0.16 -0.15 -0.15 20062014 00
 -0.16 -0.16 -0.14 -0.15 -0.13 -0.11 -0.10 -0.10 -0.09 -0.09 -0.08 -0.06 20062014 12
 -0.05 -0.08 -0.09 -0.10 -0.10 -0.09 -0.10 -0.11 -0.12 -0.12 -0.12 -0.11 21062014 00
 -0.10 -0.09 -0.10 -0.10 -0.11 -0.11 -0.10 -0.09 -0.09 -0.09 -0.09 -0.08 21062014 12
 -0.08 -0.08 -0.11 -0.14 -0.13 -0.12 -0.12 -0.13 -0.13 -0.14 -0.14 -0.14 22062014 00
 -0.12 -0.11 -0.11 -0.12 -0.13 -0.13 -0.13 -0.12 -0.10 -0.10 -0.11 -0.11 22062014 12
 -0.11 -0.10 -0.10 -0.12 -0.13 -0.13 -0.13 -0.13 -0.12 -0.12 -0.12 -0.12 23062014 00
 -0.12 -0.13 -0.13 -0.15 -0.18 -0.19 -0.17 -0.15 -0.14 -0.12 -0.12 -0.11 23062014 12
 -0.10 -0.10 -0.10 -0.10 -0.10 -0.12 -0.13 -0.14 -0.13 -0.11 -0.10 -0.10 24062014 00
 -0.10 -0.11 -0.10 -0.08 -0.08 -0.10 -0.12 -0.12 -0.12 -0.11 -0.09 -0.09 24062014 12
 -0.09 -0.10 -0.10 -0.10 -0.11 -0.12 -0.14 -0.13 -0.14 -0.12 -0.10 -0.08 25062014 00
 -0.06 -0.05 -0.06 -0.05 -0.05 -0.04 -0.05 -0.06 -0.06 -0.06 -0.06 -0.06 25062014 12
 -0.05 -0.05 -0.07 -0.08 -0.08 -0.07 -0.05 -0.06 -0.08 -0.09 -0.09 -0.07 26062014 00
 -0.06 -0.05 -0.05 -0.06 -0.06 -0.05 -0.04 -0.04 -0.03 -0.03 -0.03 -0.04 26062014 12
 -0.04 -0.04 -0.03 -0.03 -0.03 -0.04 -0.04 -0.04 -0.04 -0.05 -0.06 -0.05 27062014 00
 -0.04 -0.03 -0.02 -0.03 -0.04 -0.04 -0.04 -0.03 -0.02 -0.01 -0.02 -0.02 27062014 12
 -0.03 -0.04 -0.03 -0.03 -0.03 -0.05 -0.06 -0.07 -0.06 -0.06 -0.06 -0.06 28062014 00
 -0.04 -0.04 -0.05 -0.04 -0.04 -0.04 -0.04 -0.05 -0.06 -0.05 -0.05 -0.06 28062014 12
 -0.06 -0.06 -0.06 -0.06 -0.07 -0.08 -0.08 -0.08 -0.10 -0.10 -0.09 -0.08 29062014 00
 -0.06 -0.05 -0.06 -0.06 -0.06 -0.06 -0.06 -0.07 -0.07 -0.08 -0.08 -0.09 29062014 12
 -0.08 -0.06 -0.06 -0.06 -0.07 -0.09 -0.09 -0.09 -0.09 -0.08 -0.07 -0.06 30062014 00
 -0.06 -0.06 -0.05 -0.05 -0.05 -0.05 -0.06 -0.06 -0.05 -0.04 -0.03 -0.04 30062014 12
 -0.05 -0.05 -0.04 -0.04 -0.03 -0.05 -0.06 -0.06 -0.06 -0.06 -0.07 -0.06 01072014 00
 -0.07 -0.07 -0.07 -0.07 -0.08 -0.08 -0.07 -0.06 -0.04 -0.04 -0.05 -0.07 01072014 12
 -0.07 -0.06 -0.05 -0.04 -0.05 -0.05 -0.05 -0.05 -0.05 -0.05 -0.04 -0.03 02072014 00
 -0.04 -0.04 -0.03 -0.00  0.03  0.04  0.05  0.07  0.10  0.12  0.09  0.06 02072014 12
  0.05  0.04  0.04  0.04  0.02 -0.00 -0.01 -0.01 -0.01 -0.02 -0.03 -0.04 03072014 00
 -0.04 -0.04 -0.06 -0.04  0.05  0.08  0.07  0.06  0.07  0.09  0.12  0.12 03072014 12
  0.12  0.11  0.10  0.09  0.11  0.14  0.16  0.18  0.18  0.17  0.17  0.20 04072014 00
  0.23  0.21  0.19  0.19  0.19  0.22  0.24  0.24  0.22  0.18  0.12  0.11 04072014 12
  0.10  0.06  0.07  0.08  0.07  0.06  0.07  0.08  0.10  0.11  0.10  0.08 05072014 00
  0.08  0.07  0.06  0.05  0.05  0.07  0.10  0.13  0.14  0.15  0.13  0.11 05072014 12
  0.08  0.08  0.08  0.08  0.06  0.05  0.05  0.05  0.06  0.07  0.06  0.05 06072014 00
  0.05  0.04  0.02  0.02  0.03  0.06  0.09  0.11  0.12  0.11  0.09  0.08 06072014 12
  0.06  0.03  0.00 -0.02 -0.03 -0.03 -0.02 -0.02 -0.01  0.00  0.00 -0.00 07072014 00
 -0.01 -0.03 -0.06 -0.07 -0.07 -0.06 -0.04 -0.02 -0.01  0.00 -0.01 -0.03 07072014 12
 -0.04 -0.04 -0.05 -0.05 -0.05 -0.06 -0.05 -0.02  0.00  0.02  0.01 -0.01 08072014 00
 -0.03 -0.06 -0.09 -0.12 -0.14 -0.14 -0.13 -0.11 -0.09 -0.09 -0.10 -0.11 08072014 12
 -0.12 -0.12 -0.13 -0.16 -0.20 -0.21 -0.22 -0.20 -0.17 -0.14 -0.14 -0.14 09072014 00
 -0.16 -0.18 -0.16 -0.15 -0.17 -0.19 -0.19 -0.17 -0.12 -0.08 -0.08 -0.09 09072014 12
 -0.11 -0.13 -0.14 -0.15 -0.17 -0.19 -0.19 -0.17 -0.15 -0.11 -0.08 -0.07 10072014 00
 -0.08 -0.11 -0.13 -0.13 -0.15 -0.18 -0.18 -0.16 -0.15 -0.11 -0.07 -0.07 10072014 12
 -0.08 -0.11 -0.12 -0.12 -0.13 -0.15 -0.17 -0.17 -0.15 -0.14 -0.11 -0.07 11072014 00
 -0.09 -0.10 -0.13 -0.14 -0.14 -0.16 -0.16 -0.14 -0.12 -0.11 -0.10 -0.07 11072014 12
 -0.06 -0.06 -0.07 -0.09 -0.10 -0.11 -0.11 -0.11 -0.09 -0.08 -0.06 -0.03 12072014 00
  0.01  0.01  0.00 -0.02 -0.02 -0.03 -0.03 -0.01  0.02  0.03  0.03  0.05 12072014 12
  0.07  0.09  0.10  0.09  0.07  0.05  0.03  0.00 -0.02 -0.01  0.00  0.01 13072014 00
  0.01  0.00 -0.00  0.00 -0.00 -0.02 -0.04 -0.06 -0.06 -0.05 -0.05 -0.03 13072014 12
 -0.01  0.01  0.01  0.00 -0.02 -0.03 -0.04 -0.05 -0.05 -0.04 -0.02  0.00 14072014 00
  0.03  0.07  0.12  0.15  0.16  0.16  0.18  0.21  0.26  0.26  0.24  0.18 14072014 12
  0.11  0.06  0.00  0.02  0.01 -0.00 -0.04 -0.07 -0.10 -0.15 -0.17 -0.14 15072014 00
 -0.10 -0.09 -0.05 -0.04 -0.05 -0.06 -0.07 -0.07 -0.09 -0.10 -0.10 -0.08 15072014 12
 -0.08 -0.08 -0.05 -0.02 -0.02 -0.01 -0.03 -0.03 -0.01  0.00  0.05  0.07 16072014 00
  0.08  0.08  0.09  0.08  0.10  0.12  0.11  0.08  0.04 -0.01 -0.06 -0.11 16072014 12
 -0.11 -0.09 -0.10 -0.10 -0.10 -0.12 -0.12 -0.13 -0.13 -0.14 -0.15 -0.13 17072014 00
 -0.13 -0.12 -0.11 -0.11 -0.08 -0.08 -0.07 -0.09 -0.10 -0.11 -0.14 -0.17 17072014 12
 -0.18 -0.13 -0.11 -0.08 -0.04 -0.06 -0.05 -0.07 -0.07 -0.07 -0.07 -0.06 18072014 00
 -0.04 -0.03 -0.05 -0.04 -0.02  0.00  0.01 -0.01 -0.01 -0.00  0.01  0.02 18072014 12
  0.01  0.01  0.01  0.03  0.03  0.03  0.04  0.04  0.04  0.02  0.00 -0.01 19072014 00
 -0.00 -0.00  0.02  0.03  0.03  0.04  0.04  0.05  0.06  0.06  0.05  0.04 19072014 12
  0.02  0.02  0.03  0.05  0.05  0.03  0.02  0.03  0.03  0.03  0.02  0.01 20072014 00
  0.01 -0.00 -0.00  0.00  0.01  0.02  0.03  0.03  0.02  0.02  0.02  0.01 20072014 12
 -0.01 -0.04 -0.06 -0.06 -0.06 -0.06 -0.06 -0.07 -0.06 -0.06 -0.07 -0.07 21072014 00
 -0.08 -0.09 -0.11 -0.11 -0.10 -0.09 -0.07 -0.05 -0.05 -0.06 -0.06 -0.06 21072014 12
 -0.07 -0.07 -0.09 -0.11 -0.12 -0.12 -0.11 -0.10 -0.10 -0.10 -0.10 -0.10 22072014 00
 -0.10 -0.11 -0.12 -0.15 -0.16 -0.14 -0.12 -0.10 -0.09 -0.09 -0.10 -0.10 22072014 12
 -0.10 -0.11 -0.12 -0.13 -0.15 -0.16 -0.15 -0.14 -0.13 -0.13 -0.13 -0.13 23072014 00
 -0.13 -0.13 -0.12 -0.12 -0.12 -0.11 -0.10 -0.09 -0.10 -0.10 -0.10 -0.11 23072014 12
 -0.10 -0.10 -0.10 -0.10 -0.12 -0.13 -0.13 -0.12 -0.11 -0.11 -0.10 -0.10 24072014 00
 -0.10 -0.10 -0.11 -0.11 -0.11 -0.10 -0.11 -0.10 -0.10 -0.11 -0.11 -0.11 24072014 12
 -0.11 -0.10 -0.10 -0.11 -0.11 -0.11 -0.11 -0.10 -0.10 -0.10 -0.10 -0.10 25072014 00
 -0.09 -0.09 -0.09 -0.10 -0.10 -0.09 -0.09 -0.09 -0.08 -0.09 -0.09 -0.08 25072014 12
 -0.07 -0.07 -0.07 -0.07 -0.07 -0.07 -0.08 -0.09 -0.08 -0.07 -0.06 -0.05 26072014 00
 -0.03 -0.03 -0.03 -0.03 -0.03 -0.03 -0.04 -0.05 -0.05 -0.04 -0.04 -0.05 26072014 12
 -0.06 -0.07 -0.06 -0.05 -0.05 -0.05 -0.06 -0.09 -0.11 -0.10 -0.08 -0.06 27072014 00
 -0.04 -0.04 -0.04 -0.03 -0.01 -0.01 -0.02 -0.05 -0.07 -0.06 -0.05 -0.05 27072014 12
 -0.05 -0.05 -0.07 -0.07 -0.07 -0.08 -0.10 -0.14 -0.17 -0.18 -0.17 -0.16 28072014 00
 -0.15 -0.14 -0.15 -0.14 -0.14 -0.13 -0.13 -0.14 -0.17 -0.16 -0.16 -0.12 28072014 12
 -0.10 -0.07 -0.08 -0.08 -0.09 -0.08 -0.08 -0.09 -0.12 -0.13 -0.11 -0.10 29072014 00
 -0.07 -0.05 -0.04 -0.05 -0.05 -0.04 -0.04 -0.05 -0.09 -0.13 -0.13 -0.12 29072014 12
 -0.11 -0.08 -0.06 -0.06 -0.05 -0.04 -0.04 -0.03 -0.03 -0.05 -0.06 -0.04 30072014 00
 -0.02 -0.01  0.01  0.01  0.00  0.01  0.03  0.03  0.00 -0.02 -0.03 -0.03 30072014 12
 -0.03 -0.02 -0.00  0.03  0.03  0.02  0.01  0.02  0.01 -0.00 -0.01 -0.02 31072014 00
 -0.01 -0.01 -0.00  0.02  0.04  0.05  0.05  0.05  0.05  0.06  0.06  0.04 31072014 12
  0.04  0.03  0.04  0.05  0.06  0.06  0.06  0.05  0.04  0.03  0.03  0.02 01082014 00
  0.04  0.05  0.05  0.06  0.07  0.07  0.08  0.07  0.07  0.06  0.04  0.03 01082014 12
  0.02  0.03  0.05  0.06  0.07  0.08  0.07  0.05  0.04  0.03  0.01 -0.00 02082014 00
 -0.00  0.03  0.05  0.07  0.10  0.12  0.13  0.13  0.13  0.13  0.11  0.10 02082014 12
  0.10  0.11  0.12  0.12  0.13  0.13  0.14  0.16  0.16  0.16  0.15  0.15 03082014 00
  0.13  0.11  0.10  0.09  0.09  0.12  0.13  0.12  0.12  0.13  0.11  0.06 03082014 12
  0.05  0.05  0.04  0.02  0.00  0.01  0.04  0.05  0.03 -0.00 -0.03 -0.05 04082014 00
 -0.06 -0.07 -0.08 -0.08 -0.07 -0.05 -0.02 -0.00  0.00 -0.00 -0.02 -0.03 04082014 12
 -0.04 -0.05 -0.05 -0.05 -0.05 -0.04 -0.02  0.00  0.00 -0.01 -0.03 -0.05 05082014 00
 -0.06 -0.06 -0.06 -0.06 -0.04 -0.00  0.05  0.08  0.09  0.09  0.07  0.06 05082014 12
  0.05  0.04  0.03  0.04  0.05  0.05  0.06  0.09  0.09  0.09  0.09  0.07 06082014 00
  0.05  0.03  0.01  0.00  0.01  0.02  0.04  0.06  0.08  0.11  0.11  0.06 06082014 12
  0.01 -0.02 -0.05 -0.07 -0.09 -0.09 -0.09 -0.08 -0.07 -0.07 -0.05 -0.05 07082014 00
 -0.05 -0.05 -0.06 -0.07 -0.07 -0.06 -0.04 -0.01  0.01  0.02  0.01 -0.01 07082014 12
 -0.03 -0.04 -0.04 -0.05 -0.06 -0.05 -0.04 -0.04 -0.03  0.00  0.03  0.05 08082014 00
  0.04  0.04  0.04  0.05  0.04  0.05  0.07  0.09  0.10  0.10  0.09  0.10 08082014 12
  0.10  0.10  0.09  0.09  0.09  0.08  0.07  0.07  0.09  0.11  0.13  0.14 09082014 00
  0.13  0.11  0.09  0.09  0.08  0.09  0.09  0.09  0.09  0.10  0.10  0.09 09082014 12
  0.10  0.11  0.13  0.14  0.14  0.17  0.22  0.22  0.21  0.18  0.16  0.12 10082014 00
  0.08  0.09  0.10  0.15  0.20  0.27  0.34  0.34  0.31  0.30  0.33  0.33 10082014 12
  0.29  0.33  0.30  0.29  0.25  0.21  0.17  0.14  0.16  0.15  0.18  0.20 11082014 00
  0.16  0.17  0.20  0.22  0.23  0.19  0.17  0.17  0.11  0.12  0.14  0.16 11082014 12
  0.16  0.14  0.17  0.17  0.17  0.16  0.15  0.14  0.14  0.13  0.14  0.15 12082014 00
  0.17  0.14  0.16  0.17  0.19  0.18  0.15  0.14  0.15  0.16  0.11  0.11 12082014 12
  0.13  0.12  0.14  0.16  0.17  0.17  0.15  0.12  0.11  0.08  0.07  0.06 13082014 00
  0.08  0.09  0.07  0.07  0.07  0.08  0.06  0.02 -0.02 -0.04 -0.04 -0.03 13082014 12
 -0.02 -0.02 -0.01 -0.01 -0.00 -0.00 -0.01 -0.02 -0.04 -0.06 -0.06 -0.04 14082014 00
 -0.01  0.00  0.02  0.03  0.03  0.03  0.02  0.01 -0.00 -0.04 -0.07 -0.09 14082014 12
 -0.09 -0.08 -0.07 -0.06 -0.06 -0.06 -0.08 -0.09 -0.11 -0.13 -0.16 -0.18 15082014 00
 -0.13 -0.10 -0.08 -0.06 -0.04 -0.05 -0.06 -0.06 -0.06 -0.09 -0.14 -0.15 15082014 12
 -0.13 -0.12 -0.11 -0.08 -0.05 -0.03 -0.02 -0.04 -0.03 -0.02 -0.02 -0.01 16082014 00
  0.01  0.03  0.04  0.05  0.05  0.07  0.08  0.08  0.09  0.12  0.11  0.09 16082014 12
  0.08  0.10  0.13  0.14  0.13  0.15  0.16  0.17  0.15  0.16  0.17  0.15 17082014 00
  0.11  0.09  0.09  0.12  0.12  0.13  0.14  0.17  0.20  0.22  0.20  0.15 17082014 12
  0.08  0.04  0.01 -0.00  0.00 -0.02 -0.06 -0.08 -0.08 -0.08 -0.08 -0.10 18082014 00
 -0.11 -0.12 -0.10 -0.08 -0.05 -0.02  0.01  0.02  0.03  0.03  0.02  0.03 18082014 12
  0.02  0.01  0.01  0.02  0.05  0.04  0.01 -0.01 -0.02 -0.03 -0.03 -0.04 19082014 00
 -0.04 -0.05 -0.07 -0.07 -0.06 -0.05 -0.04 -0.04 -0.04 -0.04 -0.06 -0.08 19082014 12
 -0.08 -0.08 -0.07 -0.05 -0.04 -0.05 -0.05 -0.06 -0.05 -0.05 -0.05 -0.04 20082014 00
 -0.05 -0.05 -0.06 -0.07 -0.07 -0.07 -0.05 -0.05 -0.05 -0.05 -0.06 -0.06 20082014 12
 -0.05 -0.04 -0.02  0.00  0.03  0.04  0.05  0.05  0.05  0.08  0.11  0.12 21082014 00
  0.14  0.14  0.14  0.12  0.10  0.11  0.12  0.10  0.09  0.08  0.06  0.05 21082014 12
  0.03  0.02  0.01 -0.01 -0.03 -0.04 -0.06 -0.08 -0.08 -0.08 -0.07 -0.05 22082014 00
 -0.05 -0.05 -0.04 -0.03 -0.03 -0.04 -0.05 -0.03 -0.01 -0.01 -0.03 -0.04 22082014 12
 -0.02 -0.00  0.01 -0.00 -0.02 -0.04 -0.05 -0.05 -0.05 -0.04 -0.03 -0.03 23082014 00
 -0.03 -0.03 -0.03 -0.02 -0.03 -0.04 -0.05 -0.05 -0.05 -0.06 -0.07 -0.06 23082014 12
 -0.06 -0.04 -0.03 -0.04 -0.06 -0.08 -0.09 -0.09 -0.09 -0.08 -0.06 -0.05 24082014 00
 -0.03 -0.01  0.00  0.01  0.02  0.02  0.03  0.05  0.05  0.03  0.01  0.01 24082014 12
  0.03  0.05  0.04  0.02 -0.02 -0.04 -0.05 -0.04 -0.03 -0.03 -0.03 -0.02 25082014 00
  0.00  0.04  0.05  0.04  0.01 -0.00 -0.00  0.01  0.03  0.04  0.05  0.05 25082014 12
  0.05  0.04  0.03  0.02  0.01 -0.02 -0.06 -0.09 -0.10 -0.10 -0.11 -0.12 26082014 00
 -0.09 -0.07 -0.08 -0.08 -0.08 -0.08 -0.08 -0.08 -0.08 -0.08 -0.10 -0.12 26082014 12
 -0.10 -0.07 -0.07 -0.07 -0.09 -0.10 -0.10 -0.12 -0.13 -0.15 -0.14 -0.13 27082014 00
 -0.11 -0.07 -0.06 -0.06 -0.06 -0.06 -0.03  0.03  0.10  0.12  0.08  0.04 27082014 12
  0.04  0.03  0.05  0.08  0.08  0.09  0.11  0.14  0.17  0.21  0.20  0.22 28082014 00
  0.21  0.19  0.19  0.21  0.20  0.20  0.19  0.16  0.14  0.11  0.09  0.08 28082014 12
  0.12  0.13  0.19  0.26  0.28  0.30  0.30  0.31  0.35  0.36  0.30  0.29 29082014 00
  0.28  0.25  0.22  0.24  0.21  0.25  0.24  0.20  0.16  0.12  0.09  0.07 29082014 12
  0.12  0.06  0.05  0.07  0.07  0.10  0.08  0.05  0.01 -0.02 -0.03 -0.05 30082014 00
 -0.04 -0.01  0.00  0.03  0.04  0.04  0.04  0.03  0.00 -0.05 -0.09 -0.09 30082014 12
 -0.08 -0.07 -0.05 -0.02 -0.02 -0.03 -0.04 -0.06 -0.06 -0.08 -0.10 -0.09 31082014 00
 -0.08 -0.07 -0.06 -0.04 -0.03 -0.01 -0.02 -0.03 -0.02 -0.01  0.00  0.00 31082014 12
  0.02  0.05  0.06  0.08  0.08  0.07  0.07  0.05  0.01 -0.04 -0.10 -0.16 01092014 00
 -0.17 -0.16 -0.15 -0.13 -0.11 -0.10 -0.10 -0.12 -0.12 -0.12 -0.14 -0.16 01092014 12
 -0.17 -0.16 -0.16 -0.14 -0.11 -0.10 -0.10 -0.11 -0.12 -0.14 -0.15 -0.17 02092014 00
 -0.18 -0.17 -0.16 -0.15 -0.12 -0.09 -0.09 -0.10 -0.12 -0.13 -0.14 -0.14 02092014 12
 -0.15 -0.15 -0.16 -0.16 -0.14 -0.11 -0.10 -0.09 -0.10 -0.11 -0.13 -0.13 03092014 00
 -0.15 -0.16 -0.15 -0.14 -0.12 -0.09 -0.07 -0.07 -0.08 -0.09 -0.10 -0.10 03092014 12
 -0.11 -0.12 -0.12 -0.12 -0.12 -0.11 -0.09 -0.08 -0.09 -0.09 -0.10 -0.09 04092014 00
 -0.09 -0.10 -0.11 -0.12 -0.11 -0.09 -0.07 -0.04 -0.03 -0.05 -0.06 -0.07 04092014 12
 -0.06 -0.05 -0.06 -0.07 -0.07 -0.06 -0.06 -0.05 -0.04 -0.04 -0.04 -0.05 05092014 00
 -0.05 -0.06 -0.07 -0.09 -0.09 -0.08 -0.07 -0.05 -0.02 -0.01 -0.03 -0.04 05092014 12
 -0.04 -0.05 -0.04 -0.04 -0.06 -0.06 -0.06 -0.05 -0.04 -0.04 -0.05 -0.05 06092014 00
 -0.05 -0.06 -0.07 -0.07 -0.08 -0.08 -0.08 -0.08 -0.06 -0.03 -0.02 -0.02 06092014 12
 -0.03 -0.04 -0.05 -0.05 -0.06 -0.07 -0.08 -0.09 -0.08 -0.06 -0.05 -0.05 07092014 00
 -0.06 -0.08 -0.08 -0.09 -0.09 -0.10 -0.12 -0.11 -0.10 -0.09 -0.06 -0.04 07092014 12
 -0.04 -0.05 -0.07 -0.09 -0.10 -0.11 -0.12 -0.13 -0.10 -0.10 -0.09 -0.06 08092014 00
 -0.06 -0.08 -0.08 -0.08 -0.08 -0.09 -0.10 -0.09 -0.10 -0.10 -0.09 -0.07 08092014 12
 -0.05 -0.07 -0.08 -0.09 -0.09 -0.10 -0.12 -0.14 -0.14 -0.12 -0.10 -0.09 09092014 00
 -0.05 -0.04 -0.05 -0.07 -0.08 -0.09 -0.11 -0.15 -0.17 -0.14 -0.12 -0.10 09092014 12
 -0.06 -0.05 -0.06 -0.07 -0.08 -0.09 -0.10 -0.13 -0.13 -0.13 -0.11 -0.09 10092014 00
 -0.07 -0.03 -0.04 -0.04 -0.06 -0.06 -0.07 -0.09 -0.12 -0.12 -0.09 -0.08 10092014 12
 -0.07 -0.04 -0.04 -0.04 -0.06 -0.06 -0.07 -0.08 -0.10 -0.12 -0.11 -0.09 11092014 00
 -0.07 -0.05 -0.03 -0.05 -0.05 -0.07 -0.07 -0.09 -0.12 -0.13 -0.13 -0.10 11092014 12
 -0.09 -0.08 -0.05 -0.06 -0.06 -0.08 -0.09 -0.10 -0.13 -0.16 -0.17 -0.13 12092014 00
 -0.11 -0.09 -0.05 -0.05 -0.07 -0.08 -0.09 -0.09 -0.11 -0.14 -0.15 -0.12 12092014 12
 -0.10 -0.11 -0.08 -0.07 -0.09 -0.09 -0.11 -0.11 -0.13 -0.17 -0.20 -0.19 13092014 00
 -0.17 -0.14 -0.12 -0.09 -0.10 -0.10 -0.12 -0.12 -0.13 -0.16 -0.19 -0.19 13092014 12
 -0.17 -0.17 -0.16 -0.12 -0.13 -0.14 -0.15 -0.15 -0.16 -0.17 -0.19 -0.20 14092014 00
 -0.17 -0.17 -0.16 -0.13 -0.11 -0.11 -0.11 -0.13 -0.13 -0.14 -0.15 -0.15 14092014 12
 -0.13 -0.11 -0.11 -0.10 -0.08 -0.09 -0.10 -0.11 -0.11 -0.10 -0.09 -0.10 15092014 00
 -0.08 -0.07 -0.06 -0.05 -0.05 -0.04 -0.03 -0.04 -0.04 -0.05 -0.05 -0.06 15092014 12
 -0.07 -0.06 -0.05 -0.04 -0.04 -0.04 -0.05 -0.06 -0.06 -0.06 -0.06 -0.06 16092014 00
 -0.06 -0.05 -0.05 -0.04 -0.04 -0.05 -0.06 -0.05 -0.05 -0.05 -0.05 -0.04 16092014 12
 -0.04 -0.04 -0.04 -0.03 -0.03 -0.02 -0.02 -0.02 -0.04 -0.04 -0.04 -0.02 17092014 00
 -0.01 -0.00  0.01  0.02  0.02  0.01  0.01  0.02  0.04  0.05  0.04  0.04 17092014 12
  0.03  0.04  0.06  0.05  0.03  0.02  0.02  0.01 -0.00 -0.00 -0.00  0.00 18092014 00
  0.02  0.04  0.05  0.05  0.03  0.03  0.02  0.03  0.04  0.04  0.03  0.03 18092014 12
  0.03  0.03  0.01 -0.00  0.00  0.01  0.00 -0.01 -0.01 -0.01 -0.00  0.01 19092014 00
  0.02  0.03  0.03  0.02  0.01  0.01 -0.00 -0.00 -0.00 -0.01 -0.01  0.01 19092014 12
  0.02  0.02  0.01 -0.01 -0.02 -0.03 -0.02 -0.01 -0.02 -0.05 -0.06 -0.06 20092014 00
 -0.05 -0.05 -0.06 -0.09 -0.13 -0.16 -0.18 -0.17 -0.16 -0.14 -0.15 -0.16 20092014 12
 -0.17 -0.15 -0.14 -0.13 -0.14 -0.16 -0.18 -0.17 -0.16 -0.16 -0.13 -0.11 21092014 00
 -0.10 -0.09 -0.09 -0.10 -0.11 -0.12 -0.13 -0.12 -0.12 -0.12 -0.10 -0.10 21092014 12
 -0.10 -0.10 -0.09 -0.09 -0.09 -0.11 -0.13 -0.15 -0.14 -0.13 -0.09 -0.06 22092014 00
 -0.06 -0.05 -0.05 -0.06 -0.05 -0.06 -0.09 -0.10 -0.10 -0.09 -0.07 -0.03 22092014 12
 -0.01 -0.01 -0.01 -0.01 -0.01 -0.02 -0.06 -0.09 -0.10 -0.08 -0.06 -0.04 23092014 00
  0.00  0.02  0.02  0.02  0.02  0.03  0.02  0.01  0.02  0.02  0.04  0.05 23092014 12
  0.06  0.09  0.12  0.13  0.13  0.10  0.05 -0.02 -0.04 -0.03 -0.03 -0.03 24092014 00
 -0.02 -0.04 -0.04 -0.05 -0.06 -0.07 -0.10 -0.14 -0.14 -0.14 -0.11 -0.07 24092014 12
 -0.01 -0.00 -0.01 -0.01 -0.01  0.00  0.01  0.00 -0.01 -0.01  0.02  0.04 25092014 00
  0.07  0.08  0.08  0.07  0.06  0.05  0.02 -0.02 -0.06 -0.06 -0.04 -0.01 25092014 12
  0.02  0.06  0.09  0.10  0.10  0.09  0.10  0.11  0.10  0.09  0.04  0.01 26092014 00
 -0.00 -0.01 -0.00 -0.02 -0.02 -0.06 -0.10 -0.15 -0.20 -0.23 -0.23 -0.18 26092014 12
 -0.15 -0.09 -0.06 -0.08 -0.09 -0.09 -0.09 -0.10 -0.11 -0.13 -0.11 -0.10 27092014 00
 -0.08 -0.05 -0.02 -0.03 -0.05 -0.06 -0.06 -0.07 -0.10 -0.11 -0.10 -0.07 27092014 12
 -0.07 -0.04 -0.02 -0.03 -0.02 -0.04 -0.05 -0.06 -0.09 -0.12 -0.13 -0.13 28092014 00
 -0.11 -0.09 -0.05 -0.04 -0.04 -0.05 -0.07 -0.09 -0.11 -0.11 -0.11 -0.10 28092014 12
 -0.10 -0.08 -0.04 -0.02 -0.03 -0.04 -0.05 -0.06 -0.06 -0.08 -0.10 -0.10 29092014 00
 -0.09 -0.08 -0.06 -0.03 -0.03 -0.03 -0.05 -0.06 -0.06 -0.07 -0.08 -0.07 29092014 12
 -0.06 -0.04 -0.03 -0.00  0.01  0.02  0.01 -0.01 -0.03 -0.05 -0.05 -0.03 30092014 00
 -0.01  0.01  0.03  0.04  0.05  0.07  0.07  0.05  0.02  0.01  0.02  0.03 30092014 12
  0.01  0.00 -0.00 -0.01  0.01  0.02  0.01  0.01 -0.01 -0.02 -0.02 -0.02 01102014 00
 -0.03 -0.04 -0.05 -0.06 -0.07 -0.09 -0.12 -0.14 -0.15 -0.17 -0.20 -0.24 01102014 12
 -0.27 -0.26 -0.25 -0.24 -0.20 -0.16 -0.15 -0.16 -0.17 -0.17 -0.16 -0.16 02102014 00
 -0.16 -0.14 -0.12 -0.11 -0.10 -0.07 -0.04 -0.02  0.00  0.01  0.01  0.01 02102014 12
  0.02  0.05  0.05  0.06  0.08  0.12  0.16  0.21  0.23  0.22  0.19  0.19 03102014 00
  0.18  0.17  0.15  0.09  0.07  0.08  0.06  0.05  0.04  0.00 -0.01  0.01 03102014 12
  0.04  0.08  0.10  0.10  0.12  0.15  0.11  0.10  0.13  0.11  0.08  0.08 04102014 00
  0.04 -0.02 -0.08 -0.09 -0.07 -0.05 -0.04 -0.04 -0.01  0.00 -0.00 -0.03 04102014 12
 -0.06 -0.07 -0.07 -0.11 -0.15 -0.17 -0.15 -0.12 -0.10 -0.06 -0.04 -0.02 05102014 00
 -0.02 -0.01  0.01  0.03  0.03  0.04  0.06  0.07  0.09  0.12  0.17  0.22 05102014 12
  0.25  0.24  0.23  0.23  0.33  0.51  0.50  0.38  0.25  0.23  0.28  0.42 06102014 00
  0.39  0.32  0.22  0.16  0.19  0.22  0.22  0.23  0.27  0.21  0.13  0.09 06102014 12
  0.08  0.12  0.14  0.11  0.09  0.07  0.06  0.03  0.04  0.07  0.11  0.17 07102014 00
  0.23  0.25  0.25  0.22  0.20  0.19  0.18  0.17  0.20  0.19  0.19  0.18 07102014 12
  0.22  0.23  0.23  0.22  0.21  0.21  0.24  0.25  0.26  0.25  0.24  0.24 08102014 00
  0.23  0.28  0.27  0.27  0.25  0.25  0.29  0.37  0.36  0.35  0.35  0.36 08102014 12
  0.31  0.38  0.38  0.38  0.35  0.34  0.36  0.38  0.36  0.31  0.30  0.34 09102014 00
  0.29  0.26  0.28  0.27  0.25  0.19  0.16  0.15  0.12  0.14  0.15  0.14 09102014 12
  0.13  0.10  0.12  0.12  0.13  0.11  0.08  0.06  0.07  0.06  0.07  0.11 10102014 00
  0.12  0.11  0.13  0.14  0.13  0.11  0.09  0.08  0.06  0.06  0.05  0.07 10102014 12
  0.09  0.07  0.06  0.06  0.06  0.05  0.03  0.02  0.01  0.00  0.01  0.03 11102014 00
  0.04  0.04  0.04  0.05  0.04  0.03  0.02  0.01 -0.01 -0.01  0.01  0.02 11102014 12
  0.02  0.01  0.02  0.02  0.02  0.02  0.00 -0.01 -0.04 -0.06 -0.07 -0.04 12102014 00
 -0.02 -0.01 -0.00 -0.01 -0.03 -0.04 -0.03 -0.04 -0.05 -0.07 -0.07 -0.06 12102014 12
 -0.04 -0.02 -0.01 -0.01 -0.02 -0.03 -0.04 -0.04 -0.05 -0.09 -0.11 -0.09 13102014 00
 -0.07 -0.07 -0.07 -0.06 -0.08 -0.07 -0.07 -0.05 -0.03 -0.03 -0.04 -0.06 13102014 12
 -0.04 -0.04 -0.02 -0.01 -0.03 -0.04 -0.05 -0.06 -0.05 -0.06 -0.07 -0.08 14102014 00
 -0.04 -0.02 -0.02  0.00 -0.01 -0.03 -0.04 -0.04 -0.02  0.01  0.03  0.03 14102014 12
  0.03  0.04  0.05  0.06  0.06  0.06  0.06  0.06  0.05  0.03  0.02  0.04 15102014 00
  0.09  0.11  0.09  0.07  0.05  0.04  0.05  0.08  0.10  0.11  0.14  0.18 15102014 12
  0.21  0.20  0.20  0.20  0.19  0.19  0.22  0.23  0.24  0.23  0.21  0.21 16102014 00
  0.23  0.25  0.24  0.21  0.17  0.13  0.12  0.13  0.15  0.15  0.17  0.20 16102014 12
  0.25  0.29  0.32  0.31  0.30  0.28  0.26  0.24  0.23  0.21  0.19  0.16 17102014 00
  0.13  0.14  0.16  0.16  0.15  0.14  0.16  0.19  0.25  0.33  0.41  0.47 17102014 12
  0.53  0.60  0.63  0.58  0.50  0.44  0.42  0.39  0.39  0.40  0.41  0.44 18102014 00
  0.47  0.47  0.51  0.57  0.54  0.47  0.40  0.37  0.34  0.32  0.32  0.33 18102014 12
  0.32  0.26  0.21  0.24  0.29  0.32  0.34  0.34  0.37  0.43  0.50  0.56 19102014 00
  0.63  0.61  0.53  0.48  0.47  0.41  0.34  0.26  0.20  0.13  0.08  0.05 19102014 12
  0.04  0.03 -0.02 -0.05 -0.05 -0.05 -0.04 -0.00  0.03  0.07  0.14  0.20 20102014 00
  0.21  0.22  0.22  0.19  0.13  0.09  0.09  0.09  0.11  0.14  0.19  0.26 20102014 12
  0.32  0.33  0.36  0.47  0.74  1.11  1.26  1.04  0.88  0.78  0.57  0.47 21102014 00
  0.42  0.45  0.46  0.32  0.17  0.04 -0.20 -0.40 -0.39 -0.28 -0.18 -0.12 21102014 12
 -0.11 -0.10 -0.10 -0.09 -0.12 -0.19 -0.24 -0.16 -0.11 -0.10 -0.08 -0.02 22102014 00
 -0.01  0.02  0.03  0.06  0.11  0.13  0.11  0.09  0.10  0.14  0.15  0.15 22102014 12
  0.18  0.17  0.15  0.12  0.08  0.05  0.02  0.02  0.01  0.04  0.03  0.05 23102014 00
  0.08  0.10  0.12  0.13  0.12  0.11  0.12  0.11  0.12  0.12  0.16  0.19 23102014 12
  0.21  0.22  0.17  0.16  0.14  0.10  0.06  0.00 -0.02 -0.02  0.00  0.02 24102014 00
  0.05  0.07  0.08  0.09  0.10  0.10  0.08  0.07  0.07  0.09  0.10  0.13 24102014 12
  0.14  0.14  0.13  0.13  0.13  0.13  0.12  0.10  0.13  0.13  0.18  0.23 25102014 00
  0.26  0.27  0.28  0.26  0.26  0.24  0.23  0.21  0.18  0.19  0.19  0.24 25102014 12
  0.25  0.23  0.28  0.27  0.31  0.31  0.28  0.27  0.27  0.22  0.23  0.24 26102014 00
  0.25  0.23  0.25  0.24  0.26  0.29  0.32  0.34  0.38  0.38  0.32  0.32 26102014 12
  0.30  0.23  0.23  0.23  0.24  0.24  0.20  0.17  0.17  0.18  0.18  0.20 27102014 00
  0.23  0.21  0.20  0.23  0.19  0.20  0.16  0.12  0.10  0.11  0.11  0.16 27102014 12
  0.17  0.18  0.20  0.22  0.22  0.23  0.24  0.25  0.23  0.25  0.29  0.29 28102014 00
  0.29  0.27  0.26  0.27  0.25  0.24  0.22  0.13  0.05 -0.01 -0.08 -0.12 28102014 12
 -0.11 -0.09 -0.08 -0.05 -0.05 -0.05 -0.06 -0.07 -0.08 -0.09 -0.11 -0.10 29102014 00
 -0.07 -0.09 -0.11 -0.08 -0.09 -0.08 -0.07 -0.08 -0.09 -0.09 -0.06 -0.02 29102014 12
  0.01  0.03  0.03  0.04  0.05  0.06  0.06  0.05  0.05  0.05  0.07  0.10 30102014 00
  0.13  0.13  0.11  0.10  0.10  0.11  0.11  0.11  0.09  0.06  0.04  0.04 30102014 12
  0.06  0.08  0.08  0.06  0.07  0.11  0.15  0.17  0.17  0.17  0.16  0.15 31102014 00
  0.17  0.21  0.23  0.22  0.20  0.18  0.21  0.24  0.25  0.23  0.22  0.20 31102014 12
  0.19  0.16  0.16  0.15  0.15  0.14  0.13  0.13  0.14  0.15  0.14  0.12 01112014 00
  0.12  0.15  0.19  0.23  0.25  0.23  0.23  0.30  0.38  0.49  0.58  0.58 01112014 12
  0.52  0.46  0.41  0.36  0.34  0.32  0.23  0.13  0.11  0.11  0.13  0.14 02112014 00
  0.11  0.09  0.13  0.17  0.18  0.20  0.23  0.23  0.22  0.22  0.21  0.23 02112014 12
  0.24  0.23  0.20  0.23  0.25  0.23  0.20  0.16  0.15  0.19  0.24  0.27 03112014 00
  0.28  0.28  0.30  0.34  0.35  0.34  0.33  0.33  0.27  0.21  0.21  0.20 03112014 12
  0.20  0.17  0.11  0.06  0.05  0.05  0.08  0.11  0.14  0.16  0.17  0.17 04112014 00
  0.17  0.15  0.12  0.09  0.03 -0.03 -0.06 -0.04 -0.01  0.01  0.02  0.01 04112014 12
 -0.02 -0.05 -0.09 -0.12 -0.13 -0.13 -0.12 -0.11 -0.10 -0.09 -0.06 -0.04 05112014 00
 -0.07 -0.07 -0.08 -0.08 -0.09 -0.11 -0.10 -0.07 -0.03 -0.02 -0.01  0.02 05112014 12
  0.03  0.04  0.01 -0.02 -0.02  0.03  0.10  0.13  0.13  0.13  0.16  0.21 06112014 00
  0.32  0.41  0.41  0.37  0.34  0.33  0.36  0.41  0.35  0.37  0.37  0.34 06112014 12
  0.33  0.37  0.36  0.37  0.33  0.32  0.34  0.35  0.33  0.29  0.31  0.29 07112014 00
  0.22  0.26  0.26  0.28  0.25  0.21  0.21  0.25  0.25  0.28  0.29  0.30 07112014 12
  0.24  0.21  0.21  0.20  0.20  0.17  0.14  0.12  0.11  0.09  0.15  0.18 08112014 00
  0.19  0.18  0.21  0.19  0.18  0.17  0.20  0.27  0.33  0.30  0.24  0.23 08112014 12
  0.20  0.14  0.21  0.19  0.20  0.16  0.14  0.13  0.11  0.07  0.08  0.11 09112014 00
  0.12  0.09  0.07  0.07  0.06  0.06  0.05  0.04  0.05  0.07  0.06  0.05 09112014 12
  0.04  0.05  0.05  0.07  0.07  0.07  0.06  0.06  0.07  0.10  0.13  0.14 10112014 00
  0.17  0.19  0.19  0.22  0.24  0.25  0.25  0.27  0.32  0.40  0.41  0.33 10112014 12
  0.24  0.16  0.10  0.13  0.18  0.21  0.19  0.15  0.17  0.24  0.30  0.31 11112014 00
  0.31  0.29  0.23  0.18  0.15  0.15  0.16  0.13  0.11  0.13  0.16  0.16 11112014 12
  0.20  0.19  0.18  0.18  0.23  0.25  0.28  0.29  0.30  0.32  0.35  0.36 12112014 00
  0.35  0.35  0.32  0.29  0.31  0.33  0.34  0.31  0.23  0.18  0.18  0.21 12112014 12
  0.23  0.26  0.23  0.18  0.16  0.17  0.20  0.23  0.22  0.21  0.22  0.25 13112014 00
  0.23  0.17  0.10 -0.02 -0.08  0.07  0.37  0.58  0.63  0.47  0.30  0.28 13112014 12
  0.31  0.25  0.17  0.17  0.18  0.20  0.26  0.33  0.42  0.51  0.53  0.46 14112014 00
  0.32  0.19  0.18  0.24  0.25  0.28  0.35  0.39  0.35  0.26  0.20  0.19 14112014 12
  0.23  0.26  0.25  0.18  0.12  0.11  0.12  0.14  0.18  0.20  0.20  0.18 15112014 00
  0.18  0.21  0.21  0.22  0.22  0.19  0.15  0.15  0.14  0.15  0.15  0.13 15112014 12
  0.12  0.13  0.11  0.07  0.07  0.07  0.08  0.10  0.12  0.14  0.15  0.15 16112014 00
  0.13  0.11  0.10  0.07  0.06  0.05  0.04  0.03  0.02  0.02  0.03  0.03 16112014 12
  0.03 -0.00 -0.04 -0.06 -0.05 -0.04 -0.03 -0.02 -0.02 -0.02 -0.04 -0.05 17112014 00
 -0.07 -0.08 -0.11 -0.16 -0.20 -0.22 -0.22 -0.19 -0.16 -0.13 -0.11 -0.11 17112014 12
 -0.10 -0.08 -0.08 -0.10 -0.12 -0.10 -0.07 -0.05 -0.03 -0.03 -0.04 -0.04 18112014 00
 -0.05 -0.05 -0.06 -0.09 -0.13 -0.14 -0.13 -0.11 -0.08 -0.05 -0.03 -0.02 18112014 12
 -0.04 -0.05 -0.05 -0.03 -0.03 -0.04 -0.03 -0.03 -0.01  0.04  0.07  0.08 19112014 00
  0.10  0.10  0.09  0.06  0.02 -0.02 -0.04 -0.07 -0.08 -0.06 -0.03 -0.01 19112014 12
  0.00 -0.02 -0.04 -0.05 -0.07 -0.10 -0.12 -0.12 -0.09 -0.08 -0.07 -0.08 20112014 00
 -0.09 -0.10 -0.11 -0.11 -0.12 -0.16 -0.18 -0.18 -0.17 -0.13 -0.09 -0.07 20112014 12
 -0.07 -0.09 -0.12 -0.13 -0.14 -0.15 -0.15 -0.14 -0.12 -0.11 -0.08 -0.05 21112014 00
 -0.05 -0.04 -0.07 -0.07 -0.08 -0.08 -0.06 -0.04 -0.05 -0.06 -0.01  0.06 21112014 12
  0.13  0.15  0.13  0.11  0.10  0.15  0.19  0.21  0.20  0.23  0.23  0.20 22112014 00
  0.18  0.18  0.15  0.13  0.09  0.04 -0.02 -0.07 -0.08 -0.06 -0.04 -0.03 22112014 12
 -0.02 -0.03 -0.03 -0.04 -0.05 -0.07 -0.09 -0.13 -0.13 -0.11 -0.11 -0.10 23112014 00
 -0.07 -0.06 -0.06 -0.04 -0.05 -0.07 -0.09 -0.12 -0.14 -0.11 -0.08 -0.05 23112014 12
 -0.02  0.01 -0.02 -0.03 -0.05 -0.04 -0.05 -0.08 -0.11 -0.10 -0.09 -0.09 24112014 00
 -0.08 -0.06 -0.05 -0.05 -0.07 -0.09 -0.10 -0.12 -0.14 -0.14 -0.11 -0.09 24112014 12
 -0.09 -0.06 -0.06 -0.08 -0.10 -0.12 -0.14 -0.16 -0.19 -0.18 -0.16 -0.16 25112014 00
 -0.15 -0.13 -0.08 -0.10 -0.11 -0.13 -0.14 -0.15 -0.16 -0.17 -0.15 -0.12 25112014 12
 -0.11 -0.10 -0.07 -0.08 -0.08 -0.10 -0.11 -0.11 -0.12 -0.12 -0.11 -0.11 26112014 00
 -0.10 -0.08 -0.04 -0.01 -0.01 -0.02 -0.03 -0.03 -0.04 -0.04 -0.04 -0.02 26112014 12
 -0.01 -0.01  0.01  0.02  0.02  0.02  0.01  0.02  0.02  0.02  0.02  0.03 27112014 00
  0.05  0.07  0.10  0.13  0.15  0.14  0.13  0.12  0.12  0.13  0.14  0.17 27112014 12
  0.17  0.19  0.19  0.17  0.17  0.20  0.19  0.17  0.16  0.15  0.15  0.17 28112014 00
  0.18  0.18  0.18  0.17  0.17  0.16  0.16  0.16  0.14  0.11  0.10  0.11 28112014 12
  0.11  0.11  0.09  0.08  0.09  0.09  0.09  0.11  0.11  0.08  0.07  0.06 29112014 00
  0.05  0.05  0.06  0.06  0.05  0.04  0.06  0.07  0.07  0.10  0.10  0.08 29112014 12
  0.06  0.03  0.02  0.05  0.07  0.06  0.05  0.03 -0.00 -0.02 -0.02 -0.04 30112014 00
 -0.08 -0.12 -0.14 -0.14 -0.13 -0.15 -0.14 -0.13 -0.12 -0.11 -0.10 -0.10 30112014 12
 -0.10 -0.12 -0.14 -0.14 -0.11 -0.07 -0.04 -0.01 -0.01 -0.01 -0.03 -0.02 01122014 00
 -0.03 -0.04 -0.06 -0.05 -0.04 -0.04 -0.04 -0.01  0.02  0.03  0.04  0.02 01122014 12
 -0.01 -0.08 -0.14 -0.21 -0.24 -0.27 -0.29 -0.32 -0.31 -0.32 -0.34 -0.34 02122014 00
 -0.32 -0.31 -0.30 -0.34 -0.38 -0.40 -0.40 -0.37 -0.31 -0.26 -0.28 -0.30 02122014 12
 -0.32 -0.31 -0.30 -0.32 -0.36 -0.36 -0.33 -0.31 -0.24 -0.18 -0.17 -0.17 03122014 00
 -0.21 -0.22 -0.21 -0.20 -0.24 -0.28 -0.26 -0.26 -0.22 -0.17 -0.13 -0.12 03122014 12
 -0.13 -0.17 -0.18 -0.17 -0.16 -0.17 -0.14 -0.13 -0.10 -0.07 -0.04 -0.04 04122014 00
 -0.03 -0.05 -0.06 -0.06 -0.08 -0.09 -0.09 -0.07 -0.06 -0.04 -0.01  0.02 04122014 12
  0.02  0.00 -0.01 -0.01 -0.00  0.01 -0.03 -0.09 -0.12 -0.11 -0.10 -0.11 05122014 00
 -0.14 -0.13 -0.11 -0.07 -0.05 -0.09 -0.17 -0.21 -0.19 -0.16 -0.16 -0.16 05122014 12
 -0.17 -0.21 -0.23 -0.25 -0.27 -0.30 -0.32 -0.36 -0.30 -0.26 -0.21 -0.17 06122014 00
 -0.10 -0.10 -0.08 -0.11 -0.10 -0.07 -0.06 -0.05 -0.03 -0.01 -0.01  0.01 06122014 12
  0.04  0.08  0.11  0.11  0.14  0.23  0.31  0.33  0.31  0.32  0.28  0.17 07122014 00
  0.12  0.10  0.09  0.14  0.15  0.13  0.11  0.06 -0.01 -0.05 -0.00  0.04 07122014 12
  0.05  0.09  0.13  0.16  0.18  0.16  0.11  0.05 -0.01  0.01  0.04  0.04 08122014 00
  0.03 -0.02 -0.08 -0.11 -0.12 -0.11 -0.14 -0.20 -0.27 -0.27 -0.27 -0.27 08122014 12
 -0.26 -0.23 -0.20 -0.23 -0.23 -0.25 -0.22 -0.19 -0.17 -0.12 -0.01  0.05 09122014 00
  0.09  0.17  0.29  0.39  0.42  0.46  0.51  0.60  0.75  0.82  0.67  0.56 09122014 12
  0.52  0.46  0.37  0.45  0.44  0.43  0.37  0.28  0.20  0.22  0.29  0.37 10122014 00
  0.38  0.28  0.23  0.26  0.31  0.41  0.46  0.46  0.45  0.46  0.42  0.38 10122014 12
  0.36  0.30  0.31  0.40  0.39  0.40  0.44  0.45  0.44  0.37  0.27  0.18 11122014 00
  0.14  0.15  0.14  0.12  0.09  0.06  0.09  0.09  0.09  0.11  0.18  0.25 11122014 12
  0.30  0.29  0.27  0.27  0.35  0.39  0.36  0.32  0.25  0.20  0.16  0.06 12122014 00
 -0.03 -0.04 -0.00  0.04  0.08  0.10  0.12  0.17  0.21  0.21  0.16  0.13 12122014 12
  0.12  0.07  0.01 -0.04 -0.09 -0.11 -0.10 -0.09 -0.07 -0.05 -0.01  0.03 13122014 00
  0.05  0.06  0.09  0.12  0.14  0.13  0.13  0.14  0.15  0.17  0.20  0.21 13122014 12
  0.22  0.21  0.21  0.24  0.26  0.27  0.29  0.31  0.33  0.33  0.34  0.37 14122014 00
  0.38  0.37  0.36  0.37  0.38  0.40  0.34  0.26  0.28  0.31  0.26  0.18 14122014 12
  0.12  0.05  0.00 -0.03 -0.04 -0.02  0.04  0.07  0.07  0.08  0.08  0.06 15122014 00
  0.00 -0.05 -0.06 -0.03 -0.01 -0.00 -0.00  0.01  0.06  0.11  0.13  0.14 15122014 12
  0.13  0.10  0.09  0.10  0.11  0.12  0.14  0.13  0.10  0.08  0.05 -0.02 16122014 00
 -0.07 -0.10 -0.11 -0.13 -0.13 -0.13 -0.11 -0.06 -0.01  0.04  0.10  0.20 16122014 12
  0.32  0.43  0.51  0.52  0.50  0.44  0.38  0.34  0.28  0.22  0.21  0.17 17122014 00
  0.09 -0.04 -0.13 -0.19 -0.21 -0.18 -0.11 -0.04  0.05  0.12  0.15  0.13 17122014 12
  0.09  0.10  0.13  0.15  0.15  0.14  0.12  0.12  0.17  0.22  0.29  0.35 18122014 00
  0.38  0.37  0.35  0.37  0.38  0.37  0.36  0.34  0.31  0.29  0.30  0.31 18122014 12
  0.28  0.25  0.21  0.17  0.12  0.09  0.10  0.16  0.20  0.18  0.14  0.13 19122014 00
  0.15  0.16  0.17  0.19  0.20  0.19  0.16  0.13  0.15  0.17  0.16  0.12 19122014 12
  0.11  0.16  0.22  0.21  0.17  0.16  0.11  0.08  0.10  0.12  0.11  0.09 20122014 00
  0.05  0.01 -0.02 -0.04 -0.08 -0.16 -0.22 -0.22 -0.18 -0.13 -0.09 -0.02 20122014 12
 -0.02 -0.03 -0.02  0.01  0.04  0.05  0.08  0.09  0.15  0.18  0.20  0.25 21122014 00
  0.28  0.27  0.27  0.25  0.22  0.22  0.24  0.24  0.23  0.22  0.23  0.22 21122014 12
  0.21  0.21  0.22  0.25  0.24  0.23  0.26  0.27  0.24  0.25  0.28  0.27 22122014 00
  0.26  0.31  0.29  0.30  0.26  0.24  0.25  0.24  0.17  0.20  0.24  0.25 22122014 12
  0.24  0.24  0.25  0.27  0.26  0.25  0.24  0.23  0.24  0.18  0.21  0.24 23122014 00
  0.24  0.28  0.36  0.34  0.33  0.30  0.28  0.30  0.33  0.32  0.27  0.31 23122014 12
  0.30  0.21  0.24  0.24  0.27  0.22  0.14  0.07  0.02 -0.03  0.01  0.06 24122014 00
  0.11  0.14  0.14  0.16  0.19  0.20  0.19  0.15  0.08  0.05  0.02  0.04 24122014 12
  0.03  0.01 -0.01 -0.01 -0.01  0.00 -0.02 -0.05 -0.09 -0.13 -0.15 -0.12 25122014 00
 -0.12 -0.12 -0.09 -0.09 -0.10 -0.12 -0.15 -0.17 -0.18 -0.21 -0.21 -0.22 25122014 12
 -0.20 -0.18 -0.16 -0.14 -0.17 -0.16 -0.18 -0.18 -0.17 -0.17 -0.19 -0.17 26122014 00
 -0.14 -0.13 -0.10 -0.03 -0.02  0.01 -0.01  0.02  0.06  0.10  0.08  0.01 26122014 12
 -0.08 -0.18 -0.23 -0.28 -0.31 -0.29 -0.26 -0.25 -0.24 -0.19 -0.11 -0.08 27122014 00
 -0.03 -0.07 -0.10 -0.08 -0.09 -0.15 -0.17 -0.19 -0.22 -0.26 -0.34 -0.44 27122014 12
 -0.48 -0.47 -0.44 -0.45 -0.41 -0.36 -0.41 -0.39 -0.38 -0.33 -0.31 -0.31 28122014 00
 -0.32 -0.31 -0.30 -0.31 -0.28 -0.23 -0.22 -0.21 -0.24 -0.24 -0.24 -0.25 28122014 12
 -0.27 -0.28 -0.30 -0.31 -0.27 -0.22 -0.21 -0.21 -0.23 -0.24 -0.23 -0.23 29122014 00
 -0.24 -0.25 -0.24 -0.24 -0.24 -0.21 -0.17 -0.14 -0.12 -0.13 -0.13 -0.12 29122014 12
 -0.12 -0.15 -0.16 -0.15 -0.13 -0.10 -0.07 -0.06 -0.07 -0.08 -0.09 -0.09 30122014 00
 -0.09 -0.09 -0.12 -0.13 -0.13 -0.13 -0.10 -0.05 -0.03 -0.01 -0.01 -0.01 30122014 12
  0.00  0.00 -0.01 -0.01 -0.00  0.02  0.06  0.10  0.14  0.15  0.14  0.13 31122014 00
  0.14  0.14  0.14  0.14  0.14  0.13  0.13  0.12  0.13  0.17  0.20  0.21 31122014 12
