Parameter Z: CS3X Location (100, 86) Lat 53.500 Lon -3.417
  0.20  0.19  0.20  0.24  0.26  0.32  0.34  0.33  0.29  0.24  0.19  0.16 01012013 00
  0.17  0.18  0.16  0.15  0.13  0.14  0.15  0.12  0.07  0.03  0.00  0.00 01012013 12
 -0.00 -0.01 -0.03 -0.05 -0.06 -0.08 -0.08 -0.08 -0.07 -0.05 -0.01  0.02 02012013 00
  0.05  0.08  0.09  0.09  0.08  0.07  0.07  0.05  0.03  0.01 -0.01 -0.02 02012013 12
 -0.02 -0.01 -0.04 -0.04 -0.04 -0.05 -0.04 -0.03 -0.04 -0.06 -0.11 -0.15 03012013 00
 -0.16 -0.16 -0.15 -0.14 -0.13 -0.14 -0.14 -0.12 -0.11 -0.09 -0.06 -0.05 03012013 12
 -0.06 -0.08 -0.08 -0.08 -0.08 -0.09 -0.08 -0.09 -0.10 -0.10 -0.10 -0.12 04012013 00
 -0.14 -0.15 -0.13 -0.13 -0.12 -0.12 -0.14 -0.15 -0.16 -0.15 -0.14 -0.14 04012013 12
 -0.13 -0.14 -0.15 -0.14 -0.12 -0.10 -0.07 -0.05 -0.05 -0.05 -0.05 -0.04 05012013 00
 -0.05 -0.06 -0.06 -0.07 -0.06 -0.03 -0.01  0.01  0.03  0.03  0.02 -0.01 05012013 12
 -0.09 -0.15 -0.17 -0.19 -0.19 -0.19 -0.19 -0.20 -0.19 -0.20 -0.20 -0.18 06012013 00
 -0.15 -0.13 -0.13 -0.13 -0.12 -0.10 -0.07 -0.04 -0.03 -0.03 -0.02 -0.01 06012013 12
  0.01  0.02  0.03  0.02  0.00 -0.01 -0.02 -0.03 -0.04 -0.03 -0.02 -0.02 07012013 00
 -0.01  0.00  0.03  0.04  0.03  0.02  0.01  0.01  0.04  0.06  0.07  0.08 07012013 12
  0.09  0.10  0.10  0.09  0.09  0.08  0.07  0.06  0.06  0.07  0.09  0.10 08012013 00
  0.10  0.09  0.07  0.03 -0.01 -0.05 -0.06 -0.07 -0.08 -0.08 -0.09 -0.10 08012013 12
 -0.11 -0.11 -0.12 -0.13 -0.15 -0.16 -0.16 -0.16 -0.15 -0.13 -0.12 -0.12 09012013 00
 -0.12 -0.11 -0.10 -0.09 -0.09 -0.11 -0.09 -0.08 -0.06 -0.05 -0.02 -0.02 09012013 12
 -0.02 -0.02 -0.01 -0.01 -0.01 -0.02 -0.02 -0.02 -0.02 -0.00  0.01  0.02 10012013 00
  0.01 -0.00 -0.02 -0.02 -0.04 -0.06 -0.11 -0.12 -0.10 -0.07 -0.03  0.01 10012013 12
  0.03  0.04  0.04  0.04  0.05  0.04 -0.00 -0.05 -0.06 -0.07 -0.08 -0.09 11012013 00
 -0.11 -0.14 -0.13 -0.13 -0.12 -0.12 -0.11 -0.10 -0.06 -0.05 -0.03 -0.00 11012013 12
  0.06  0.08  0.07  0.04  0.01 -0.01 -0.02 -0.02 -0.04 -0.07 -0.10 -0.12 12012013 00
 -0.13 -0.14 -0.16 -0.17 -0.17 -0.18 -0.20 -0.24 -0.26 -0.26 -0.21 -0.20 12012013 12
 -0.19 -0.15 -0.18 -0.17 -0.17 -0.14 -0.11 -0.09 -0.09 -0.06 -0.06 -0.08 13012013 00
 -0.09 -0.07 -0.06 -0.06 -0.06 -0.06 -0.05 -0.05 -0.06 -0.06 -0.06 -0.06 13012013 12
 -0.06 -0.07 -0.06 -0.07 -0.08 -0.08 -0.06 -0.03  0.02  0.06  0.05  0.02 14012013 00
  0.00  0.00  0.02  0.03  0.05  0.07  0.05 -0.03 -0.10 -0.16 -0.17 -0.15 14012013 12
 -0.16 -0.17 -0.15 -0.17 -0.24 -0.25 -0.24 -0.20 -0.20 -0.24 -0.27 -0.28 15012013 00
 -0.22 -0.20 -0.12 -0.06 -0.08 -0.08 -0.10 -0.09 -0.09 -0.11 -0.13 -0.11 15012013 12
 -0.11 -0.11 -0.11 -0.07 -0.06 -0.06 -0.07 -0.06 -0.04 -0.03 -0.00  0.00 16012013 00
  0.00  0.00  0.01  0.01  0.02  0.03  0.03  0.02  0.01  0.00  0.02  0.04 16012013 12
  0.04  0.03  0.02  0.01  0.01  0.03  0.02  0.01  0.01  0.01  0.03  0.06 17012013 00
  0.05  0.03  0.01 -0.00  0.00  0.03  0.04  0.03 -0.00 -0.01  0.04  0.12 17012013 12
  0.17  0.16  0.12  0.08  0.08  0.15  0.20  0.24  0.23  0.19  0.17  0.18 18012013 00
  0.16  0.11  0.06  0.02 -0.03 -0.03 -0.01  0.01  0.01 -0.03 -0.05 -0.02 18012013 12
  0.03  0.05  0.04 -0.00 -0.05 -0.06 -0.04 -0.00  0.01  0.01  0.00  0.02 19012013 00
  0.07  0.09  0.08  0.06  0.05  0.03  0.03  0.05  0.07  0.05  0.01 -0.01 19012013 12
 -0.02 -0.01  0.00 -0.00 -0.01 -0.00 -0.00  0.01  0.03  0.03  0.03  0.03 20012013 00
  0.03  0.03  0.04  0.04  0.03  0.02  0.02  0.02  0.03  0.03  0.04  0.05 20012013 12
  0.08  0.10  0.12  0.13  0.13  0.12  0.11  0.10  0.11  0.12  0.13  0.13 21012013 00
  0.11  0.08  0.03 -0.01 -0.05 -0.09 -0.12 -0.14 -0.15 -0.14 -0.15 -0.15 21012013 12
 -0.14 -0.12 -0.12 -0.12 -0.14 -0.16 -0.18 -0.16 -0.11 -0.07 -0.04 -0.02 22012013 00
 -0.02 -0.02 -0.01 -0.00 -0.02 -0.04 -0.06 -0.07 -0.07 -0.06 -0.05 -0.05 22012013 12
 -0.07 -0.08 -0.08 -0.08 -0.08 -0.07 -0.07 -0.07 -0.07 -0.06 -0.05 -0.03 23012013 00
 -0.02 -0.03 -0.04 -0.04 -0.03 -0.03 -0.04 -0.05 -0.07 -0.08 -0.09 -0.10 23012013 12
 -0.10 -0.11 -0.12 -0.12 -0.12 -0.11 -0.09 -0.05 -0.03 -0.03 -0.03 -0.05 24012013 00
 -0.05 -0.06 -0.07 -0.07 -0.08 -0.09 -0.09 -0.10 -0.11 -0.08 -0.06 -0.04 24012013 12
  0.00  0.03  0.03  0.03  0.05  0.11  0.18  0.21  0.18  0.15  0.15  0.17 25012013 00
  0.21  0.24  0.23  0.20  0.20  0.26  0.37  0.44  0.42  0.38  0.36  0.34 25012013 12
  0.32  0.29  0.28  0.25  0.16  0.07 -0.01 -0.08 -0.13 -0.09 -0.03  0.01 26012013 00
  0.05  0.06  0.06  0.08  0.11  0.13  0.16  0.21  0.23  0.23  0.21  0.22 26012013 12
  0.29  0.47  0.58  0.66  0.70  0.71  0.70  0.69  0.75  0.75  0.70  0.59 27012013 00
  0.41  0.44  0.45  0.44  0.46  0.46  0.48  0.53  0.51  0.47  0.46  0.41 27012013 12
  0.32  0.28  0.28  0.30  0.31  0.26  0.18  0.12  0.10  0.07  0.10  0.15 28012013 00
  0.19  0.19  0.22  0.29  0.51  0.75  0.87  0.95  1.05  1.03  0.94  0.79 28012013 12
  0.65  0.52  0.57  0.50  0.46  0.38  0.29  0.22  0.14  0.08  0.07  0.17 29012013 00
  0.13  0.13  0.20  0.24  0.33  0.40  0.47  0.59  0.73  0.83  0.85  0.79 29012013 12
  0.70  0.57  0.42  0.44  0.43  0.51  0.51  0.48  0.46  0.42  0.38  0.42 30012013 00
  0.51  0.56  0.53  0.55  0.51  0.49  0.42  0.33  0.27  0.24  0.13  0.06 30012013 12
  0.05  0.03  0.02  0.09  0.22  0.39  0.53  0.61  0.64  0.70  0.76  0.75 31012013 00
  0.71  0.67  0.50  0.38  0.33  0.38  0.43  0.39  0.33  0.31  0.23  0.15 31012013 12
  0.16  0.18  0.17  0.16  0.17  0.15  0.18  0.17  0.15  0.14  0.13  0.11 01022013 00
  0.12  0.14  0.14  0.16  0.17  0.16  0.16  0.15  0.13  0.06 -0.07 -0.17 01022013 12
 -0.22 -0.22 -0.24 -0.29 -0.31 -0.34 -0.32 -0.30 -0.25 -0.21 -0.20 -0.18 02022013 00
 -0.16 -0.16 -0.18 -0.18 -0.19 -0.24 -0.24 -0.23 -0.23 -0.23 -0.25 -0.26 02022013 12
 -0.25 -0.22 -0.21 -0.12 -0.06 -0.03  0.01  0.06  0.12  0.16  0.15  0.12 03022013 00
  0.08  0.05  0.03  0.03 -0.00 -0.03 -0.06 -0.07 -0.08 -0.05  0.00  0.04 03022013 12
  0.06  0.09  0.17  0.28  0.33  0.26  0.22  0.26  0.33  0.39  0.40  0.36 04022013 00
  0.32  0.24  0.17  0.19  0.26  0.28  0.27  0.26  0.29  0.33  0.36  0.32 04022013 12
  0.30  0.31  0.30  0.29  0.29  0.29  0.27  0.23  0.16  0.12  0.14  0.14 05022013 00
  0.05 -0.02  0.02  0.18  0.25  0.17  0.16  0.24  0.25  0.14  0.07  0.03 05022013 12
 -0.02 -0.12 -0.29 -0.53 -0.73 -0.81 -0.78 -0.74 -0.68 -0.70 -0.72 -0.69 06022013 00
 -0.60 -0.52 -0.50 -0.54 -0.56 -0.53 -0.54 -0.51 -0.42 -0.35 -0.36 -0.39 06022013 12
 -0.40 -0.36 -0.32 -0.32 -0.39 -0.39 -0.35 -0.31 -0.26 -0.19 -0.16 -0.15 07022013 00
 -0.17 -0.18 -0.14 -0.11 -0.11 -0.10 -0.08 -0.10 -0.11 -0.12 -0.15 -0.21 07022013 12
 -0.26 -0.30 -0.30 -0.32 -0.37 -0.47 -0.53 -0.49 -0.41 -0.29 -0.18 -0.16 08022013 00
 -0.18 -0.24 -0.26 -0.24 -0.23 -0.25 -0.31 -0.32 -0.30 -0.28 -0.22 -0.16 08022013 12
 -0.15 -0.14 -0.16 -0.14 -0.11 -0.10 -0.12 -0.12 -0.13 -0.12 -0.11 -0.09 09022013 00
 -0.08 -0.09 -0.10 -0.11 -0.12 -0.12 -0.13 -0.15 -0.14 -0.14 -0.12 -0.10 09022013 12
 -0.06 -0.06 -0.05 -0.06 -0.05 -0.03 -0.00  0.03  0.04  0.04  0.02  0.01 10022013 00
  0.00 -0.00  0.00 -0.01 -0.02 -0.04 -0.06 -0.06 -0.06 -0.05 -0.04 -0.05 10022013 12
 -0.08 -0.08 -0.09 -0.09 -0.09 -0.09 -0.10 -0.11 -0.13 -0.16 -0.17 -0.18 11022013 00
 -0.19 -0.17 -0.20 -0.21 -0.23 -0.22 -0.23 -0.24 -0.25 -0.25 -0.22 -0.23 11022013 12
 -0.23 -0.19 -0.16 -0.17 -0.16 -0.17 -0.15 -0.15 -0.15 -0.16 -0.17 -0.18 12022013 00
 -0.20 -0.18 -0.15 -0.16 -0.16 -0.18 -0.17 -0.16 -0.15 -0.13 -0.14 -0.15 12022013 12
 -0.14 -0.13 -0.11 -0.10 -0.10 -0.12 -0.12 -0.10 -0.07 -0.04 -0.03 -0.01 13022013 00
 -0.01 -0.00  0.01  0.03  0.05  0.05  0.05  0.07  0.14  0.27  0.30  0.31 13022013 12
  0.28  0.28  0.24  0.20  0.24  0.24  0.23  0.17  0.13  0.07  0.01 -0.05 14022013 00
 -0.02 -0.01 -0.01  0.00 -0.00  0.01  0.02  0.01  0.01 -0.01 -0.04 -0.07 14022013 12
 -0.09 -0.09 -0.08 -0.08 -0.08 -0.08 -0.06 -0.05 -0.05 -0.06 -0.08 -0.08 15022013 00
 -0.08 -0.07 -0.07 -0.07 -0.08 -0.08 -0.10 -0.10 -0.11 -0.11 -0.11 -0.11 15022013 12
 -0.11 -0.10 -0.10 -0.08 -0.06 -0.05 -0.05 -0.06 -0.05 -0.04 -0.03 -0.02 16022013 00
 -0.01 -0.02 -0.02 -0.03 -0.03 -0.03 -0.04 -0.06 -0.07 -0.07 -0.06 -0.03 16022013 12
 -0.01  0.01  0.01  0.00 -0.00  0.01  0.04  0.05  0.05  0.05  0.06  0.09 17022013 00
  0.11  0.11  0.10  0.08  0.06  0.05  0.05  0.06  0.07  0.08  0.09  0.12 17022013 12
  0.14  0.14  0.11  0.08  0.06  0.05  0.05  0.04  0.04  0.03  0.02  0.04 18022013 00
  0.07  0.09  0.09  0.09  0.09  0.09  0.10  0.09  0.09  0.09  0.08  0.08 18022013 12
  0.06  0.04  0.01  0.00 -0.00  0.01  0.02  0.02  0.03  0.04  0.04  0.05 19022013 00
  0.06  0.06  0.04  0.03  0.01 -0.00 -0.01 -0.01 -0.02 -0.02 -0.02 -0.01 19022013 12
 -0.01 -0.00 -0.01 -0.04 -0.07 -0.07 -0.06 -0.06 -0.06 -0.08 -0.10 -0.11 20022013 00
 -0.10 -0.09 -0.07 -0.06 -0.05 -0.06 -0.07 -0.08 -0.10 -0.09 -0.08 -0.07 20022013 12
 -0.06 -0.04 -0.05 -0.06 -0.08 -0.08 -0.07 -0.06 -0.07 -0.06 -0.04 -0.02 21022013 00
  0.00  0.02  0.04  0.05  0.06  0.06  0.04  0.03  0.02  0.02  0.03  0.06 21022013 12
  0.07  0.07  0.07  0.06  0.05  0.04  0.04  0.04  0.05  0.06  0.06  0.05 22022013 00
  0.03  0.02  0.02  0.00 -0.02 -0.05 -0.08 -0.09 -0.08 -0.05 -0.01  0.01 22022013 12
  0.01  0.01  0.00  0.01  0.01 -0.01 -0.05 -0.07 -0.08 -0.08 -0.07 -0.07 23022013 00
 -0.09 -0.11 -0.11 -0.11 -0.11 -0.12 -0.17 -0.19 -0.19 -0.17 -0.15 -0.13 23022013 12
 -0.13 -0.14 -0.15 -0.15 -0.15 -0.16 -0.20 -0.22 -0.23 -0.21 -0.19 -0.15 24022013 00
 -0.15 -0.16 -0.17 -0.18 -0.17 -0.17 -0.18 -0.21 -0.21 -0.22 -0.21 -0.18 24022013 12
 -0.16 -0.19 -0.20 -0.22 -0.21 -0.19 -0.21 -0.24 -0.26 -0.24 -0.26 -0.25 25022013 00
 -0.22 -0.24 -0.22 -0.24 -0.24 -0.25 -0.27 -0.31 -0.33 -0.30 -0.30 -0.30 25022013 12
 -0.25 -0.23 -0.27 -0.28 -0.29 -0.28 -0.30 -0.34 -0.33 -0.33 -0.31 -0.31 26022013 00
 -0.28 -0.24 -0.27 -0.26 -0.28 -0.27 -0.27 -0.30 -0.33 -0.32 -0.33 -0.31 26022013 12
 -0.29 -0.21 -0.23 -0.23 -0.26 -0.26 -0.24 -0.23 -0.25 -0.25 -0.23 -0.27 27022013 00
 -0.27 -0.23 -0.24 -0.23 -0.25 -0.24 -0.24 -0.26 -0.30 -0.33 -0.28 -0.27 27022013 12
 -0.28 -0.24 -0.21 -0.25 -0.24 -0.26 -0.25 -0.26 -0.30 -0.28 -0.29 -0.27 28022013 00
 -0.27 -0.25 -0.20 -0.24 -0.22 -0.24 -0.24 -0.24 -0.25 -0.29 -0.28 -0.28 28022013 12
 -0.28 -0.27 -0.20 -0.21 -0.22 -0.24 -0.23 -0.22 -0.22 -0.24 -0.25 -0.20 01032013 00
 -0.23 -0.25 -0.21 -0.21 -0.22 -0.22 -0.23 -0.22 -0.23 -0.26 -0.24 -0.25 01032013 12
 -0.22 -0.20 -0.18 -0.15 -0.18 -0.17 -0.19 -0.18 -0.17 -0.17 -0.21 -0.19 02032013 00
 -0.19 -0.19 -0.18 -0.14 -0.15 -0.14 -0.15 -0.15 -0.15 -0.16 -0.17 -0.16 02032013 12
 -0.15 -0.16 -0.16 -0.13 -0.12 -0.13 -0.14 -0.15 -0.15 -0.14 -0.13 -0.14 03032013 00
 -0.11 -0.13 -0.12 -0.11 -0.10 -0.10 -0.10 -0.10 -0.10 -0.09 -0.09 -0.08 03032013 12
 -0.06 -0.06 -0.06 -0.06 -0.06 -0.06 -0.06 -0.07 -0.08 -0.08 -0.06 -0.04 04032013 00
 -0.02 -0.02 -0.01  0.00  0.02  0.04  0.05  0.05  0.05  0.06  0.08  0.10 04032013 12
  0.12  0.13  0.12  0.11  0.09  0.07  0.07  0.08  0.08  0.07  0.06  0.07 05032013 00
  0.08  0.08  0.09  0.11  0.11  0.10  0.10  0.11  0.12  0.13  0.14  0.14 05032013 12
  0.15  0.17  0.16  0.13  0.11  0.10  0.08  0.09  0.09  0.08  0.08  0.08 06032013 00
  0.10  0.12  0.13  0.11  0.10  0.09  0.08  0.07  0.07  0.09  0.11  0.12 06032013 12
  0.13  0.14  0.16  0.16  0.15  0.14  0.14  0.13  0.13  0.11  0.10  0.11 07032013 00
  0.11  0.11  0.12  0.15  0.16  0.15  0.14  0.12  0.11  0.12  0.12  0.14 07032013 12
  0.14  0.14  0.13  0.12  0.13  0.12  0.11  0.09  0.08  0.08  0.10  0.11 08032013 00
  0.11  0.10  0.10  0.11  0.13  0.14  0.10  0.06  0.03  0.02  0.04  0.07 08032013 12
  0.09  0.09  0.08  0.10  0.12  0.15  0.16  0.14  0.11  0.08  0.05  0.05 09032013 00
  0.06  0.05  0.02  0.00  0.00  0.02  0.02  0.01 -0.01 -0.03 -0.04 -0.03 09032013 12
 -0.02 -0.03 -0.05 -0.06 -0.06 -0.05 -0.04 -0.02 -0.04 -0.05 -0.06 -0.06 10032013 00
 -0.06 -0.05 -0.07 -0.09 -0.10 -0.12 -0.15 -0.13 -0.14 -0.14 -0.15 -0.18 10032013 12
 -0.18 -0.22 -0.22 -0.23 -0.23 -0.25 -0.26 -0.27 -0.21 -0.21 -0.21 -0.21 11032013 00
 -0.19 -0.24 -0.23 -0.24 -0.24 -0.25 -0.28 -0.33 -0.33 -0.25 -0.26 -0.25 11032013 12
 -0.19 -0.20 -0.24 -0.22 -0.20 -0.17 -0.20 -0.26 -0.27 -0.24 -0.19 -0.19 12032013 00
 -0.14 -0.11 -0.14 -0.11 -0.11 -0.09 -0.09 -0.11 -0.11 -0.09 -0.08 -0.07 12032013 12
 -0.05 -0.03 -0.04 -0.05 -0.06 -0.05 -0.05 -0.06 -0.09 -0.10 -0.10 -0.11 13032013 00
 -0.10 -0.08 -0.09 -0.08 -0.09 -0.08 -0.08 -0.10 -0.12 -0.12 -0.11 -0.09 13032013 12
 -0.09 -0.08 -0.08 -0.11 -0.11 -0.13 -0.12 -0.13 -0.16 -0.15 -0.15 -0.12 14032013 00
 -0.10 -0.08 -0.03 -0.02 -0.01 -0.02 -0.01  0.01  0.03  0.07  0.08  0.08 14032013 12
  0.06  0.07  0.06  0.08  0.09  0.10  0.10  0.12  0.18  0.26  0.30  0.29 15032013 00
  0.26  0.23  0.18  0.17  0.16  0.16  0.14  0.11  0.08  0.05  0.03  0.02 15032013 12
  0.07  0.07  0.09  0.11  0.12  0.13  0.13  0.13  0.13  0.16  0.18  0.19 16032013 00
  0.18  0.18  0.15  0.14  0.15  0.14  0.15  0.13  0.13  0.14  0.16  0.14 16032013 12
  0.15  0.15  0.14  0.11  0.12  0.12  0.13  0.13  0.13  0.12  0.14  0.15 17032013 00
  0.15  0.13  0.11  0.09  0.09  0.10  0.10  0.11  0.10  0.09  0.10  0.09 17032013 12
  0.07  0.06  0.05  0.04  0.04  0.05  0.06  0.05  0.06  0.08  0.11  0.15 18032013 00
  0.15  0.10  0.06  0.01 -0.02 -0.03 -0.02 -0.00  0.00 -0.00 -0.00  0.01 18032013 12
  0.00 -0.00 -0.00 -0.00 -0.00 -0.01 -0.00  0.01  0.01 -0.01 -0.01  0.01 19032013 00
  0.03  0.03  0.02  0.01  0.01  0.02  0.04  0.06  0.07  0.07  0.06  0.05 19032013 12
  0.06  0.06  0.04  0.02 -0.01 -0.03 -0.02 -0.01 -0.01 -0.03 -0.04 -0.02 20032013 00
  0.01  0.03  0.03  0.01 -0.01 -0.03 -0.04 -0.04 -0.04 -0.05 -0.07 -0.08 20032013 12
 -0.08 -0.06 -0.04 -0.05 -0.08 -0.10 -0.10 -0.07 -0.05 -0.05 -0.04 -0.04 21032013 00
 -0.01  0.00 -0.01 -0.02 -0.04 -0.08 -0.11 -0.13 -0.12 -0.10 -0.09 -0.07 21032013 12
 -0.06 -0.01  0.04  0.06 -0.01 -0.11 -0.19 -0.22 -0.22 -0.20 -0.16 -0.13 22032013 00
 -0.13 -0.11 -0.07  0.00  0.07  0.07  0.02 -0.05 -0.13 -0.15 -0.13 -0.10 22032013 12
 -0.10 -0.12 -0.15 -0.16 -0.15 -0.13 -0.10 -0.07 -0.06 -0.08 -0.08 -0.07 23032013 00
 -0.08 -0.11 -0.14 -0.16 -0.18 -0.20 -0.22 -0.23 -0.24 -0.22 -0.20 -0.19 23032013 12
 -0.16 -0.16 -0.17 -0.17 -0.17 -0.19 -0.20 -0.20 -0.20 -0.20 -0.20 -0.20 24032013 00
 -0.21 -0.22 -0.22 -0.21 -0.20 -0.20 -0.20 -0.19 -0.19 -0.20 -0.19 -0.17 24032013 12
 -0.17 -0.18 -0.19 -0.20 -0.19 -0.20 -0.22 -0.23 -0.24 -0.21 -0.19 -0.18 25032013 00
 -0.19 -0.19 -0.19 -0.19 -0.20 -0.21 -0.22 -0.19 -0.19 -0.19 -0.19 -0.16 25032013 12
 -0.15 -0.16 -0.18 -0.19 -0.17 -0.15 -0.16 -0.16 -0.15 -0.15 -0.13 -0.12 26032013 00
 -0.12 -0.13 -0.13 -0.13 -0.13 -0.13 -0.13 -0.16 -0.14 -0.15 -0.14 -0.12 26032013 12
 -0.09 -0.11 -0.12 -0.14 -0.13 -0.13 -0.14 -0.15 -0.15 -0.12 -0.12 -0.11 27032013 00
 -0.09 -0.10 -0.09 -0.10 -0.10 -0.09 -0.09 -0.11 -0.13 -0.10 -0.09 -0.10 27032013 12
 -0.08 -0.08 -0.10 -0.10 -0.10 -0.10 -0.10 -0.12 -0.11 -0.11 -0.11 -0.10 28032013 00
 -0.09 -0.07 -0.09 -0.09 -0.11 -0.10 -0.09 -0.09 -0.08 -0.07 -0.08 -0.09 28032013 12
 -0.09 -0.05 -0.04 -0.04 -0.05 -0.05 -0.04 -0.00  0.05  0.07  0.08  0.07 29032013 00
  0.07  0.07  0.07  0.09  0.09  0.09  0.08  0.08  0.08  0.09  0.11  0.10 29032013 12
  0.09  0.08  0.05  0.06  0.05  0.06  0.05  0.04  0.03  0.00 -0.02 -0.02 30032013 00
 -0.01 -0.01 -0.02 -0.03 -0.03 -0.02 -0.01  0.00  0.00 -0.01 -0.02 -0.01 30032013 12
 -0.01 -0.01  0.00  0.00 -0.01 -0.01 -0.01 -0.00 -0.01 -0.01 -0.01 -0.00 31032013 00
  0.00  0.01  0.01  0.02  0.02  0.01  0.01  0.01  0.02  0.03  0.04  0.04 31032013 12
  0.04  0.04  0.05  0.06  0.08  0.09  0.09  0.08  0.09  0.09  0.09  0.07 01042013 00
  0.07  0.05  0.03  0.00 -0.01 -0.01 -0.00  0.02  0.02  0.03  0.04  0.07 01042013 12
  0.07  0.07  0.05  0.05  0.04  0.03  0.03  0.04  0.05  0.05  0.02 -0.01 02042013 00
 -0.03 -0.04 -0.02 -0.02 -0.01 -0.01 -0.02 -0.03 -0.02 -0.02 -0.03 -0.05 02042013 12
 -0.07 -0.09 -0.09 -0.08 -0.07 -0.07 -0.08 -0.08 -0.08 -0.07 -0.07 -0.07 03042013 00
 -0.08 -0.10 -0.12 -0.13 -0.14 -0.13 -0.13 -0.14 -0.14 -0.13 -0.11 -0.09 03042013 12
 -0.09 -0.11 -0.12 -0.13 -0.13 -0.13 -0.14 -0.16 -0.17 -0.16 -0.15 -0.15 04042013 00
 -0.17 -0.24 -0.30 -0.31 -0.30 -0.26 -0.23 -0.21 -0.22 -0.23 -0.22 -0.18 04042013 12
 -0.14 -0.15 -0.20 -0.23 -0.23 -0.22 -0.21 -0.20 -0.21 -0.23 -0.23 -0.22 05042013 00
 -0.21 -0.22 -0.26 -0.31 -0.32 -0.29 -0.26 -0.23 -0.19 -0.20 -0.22 -0.22 05042013 12
 -0.19 -0.15 -0.13 -0.16 -0.21 -0.22 -0.21 -0.18 -0.14 -0.12 -0.13 -0.14 06042013 00
 -0.16 -0.15 -0.14 -0.15 -0.19 -0.20 -0.20 -0.20 -0.16 -0.13 -0.11 -0.10 06042013 12
 -0.11 -0.12 -0.11 -0.09 -0.09 -0.10 -0.10 -0.10 -0.09 -0.05 -0.02  0.01 07042013 00
  0.02  0.01  0.02  0.04  0.06  0.08  0.10  0.09  0.08  0.07  0.06  0.05 07042013 12
  0.04  0.02 -0.00 -0.02 -0.02 -0.02 -0.03 -0.03 -0.02 -0.02 -0.01 -0.01 08042013 00
 -0.01 -0.01 -0.01 -0.03 -0.04 -0.04 -0.04 -0.01  0.00 -0.00 -0.00  0.02 08042013 12
  0.02  0.01  0.01  0.01  0.03  0.05  0.04  0.01 -0.01 -0.02 -0.03 -0.03 09042013 00
 -0.03 -0.02 -0.01  0.00  0.02  0.04  0.05  0.06  0.06  0.05  0.05  0.03 09042013 12
  0.01  0.01  0.01  0.02  0.02  0.01 -0.01 -0.02 -0.02 -0.01  0.01  0.03 10042013 00
  0.05  0.06  0.07  0.06  0.07  0.09  0.12  0.16  0.18  0.17  0.16  0.15 10042013 12
  0.12  0.10  0.10  0.09  0.08  0.07  0.08  0.09  0.09  0.07  0.07  0.07 11042013 00
  0.08  0.08  0.11  0.11  0.12  0.12  0.14  0.18  0.23  0.25  0.23  0.24 11042013 12
  0.22  0.19  0.21  0.20  0.21  0.21  0.20  0.20  0.21  0.19  0.18  0.17 12042013 00
  0.16  0.12  0.12  0.11  0.12  0.12  0.11  0.10  0.10  0.10  0.08  0.09 12042013 12
  0.08  0.06  0.04  0.04  0.03  0.03  0.03  0.03  0.04  0.07  0.08  0.09 13042013 00
  0.09  0.09  0.09  0.10  0.09  0.11  0.13  0.15  0.20  0.26  0.26  0.24 13042013 12
  0.22  0.25  0.32  0.46  0.52  0.53  0.49  0.46  0.49  0.56  0.55  0.47 14042013 00
  0.41  0.34  0.28  0.33  0.34  0.36  0.35  0.33  0.35  0.43  0.46  0.45 14042013 12
  0.43  0.39  0.35  0.39  0.43  0.48  0.49  0.42  0.33  0.26  0.19  0.13 15042013 00
  0.13  0.11  0.06  0.03 -0.00 -0.02 -0.00  0.00  0.01  0.04  0.15  0.22 15042013 12
  0.24  0.30  0.34  0.35  0.38  0.37  0.36  0.34  0.31  0.29  0.36  0.44 16042013 00
  0.48  0.49  0.48  0.47  0.43  0.36  0.34  0.34  0.29  0.18  0.07 -0.05 16042013 12
 -0.19 -0.21 -0.20 -0.21 -0.20 -0.20 -0.20 -0.15 -0.06  0.08  0.23  0.38 17042013 00
  0.43  0.38  0.34  0.37  0.43  0.52  0.59  0.66  0.70  0.79  0.94  1.08 17042013 12
  1.07  0.90  0.74  0.64  0.68  0.83  0.70  0.44  0.31  0.23  0.21  0.18 18042013 00
  0.09  0.06  0.05 -0.07 -0.15 -0.12 -0.05  0.00  0.06  0.07  0.07  0.06 18042013 12
  0.04 -0.02 -0.10 -0.18 -0.25 -0.29 -0.29 -0.26 -0.24 -0.24 -0.26 -0.26 19042013 00
 -0.23 -0.20 -0.15 -0.13 -0.14 -0.14 -0.14 -0.14 -0.12 -0.12 -0.14 -0.17 19042013 12
 -0.20 -0.22 -0.25 -0.26 -0.26 -0.25 -0.24 -0.22 -0.19 -0.18 -0.16 -0.15 20042013 00
 -0.15 -0.14 -0.16 -0.17 -0.17 -0.16 -0.16 -0.16 -0.15 -0.14 -0.12 -0.10 20042013 12
 -0.08 -0.06 -0.05 -0.05 -0.06 -0.05 -0.02 -0.01  0.01  0.01  0.01  0.02 21042013 00
  0.03  0.04  0.03  0.00 -0.02 -0.05 -0.06 -0.07 -0.06 -0.05 -0.04 -0.05 21042013 12
 -0.05 -0.05 -0.04 -0.04 -0.05 -0.06 -0.05 -0.05 -0.03 -0.01 -0.01  0.02 22042013 00
  0.05  0.09  0.13  0.16  0.17  0.15  0.11  0.10  0.11  0.10  0.08  0.06 22042013 12
  0.04  0.03  0.02 -0.01 -0.05 -0.07 -0.08 -0.07 -0.06 -0.06 -0.05 -0.04 23042013 00
 -0.04 -0.03 -0.03 -0.04 -0.06 -0.09 -0.11 -0.11 -0.10 -0.07 -0.06 -0.04 23042013 12
 -0.04 -0.05 -0.04 -0.03 -0.02 -0.02 -0.02 -0.00  0.03  0.05  0.07  0.09 24042013 00
  0.10  0.08  0.06  0.02 -0.03 -0.08 -0.11 -0.15 -0.16 -0.16 -0.16 -0.14 24042013 12
 -0.13 -0.14 -0.14 -0.14 -0.13 -0.12 -0.11 -0.10 -0.09 -0.08 -0.06 -0.03 25042013 00
  0.01 -0.00 -0.00 -0.01 -0.02 -0.04 -0.06 -0.09 -0.09 -0.09 -0.09 -0.08 25042013 12
 -0.05 -0.05 -0.04 -0.04 -0.04 -0.05 -0.08 -0.13 -0.15 -0.14 -0.12 -0.11 26042013 00
 -0.08 -0.08 -0.07 -0.05 -0.05 -0.04 -0.04 -0.06 -0.10 -0.10 -0.10 -0.12 26042013 12
 -0.15 -0.17 -0.21 -0.20 -0.22 -0.23 -0.27 -0.34 -0.40 -0.39 -0.35 -0.32 27042013 00
 -0.31 -0.22 -0.23 -0.24 -0.25 -0.23 -0.21 -0.19 -0.19 -0.20 -0.15 -0.16 27042013 12
 -0.14 -0.09 -0.06 -0.06 -0.07 -0.07 -0.02  0.01  0.02  0.02  0.03  0.05 28042013 00
  0.07  0.08  0.08  0.09  0.09  0.11  0.10  0.10  0.11  0.12  0.09  0.05 28042013 12
  0.08  0.08  0.06  0.06  0.07  0.09  0.07  0.04  0.04  0.04 -0.01 -0.02 29042013 00
 -0.03 -0.03 -0.02 -0.04 -0.05 -0.06 -0.05 -0.06 -0.07 -0.11 -0.15 -0.15 29042013 12
 -0.14 -0.15 -0.15 -0.15 -0.17 -0.17 -0.20 -0.21 -0.23 -0.26 -0.29 -0.29 30042013 00
 -0.26 -0.26 -0.25 -0.19 -0.18 -0.20 -0.20 -0.21 -0.20 -0.20 -0.21 -0.22 30042013 12
 -0.19 -0.21 -0.21 -0.17 -0.15 -0.16 -0.14 -0.14 -0.13 -0.12 -0.11 -0.10 01052013 00
 -0.09 -0.09 -0.10 -0.11 -0.11 -0.13 -0.15 -0.17 -0.17 -0.18 -0.20 -0.22 01052013 12
 -0.24 -0.24 -0.25 -0.23 -0.21 -0.19 -0.18 -0.19 -0.19 -0.18 -0.16 -0.14 02052013 00
 -0.14 -0.13 -0.13 -0.13 -0.11 -0.08 -0.06 -0.04 -0.04 -0.05 -0.04 -0.02 02052013 12
 -0.01 -0.01 -0.01 -0.02 -0.04 -0.05 -0.06 -0.07 -0.07 -0.06 -0.05 -0.03 03052013 00
 -0.02  0.00  0.01  0.01  0.01  0.02  0.04  0.07  0.10  0.12  0.14  0.16 03052013 12
  0.17  0.16  0.15  0.12  0.09  0.09  0.08  0.07  0.07  0.07  0.06  0.04 04052013 00
  0.03  0.01 -0.01 -0.02 -0.02 -0.01  0.01  0.03  0.05  0.06  0.06  0.06 04052013 12
  0.06  0.05  0.03  0.02 -0.01 -0.03 -0.04 -0.05 -0.05 -0.03 -0.02 -0.01 05052013 00
 -0.00  0.01  0.01  0.01  0.01  0.01  0.01 -0.00 -0.01 -0.01 -0.01 -0.01 05052013 12
 -0.00  0.00 -0.01 -0.02 -0.03 -0.05 -0.06 -0.06 -0.05 -0.05 -0.04 -0.04 06052013 00
 -0.04 -0.04 -0.03 -0.04 -0.06 -0.07 -0.08 -0.08 -0.07 -0.06 -0.04 -0.03 06052013 12
 -0.02 -0.02 -0.02 -0.02 -0.03 -0.04 -0.05 -0.06 -0.06 -0.06 -0.04 -0.04 07052013 00
 -0.03 -0.04 -0.03 -0.03 -0.02 -0.01 -0.01 -0.02 -0.01 -0.01 -0.00  0.02 07052013 12
  0.02  0.03  0.04  0.05  0.08  0.13  0.18  0.19  0.18  0.18  0.18  0.20 08052013 00
  0.26  0.28  0.26  0.22  0.19  0.19  0.25  0.28  0.25  0.25  0.23  0.20 08052013 12
  0.23  0.24  0.25  0.24  0.21  0.19  0.21  0.22  0.23  0.24  0.24  0.26 09052013 00
  0.32  0.40  0.45  0.43  0.40  0.36  0.35  0.34  0.27  0.25  0.21  0.16 09052013 12
  0.11  0.11  0.12  0.14  0.11  0.07  0.04  0.05  0.05  0.08  0.10  0.07 10052013 00
  0.05  0.07  0.07  0.09  0.10  0.09  0.08  0.07  0.07  0.07  0.09  0.08 10052013 12
  0.08  0.10  0.10  0.09  0.08  0.08  0.07  0.05  0.03  0.06  0.11  0.15 11052013 00
  0.14  0.13  0.15  0.15  0.17  0.17  0.14  0.12  0.08  0.04  0.03  0.02 11052013 12
  0.01 -0.01 -0.03 -0.04 -0.04 -0.06 -0.09 -0.13 -0.14 -0.13 -0.11 -0.09 12052013 00
 -0.07 -0.01  0.05  0.10  0.13  0.15  0.16  0.16  0.17  0.17  0.21  0.22 12052013 12
  0.21  0.14  0.12  0.12  0.15  0.16  0.15  0.12  0.11  0.13  0.11  0.13 13052013 00
  0.11  0.11  0.13  0.16  0.16  0.19  0.18  0.15  0.11  0.08  0.08  0.10 13052013 12
  0.13  0.10  0.09  0.10  0.12  0.14  0.14  0.13  0.12  0.13  0.11  0.11 14052013 00
  0.11  0.10  0.09  0.08  0.07  0.07  0.06  0.04  0.01 -0.04 -0.07 -0.10 14052013 12
 -0.09 -0.08 -0.04 -0.03 -0.03 -0.03 -0.03 -0.03 -0.01 -0.00 -0.02 -0.04 15052013 00
 -0.04 -0.02  0.02  0.07  0.09  0.09  0.09  0.09  0.10  0.09  0.04  0.01 15052013 12
 -0.01 -0.03 -0.05 -0.06 -0.06 -0.05 -0.05 -0.05 -0.04 -0.02  0.03  0.09 16052013 00
  0.12  0.12  0.12  0.12  0.12  0.13  0.14  0.13  0.12  0.11  0.09  0.09 16052013 12
  0.08  0.07  0.07  0.05  0.02 -0.00 -0.00 -0.00  0.00 -0.01 -0.01  0.00 17052013 00
  0.02  0.02  0.02  0.00 -0.00 -0.00  0.01  0.03  0.03  0.02  0.03  0.04 17052013 12
  0.05  0.06  0.06  0.04  0.02  0.00  0.00  0.02  0.03  0.03  0.03  0.04 18052013 00
  0.05  0.03  0.01  0.01  0.01  0.02  0.03  0.03  0.01  0.00 -0.01 -0.02 18052013 12
 -0.04 -0.05 -0.06 -0.08 -0.10 -0.10 -0.10 -0.10 -0.10 -0.10 -0.09 -0.07 19052013 00
 -0.05 -0.05 -0.05 -0.06 -0.07 -0.10 -0.11 -0.10 -0.10 -0.09 -0.09 -0.08 19052013 12
 -0.08 -0.09 -0.09 -0.09 -0.08 -0.08 -0.06 -0.06 -0.06 -0.05 -0.04 -0.03 20052013 00
 -0.04 -0.06 -0.07 -0.09 -0.09 -0.09 -0.09 -0.08 -0.06 -0.05 -0.05 -0.05 20052013 12
 -0.06 -0.05 -0.06 -0.09 -0.12 -0.11 -0.12 -0.13 -0.13 -0.14 -0.15 -0.14 21052013 00
 -0.13 -0.12 -0.11 -0.10 -0.12 -0.13 -0.11 -0.09 -0.06 -0.04 -0.04 -0.04 21052013 12
 -0.05 -0.05 -0.04 -0.05 -0.09 -0.12 -0.13 -0.14 -0.13 -0.11 -0.10 -0.09 22052013 00
 -0.10 -0.10 -0.08 -0.07 -0.09 -0.12 -0.12 -0.10 -0.07 -0.02  0.00  0.01 22052013 12
  0.02  0.01  0.02  0.03 -0.02 -0.10 -0.14 -0.16 -0.14 -0.09 -0.08 -0.13 23052013 00
 -0.15 -0.14 -0.07 -0.01 -0.01 -0.06 -0.09 -0.04 -0.04 -0.02 -0.03 -0.06 23052013 12
 -0.06 -0.06 -0.06 -0.05 -0.07 -0.10 -0.17 -0.21 -0.18 -0.15 -0.13 -0.14 24052013 00
 -0.21 -0.25 -0.27 -0.27 -0.27 -0.30 -0.35 -0.35 -0.33 -0.30 -0.29 -0.24 24052013 12
 -0.20 -0.25 -0.23 -0.25 -0.21 -0.19 -0.20 -0.22 -0.20 -0.21 -0.19 -0.17 25052013 00
 -0.13 -0.14 -0.15 -0.16 -0.17 -0.16 -0.16 -0.18 -0.19 -0.15 -0.16 -0.16 25052013 12
 -0.12 -0.10 -0.10 -0.11 -0.11 -0.11 -0.11 -0.14 -0.14 -0.14 -0.12 -0.11 26052013 00
 -0.10 -0.06 -0.06 -0.06 -0.07 -0.06 -0.03 -0.02 -0.01  0.00  0.01  0.02 26052013 12
  0.04  0.05  0.07  0.08  0.08  0.09  0.11  0.17  0.25  0.29  0.29  0.27 27052013 00
  0.28  0.24  0.22  0.25  0.23  0.24  0.20  0.16  0.12  0.11  0.06  0.10 27052013 12
  0.10  0.08  0.06  0.06  0.06  0.07  0.06  0.06  0.06  0.05  0.05  0.03 28052013 00
  0.04  0.03  0.01 -0.00  0.00  0.02  0.03  0.03  0.01 -0.03 -0.05 -0.05 28052013 12
 -0.05 -0.05 -0.07 -0.07 -0.09 -0.10 -0.12 -0.12 -0.12 -0.13 -0.17 -0.18 29052013 00
 -0.15 -0.16 -0.16 -0.13 -0.13 -0.13 -0.11 -0.09 -0.07 -0.06 -0.06 -0.07 29052013 12
 -0.07 -0.06 -0.05 -0.05 -0.06 -0.08 -0.10 -0.10 -0.10 -0.09 -0.10 -0.10 30052013 00
 -0.12 -0.12 -0.12 -0.12 -0.10 -0.11 -0.11 -0.12 -0.11 -0.10 -0.10 -0.11 30052013 12
 -0.13 -0.13 -0.14 -0.14 -0.14 -0.16 -0.17 -0.17 -0.18 -0.17 -0.15 -0.15 31052013 00
 -0.15 -0.14 -0.14 -0.13 -0.12 -0.11 -0.12 -0.12 -0.12 -0.12 -0.12 -0.12 31052013 12
 -0.13 -0.14 -0.14 -0.15 -0.15 -0.14 -0.15 -0.16 -0.17 -0.17 -0.17 -0.16 01062013 00
 -0.16 -0.17 -0.17 -0.16 -0.16 -0.14 -0.12 -0.12 -0.13 -0.14 -0.14 -0.14 01062013 12
 -0.16 -0.19 -0.22 -0.23 -0.24 -0.23 -0.22 -0.21 -0.21 -0.22 -0.22 -0.20 02062013 00
 -0.18 -0.18 -0.19 -0.20 -0.21 -0.21 -0.20 -0.19 -0.20 -0.21 -0.22 -0.22 02062013 12
 -0.21 -0.20 -0.20 -0.22 -0.23 -0.23 -0.22 -0.21 -0.19 -0.20 -0.21 -0.21 03062013 00
 -0.20 -0.19 -0.20 -0.24 -0.26 -0.26 -0.25 -0.24 -0.23 -0.23 -0.22 -0.22 03062013 12
 -0.21 -0.20 -0.19 -0.20 -0.22 -0.22 -0.21 -0.21 -0.20 -0.19 -0.19 -0.19 04062013 00
 -0.20 -0.19 -0.18 -0.18 -0.19 -0.19 -0.18 -0.18 -0.17 -0.15 -0.14 -0.14 04062013 12
 -0.14 -0.14 -0.13 -0.13 -0.14 -0.16 -0.17 -0.18 -0.17 -0.16 -0.14 -0.12 05062013 00
 -0.11 -0.11 -0.11 -0.10 -0.09 -0.10 -0.10 -0.09 -0.10 -0.09 -0.09 -0.09 05062013 12
 -0.09 -0.10 -0.10 -0.10 -0.11 -0.13 -0.15 -0.16 -0.16 -0.15 -0.13 -0.11 06062013 00
 -0.10 -0.11 -0.11 -0.11 -0.11 -0.12 -0.13 -0.14 -0.13 -0.13 -0.13 -0.12 06062013 12
 -0.11 -0.11 -0.12 -0.12 -0.13 -0.13 -0.16 -0.17 -0.18 -0.18 -0.16 -0.14 07062013 00
 -0.14 -0.14 -0.15 -0.16 -0.15 -0.15 -0.17 -0.16 -0.16 -0.15 -0.15 -0.14 07062013 12
 -0.13 -0.12 -0.12 -0.13 -0.14 -0.15 -0.16 -0.18 -0.17 -0.18 -0.16 -0.14 08062013 00
 -0.11 -0.11 -0.10 -0.12 -0.12 -0.11 -0.10 -0.11 -0.11 -0.11 -0.12 -0.11 08062013 12
 -0.10 -0.10 -0.08 -0.09 -0.09 -0.09 -0.09 -0.10 -0.11 -0.10 -0.09 -0.07 09062013 00
 -0.04 -0.03 -0.04 -0.04 -0.05 -0.05 -0.04 -0.04 -0.03 -0.04 -0.03 -0.04 09062013 12
 -0.03 -0.02 -0.02 -0.02 -0.03 -0.04 -0.04 -0.03 -0.04 -0.03 -0.03 -0.01 10062013 00
  0.01  0.02  0.03  0.03  0.03  0.03  0.02  0.03  0.04  0.05  0.05  0.06 10062013 12
  0.07  0.07  0.08  0.08  0.08  0.08  0.08  0.10  0.11  0.10  0.09  0.07 11062013 00
  0.06  0.05  0.06  0.08  0.09  0.09  0.10  0.09  0.11  0.15  0.16  0.18 11062013 12
  0.18  0.18  0.18  0.19  0.20  0.20  0.19  0.18  0.17  0.16  0.13  0.10 12062013 00
  0.09  0.06  0.04  0.07  0.08  0.10  0.10  0.12  0.18  0.26  0.30  0.29 12062013 12
  0.25  0.21  0.17  0.18  0.18  0.19  0.17  0.13  0.10  0.07  0.05  0.04 13062013 00
  0.06  0.03  0.02  0.03  0.04  0.06  0.07  0.07  0.08  0.07  0.05  0.04 13062013 12
  0.02  0.02  0.00 -0.02 -0.03 -0.04 -0.04 -0.04 -0.04 -0.03 -0.00  0.04 14062013 00
  0.06  0.07  0.07  0.10  0.15  0.21  0.24  0.25  0.25  0.28  0.35  0.42 14062013 12
  0.39  0.31  0.26  0.20  0.18  0.17  0.18  0.18  0.18  0.16  0.17  0.19 15062013 00
  0.18  0.19  0.20  0.17  0.14  0.14  0.15  0.17  0.17  0.16  0.14  0.13 15062013 12
  0.11  0.06  0.05  0.03  0.02  0.01  0.01 -0.01 -0.02 -0.03 -0.03 -0.01 16062013 00
  0.02  0.04  0.04  0.03  0.03  0.03  0.05  0.07  0.07  0.06  0.06  0.05 16062013 12
  0.06  0.06  0.05  0.03  0.01 -0.01 -0.04 -0.05 -0.05 -0.06 -0.07 -0.07 17062013 00
 -0.06 -0.05 -0.06 -0.07 -0.08 -0.07 -0.07 -0.08 -0.07 -0.07 -0.08 -0.08 17062013 12
 -0.07 -0.07 -0.07 -0.06 -0.06 -0.06 -0.06 -0.06 -0.06 -0.06 -0.05 -0.02 18062013 00
 -0.01 -0.02 -0.04 -0.04 -0.03 -0.02 -0.02 -0.01 -0.01 -0.01 -0.01 -0.02 18062013 12
 -0.02 -0.02 -0.02 -0.03 -0.05 -0.06 -0.06 -0.07 -0.08 -0.08 -0.08 -0.07 19062013 00
 -0.07 -0.08 -0.10 -0.13 -0.13 -0.12 -0.12 -0.12 -0.12 -0.13 -0.13 -0.12 19062013 12
 -0.10 -0.09 -0.10 -0.10 -0.12 -0.13 -0.13 -0.12 -0.10 -0.08 -0.07 -0.05 20062013 00
 -0.04 -0.03 -0.01  0.01  0.02  0.03  0.03  0.03  0.04  0.05  0.07  0.08 20062013 12
  0.08  0.08  0.09  0.08  0.06  0.04  0.04  0.04  0.03  0.02  0.01  0.00 21062013 00
 -0.00 -0.01 -0.01 -0.02 -0.03 -0.01  0.01  0.03  0.04  0.05  0.08  0.13 21062013 12
  0.16  0.17  0.17  0.19  0.23  0.27  0.29  0.29  0.28  0.29  0.27  0.27 22062013 00
  0.30  0.28  0.29  0.29  0.28  0.28  0.28  0.22  0.23  0.22  0.20  0.18 22062013 12
  0.20  0.17  0.16  0.13  0.13  0.15  0.13  0.06 -0.01  0.01  0.02  0.05 23062013 00
  0.05  0.03  0.06  0.10  0.12  0.09  0.02 -0.05 -0.06 -0.08 -0.11 -0.12 23062013 12
 -0.13 -0.12 -0.10 -0.09 -0.10 -0.12 -0.15 -0.19 -0.22 -0.21 -0.19 -0.17 24062013 00
 -0.14 -0.12 -0.13 -0.13 -0.15 -0.14 -0.13 -0.14 -0.15 -0.15 -0.16 -0.16 24062013 12
 -0.15 -0.13 -0.13 -0.13 -0.15 -0.15 -0.15 -0.16 -0.18 -0.20 -0.18 -0.19 25062013 00
 -0.18 -0.15 -0.12 -0.14 -0.13 -0.15 -0.14 -0.15 -0.18 -0.18 -0.20 -0.19 25062013 12
 -0.19 -0.17 -0.15 -0.17 -0.17 -0.18 -0.18 -0.18 -0.19 -0.22 -0.22 -0.21 26062013 00
 -0.22 -0.22 -0.20 -0.19 -0.20 -0.19 -0.20 -0.19 -0.20 -0.21 -0.22 -0.21 26062013 12
 -0.21 -0.22 -0.18 -0.16 -0.17 -0.16 -0.18 -0.17 -0.18 -0.20 -0.23 -0.21 27062013 00
 -0.19 -0.18 -0.16 -0.10 -0.09 -0.09 -0.10 -0.10 -0.09 -0.09 -0.10 -0.12 27062013 12
 -0.12 -0.14 -0.14 -0.11 -0.11 -0.11 -0.11 -0.11 -0.11 -0.12 -0.14 -0.15 28062013 00
 -0.11 -0.08 -0.05 -0.03  0.01  0.01  0.01  0.00  0.02  0.00 -0.04 -0.09 28062013 12
 -0.11 -0.11 -0.12 -0.14 -0.15 -0.17 -0.17 -0.18 -0.18 -0.19 -0.20 -0.19 29062013 00
 -0.19 -0.17 -0.18 -0.17 -0.14 -0.12 -0.11 -0.09 -0.08 -0.07 -0.06 -0.07 29062013 12
 -0.07 -0.07 -0.07 -0.08 -0.09 -0.09 -0.10 -0.10 -0.09 -0.08 -0.07 -0.05 30062013 00
 -0.01  0.01  0.03  0.03  0.05  0.07  0.10  0.11  0.11  0.11  0.10  0.08 30062013 12
  0.05  0.02 -0.00 -0.01 -0.01 -0.04 -0.05 -0.05 -0.06 -0.06 -0.06 -0.06 01072013 00
 -0.05 -0.04 -0.04 -0.05 -0.05 -0.05 -0.06 -0.05 -0.04 -0.04 -0.03 -0.03 01072013 12
 -0.02 -0.02 -0.01 -0.01 -0.01 -0.01 -0.01 -0.00  0.02  0.03  0.05  0.07 02072013 00
  0.10  0.15  0.19  0.22  0.23  0.22  0.21  0.21  0.21  0.22  0.23  0.24 02072013 12
  0.23  0.20  0.18  0.19  0.17  0.14  0.09  0.05  0.03  0.00 -0.02 -0.02 03072013 00
 -0.01 -0.03 -0.05 -0.07 -0.09 -0.09 -0.07 -0.07 -0.05 -0.02 -0.00 -0.00 03072013 12
  0.00  0.02  0.03  0.04  0.06  0.09  0.10  0.11  0.12  0.15  0.19  0.22 04072013 00
  0.20  0.15  0.10  0.05 -0.01 -0.06 -0.09 -0.08 -0.08 -0.09 -0.09 -0.10 04072013 12
 -0.10 -0.11 -0.11 -0.10 -0.11 -0.15 -0.16 -0.17 -0.17 -0.18 -0.16 -0.16 05072013 00
 -0.16 -0.15 -0.15 -0.16 -0.16 -0.17 -0.17 -0.16 -0.14 -0.13 -0.11 -0.11 05072013 12
 -0.11 -0.11 -0.12 -0.12 -0.12 -0.14 -0.17 -0.18 -0.18 -0.17 -0.15 -0.13 06072013 00
 -0.13 -0.14 -0.14 -0.14 -0.13 -0.14 -0.15 -0.16 -0.16 -0.16 -0.16 -0.15 06072013 12
 -0.16 -0.18 -0.19 -0.19 -0.19 -0.20 -0.25 -0.29 -0.29 -0.29 -0.26 -0.24 07072013 00
 -0.22 -0.22 -0.24 -0.26 -0.26 -0.26 -0.27 -0.28 -0.28 -0.28 -0.27 -0.24 07072013 12
 -0.22 -0.22 -0.23 -0.24 -0.24 -0.23 -0.25 -0.29 -0.30 -0.30 -0.30 -0.26 08072013 00
 -0.22 -0.22 -0.22 -0.25 -0.24 -0.23 -0.22 -0.22 -0.25 -0.24 -0.26 -0.25 08072013 12
 -0.22 -0.21 -0.20 -0.21 -0.22 -0.20 -0.20 -0.22 -0.24 -0.24 -0.22 -0.22 09072013 00
 -0.20 -0.16 -0.18 -0.17 -0.19 -0.19 -0.18 -0.19 -0.21 -0.20 -0.21 -0.20 09072013 12
 -0.19 -0.15 -0.16 -0.15 -0.16 -0.17 -0.18 -0.19 -0.22 -0.23 -0.24 -0.23 10072013 00
 -0.20 -0.17 -0.16 -0.17 -0.17 -0.17 -0.16 -0.15 -0.15 -0.18 -0.17 -0.19 10072013 12
 -0.19 -0.16 -0.15 -0.16 -0.16 -0.16 -0.16 -0.17 -0.18 -0.19 -0.19 -0.17 11072013 00
 -0.17 -0.15 -0.13 -0.13 -0.13 -0.15 -0.15 -0.14 -0.14 -0.15 -0.15 -0.17 11072013 12
 -0.16 -0.15 -0.12 -0.12 -0.11 -0.12 -0.13 -0.13 -0.14 -0.14 -0.15 -0.13 12072013 00
 -0.14 -0.13 -0.12 -0.11 -0.13 -0.12 -0.13 -0.12 -0.11 -0.11 -0.12 -0.13 12072013 12
 -0.13 -0.14 -0.12 -0.10 -0.10 -0.10 -0.12 -0.14 -0.14 -0.15 -0.17 -0.16 13072013 00
 -0.16 -0.15 -0.14 -0.12 -0.13 -0.12 -0.14 -0.15 -0.15 -0.15 -0.15 -0.15 13072013 12
 -0.16 -0.18 -0.18 -0.15 -0.15 -0.13 -0.14 -0.15 -0.15 -0.15 -0.16 -0.17 14072013 00
 -0.16 -0.15 -0.15 -0.13 -0.11 -0.12 -0.12 -0.12 -0.12 -0.12 -0.12 -0.13 14072013 12
 -0.12 -0.12 -0.12 -0.12 -0.10 -0.10 -0.11 -0.13 -0.14 -0.14 -0.14 -0.15 15072013 00
 -0.14 -0.15 -0.14 -0.14 -0.13 -0.12 -0.12 -0.12 -0.12 -0.12 -0.11 -0.11 15072013 12
 -0.12 -0.12 -0.12 -0.12 -0.11 -0.11 -0.12 -0.13 -0.14 -0.14 -0.13 -0.13 16072013 00
 -0.14 -0.14 -0.14 -0.14 -0.14 -0.13 -0.12 -0.12 -0.13 -0.12 -0.12 -0.12 16072013 12
 -0.12 -0.13 -0.14 -0.14 -0.13 -0.12 -0.13 -0.15 -0.16 -0.16 -0.15 -0.14 17072013 00
 -0.14 -0.14 -0.16 -0.17 -0.18 -0.17 -0.16 -0.15 -0.16 -0.16 -0.16 -0.16 17072013 12
 -0.16 -0.18 -0.19 -0.19 -0.19 -0.18 -0.18 -0.19 -0.20 -0.20 -0.20 -0.19 18072013 00
 -0.17 -0.17 -0.18 -0.19 -0.19 -0.19 -0.18 -0.17 -0.16 -0.16 -0.16 -0.16 18072013 12
 -0.15 -0.14 -0.15 -0.17 -0.18 -0.18 -0.18 -0.18 -0.16 -0.17 -0.17 -0.17 19072013 00
 -0.16 -0.15 -0.14 -0.14 -0.15 -0.15 -0.15 -0.15 -0.14 -0.14 -0.15 -0.16 19072013 12
 -0.17 -0.16 -0.15 -0.15 -0.15 -0.16 -0.16 -0.17 -0.16 -0.15 -0.13 -0.12 20072013 00
 -0.12 -0.12 -0.13 -0.12 -0.14 -0.15 -0.14 -0.15 -0.13 -0.13 -0.12 -0.12 20072013 12
 -0.12 -0.12 -0.12 -0.11 -0.11 -0.13 -0.14 -0.13 -0.14 -0.13 -0.12 -0.11 21072013 00
 -0.11 -0.11 -0.11 -0.11 -0.09 -0.09 -0.09 -0.09 -0.08 -0.09 -0.09 -0.08 21072013 12
 -0.09 -0.08 -0.08 -0.08 -0.08 -0.09 -0.09 -0.08 -0.08 -0.09 -0.09 -0.06 22072013 00
 -0.03 -0.03 -0.03 -0.03 -0.03 -0.02 -0.01 -0.02 -0.01 -0.01 -0.01 -0.01 22072013 12
 -0.00 -0.00 -0.00 -0.01 -0.02 -0.02 -0.02 -0.03 -0.03 -0.01 -0.00  0.00 23072013 00
  0.01  0.02  0.03  0.02  0.01  0.01  0.00 -0.00  0.00  0.01  0.01  0.01 23072013 12
  0.01  0.02  0.02  0.01  0.01  0.01 -0.00 -0.01 -0.00  0.01  0.02  0.03 24072013 00
  0.04  0.05  0.06  0.07  0.06  0.05  0.04  0.04  0.05  0.06  0.05  0.04 24072013 12
  0.04  0.03  0.03  0.04  0.03  0.03  0.02  0.01  0.01  0.01  0.03  0.03 25072013 00
  0.03  0.03  0.04  0.06  0.06  0.06  0.05  0.05  0.05  0.05  0.05  0.03 25072013 12
  0.03  0.03  0.02  0.02  0.01  0.01  0.01  0.00  0.01  0.02  0.02  0.02 26072013 00
  0.02  0.02  0.01  0.01  0.01  0.01  0.02  0.01  0.01  0.01  0.01  0.01 26072013 12
  0.01  0.01  0.01  0.00  0.00  0.00  0.01  0.01  0.01  0.02  0.03  0.03 27072013 00
  0.03  0.03  0.04  0.05  0.05  0.05  0.05  0.05  0.06  0.06  0.07  0.09 27072013 12
  0.11  0.12  0.13  0.12  0.11  0.12  0.13  0.13  0.13  0.13  0.16  0.20 28072013 00
  0.19  0.19  0.17  0.16  0.14  0.16  0.15  0.16  0.15  0.13  0.13  0.13 28072013 12
  0.12  0.12  0.12  0.11  0.10  0.11  0.12  0.12  0.12  0.12  0.13  0.15 29072013 00
  0.15  0.15  0.13  0.12  0.10  0.09  0.10  0.11  0.12  0.12  0.11  0.11 29072013 12
  0.10  0.07  0.06  0.05  0.03  0.00 -0.01 -0.01 -0.01 -0.01 -0.01 -0.01 30072013 00
  0.01  0.02  0.03  0.04  0.03  0.03  0.03  0.03  0.04  0.05  0.05  0.05 30072013 12
  0.05  0.05  0.03  0.03  0.03  0.01 -0.01 -0.02 -0.03 -0.03 -0.02 -0.01 31072013 00
 -0.00  0.01  0.03  0.05  0.07  0.08  0.10  0.12  0.14  0.16  0.17  0.16 31072013 12
  0.15  0.13  0.12  0.11  0.10  0.08  0.06  0.05  0.06  0.09  0.10  0.10 01082013 00
  0.11  0.13  0.16  0.19  0.20  0.20  0.18  0.16  0.15  0.16  0.18  0.19 01082013 12
  0.18  0.16  0.15  0.16  0.16  0.14  0.11  0.09  0.10  0.14  0.18  0.19 02082013 00
  0.19  0.18  0.18  0.21  0.24  0.25  0.26  0.23  0.19  0.18  0.18  0.19 02082013 12
  0.20  0.19  0.17  0.14  0.13  0.11  0.09  0.09  0.08  0.08  0.09  0.09 03082013 00
  0.08  0.08  0.08  0.07  0.05  0.04  0.04  0.04  0.05  0.04  0.05  0.05 03082013 12
  0.03  0.03  0.03  0.02  0.01  0.03  0.04  0.04  0.05  0.03  0.04  0.05 04082013 00
  0.07  0.08  0.09  0.08  0.07  0.06  0.05  0.05  0.05  0.05  0.04  0.03 04082013 12
  0.03  0.05  0.05  0.04  0.04  0.04  0.04  0.03  0.04  0.06  0.07  0.08 05082013 00
  0.10  0.09  0.08  0.07  0.05  0.04  0.01 -0.01  0.01  0.02  0.01 -0.00 05082013 12
 -0.03 -0.04 -0.04 -0.03 -0.04 -0.05 -0.08 -0.10 -0.10 -0.09 -0.07 -0.06 06082013 00
 -0.06 -0.05 -0.04 -0.04 -0.04 -0.04 -0.05 -0.06 -0.05 -0.04 -0.03 -0.02 06082013 12
 -0.02 -0.02 -0.02 -0.02 -0.03 -0.03 -0.03 -0.02 -0.03 -0.03 -0.03 -0.02 07082013 00
 -0.02 -0.03 -0.04 -0.04 -0.04 -0.04 -0.03 -0.04 -0.05 -0.05 -0.06 -0.05 07082013 12
 -0.05 -0.05 -0.05 -0.05 -0.05 -0.05 -0.05 -0.06 -0.07 -0.08 -0.07 -0.06 08082013 00
 -0.04 -0.03 -0.02 -0.02 -0.02 -0.02 -0.01  0.01  0.03  0.04  0.04  0.04 08082013 12
  0.04  0.05  0.08  0.10  0.10  0.10  0.09  0.06  0.03  0.00 -0.02 -0.02 09082013 00
 -0.03 -0.04 -0.05 -0.06 -0.06 -0.06 -0.08 -0.10 -0.12 -0.14 -0.13 -0.14 09082013 12
 -0.14 -0.13 -0.11 -0.12 -0.11 -0.11 -0.11 -0.11 -0.12 -0.12 -0.11 -0.10 10082013 00
 -0.10 -0.09 -0.05 -0.05 -0.05 -0.05 -0.05 -0.04 -0.03 -0.03 -0.03 -0.02 10082013 12
 -0.00 -0.00 -0.01 -0.00  0.01  0.01  0.00 -0.01 -0.02 -0.02 -0.02 -0.02 11082013 00
 -0.00  0.00 -0.01 -0.02 -0.02 -0.02 -0.01 -0.00  0.01  0.01  0.00  0.01 11082013 12
  0.01  0.01 -0.01 -0.01 -0.00  0.01  0.02  0.02  0.01 -0.01 -0.01 -0.02 12082013 00
 -0.01 -0.02 -0.02 -0.02 -0.02 -0.02 -0.01 -0.01 -0.02 -0.05 -0.09 -0.10 12082013 12
 -0.11 -0.12 -0.12 -0.10 -0.10 -0.09 -0.10 -0.11 -0.11 -0.11 -0.10 -0.09 13082013 00
 -0.07 -0.08 -0.08 -0.08 -0.08 -0.10 -0.10 -0.11 -0.11 -0.10 -0.11 -0.12 13082013 12
 -0.12 -0.12 -0.11 -0.10 -0.09 -0.07 -0.07 -0.09 -0.10 -0.10 -0.09 -0.07 14082013 00
 -0.07 -0.07 -0.08 -0.08 -0.08 -0.05 -0.04 -0.02 -0.01 -0.01 -0.00  0.01 14082013 12
  0.02  0.01 -0.00 -0.01 -0.01 -0.01 -0.00  0.00  0.01  0.00  0.01  0.02 15082013 00
  0.03  0.03  0.04  0.04  0.04  0.04  0.05  0.07  0.09  0.10  0.10  0.11 15082013 12
  0.13  0.16  0.15  0.13  0.11  0.07  0.00 -0.03 -0.05 -0.05 -0.05 -0.06 16082013 00
 -0.08 -0.09 -0.09 -0.08 -0.04 -0.03 -0.01  0.01  0.02  0.02  0.01  0.01 16082013 12
  0.01  0.00 -0.01 -0.01 -0.02 -0.02  0.00  0.03  0.07  0.10  0.14  0.19 17082013 00
  0.25  0.34  0.42  0.48  0.50  0.49  0.44  0.37  0.30  0.28  0.26  0.22 17082013 12
  0.16  0.12  0.08  0.06  0.04  0.03  0.05  0.08  0.09  0.09  0.12  0.13 18082013 00
  0.13  0.11  0.08  0.05  0.02 -0.01 -0.03 -0.03 -0.02 -0.02  0.00  0.03 18082013 12
  0.04  0.05  0.06  0.05  0.05  0.04  0.02  0.00 -0.00 -0.01 -0.01 -0.01 19082013 00
 -0.02 -0.02 -0.02 -0.02 -0.03 -0.04 -0.05 -0.05 -0.06 -0.06 -0.06 -0.05 19082013 12
 -0.05 -0.06 -0.08 -0.09 -0.11 -0.13 -0.15 -0.16 -0.16 -0.16 -0.15 -0.11 20082013 00
 -0.09 -0.10 -0.09 -0.09 -0.09 -0.09 -0.09 -0.09 -0.09 -0.09 -0.09 -0.07 20082013 12
 -0.05 -0.04 -0.03 -0.02 -0.01  0.01  0.03  0.04  0.03  0.02  0.04  0.05 21082013 00
  0.04  0.04  0.04  0.03  0.01 -0.02 -0.05 -0.08 -0.11 -0.11 -0.10 -0.10 21082013 12
 -0.09 -0.08 -0.09 -0.09 -0.10 -0.09 -0.10 -0.12 -0.13 -0.14 -0.13 -0.12 22082013 00
 -0.10 -0.06 -0.06 -0.06 -0.08 -0.07 -0.06 -0.05 -0.06 -0.05 -0.05 -0.06 22082013 12
 -0.05 -0.03 -0.02 -0.02 -0.03 -0.04 -0.05 -0.05 -0.05 -0.04 -0.03 -0.01 23082013 00
 -0.00  0.01  0.02  0.02  0.02  0.02  0.01  0.01  0.01 -0.00 -0.01 -0.01 23082013 12
 -0.02 -0.02 -0.03 -0.05 -0.06 -0.05 -0.04 -0.05 -0.06 -0.09 -0.10 -0.09 24082013 00
 -0.09 -0.09 -0.06 -0.06 -0.07 -0.07 -0.07 -0.07 -0.06 -0.07 -0.07 -0.07 24082013 12
 -0.07 -0.07 -0.06 -0.05 -0.06 -0.07 -0.08 -0.09 -0.11 -0.15 -0.19 -0.18 25082013 00
 -0.19 -0.20 -0.19 -0.16 -0.17 -0.17 -0.17 -0.16 -0.16 -0.17 -0.18 -0.20 25082013 12
 -0.17 -0.19 -0.18 -0.16 -0.18 -0.18 -0.19 -0.19 -0.18 -0.19 -0.20 -0.19 26082013 00
 -0.17 -0.17 -0.15 -0.12 -0.12 -0.11 -0.12 -0.11 -0.10 -0.09 -0.10 -0.10 26082013 12
 -0.11 -0.10 -0.11 -0.10 -0.09 -0.09 -0.09 -0.10 -0.10 -0.09 -0.09 -0.10 27082013 00
 -0.10 -0.10 -0.09 -0.10 -0.10 -0.10 -0.10 -0.10 -0.09 -0.09 -0.10 -0.12 27082013 12
 -0.13 -0.14 -0.14 -0.14 -0.15 -0.15 -0.16 -0.17 -0.17 -0.17 -0.16 -0.15 28082013 00
 -0.14 -0.14 -0.14 -0.13 -0.12 -0.11 -0.10 -0.10 -0.10 -0.09 -0.08 -0.07 28082013 12
 -0.07 -0.06 -0.05 -0.05 -0.04 -0.04 -0.05 -0.05 -0.05 -0.05 -0.05 -0.04 29082013 00
 -0.03 -0.04 -0.06 -0.08 -0.07 -0.07 -0.06 -0.06 -0.07 -0.07 -0.06 -0.05 29082013 12
 -0.05 -0.06 -0.07 -0.07 -0.07 -0.09 -0.09 -0.09 -0.08 -0.07 -0.04 -0.00 30082013 00
  0.03  0.04  0.06  0.07  0.09  0.13  0.12  0.10  0.13  0.18  0.17  0.04 30082013 12
 -0.08 -0.15 -0.18 -0.23 -0.27 -0.27 -0.25 -0.25 -0.23 -0.22 -0.20 -0.17 31082013 00
 -0.13 -0.08 -0.06 -0.06 -0.08 -0.12 -0.16 -0.16 -0.14 -0.12 -0.11 -0.11 31082013 12
 -0.10 -0.08 -0.07 -0.09 -0.12 -0.13 -0.12 -0.11 -0.10 -0.09 -0.08 -0.07 01092013 00
 -0.07 -0.09 -0.09 -0.08 -0.09 -0.12 -0.12 -0.12 -0.08 -0.04 -0.01 -0.02 01092013 12
 -0.00  0.01  0.01 -0.00 -0.04 -0.08 -0.11 -0.11 -0.09 -0.07 -0.06 -0.07 02092013 00
 -0.08 -0.08 -0.07 -0.07 -0.07 -0.09 -0.12 -0.13 -0.12 -0.09 -0.07 -0.07 02092013 12
 -0.08 -0.10 -0.11 -0.12 -0.13 -0.16 -0.18 -0.18 -0.17 -0.16 -0.14 -0.11 03092013 00
 -0.10 -0.11 -0.11 -0.10 -0.09 -0.08 -0.09 -0.10 -0.10 -0.10 -0.08 -0.06 03092013 12
 -0.05 -0.06 -0.07 -0.08 -0.09 -0.10 -0.12 -0.12 -0.10 -0.10 -0.09 -0.07 04092013 00
 -0.06 -0.04 -0.03 -0.02 -0.00  0.00  0.00 -0.00  0.00  0.01  0.02  0.03 04092013 12
  0.03  0.03  0.02  0.02  0.02  0.02 -0.01 -0.03 -0.05 -0.05 -0.04 -0.03 05092013 00
 -0.03 -0.04 -0.05 -0.05 -0.05 -0.05 -0.06 -0.08 -0.07 -0.05 -0.04 -0.03 05092013 12
 -0.02 -0.01 -0.01 -0.02 -0.03 -0.03 -0.04 -0.05 -0.04 -0.02 -0.02 -0.02 06092013 00
 -0.03 -0.03 -0.04 -0.05 -0.06 -0.06 -0.06 -0.07 -0.10 -0.09 -0.09 -0.08 06092013 12
 -0.07 -0.06 -0.08 -0.07 -0.10 -0.10 -0.08 -0.06 -0.05 -0.04 -0.03 -0.04 07092013 00
 -0.03 -0.01 -0.01 -0.02 -0.04 -0.04 -0.04 -0.02 -0.03 -0.07 -0.10 -0.09 07092013 12
 -0.08 -0.06 -0.03 -0.03 -0.05 -0.07 -0.07 -0.05 -0.03 -0.02 -0.04 -0.05 08092013 00
 -0.06 -0.07 -0.06 -0.04 -0.03 -0.03 -0.04 -0.03 -0.02 -0.00  0.00  0.01 08092013 12
  0.01  0.01  0.01  0.02  0.01  0.00 -0.02 -0.05 -0.08 -0.11 -0.12 -0.11 09092013 00
 -0.10 -0.11 -0.10 -0.10 -0.10 -0.09 -0.08 -0.07 -0.06 -0.07 -0.11 -0.12 09092013 12
 -0.12 -0.13 -0.14 -0.14 -0.16 -0.16 -0.16 -0.16 -0.16 -0.17 -0.19 -0.18 10092013 00
 -0.19 -0.17 -0.13 -0.11 -0.11 -0.09 -0.10 -0.08 -0.05 -0.07 -0.10 -0.12 10092013 12
 -0.14 -0.15 -0.15 -0.15 -0.15 -0.16 -0.18 -0.19 -0.17 -0.16 -0.16 -0.16 11092013 00
 -0.11 -0.10 -0.08 -0.06 -0.05 -0.04 -0.05 -0.05 -0.06 -0.08 -0.10 -0.12 11092013 12
 -0.12 -0.15 -0.14 -0.13 -0.13 -0.14 -0.14 -0.15 -0.15 -0.14 -0.12 -0.09 12092013 00
 -0.07 -0.05 -0.06 -0.06 -0.06 -0.05 -0.03 -0.00  0.02  0.04  0.08  0.08 12092013 12
  0.01 -0.06 -0.07 -0.07 -0.08 -0.11 -0.13 -0.15 -0.16 -0.15 -0.15 -0.15 13092013 00
 -0.15 -0.13 -0.11 -0.11 -0.10 -0.09 -0.09 -0.09 -0.09 -0.08 -0.06 -0.06 13092013 12
 -0.06 -0.07 -0.07 -0.07 -0.06 -0.06 -0.06 -0.07 -0.06 -0.06 -0.06 -0.07 14092013 00
 -0.08 -0.10 -0.11 -0.11 -0.13 -0.13 -0.12 -0.12 -0.13 -0.12 -0.11 -0.09 14092013 12
 -0.06 -0.04 -0.02  0.01  0.03  0.05  0.08  0.13  0.20  0.25  0.32  0.40 15092013 00
  0.49  0.58  0.72  0.83  0.74  0.58  0.52  0.41  0.27  0.18  0.11  0.13 15092013 12
  0.19  0.21  0.19  0.14  0.09  0.11  0.16  0.15  0.16  0.22  0.22  0.21 16092013 00
  0.21  0.19  0.18  0.17  0.17  0.13  0.11  0.12  0.14  0.16  0.15  0.12 16092013 12
  0.13  0.16  0.18  0.16  0.12  0.08  0.06  0.07  0.09  0.09  0.11  0.12 17092013 00
  0.08  0.07  0.07  0.08  0.11  0.13  0.14  0.16  0.15  0.13  0.10  0.08 17092013 12
  0.07  0.07  0.06  0.05  0.03  0.03  0.03  0.04  0.06  0.07  0.06  0.04 18092013 00
  0.03  0.02  0.05  0.07  0.08  0.07  0.04  0.03  0.04  0.03  0.02 -0.00 18092013 12
 -0.04 -0.04 -0.05 -0.05 -0.06 -0.08 -0.08 -0.05 -0.03 -0.01  0.06  0.18 19092013 00
  0.31  0.38  0.35  0.33  0.33  0.32  0.26  0.17  0.16  0.15  0.14  0.10 19092013 12
  0.04  0.04  0.01 -0.00 -0.03 -0.06 -0.07 -0.08 -0.10 -0.11 -0.11 -0.10 20092013 00
 -0.07 -0.05 -0.05 -0.04 -0.04 -0.03 -0.03 -0.04 -0.02 -0.01 -0.01 -0.01 20092013 12
  0.00  0.01  0.01  0.00 -0.01 -0.01 -0.02 -0.02 -0.04 -0.05 -0.05 -0.04 21092013 00
 -0.04 -0.04 -0.04 -0.04 -0.04 -0.05 -0.06 -0.07 -0.07 -0.07 -0.05 -0.04 21092013 12
 -0.04 -0.02 -0.03 -0.04 -0.05 -0.04 -0.04 -0.06 -0.09 -0.11 -0.13 -0.13 22092013 00
 -0.13 -0.12 -0.11 -0.12 -0.11 -0.12 -0.12 -0.12 -0.13 -0.16 -0.14 -0.13 22092013 12
 -0.13 -0.13 -0.11 -0.11 -0.11 -0.12 -0.13 -0.13 -0.14 -0.15 -0.13 -0.12 23092013 00
 -0.11 -0.11 -0.07 -0.05 -0.05 -0.04 -0.05 -0.05 -0.05 -0.05 -0.03 -0.02 23092013 12
 -0.02 -0.03 -0.02 -0.02 -0.02 -0.01 -0.01 -0.02 -0.02 -0.04 -0.04 -0.04 24092013 00
 -0.02 -0.02 -0.02 -0.01 -0.02 -0.02 -0.02 -0.01  0.00  0.00 -0.00 -0.00 24092013 12
  0.01  0.01  0.01  0.01 -0.00 -0.01 -0.01 -0.01  0.00 -0.00 -0.00 -0.01 25092013 00
 -0.01 -0.01 -0.00  0.00  0.00 -0.00 -0.01 -0.02 -0.02 -0.03 -0.04 -0.06 25092013 12
 -0.07 -0.06 -0.07 -0.08 -0.09 -0.10 -0.09 -0.10 -0.10 -0.10 -0.09 -0.07 26092013 00
 -0.06 -0.04 -0.05 -0.05 -0.05 -0.03 -0.03 -0.03 -0.04 -0.05 -0.04 -0.03 26092013 12
 -0.01 -0.01 -0.02 -0.03 -0.04 -0.05 -0.05 -0.05 -0.05 -0.06 -0.07 -0.06 27092013 00
 -0.03 -0.01 -0.01 -0.00 -0.01 -0.01 -0.01 -0.00  0.01  0.02  0.03  0.05 27092013 12
  0.05  0.06  0.05  0.03  0.00 -0.01 -0.02 -0.03 -0.03 -0.06 -0.08 -0.08 28092013 00
 -0.06 -0.03 -0.03 -0.03 -0.01 -0.00  0.00  0.02  0.03  0.03  0.04  0.04 28092013 12
  0.04  0.05  0.03 -0.00 -0.03 -0.03 -0.03 -0.02 -0.04 -0.05 -0.07 -0.05 29092013 00
 -0.02  0.02  0.03  0.03  0.03  0.00 -0.01 -0.01 -0.01 -0.00 -0.00 -0.00 29092013 12
  0.00  0.02  0.02  0.02 -0.00 -0.03 -0.06 -0.06 -0.04 -0.02  0.00  0.01 30092013 00
  0.02  0.04  0.07  0.08  0.08  0.08  0.08  0.06  0.04  0.02  0.01  0.01 30092013 12
  0.00 -0.01 -0.02 -0.04 -0.04 -0.04 -0.04 -0.05 -0.07 -0.07 -0.06 -0.03 01102013 00
 -0.00  0.01  0.01  0.01  0.02  0.03  0.03  0.04  0.04  0.02  0.01  0.02 01102013 12
  0.03  0.03  0.02  0.02  0.04  0.05  0.06  0.06  0.04  0.03  0.01  0.03 02102013 00
  0.07  0.09  0.09  0.08  0.08  0.10  0.11  0.12  0.11  0.11  0.12  0.14 02102013 12
  0.16  0.17  0.15  0.12  0.11  0.11  0.12  0.10  0.09  0.04  0.00 -0.00 03102013 00
  0.02  0.04  0.05  0.04  0.04  0.05  0.08  0.11  0.14  0.17  0.19  0.20 03102013 12
  0.20  0.21  0.22  0.22  0.20  0.19  0.18  0.17  0.16  0.17  0.15  0.12 04102013 00
  0.11  0.11  0.11  0.10  0.08  0.05  0.02  0.03  0.02  0.03  0.04  0.03 04102013 12
  0.03  0.03  0.02  0.03  0.02  0.02 -0.00 -0.03 -0.05 -0.05 -0.05 -0.04 05102013 00
 -0.03 -0.03 -0.04 -0.04 -0.04 -0.05 -0.06 -0.07 -0.07 -0.06 -0.06 -0.04 05102013 12
 -0.01 -0.00 -0.01 -0.01 -0.01 -0.00  0.00  0.00 -0.02 -0.03 -0.04 -0.03 06102013 00
 -0.02 -0.01 -0.00 -0.01 -0.01 -0.02 -0.02 -0.04 -0.05 -0.06 -0.05 -0.04 06102013 12
 -0.03 -0.01 -0.01 -0.02 -0.02 -0.03 -0.02 -0.01 -0.00 -0.02 -0.04 -0.03 07102013 00
 -0.02 -0.01  0.01  0.01  0.02  0.02  0.01  0.00  0.01  0.02  0.04  0.05 07102013 12
  0.06  0.06  0.07  0.07  0.07  0.08  0.06  0.03  0.01 -0.01 -0.05 -0.04 08102013 00
 -0.04 -0.07 -0.08 -0.08 -0.08 -0.08 -0.10 -0.10 -0.10 -0.12 -0.13 -0.11 08102013 12
 -0.10 -0.10 -0.07 -0.06 -0.06 -0.06 -0.07 -0.06 -0.05 -0.05 -0.03  0.03 09102013 00
  0.12  0.16  0.08  0.03  0.05  0.09  0.13  0.13  0.07 -0.04 -0.16 -0.20 09102013 12
 -0.22 -0.25 -0.25 -0.24 -0.27 -0.27 -0.29 -0.29 -0.27 -0.27 -0.28 -0.27 10102013 00
 -0.28 -0.27 -0.23 -0.18 -0.18 -0.20 -0.23 -0.23 -0.20 -0.18 -0.19 -0.22 10102013 12
 -0.21 -0.22 -0.22 -0.20 -0.19 -0.23 -0.23 -0.25 -0.24 -0.23 -0.27 -0.32 11102013 00
 -0.33 -0.33 -0.35 -0.33 -0.29 -0.30 -0.27 -0.27 -0.27 -0.25 -0.25 -0.28 11102013 12
 -0.34 -0.36 -0.38 -0.36 -0.32 -0.26 -0.26 -0.28 -0.31 -0.29 -0.24 -0.22 12102013 00
 -0.26 -0.27 -0.25 -0.24 -0.21 -0.20 -0.20 -0.21 -0.23 -0.23 -0.21 -0.19 12102013 12
 -0.19 -0.20 -0.19 -0.17 -0.15 -0.12 -0.12 -0.12 -0.12 -0.12 -0.10 -0.06 13102013 00
 -0.05 -0.07 -0.08 -0.06 -0.05 -0.05 -0.06 -0.06 -0.08 -0.09 -0.09 -0.09 13102013 12
 -0.07 -0.05 -0.04 -0.05 -0.05 -0.03 -0.02 -0.03 -0.05 -0.07 -0.08 -0.08 14102013 00
 -0.09 -0.09 -0.10 -0.11 -0.10 -0.10 -0.10 -0.09 -0.08 -0.06 -0.05 -0.04 14102013 12
 -0.03 -0.01 -0.00 -0.02 -0.03 -0.03 -0.03 -0.02 -0.01 -0.00 -0.01 -0.01 15102013 00
 -0.01 -0.00  0.00  0.00 -0.01 -0.01 -0.02 -0.03 -0.04 -0.05 -0.05 -0.04 15102013 12
 -0.03 -0.04 -0.05 -0.05 -0.04 -0.03 -0.04 -0.03 -0.02 -0.01  0.01  0.02 16102013 00
  0.02 -0.01 -0.02  0.04  0.21  0.37  0.39  0.30  0.21  0.18  0.18  0.23 16102013 12
  0.24  0.27  0.25  0.21  0.16  0.11  0.07  0.07  0.09  0.07  0.03 -0.01 17102013 00
  0.00  0.01  0.02  0.00 -0.01 -0.02 -0.02 -0.02 -0.02 -0.02 -0.02 -0.01 17102013 12
 -0.00  0.01  0.00 -0.00 -0.01 -0.02 -0.02 -0.02 -0.02 -0.02 -0.00  0.04 18102013 00
  0.07  0.11  0.12  0.12  0.11  0.13  0.15  0.19  0.15  0.10  0.08  0.08 18102013 12
  0.11  0.17  0.16  0.15  0.14  0.17  0.22  0.27  0.29  0.28  0.28  0.26 19102013 00
  0.22  0.23  0.23  0.26  0.25  0.23  0.24  0.27  0.24  0.22  0.21  0.21 19102013 12
  0.18  0.19  0.21  0.21  0.22  0.24  0.27  0.34  0.39  0.34  0.33  0.31 20102013 00
  0.28  0.24  0.29  0.28  0.28  0.25  0.23  0.26  0.28  0.28  0.26  0.26 20102013 12
  0.21  0.13  0.13  0.10  0.13  0.11  0.09  0.10  0.14  0.17  0.18  0.21 21102013 00
  0.26  0.33  0.40  0.43  0.43  0.39  0.36  0.35  0.33  0.32  0.27  0.31 21102013 12
  0.31  0.29  0.32  0.35  0.36  0.35  0.32  0.29  0.30  0.35  0.37  0.36 22102013 00
  0.37  0.35  0.35  0.39  0.40  0.40  0.38  0.37  0.42  0.48  0.47  0.48 22102013 12
  0.44  0.40  0.35  0.36  0.35  0.39  0.39  0.40  0.46  0.51  0.46  0.41 23102013 00
  0.43  0.40  0.31  0.28  0.26  0.29  0.29  0.24  0.21  0.20  0.18  0.15 23102013 12
  0.15  0.13  0.11  0.08  0.06  0.06  0.06  0.05  0.04  0.02  0.04  0.06 24102013 00
  0.08  0.09  0.08  0.06  0.06  0.06  0.06  0.06  0.04  0.04  0.07  0.10 24102013 12
  0.11  0.11  0.09  0.08  0.10  0.15  0.18  0.20  0.19  0.23  0.31  0.36 25102013 00
  0.34  0.32  0.30  0.29  0.35  0.42  0.45  0.45  0.44  0.41  0.40  0.40 25102013 12
  0.37  0.34  0.29  0.20  0.13  0.10  0.10  0.11  0.10  0.06  0.08  0.16 26102013 00
  0.21  0.22  0.23  0.23  0.29  0.43  0.57  0.65  0.63  0.55  0.48  0.41 26102013 12
  0.34  0.30  0.30  0.32  0.37  0.45  0.53  0.55  0.52  0.49  0.55  0.67 27102013 00
  0.75  0.73  0.68  0.65  0.62  0.57  0.51  0.50  0.49  0.43  0.30  0.19 27102013 12
  0.19  0.19  0.13  0.14  0.19  0.26  0.33  0.37  0.36  0.35  0.37  0.40 28102013 00
  0.40  0.33  0.22  0.10  0.02  0.03  0.05  0.11  0.22  0.29  0.29  0.25 28102013 12
  0.20  0.16  0.11  0.06  0.03  0.03  0.05  0.04  0.04  0.02  0.01  0.04 29102013 00
  0.07  0.03 -0.00  0.00  0.02  0.01 -0.01 -0.01  0.02  0.03  0.03 -0.01 29102013 12
 -0.05 -0.07 -0.08 -0.09 -0.07 -0.06 -0.05 -0.05 -0.03 -0.01  0.03  0.06 30102013 00
  0.09  0.14  0.21  0.29  0.36  0.47  0.58  0.62  0.45  0.25  0.20  0.19 30102013 12
  0.13  0.06  0.02  0.02  0.02 -0.02 -0.05 -0.04 -0.02  0.03  0.10  0.17 31102013 00
  0.22  0.23  0.23  0.21  0.19  0.20  0.21  0.20  0.18  0.18  0.18  0.16 31102013 12
  0.16  0.20  0.23  0.23  0.20  0.16  0.14  0.14  0.15  0.15  0.15  0.16 01112013 00
  0.16  0.16  0.15  0.12  0.08  0.04  0.01  0.03  0.06  0.08  0.10  0.10 01112013 12
  0.09  0.09  0.09  0.09  0.07  0.06  0.07  0.10  0.11  0.13  0.16  0.25 02112013 00
  0.42  0.55  0.60  0.63  0.70  0.78  0.86  0.86  0.83  0.80  0.76  0.55 02112013 12
  0.47  0.45  0.47  0.42  0.35  0.27  0.21  0.16  0.12  0.19  0.17  0.13 03112013 00
  0.08  0.07  0.07  0.06  0.01 -0.05 -0.09 -0.09 -0.06  0.01  0.07  0.12 03112013 12
  0.15  0.12  0.09  0.06  0.06  0.04 -0.00 -0.07 -0.06 -0.01  0.05  0.11 04112013 00
  0.18  0.22  0.23  0.23  0.22  0.21  0.18  0.15  0.12  0.15  0.16  0.17 04112013 12
  0.15  0.11  0.11  0.09  0.11  0.11  0.14  0.20  0.28  0.29  0.31  0.32 05112013 00
  0.34  0.30  0.31  0.30  0.34  0.35  0.33  0.25  0.18  0.17  0.21  0.27 05112013 12
  0.29  0.24  0.23  0.23  0.22  0.19  0.15  0.11  0.09  0.06  0.07  0.10 06112013 00
  0.12  0.13  0.11  0.14  0.15  0.17  0.19  0.21  0.28  0.37  0.38  0.36 06112013 12
  0.33  0.29  0.20  0.20  0.18  0.18  0.14  0.08  0.07  0.11  0.14  0.18 07112013 00
  0.23  0.29  0.31  0.32  0.34  0.36  0.38  0.38  0.39  0.40  0.41  0.35 07112013 12
  0.30  0.27  0.21  0.14  0.16  0.14  0.17  0.13  0.09  0.07  0.08  0.08 08112013 00
  0.13  0.15  0.16  0.16  0.16  0.14  0.14  0.13  0.13  0.13  0.12  0.11 08112013 12
  0.09  0.11  0.11  0.11  0.12  0.13  0.13  0.13  0.13  0.12  0.10  0.08 09112013 00
  0.07  0.07  0.09  0.09  0.08  0.08  0.08  0.09  0.09  0.10  0.12  0.15 09112013 12
  0.15  0.12  0.08  0.02 -0.05 -0.12 -0.17 -0.20 -0.19 -0.18 -0.17 -0.17 10112013 00
 -0.16 -0.16 -0.14 -0.13 -0.13 -0.12 -0.13 -0.13 -0.14 -0.15 -0.15 -0.14 10112013 12
 -0.11 -0.08 -0.08 -0.10 -0.09 -0.04  0.05  0.14  0.20  0.20  0.19  0.18 11112013 00
  0.14  0.09  0.06  0.05  0.03 -0.03 -0.10 -0.12 -0.10 -0.09 -0.08 -0.09 11112013 12
 -0.10 -0.11 -0.14 -0.16 -0.15 -0.14 -0.11 -0.06 -0.02 -0.00 -0.01 -0.02 12112013 00
 -0.04 -0.06 -0.11 -0.15 -0.14 -0.11 -0.09 -0.09 -0.08 -0.08 -0.08 -0.09 12112013 12
 -0.11 -0.14 -0.19 -0.25 -0.29 -0.30 -0.27 -0.22 -0.16 -0.12 -0.11 -0.11 13112013 00
 -0.11 -0.09 -0.05 -0.01 -0.00  0.03  0.08  0.15  0.23  0.34  0.40  0.42 13112013 12
  0.43  0.45  0.43  0.41  0.35  0.19  0.06  0.03  0.02 -0.02 -0.08 -0.12 14112013 00
 -0.11 -0.13 -0.16 -0.21 -0.35 -0.50 -0.53 -0.51 -0.45 -0.38 -0.30 -0.35 14112013 12
 -0.39 -0.44 -0.43 -0.39 -0.39 -0.41 -0.38 -0.34 -0.28 -0.20 -0.12 -0.10 15112013 00
 -0.12 -0.15 -0.18 -0.20 -0.24 -0.32 -0.39 -0.37 -0.32 -0.28 -0.21 -0.15 15112013 12
 -0.17 -0.17 -0.22 -0.24 -0.24 -0.28 -0.30 -0.29 -0.24 -0.22 -0.16 -0.09 16112013 00
 -0.08 -0.08 -0.11 -0.12 -0.13 -0.16 -0.20 -0.18 -0.12 -0.11 -0.09 -0.06 16112013 12
 -0.07 -0.09 -0.12 -0.16 -0.19 -0.23 -0.28 -0.32 -0.28 -0.26 -0.22 -0.15 17112013 00
 -0.09 -0.10 -0.10 -0.14 -0.14 -0.14 -0.15 -0.12 -0.09 -0.03 -0.01  0.03 17112013 12
  0.07  0.08  0.07  0.04  0.02  0.01 -0.02 -0.04 -0.04 -0.01  0.01  0.03 18112013 00
  0.05  0.03  0.01  0.00 -0.00 -0.01 -0.06 -0.12 -0.12 -0.07 -0.03 -0.00 18112013 12
  0.05  0.07  0.06  0.06  0.03 -0.00 -0.06 -0.13 -0.16 -0.15 -0.15 -0.18 19112013 00
 -0.19 -0.20 -0.27 -0.30 -0.31 -0.30 -0.30 -0.31 -0.29 -0.25 -0.16 -0.08 19112013 12
  0.01  0.14  0.19  0.19  0.22  0.30  0.40  0.51  0.55  0.38  0.23  0.20 20112013 00
  0.25  0.33  0.29  0.14  0.03 -0.04 -0.06 -0.14 -0.35 -0.58 -0.61 -0.54 20112013 12
 -0.46 -0.36 -0.27 -0.39 -0.46 -0.49 -0.43 -0.41 -0.47 -0.52 -0.47 -0.43 21112013 00
 -0.47 -0.41 -0.34 -0.38 -0.38 -0.44 -0.44 -0.41 -0.42 -0.43 -0.39 -0.33 21112013 12
 -0.28 -0.22 -0.17 -0.16 -0.18 -0.21 -0.23 -0.23 -0.22 -0.24 -0.25 -0.23 22112013 00
 -0.22 -0.21 -0.19 -0.18 -0.18 -0.21 -0.23 -0.24 -0.22 -0.22 -0.21 -0.17 22112013 12
 -0.17 -0.15 -0.12 -0.11 -0.12 -0.13 -0.15 -0.17 -0.17 -0.17 -0.17 -0.17 23112013 00
 -0.17 -0.17 -0.16 -0.16 -0.16 -0.18 -0.21 -0.23 -0.22 -0.21 -0.21 -0.22 23112013 12
 -0.22 -0.22 -0.21 -0.18 -0.17 -0.20 -0.22 -0.24 -0.24 -0.23 -0.23 -0.25 24112013 00
 -0.24 -0.24 -0.23 -0.22 -0.22 -0.24 -0.25 -0.26 -0.26 -0.26 -0.25 -0.25 24112013 12
 -0.24 -0.24 -0.24 -0.23 -0.21 -0.21 -0.22 -0.25 -0.26 -0.26 -0.25 -0.26 25112013 00
 -0.28 -0.29 -0.30 -0.30 -0.27 -0.26 -0.27 -0.29 -0.30 -0.28 -0.26 -0.25 25112013 12
 -0.27 -0.28 -0.28 -0.29 -0.29 -0.27 -0.25 -0.26 -0.27 -0.28 -0.26 -0.24 26112013 00
 -0.24 -0.25 -0.25 -0.25 -0.23 -0.22 -0.22 -0.23 -0.23 -0.23 -0.21 -0.19 26112013 12
 -0.18 -0.20 -0.22 -0.24 -0.26 -0.25 -0.25 -0.25 -0.24 -0.24 -0.23 -0.23 27112013 00
 -0.24 -0.26 -0.29 -0.29 -0.28 -0.26 -0.23 -0.23 -0.25 -0.26 -0.26 -0.25 27112013 12
 -0.24 -0.26 -0.31 -0.32 -0.31 -0.29 -0.27 -0.24 -0.22 -0.21 -0.22 -0.23 28112013 00
 -0.22 -0.22 -0.24 -0.28 -0.29 -0.29 -0.28 -0.24 -0.20 -0.18 -0.16 -0.17 28112013 12
 -0.16 -0.12 -0.09 -0.09 -0.12 -0.09 -0.03  0.01  0.12  0.25  0.24  0.14 29112013 00
  0.05  0.03  0.06  0.09  0.03 -0.07 -0.14 -0.17 -0.16 -0.15 -0.19 -0.25 29112013 12
 -0.27 -0.26 -0.24 -0.28 -0.37 -0.43 -0.42 -0.37 -0.29 -0.20 -0.17 -0.19 30112013 00
 -0.22 -0.24 -0.22 -0.19 -0.19 -0.21 -0.22 -0.22 -0.18 -0.14 -0.14 -0.16 30112013 12
 -0.17 -0.20 -0.20 -0.20 -0.24 -0.31 -0.32 -0.30 -0.26 -0.22 -0.17 -0.15 01122013 00
 -0.15 -0.19 -0.21 -0.22 -0.22 -0.26 -0.32 -0.31 -0.29 -0.26 -0.21 -0.16 01122013 12
 -0.18 -0.18 -0.22 -0.23 -0.23 -0.26 -0.30 -0.32 -0.28 -0.26 -0.20 -0.11 02122013 00
 -0.10 -0.11 -0.15 -0.17 -0.17 -0.19 -0.21 -0.20 -0.18 -0.17 -0.16 -0.13 02122013 12
 -0.09 -0.11 -0.11 -0.13 -0.14 -0.15 -0.17 -0.19 -0.16 -0.15 -0.13 -0.10 03122013 00
 -0.05 -0.06 -0.05 -0.05 -0.05 -0.06 -0.09 -0.12 -0.11 -0.08 -0.05 -0.02 03122013 12
  0.03  0.05  0.04 -0.00 -0.03 -0.05 -0.09 -0.15 -0.17 -0.16 -0.14 -0.13 04122013 00
 -0.11 -0.08 -0.10 -0.11 -0.13 -0.12 -0.12 -0.15 -0.17 -0.15 -0.14 -0.13 04122013 12
 -0.07  0.01  0.05  0.10  0.13  0.16  0.21  0.30  0.43  0.53  0.70  0.87 05122013 00
  1.12  0.87  0.50  0.33  0.34  0.33  0.25  0.16  0.03 -0.16 -0.33 -0.35 05122013 12
 -0.31 -0.24 -0.13 -0.11 -0.11 -0.12 -0.09 -0.07 -0.10 -0.16 -0.15 -0.09 06122013 00
 -0.07 -0.05 -0.02 -0.04 -0.06 -0.08 -0.10 -0.09 -0.08 -0.08 -0.07 -0.07 06122013 12
 -0.05 -0.02  0.02  0.06  0.06  0.05  0.02 -0.01 -0.01 -0.01 -0.03 -0.04 07122013 00
 -0.05 -0.03 -0.02 -0.01  0.00  0.03  0.05  0.04  0.03  0.03  0.06  0.06 07122013 12
  0.07  0.05  0.06  0.07  0.06  0.06  0.07  0.08  0.08  0.07  0.05  0.02 08122013 00
  0.01  0.02  0.04  0.06  0.10  0.13  0.13  0.13  0.12  0.11  0.10  0.09 08122013 12
  0.08  0.05  0.08  0.06  0.06  0.06  0.05  0.05  0.05  0.03 -0.00 -0.04 09122013 00
 -0.07 -0.09 -0.08 -0.06 -0.03  0.01  0.03  0.04  0.03  0.02  0.02  0.02 09122013 12
  0.01 -0.01 -0.02 -0.03 -0.01  0.02  0.05  0.08  0.09  0.08  0.08  0.06 10122013 00
  0.05  0.06  0.07  0.06  0.05  0.06  0.08  0.11  0.10  0.07  0.05  0.04 10122013 12
  0.03  0.01 -0.01 -0.02 -0.01  0.01  0.03  0.07  0.09  0.10  0.09  0.07 11122013 00
  0.06  0.05  0.03  0.01  0.01  0.02  0.05  0.09  0.11  0.11  0.11  0.10 11122013 12
  0.10  0.12  0.14  0.16  0.19  0.21  0.23  0.25  0.30  0.35  0.37  0.35 12122013 00
  0.32  0.27  0.23  0.19  0.17  0.16  0.15  0.14  0.11  0.09  0.08  0.07 12122013 12
  0.06  0.05  0.05  0.08  0.12  0.15  0.18  0.20  0.23  0.28  0.34  0.35 13122013 00
  0.35  0.32  0.29  0.26  0.24  0.22  0.22  0.23  0.21  0.20  0.22  0.21 13122013 12
  0.18  0.16  0.12  0.05 -0.06 -0.15 -0.16 -0.09 -0.01  0.04  0.13  0.23 14122013 00
  0.30  0.33  0.36  0.47  0.65  0.87  1.04  1.09  1.02  0.84  0.62  0.53 14122013 12
  0.45  0.42  0.40  0.25  0.05 -0.13 -0.26 -0.28 -0.20 -0.10  0.03  0.13 15122013 00
  0.21  0.25  0.26  0.32  0.41  0.51  0.57  0.49  0.32  0.25  0.23  0.24 15122013 12
  0.30  0.33  0.32  0.29  0.27  0.30  0.41  0.54  0.60  0.50  0.43  0.41 16122013 00
  0.35  0.24  0.16  0.10  0.06 -0.01 -0.05 -0.08 -0.08  0.01  0.05  0.09 16122013 12
  0.12  0.10  0.08  0.06  0.04 -0.00 -0.06 -0.10 -0.09 -0.05 -0.03 -0.02 17122013 00
 -0.02 -0.04 -0.04 -0.04 -0.02 -0.00  0.03  0.10  0.15  0.18  0.20  0.22 17122013 12
  0.23  0.27  0.28  0.27  0.28  0.31  0.36  0.48  0.57  0.58  0.53  0.48 18122013 00
  0.39  0.38  0.36  0.34  0.30  0.24  0.20  0.36  0.72  0.91  0.91  0.80 18122013 12
  0.64  0.53  0.65  0.69  0.78  0.86  0.83  0.76  0.64  0.44  0.37  0.40 19122013 00
  0.37  0.33  0.32  0.22  0.18  0.13  0.09  0.05  0.09  0.15  0.18  0.20 19122013 12
  0.16  0.13  0.15  0.18  0.21  0.23  0.21  0.18  0.21  0.23  0.24  0.22 20122013 00
  0.22  0.22  0.24  0.23  0.22  0.23  0.28  0.39  0.58  0.78  0.86  0.92 20122013 12
  0.91  0.76  0.56  0.54  0.52  0.52  0.43  0.31  0.22  0.18  0.13  0.20 21122013 00
  0.37  0.44  0.45  0.42  0.40  0.47  0.59  0.71  0.66  0.63  0.60  0.50 21122013 12
  0.37  0.29  0.18  0.14  0.17  0.22  0.31  0.39  0.46  0.55  0.59  0.56 22122013 00
  0.54  0.50  0.39  0.28  0.29  0.35  0.41  0.37  0.27  0.19  0.17  0.14 22122013 12
  0.14  0.17  0.18  0.17  0.16  0.16  0.16  0.14  0.10  0.11  0.26  0.49 23122013 00
  0.70  0.79  0.88  0.87  0.83  0.86  0.83  0.75  0.65  0.62  0.67  0.72 23122013 12
  0.73  0.82  1.00  1.09  1.13  1.17  1.12  1.09  0.96  0.83  0.87  0.98 24122013 00
  0.93  0.88  0.88  0.89  0.97  1.05  1.04  1.04  1.04  0.97  0.86  0.78 24122013 12
  0.65  0.57  0.51  0.46  0.48  0.52  0.47  0.42  0.41  0.40  0.37  0.38 25122013 00
  0.40  0.37  0.37  0.34  0.31  0.31  0.32  0.32  0.34  0.33  0.26  0.21 25122013 12
  0.22  0.22  0.24  0.27  0.28  0.29  0.30  0.29  0.30  0.31  0.28  0.23 26122013 00
  0.19  0.17  0.14  0.12  0.10  0.08  0.06  0.08  0.12  0.15  0.15  0.19 26122013 12
  0.45  0.93  1.20  1.15  1.02  1.04  1.19  1.44  1.53  1.56  1.60  1.51 27122013 00
  1.28  1.15  1.09  1.08  0.97  0.82  0.75  0.65  0.58  0.56  0.56  0.49 27122013 12
  0.35  0.32  0.32  0.16  0.04  0.02  0.04  0.12  0.25  0.29  0.31  0.31 28122013 00
  0.29  0.27  0.26  0.28  0.31  0.31  0.29  0.25  0.22  0.23  0.25  0.25 28122013 12
  0.23  0.18  0.15  0.12  0.09  0.05  0.08  0.12  0.13  0.10  0.08  0.04 29122013 00
  0.01  0.00 -0.02 -0.05 -0.04  0.01  0.03  0.06  0.10  0.18  0.30  0.40 29122013 12
  0.48  0.51  0.53  0.57  0.66  0.72  0.68  0.59  0.59  0.62  0.70  0.75 30122013 00
  0.71  0.65  0.44  0.26  0.14  0.07  0.03  0.04  0.07  0.04  0.06  0.12 30122013 12
  0.17  0.21  0.19  0.17  0.20  0.31  0.39  0.37  0.29  0.28  0.31  0.39 31122013 00
  0.47  0.44  0.42  0.40  0.41  0.50  0.64  0.63  0.57  0.48  0.42  0.33 31122013 12
