Parameter Z: CS3X Location (100, 86) Lat 53.500 Lon -3.417
  0.22  0.22  0.21  0.21  0.21  0.24  0.29  0.34  0.37  0.34  0.31  0.32 01012012 00
  0.38  0.40  0.37  0.36  0.34  0.32  0.30  0.28  0.30  0.29  0.26  0.26 01012012 12
  0.27  0.24  0.25  0.26  0.26  0.29  0.35  0.38  0.37  0.36  0.39  0.40 02012012 00
  0.37  0.33  0.31  0.31  0.33  0.32  0.27  0.22  0.18  0.19  0.18  0.14 02012012 12
  0.11  0.11  0.13  0.21  0.39  0.57  0.73  0.91  1.15  1.33  1.41  1.49 03012012 00
  1.47  1.30  0.91  0.51  0.39  0.35  0.23  0.08  0.03  0.13  0.27  0.22 03012012 12
  0.12  0.12  0.23  0.28  0.24  0.17  0.10  0.05  0.02 -0.05 -0.10 -0.08 04012012 00
 -0.03 -0.01  0.01  0.08  0.21  0.39  0.54  0.61  0.65  0.81  0.95  0.99 04012012 12
  1.02  0.95  0.77  0.60  0.46  0.38  0.38  0.34  0.32  0.30  0.26  0.28 05012012 00
  0.27  0.11 -0.12 -0.27 -0.34 -0.41 -0.50 -0.51 -0.41 -0.27 -0.19 -0.20 05012012 12
 -0.19 -0.16 -0.12 -0.08 -0.08 -0.09 -0.06 -0.05 -0.09 -0.13 -0.16 -0.17 06012012 00
 -0.14 -0.14 -0.15 -0.14 -0.09 -0.05 -0.03  0.01  0.09  0.17  0.24  0.26 06012012 12
  0.26  0.24  0.23  0.25  0.25  0.18  0.11  0.06  0.03 -0.00 -0.05 -0.07 07012012 00
 -0.07 -0.05 -0.03 -0.02 -0.03 -0.03 -0.04 -0.06 -0.05 -0.03 -0.03 -0.03 07012012 12
 -0.04 -0.05 -0.05 -0.04 -0.05 -0.07 -0.10 -0.12 -0.11 -0.10 -0.09 -0.06 08012012 00
 -0.04 -0.02 -0.02 -0.02 -0.01 -0.00 -0.03 -0.06 -0.06 -0.05 -0.02 -0.00 08012012 12
  0.03  0.03  0.02  0.01  0.00  0.01  0.04  0.07  0.07  0.08  0.06  0.03 09012012 00
 -0.03 -0.07 -0.09 -0.07 -0.08 -0.12 -0.18 -0.24 -0.28 -0.27 -0.24 -0.22 09012012 12
 -0.17 -0.11 -0.11 -0.08 -0.08 -0.07 -0.08 -0.09 -0.09 -0.07 -0.07 -0.08 10012012 00
 -0.07 -0.07 -0.07 -0.05 -0.04 -0.02 -0.02 -0.03 -0.06 -0.06 -0.06 -0.04 10012012 12
 -0.03 -0.03 -0.03 -0.05 -0.06 -0.06 -0.08 -0.11 -0.15 -0.17 -0.17 -0.16 11012012 00
 -0.16 -0.14 -0.12 -0.11 -0.11 -0.11 -0.11 -0.09 -0.07 -0.05 -0.03 -0.01 11012012 12
 -0.01  0.01  0.06  0.09  0.12  0.17  0.21  0.25  0.27  0.18  0.10  0.03 12012012 00
  0.01 -0.06 -0.12 -0.13 -0.17 -0.17 -0.20 -0.23 -0.27 -0.32 -0.34 -0.31 12012012 12
 -0.25 -0.24 -0.19 -0.15 -0.18 -0.17 -0.20 -0.18 -0.17 -0.17 -0.17 -0.17 13012012 00
 -0.19 -0.20 -0.19 -0.17 -0.17 -0.17 -0.19 -0.19 -0.19 -0.20 -0.24 -0.22 13012012 12
 -0.20 -0.20 -0.18 -0.12 -0.14 -0.15 -0.16 -0.15 -0.14 -0.13 -0.12 -0.11 14012012 00
 -0.12 -0.12 -0.12 -0.10 -0.08 -0.07 -0.07 -0.07 -0.07 -0.05 -0.02  0.00 14012012 12
  0.02 -0.00 -0.01 -0.01 -0.01  0.00  0.01  0.01 -0.00 -0.01 -0.01 -0.00 15012012 00
 -0.01 -0.03 -0.03 -0.03 -0.02 -0.01 -0.03 -0.04 -0.04 -0.04  0.00  0.06 15012012 12
  0.07  0.04 -0.00 -0.02 -0.04 -0.05 -0.06 -0.07 -0.07 -0.07 -0.07 -0.06 16012012 00
 -0.05 -0.05 -0.04 -0.04 -0.05 -0.06 -0.06 -0.06 -0.07 -0.07 -0.06 -0.05 16012012 12
 -0.05 -0.07 -0.06 -0.04 -0.02 -0.02 -0.00 -0.01 -0.01  0.00  0.01 -0.01 17012012 00
 -0.03 -0.05 -0.06 -0.06 -0.08 -0.07 -0.05 -0.04 -0.04 -0.03 -0.01  0.02 17012012 12
  0.08  0.12  0.12  0.13  0.14  0.15  0.14  0.15  0.16  0.17  0.20  0.17 18012012 00
  0.10  0.06  0.04 -0.02 -0.05 -0.07 -0.09 -0.09 -0.09 -0.08 -0.07 -0.05 18012012 12
 -0.04 -0.03 -0.03 -0.02 -0.00  0.02  0.08  0.12  0.17  0.20  0.20  0.20 19012012 00
  0.18  0.13  0.07  0.05  0.13  0.26  0.30  0.23  0.19  0.21  0.23  0.22 19012012 12
  0.23  0.24  0.23  0.19  0.12  0.04 -0.05 -0.12 -0.10 -0.06 -0.03 -0.03 20012012 00
 -0.03 -0.00  0.01 -0.01 -0.04 -0.06 -0.04 -0.02 -0.01  0.01  0.08  0.15 20012012 12
  0.16  0.19  0.24  0.28  0.26  0.27  0.27  0.25  0.27  0.31  0.28  0.27 21012012 00
  0.25  0.25  0.27  0.30  0.28  0.24  0.15  0.07  0.05  0.01 -0.04 -0.07 21012012 12
 -0.07 -0.06 -0.02 -0.00  0.02  0.07  0.16  0.31  0.42  0.44  0.45  0.44 22012012 00
  0.39  0.25  0.20  0.21  0.19  0.09 -0.04 -0.18 -0.23 -0.19 -0.13 -0.09 22012012 12
 -0.01  0.02  0.02  0.03  0.06  0.08  0.07  0.05  0.05  0.05  0.04  0.04 23012012 00
  0.01 -0.00 -0.01 -0.00  0.01 -0.00 -0.03 -0.07 -0.09 -0.08 -0.07 -0.08 23012012 12
 -0.08 -0.07 -0.08 -0.08 -0.10 -0.11 -0.10 -0.05 -0.00  0.05  0.09  0.11 24012012 00
  0.14  0.13  0.12  0.11  0.10  0.09  0.04 -0.02 -0.09 -0.11 -0.11 -0.08 24012012 12
 -0.06 -0.02  0.02  0.03  0.04  0.05  0.07  0.11  0.17  0.19  0.21  0.20 25012012 00
  0.19  0.19  0.24  0.27  0.29  0.32  0.34  0.38  0.46  0.56  0.53  0.46 25012012 12
  0.32  0.15  0.01  0.06  0.06  0.11  0.06  0.05  0.09  0.13  0.15  0.17 26012012 00
  0.24  0.24  0.26  0.28  0.27  0.28  0.23  0.16  0.14  0.10  0.06  0.08 26012012 12
  0.08  0.08  0.08  0.09  0.09  0.09  0.10  0.12  0.10  0.04 -0.00 -0.01 27012012 00
  0.03  0.04  0.04  0.03  0.04  0.03 -0.04 -0.12 -0.15 -0.15 -0.18 -0.23 27012012 12
 -0.25 -0.25 -0.24 -0.23 -0.26 -0.26 -0.27 -0.25 -0.22 -0.22 -0.23 -0.21 28012012 00
 -0.22 -0.20 -0.18 -0.17 -0.18 -0.18 -0.19 -0.19 -0.20 -0.22 -0.24 -0.26 28012012 12
 -0.25 -0.27 -0.25 -0.22 -0.21 -0.23 -0.22 -0.23 -0.22 -0.21 -0.20 -0.19 29012012 00
 -0.17 -0.19 -0.19 -0.19 -0.18 -0.16 -0.16 -0.18 -0.20 -0.22 -0.22 -0.23 29012012 12
 -0.23 -0.23 -0.25 -0.25 -0.25 -0.24 -0.22 -0.22 -0.23 -0.24 -0.23 -0.23 30012012 00
 -0.23 -0.23 -0.25 -0.26 -0.25 -0.23 -0.21 -0.20 -0.20 -0.19 -0.16 -0.13 30012012 12
 -0.12 -0.13 -0.14 -0.15 -0.15 -0.14 -0.14 -0.13 -0.14 -0.15 -0.16 -0.16 31012012 00
 -0.18 -0.19 -0.19 -0.21 -0.22 -0.22 -0.23 -0.22 -0.23 -0.22 -0.20 -0.17 31012012 12
 -0.16 -0.15 -0.15 -0.18 -0.20 -0.20 -0.19 -0.17 -0.16 -0.18 -0.20 -0.21 01022012 00
 -0.21 -0.22 -0.21 -0.20 -0.19 -0.18 -0.18 -0.18 -0.19 -0.20 -0.20 -0.19 01022012 12
 -0.19 -0.20 -0.23 -0.25 -0.25 -0.24 -0.21 -0.19 -0.18 -0.18 -0.20 -0.21 02022012 00
 -0.19 -0.19 -0.22 -0.23 -0.23 -0.23 -0.21 -0.19 -0.19 -0.20 -0.21 -0.20 02022012 12
 -0.17 -0.16 -0.19 -0.25 -0.26 -0.28 -0.26 -0.24 -0.21 -0.21 -0.21 -0.22 03022012 00
 -0.20 -0.18 -0.18 -0.20 -0.22 -0.22 -0.21 -0.20 -0.18 -0.17 -0.20 -0.21 03022012 12
 -0.21 -0.18 -0.15 -0.18 -0.23 -0.25 -0.23 -0.19 -0.15 -0.14 -0.14 -0.16 04022012 00
 -0.18 -0.17 -0.15 -0.14 -0.12 -0.07 -0.01  0.03  0.02 -0.02 -0.03 -0.03 04022012 12
 -0.05 -0.08 -0.12 -0.17 -0.24 -0.35 -0.44 -0.46 -0.42 -0.37 -0.28 -0.25 05022012 00
 -0.26 -0.27 -0.26 -0.22 -0.20 -0.23 -0.27 -0.29 -0.31 -0.32 -0.30 -0.26 05022012 12
 -0.25 -0.25 -0.26 -0.24 -0.23 -0.24 -0.28 -0.29 -0.28 -0.28 -0.25 -0.23 06022012 00
 -0.25 -0.27 -0.29 -0.30 -0.30 -0.31 -0.32 -0.34 -0.32 -0.36 -0.33 -0.27 06022012 12
 -0.23 -0.24 -0.25 -0.28 -0.28 -0.28 -0.28 -0.31 -0.32 -0.32 -0.33 -0.30 07022012 00
 -0.24 -0.25 -0.25 -0.28 -0.28 -0.27 -0.27 -0.29 -0.31 -0.30 -0.34 -0.35 07022012 12
 -0.29 -0.28 -0.29 -0.31 -0.32 -0.32 -0.32 -0.32 -0.29 -0.30 -0.30 -0.31 08022012 00
 -0.25 -0.22 -0.24 -0.24 -0.25 -0.24 -0.23 -0.25 -0.27 -0.27 -0.27 -0.25 08022012 12
 -0.25 -0.20 -0.20 -0.19 -0.19 -0.18 -0.18 -0.19 -0.22 -0.22 -0.21 -0.21 09022012 00
 -0.21 -0.16 -0.16 -0.16 -0.18 -0.18 -0.18 -0.20 -0.24 -0.29 -0.27 -0.26 09022012 12
 -0.25 -0.23 -0.21 -0.26 -0.27 -0.31 -0.30 -0.30 -0.34 -0.34 -0.37 -0.32 10022012 00
 -0.31 -0.26 -0.22 -0.27 -0.26 -0.29 -0.26 -0.24 -0.23 -0.25 -0.23 -0.21 10022012 12
 -0.22 -0.23 -0.19 -0.17 -0.15 -0.14 -0.14 -0.15 -0.16 -0.16 -0.17 -0.16 11022012 00
 -0.17 -0.21 -0.20 -0.17 -0.17 -0.18 -0.21 -0.21 -0.21 -0.23 -0.23 -0.27 11022012 12
 -0.27 -0.25 -0.24 -0.20 -0.21 -0.21 -0.24 -0.24 -0.24 -0.24 -0.26 -0.24 12022012 00
 -0.23 -0.26 -0.25 -0.20 -0.21 -0.21 -0.24 -0.24 -0.24 -0.25 -0.29 -0.30 12022012 12
 -0.29 -0.28 -0.28 -0.24 -0.21 -0.24 -0.21 -0.22 -0.19 -0.18 -0.18 -0.17 13022012 00
 -0.12 -0.15 -0.17 -0.16 -0.18 -0.20 -0.21 -0.22 -0.22 -0.23 -0.27 -0.34 13022012 12
 -0.41 -0.43 -0.40 -0.38 -0.33 -0.33 -0.35 -0.35 -0.30 -0.25 -0.22 -0.22 14022012 00
 -0.25 -0.22 -0.21 -0.17 -0.12 -0.13 -0.16 -0.17 -0.17 -0.13 -0.11 -0.16 14022012 12
 -0.23 -0.25 -0.25 -0.29 -0.29 -0.26 -0.27 -0.29 -0.28 -0.24 -0.20 -0.20 15022012 00
 -0.24 -0.24 -0.21 -0.19 -0.17 -0.16 -0.16 -0.17 -0.18 -0.17 -0.15 -0.15 15022012 12
 -0.19 -0.24 -0.25 -0.24 -0.23 -0.20 -0.17 -0.17 -0.17 -0.18 -0.17 -0.13 16022012 00
 -0.09 -0.07 -0.07 -0.08 -0.09 -0.11 -0.12 -0.12 -0.11 -0.10 -0.10 -0.10 16022012 12
 -0.10 -0.12 -0.14 -0.15 -0.16 -0.15 -0.14 -0.12 -0.11 -0.12 -0.12 -0.12 17022012 00
 -0.12 -0.11 -0.08 -0.06 -0.06 -0.06 -0.05 -0.03  0.01  0.06  0.10  0.13 17022012 12
  0.14  0.17  0.21  0.23  0.24  0.27  0.28  0.29  0.35  0.43  0.47  0.37 18022012 00
  0.35  0.38  0.35  0.28  0.20  0.11  0.07  0.05 -0.02 -0.12 -0.19 -0.20 18022012 12
 -0.18 -0.12 -0.10 -0.12 -0.15 -0.17 -0.18 -0.19 -0.18 -0.15 -0.11 -0.12 19022012 00
 -0.15 -0.19 -0.19 -0.17 -0.18 -0.21 -0.22 -0.21 -0.19 -0.17 -0.13 -0.09 19022012 12
 -0.08 -0.06 -0.07 -0.08 -0.06 -0.06 -0.06 -0.05 -0.03 -0.01  0.02  0.05 20022012 00
  0.08  0.10  0.11  0.11  0.12  0.15  0.17  0.15  0.11  0.09  0.09  0.05 20022012 12
  0.03  0.03  0.02  0.01 -0.01 -0.03 -0.04 -0.06 -0.08 -0.07 -0.05 -0.03 21022012 00
 -0.00  0.02  0.04  0.05  0.06  0.07  0.10  0.12  0.11  0.11  0.11  0.13 21022012 12
  0.13  0.15  0.15  0.14  0.14  0.13  0.12  0.15  0.16  0.15  0.23  0.26 22022012 00
  0.29  0.37  0.40  0.42  0.43  0.40  0.35  0.30  0.26  0.20  0.13  0.07 22022012 12
 -0.02 -0.09 -0.06 -0.08 -0.06 -0.07 -0.07 -0.04 -0.03 -0.03 -0.03 -0.02 23022012 00
 -0.01  0.02  0.03  0.02  0.03  0.03  0.03  0.03  0.01 -0.02  0.01  0.04 23022012 12
  0.05  0.04  0.02  0.01  0.01  0.02  0.02  0.02  0.01 -0.00 -0.04 -0.05 24022012 00
 -0.05 -0.06 -0.07 -0.09 -0.10 -0.12 -0.14 -0.17 -0.20 -0.24 -0.23 -0.20 24022012 12
 -0.16 -0.14 -0.10 -0.11 -0.12 -0.14 -0.14 -0.13 -0.13 -0.13 -0.14 -0.11 25022012 00
 -0.11 -0.10 -0.09 -0.09 -0.08 -0.08 -0.09 -0.09 -0.11 -0.13 -0.13 -0.13 25022012 12
 -0.13 -0.12 -0.11 -0.12 -0.14 -0.15 -0.16 -0.16 -0.17 -0.17 -0.18 -0.15 26022012 00
 -0.17 -0.15 -0.12 -0.10 -0.10 -0.09 -0.09 -0.09 -0.07 -0.06 -0.04 -0.03 26022012 12
 -0.03 -0.02 -0.01 -0.01 -0.01 -0.02 -0.02 -0.03 -0.04 -0.06 -0.06 -0.05 27022012 00
 -0.04 -0.03 -0.03 -0.01  0.02  0.02  0.01  0.01 -0.00 -0.01 -0.02 -0.04 27022012 12
 -0.05 -0.05 -0.05 -0.05 -0.06 -0.07 -0.07 -0.06 -0.05 -0.06 -0.07 -0.08 28022012 00
 -0.08 -0.08 -0.09 -0.09 -0.08 -0.08 -0.08 -0.08 -0.09 -0.10 -0.10 -0.10 28022012 12
 -0.08 -0.07 -0.08 -0.08 -0.07 -0.06 -0.06 -0.06 -0.06 -0.06 -0.05 -0.03 29022012 00
 -0.00 -0.00 -0.02 -0.03 -0.03 -0.02 -0.01 -0.02 -0.04 -0.04 -0.05 -0.04 29022012 12
 -0.04 -0.04 -0.05 -0.04 -0.03 -0.03 -0.03 -0.03 -0.02 -0.02 -0.02 -0.02 01032012 00
 -0.02 -0.05 -0.07 -0.08 -0.08 -0.08 -0.09 -0.10 -0.10 -0.12 -0.13 -0.15 01032012 12
 -0.14 -0.14 -0.15 -0.16 -0.16 -0.15 -0.14 -0.14 -0.15 -0.17 -0.16 -0.13 02032012 00
 -0.11 -0.10 -0.08 -0.08 -0.08 -0.09 -0.08 -0.06 -0.05 -0.06 -0.06 -0.04 02032012 12
 -0.02  0.01  0.03  0.05  0.05  0.04  0.04  0.05  0.07  0.08  0.08  0.10 03032012 00
  0.17  0.24  0.27  0.26  0.23  0.20  0.17  0.17  0.15  0.12  0.09  0.05 03032012 12
 -0.01 -0.05 -0.05 -0.04 -0.06 -0.08 -0.11 -0.17 -0.20 -0.16 -0.13 -0.11 04032012 00
 -0.08 -0.10 -0.11 -0.13 -0.19 -0.23 -0.23 -0.20 -0.14 -0.11 -0.12 -0.13 04032012 12
 -0.11 -0.07 -0.04 -0.05 -0.09 -0.14 -0.17 -0.20 -0.19 -0.17 -0.18 -0.22 05032012 00
 -0.28 -0.32 -0.31 -0.31 -0.32 -0.36 -0.37 -0.34 -0.28 -0.23 -0.18 -0.17 05032012 12
 -0.15 -0.17 -0.17 -0.14 -0.12 -0.13 -0.15 -0.14 -0.15 -0.14 -0.12 -0.11 06032012 00
 -0.11 -0.11 -0.11 -0.08 -0.04 -0.00  0.04  0.05  0.05  0.08  0.12  0.16 06032012 12
  0.22  0.25  0.28  0.32  0.35  0.40  0.46  0.47  0.43  0.38  0.30  0.19 07032012 00
  0.18  0.15  0.17  0.17  0.15  0.10  0.03 -0.05 -0.09 -0.04 -0.02 -0.00 07032012 12
 -0.00 -0.02 -0.01  0.00  0.01 -0.02 -0.10 -0.18 -0.18 -0.14 -0.13 -0.13 08032012 00
 -0.12 -0.14 -0.14 -0.13 -0.12 -0.11 -0.11 -0.11 -0.12 -0.11 -0.09 -0.07 08032012 12
 -0.05 -0.02 -0.03 -0.03 -0.03 -0.03 -0.03 -0.03 -0.04 -0.02 -0.01 -0.01 09032012 00
  0.00  0.02  0.01 -0.01 -0.01 -0.01 -0.02 -0.07 -0.13 -0.17 -0.17 -0.16 09032012 12
 -0.16 -0.15 -0.14 -0.15 -0.16 -0.16 -0.16 -0.15 -0.16 -0.19 -0.19 -0.20 10032012 00
 -0.20 -0.17 -0.15 -0.15 -0.14 -0.16 -0.18 -0.20 -0.27 -0.29 -0.30 -0.26 10032012 12
 -0.27 -0.26 -0.20 -0.23 -0.23 -0.25 -0.24 -0.23 -0.25 -0.28 -0.29 -0.28 11032012 00
 -0.28 -0.30 -0.24 -0.23 -0.23 -0.24 -0.24 -0.24 -0.26 -0.30 -0.34 -0.28 11032012 12
 -0.28 -0.28 -0.24 -0.20 -0.24 -0.23 -0.25 -0.24 -0.25 -0.29 -0.28 -0.30 12032012 00
 -0.27 -0.27 -0.24 -0.19 -0.22 -0.21 -0.24 -0.22 -0.21 -0.22 -0.26 -0.26 12032012 12
 -0.24 -0.26 -0.25 -0.20 -0.21 -0.22 -0.23 -0.22 -0.22 -0.23 -0.25 -0.23 13032012 00
 -0.24 -0.23 -0.24 -0.22 -0.17 -0.20 -0.20 -0.22 -0.21 -0.21 -0.22 -0.22 13032012 12
 -0.22 -0.22 -0.23 -0.20 -0.17 -0.19 -0.17 -0.20 -0.20 -0.19 -0.20 -0.20 14032012 00
 -0.18 -0.17 -0.18 -0.15 -0.13 -0.12 -0.10 -0.12 -0.12 -0.13 -0.13 -0.12 14032012 12
 -0.12 -0.11 -0.12 -0.13 -0.13 -0.12 -0.12 -0.10 -0.11 -0.11 -0.10 -0.10 15032012 00
 -0.09 -0.08 -0.07 -0.06 -0.06 -0.05 -0.04 -0.05 -0.06 -0.06 -0.06 -0.05 15032012 12
 -0.03 -0.03 -0.04 -0.04 -0.02 -0.01 -0.00  0.02  0.04  0.04  0.06  0.09 16032012 00
  0.12  0.15  0.17  0.16  0.14  0.12  0.12  0.15  0.13  0.10  0.09  0.08 16032012 12
  0.08  0.08  0.08  0.07  0.07  0.06  0.03  0.01  0.00  0.00  0.00  0.01 17032012 00
  0.01  0.00 -0.00  0.00 -0.00 -0.00 -0.01 -0.01  0.01  0.03  0.04  0.04 17032012 12
  0.05  0.05  0.05  0.05  0.03 -0.00 -0.02 -0.04 -0.05 -0.06 -0.09 -0.12 18032012 00
 -0.13 -0.14 -0.15 -0.16 -0.17 -0.20 -0.20 -0.18 -0.15 -0.11 -0.09 -0.09 18032012 12
 -0.10 -0.11 -0.10 -0.09 -0.11 -0.16 -0.18 -0.18 -0.17 -0.15 -0.13 -0.13 19032012 00
 -0.13 -0.13 -0.11 -0.08 -0.06 -0.07 -0.07 -0.06 -0.06 -0.04 -0.03 -0.01 19032012 12
 -0.01 -0.02 -0.02 -0.02 -0.03 -0.06 -0.10 -0.13 -0.14 -0.13 -0.12 -0.10 20032012 00
 -0.11 -0.11 -0.12 -0.12 -0.12 -0.14 -0.16 -0.18 -0.19 -0.18 -0.15 -0.11 20032012 12
 -0.09 -0.09 -0.11 -0.12 -0.12 -0.12 -0.15 -0.18 -0.19 -0.18 -0.17 -0.14 21032012 00
 -0.14 -0.17 -0.17 -0.18 -0.17 -0.17 -0.19 -0.24 -0.27 -0.25 -0.25 -0.21 21032012 12
 -0.16 -0.19 -0.21 -0.24 -0.24 -0.23 -0.26 -0.29 -0.30 -0.27 -0.27 -0.25 22032012 00
 -0.20 -0.20 -0.19 -0.22 -0.21 -0.18 -0.17 -0.17 -0.16 -0.19 -0.19 -0.18 22032012 12
 -0.15 -0.11 -0.12 -0.13 -0.15 -0.15 -0.14 -0.13 -0.14 -0.13 -0.14 -0.13 23032012 00
 -0.11 -0.08 -0.09 -0.09 -0.10 -0.10 -0.09 -0.09 -0.09 -0.10 -0.10 -0.11 23032012 12
 -0.09 -0.08 -0.08 -0.08 -0.11 -0.12 -0.13 -0.15 -0.16 -0.18 -0.15 -0.15 24032012 00
 -0.15 -0.12 -0.11 -0.10 -0.09 -0.09 -0.07 -0.07 -0.09 -0.09 -0.10 -0.11 24032012 12
 -0.11 -0.10 -0.10 -0.11 -0.12 -0.13 -0.13 -0.14 -0.17 -0.19 -0.18 -0.19 25032012 00
 -0.18 -0.17 -0.16 -0.17 -0.17 -0.18 -0.18 -0.19 -0.21 -0.22 -0.23 -0.22 25032012 12
 -0.23 -0.21 -0.19 -0.21 -0.21 -0.24 -0.24 -0.23 -0.25 -0.26 -0.27 -0.26 26032012 00
 -0.26 -0.24 -0.21 -0.21 -0.21 -0.23 -0.22 -0.21 -0.22 -0.24 -0.25 -0.24 26032012 12
 -0.24 -0.22 -0.20 -0.20 -0.20 -0.21 -0.22 -0.22 -0.21 -0.22 -0.24 -0.23 27032012 00
 -0.24 -0.25 -0.21 -0.19 -0.21 -0.20 -0.21 -0.21 -0.20 -0.22 -0.24 -0.22 27032012 12
 -0.22 -0.21 -0.20 -0.19 -0.19 -0.18 -0.20 -0.22 -0.21 -0.21 -0.23 -0.23 28032012 00
 -0.24 -0.24 -0.23 -0.20 -0.20 -0.20 -0.20 -0.20 -0.19 -0.19 -0.20 -0.21 28032012 12
 -0.21 -0.21 -0.21 -0.19 -0.18 -0.19 -0.20 -0.21 -0.20 -0.20 -0.21 -0.23 29032012 00
 -0.23 -0.22 -0.19 -0.17 -0.16 -0.18 -0.19 -0.18 -0.16 -0.15 -0.15 -0.16 29032012 12
 -0.16 -0.17 -0.18 -0.16 -0.15 -0.16 -0.18 -0.19 -0.18 -0.17 -0.17 -0.19 30032012 00
 -0.20 -0.19 -0.18 -0.16 -0.15 -0.13 -0.13 -0.12 -0.10 -0.09 -0.07 -0.07 30032012 12
 -0.08 -0.10 -0.11 -0.11 -0.11 -0.13 -0.16 -0.18 -0.19 -0.20 -0.21 -0.21 31032012 00
 -0.24 -0.25 -0.24 -0.23 -0.22 -0.20 -0.18 -0.17 -0.16 -0.16 -0.15 -0.12 31032012 12
 -0.10 -0.11 -0.10 -0.10 -0.11 -0.10 -0.10 -0.10 -0.09 -0.08 -0.08 -0.07 01042012 00
 -0.07 -0.07 -0.07 -0.07 -0.07 -0.07 -0.06 -0.05 -0.05 -0.05 -0.04 -0.03 01042012 12
 -0.03 -0.03 -0.03 -0.03 -0.02 -0.01 -0.00 -0.01 -0.02 -0.01  0.00  0.01 02042012 00
  0.01  0.02  0.03  0.02  0.02  0.01  0.02  0.03  0.03  0.02  0.01  0.01 02042012 12
  0.02  0.03  0.04  0.06  0.07  0.06  0.04  0.04  0.07  0.11  0.12  0.09 03042012 00
  0.06  0.07  0.06  0.04  0.01 -0.10 -0.20 -0.21 -0.20 -0.22 -0.29 -0.36 03042012 12
 -0.39 -0.42 -0.45 -0.46 -0.50 -0.57 -0.56 -0.53 -0.52 -0.47 -0.44 -0.51 04042012 00
 -0.53 -0.55 -0.52 -0.52 -0.59 -0.71 -0.73 -0.68 -0.62 -0.57 -0.46 -0.35 04042012 12
 -0.40 -0.36 -0.37 -0.31 -0.27 -0.29 -0.36 -0.34 -0.31 -0.32 -0.27 -0.20 05042012 00
 -0.22 -0.21 -0.24 -0.20 -0.17 -0.16 -0.17 -0.19 -0.16 -0.17 -0.16 -0.11 05042012 12
 -0.09 -0.08 -0.09 -0.08 -0.07 -0.08 -0.09 -0.10 -0.09 -0.08 -0.07 -0.06 06042012 00
 -0.04 -0.05 -0.05 -0.05 -0.03 -0.02 -0.01 -0.00  0.00 -0.00 -0.01 -0.01 06042012 12
 -0.01 -0.00  0.00  0.00 -0.01 -0.03 -0.07 -0.11 -0.12 -0.10 -0.09 -0.10 07042012 00
 -0.09 -0.09 -0.10 -0.10 -0.09 -0.08 -0.09 -0.09 -0.08 -0.06 -0.03 -0.02 07042012 12
  0.00  0.02  0.02  0.02  0.01  0.01 -0.01 -0.03 -0.04 -0.03 -0.02 -0.02 08042012 00
 -0.02 -0.01 -0.01  0.01  0.02  0.03  0.03  0.04  0.07  0.11  0.13  0.12 08042012 12
  0.12  0.09  0.08  0.10  0.12  0.14  0.14  0.15  0.19  0.22  0.26  0.25 09042012 00
  0.24  0.23  0.20  0.24  0.26  0.30  0.29  0.27  0.29  0.35  0.38  0.36 09042012 12
  0.37  0.36  0.33  0.36  0.37  0.38  0.37  0.34  0.34  0.37  0.32  0.32 10042012 00
  0.29  0.29  0.21  0.16  0.19  0.20  0.22  0.21  0.19  0.18  0.19  0.16 10042012 12
  0.17  0.17  0.15  0.12  0.13  0.12  0.13  0.12  0.10  0.11  0.12  0.13 11042012 00
  0.12  0.11  0.11  0.08  0.07  0.09  0.10  0.11  0.11  0.10  0.10  0.10 11042012 12
  0.09  0.08  0.08  0.06  0.04  0.03  0.02  0.02  0.03  0.03  0.04  0.06 12042012 00
  0.06  0.07  0.07  0.06  0.05  0.05  0.05  0.06  0.06  0.06  0.06  0.07 12042012 12
  0.06  0.04  0.03  0.03  0.01  0.01  0.01  0.02  0.02  0.02  0.02  0.04 13042012 00
  0.06  0.06  0.07  0.06  0.05  0.02  0.01  0.01  0.02  0.03  0.03  0.02 13042012 12
 -0.00 -0.01 -0.02 -0.01 -0.02 -0.04 -0.04 -0.04 -0.04 -0.05 -0.06 -0.05 14042012 00
 -0.05 -0.07 -0.09 -0.09 -0.10 -0.10 -0.11 -0.13 -0.14 -0.15 -0.14 -0.12 14042012 12
 -0.12 -0.13 -0.15 -0.14 -0.14 -0.14 -0.15 -0.16 -0.15 -0.14 -0.13 -0.12 15042012 00
 -0.11 -0.10 -0.11 -0.13 -0.13 -0.13 -0.13 -0.14 -0.14 -0.13 -0.13 -0.14 15042012 12
 -0.14 -0.13 -0.14 -0.15 -0.17 -0.19 -0.19 -0.16 -0.14 -0.13 -0.11 -0.11 16042012 00
 -0.11 -0.09 -0.07 -0.07 -0.08 -0.08 -0.07 -0.04 -0.02  0.03  0.08  0.11 16042012 12
  0.12  0.15  0.21  0.28  0.42  0.54  0.57  0.47  0.35  0.25  0.20  0.15 17042012 00
  0.13  0.12  0.11  0.10  0.13  0.16  0.16  0.19  0.20  0.20  0.22  0.28 17042012 12
  0.30  0.31  0.27  0.21  0.17  0.12  0.05 -0.04 -0.10 -0.18 -0.24 -0.25 18042012 00
 -0.23 -0.19 -0.13 -0.08 -0.04 -0.01  0.01  0.05  0.09  0.11  0.11  0.10 18042012 12
  0.09  0.09  0.11  0.10  0.06 -0.00 -0.07 -0.08 -0.06 -0.03  0.00  0.03 19042012 00
  0.03  0.03  0.03  0.04  0.07  0.08  0.09  0.10  0.11  0.11  0.11  0.11 19042012 12
  0.11  0.12  0.13  0.13  0.12  0.11  0.10  0.10  0.12  0.12  0.14  0.14 20042012 00
  0.13  0.13  0.14  0.15  0.15  0.15  0.17  0.19  0.18  0.17  0.16  0.15 20042012 12
  0.12  0.14  0.14  0.14  0.13  0.10  0.09  0.08  0.06  0.08  0.08  0.08 21042012 00
  0.07  0.08  0.08  0.11  0.11  0.11  0.12  0.12  0.13  0.12  0.12  0.11 21042012 12
  0.08  0.07  0.06  0.07  0.06  0.05  0.02  0.00 -0.01  0.00  0.03  0.04 22042012 00
  0.04  0.04  0.04  0.05  0.06  0.05  0.04  0.03  0.03  0.04  0.03  0.04 22042012 12
  0.04  0.04  0.06  0.07  0.08  0.08  0.08  0.11  0.14  0.14  0.14  0.11 23042012 00
  0.07  0.01 -0.03 -0.05 -0.05 -0.04 -0.05 -0.05 -0.07 -0.09 -0.08 -0.06 23042012 12
 -0.04 -0.04 -0.05 -0.07 -0.07 -0.05 -0.04 -0.06 -0.08 -0.10 -0.10 -0.09 24042012 00
 -0.07 -0.05 -0.03 -0.03 -0.03 -0.02  0.01  0.02  0.03  0.03  0.04  0.04 24042012 12
  0.04  0.05  0.06  0.08  0.08  0.08  0.07  0.05  0.03 -0.00 -0.02 -0.04 25042012 00
 -0.05 -0.06 -0.02  0.03  0.09  0.12  0.15  0.20  0.26  0.32  0.35  0.32 25042012 12
  0.26  0.22  0.19  0.17  0.18  0.18  0.16  0.12  0.10  0.10  0.10  0.07 26042012 00
  0.05  0.05  0.03  0.01  0.02  0.04  0.04  0.02  0.02  0.02  0.03  0.04 26042012 12
  0.03 -0.01 -0.04 -0.06 -0.07 -0.06 -0.06 -0.08 -0.08 -0.08 -0.09 -0.10 27042012 00
 -0.11 -0.11 -0.11 -0.10 -0.10 -0.09 -0.08 -0.08 -0.08 -0.09 -0.12 -0.15 27042012 12
 -0.15 -0.15 -0.17 -0.19 -0.22 -0.25 -0.25 -0.23 -0.22 -0.22 -0.21 -0.22 28042012 00
 -0.22 -0.22 -0.22 -0.20 -0.19 -0.22 -0.24 -0.24 -0.24 -0.25 -0.26 -0.27 28042012 12
 -0.26 -0.23 -0.26 -0.25 -0.24 -0.28 -0.32 -0.38 -0.42 -0.43 -0.44 -0.51 29042012 00
 -0.64 -0.70 -0.69 -0.68 -0.68 -0.65 -0.66 -0.68 -0.65 -0.60 -0.52 -0.43 29042012 12
 -0.39 -0.39 -0.34 -0.32 -0.30 -0.25 -0.22 -0.23 -0.24 -0.26 -0.26 -0.23 30042012 00
 -0.22 -0.25 -0.27 -0.27 -0.24 -0.19 -0.13 -0.07 -0.05 -0.03 -0.02 -0.01 30042012 12
  0.01  0.01 -0.02 -0.05 -0.11 -0.16 -0.19 -0.19 -0.16 -0.12 -0.13 -0.13 01052012 00
 -0.11 -0.09 -0.06 -0.03 -0.01 -0.02 -0.02 -0.01 -0.00  0.02  0.05  0.05 01052012 12
  0.02  0.00 -0.01 -0.03 -0.07 -0.11 -0.15 -0.15 -0.14 -0.12 -0.11 -0.11 02052012 00
 -0.13 -0.12 -0.09 -0.08 -0.07 -0.07 -0.07 -0.08 -0.09 -0.09 -0.09 -0.08 02052012 12
 -0.09 -0.10 -0.10 -0.10 -0.14 -0.15 -0.14 -0.12 -0.11 -0.07 -0.06 -0.05 03052012 00
 -0.05 -0.05 -0.04 -0.03 -0.03 -0.02 -0.01 -0.01 -0.02 -0.00  0.02  0.03 03052012 12
  0.03  0.03  0.03  0.04  0.05  0.04  0.02  0.00 -0.01 -0.03 -0.04 -0.04 04052012 00
 -0.05 -0.05 -0.06 -0.05 -0.04 -0.03 -0.04 -0.07 -0.09 -0.09 -0.09 -0.09 04052012 12
 -0.09 -0.09 -0.09 -0.09 -0.08 -0.09 -0.10 -0.10 -0.09 -0.08 -0.06 -0.03 05052012 00
 -0.04 -0.03 -0.04 -0.04 -0.02 -0.01 -0.02 -0.01 -0.01 -0.02 -0.02 -0.02 05052012 12
 -0.02 -0.02 -0.02 -0.02 -0.02 -0.02 -0.01 -0.01 -0.02 -0.02 -0.01 -0.01 06052012 00
  0.01  0.01  0.01  0.00 -0.00 -0.00 -0.00 -0.01 -0.01 -0.01 -0.01 -0.01 06052012 12
 -0.01 -0.01 -0.01 -0.02 -0.03 -0.02  0.00  0.03  0.04  0.02 -0.01 -0.04 07052012 00
 -0.05 -0.03 -0.01 -0.01  0.00  0.00  0.03  0.07  0.11  0.10  0.08  0.11 07052012 12
  0.12  0.11  0.13  0.14  0.13  0.13  0.12  0.11  0.13  0.13  0.12  0.11 08052012 00
  0.11  0.07  0.06  0.08  0.08  0.07  0.05  0.04  0.06  0.06  0.05  0.04 08052012 12
  0.03  0.02  0.02  0.03  0.04  0.04  0.04  0.04  0.04  0.04  0.04  0.03 09052012 00
  0.03  0.04  0.03  0.02  0.03  0.03  0.03  0.02  0.02  0.04  0.07  0.09 09052012 12
  0.09  0.11  0.14  0.17  0.20  0.21  0.20  0.21  0.23  0.25  0.26  0.27 10052012 00
  0.23  0.21  0.20  0.19  0.25  0.25  0.25  0.20  0.18  0.18  0.13  0.11 10052012 12
  0.09  0.11  0.08  0.05  0.06  0.06  0.07  0.02 -0.01 -0.01 -0.02 -0.05 11052012 00
 -0.07 -0.08 -0.07 -0.08 -0.10 -0.11 -0.10 -0.11 -0.10 -0.12 -0.16 -0.21 11052012 12
 -0.23 -0.26 -0.26 -0.25 -0.26 -0.29 -0.30 -0.31 -0.31 -0.29 -0.27 -0.27 12052012 00
 -0.27 -0.27 -0.28 -0.27 -0.25 -0.23 -0.25 -0.23 -0.23 -0.23 -0.22 -0.22 12052012 12
 -0.24 -0.25 -0.23 -0.22 -0.20 -0.19 -0.18 -0.18 -0.18 -0.17 -0.12 -0.08 13052012 00
 -0.05 -0.05 -0.01  0.03  0.06  0.10  0.15  0.17  0.19  0.25  0.32  0.39 13052012 12
  0.44  0.37  0.22  0.11  0.10  0.10  0.07  0.03 -0.03 -0.06 -0.05 -0.04 14052012 00
 -0.05 -0.07 -0.07 -0.08 -0.07 -0.04 -0.02  0.01  0.01  0.01  0.01  0.03 14052012 12
  0.03 -0.00 -0.05 -0.08 -0.09 -0.10 -0.09 -0.08 -0.09 -0.12 -0.16 -0.19 15052012 00
 -0.19 -0.19 -0.20 -0.25 -0.28 -0.25 -0.22 -0.20 -0.18 -0.18 -0.18 -0.18 15052012 12
 -0.17 -0.16 -0.15 -0.15 -0.17 -0.18 -0.19 -0.19 -0.17 -0.15 -0.14 -0.13 16052012 00
 -0.14 -0.14 -0.13 -0.12 -0.12 -0.14 -0.14 -0.13 -0.13 -0.11 -0.10 -0.09 16052012 12
 -0.09 -0.09 -0.08 -0.07 -0.07 -0.09 -0.09 -0.08 -0.07 -0.06 -0.05 -0.03 17052012 00
 -0.03 -0.04 -0.02 -0.01  0.00  0.02  0.03  0.05  0.05  0.06  0.06  0.04 17052012 12
  0.04  0.02  0.01 -0.01 -0.03 -0.07 -0.09 -0.09 -0.08 -0.06 -0.05 -0.05 18052012 00
 -0.05 -0.06 -0.06 -0.05 -0.06 -0.07 -0.09 -0.08 -0.08 -0.09 -0.09 -0.10 18052012 12
 -0.10 -0.10 -0.08 -0.07 -0.06 -0.09 -0.12 -0.11 -0.08 -0.07 -0.07 -0.06 19052012 00
 -0.06 -0.06 -0.06 -0.06 -0.05 -0.05 -0.06 -0.05 -0.06 -0.05 -0.05 -0.04 19052012 12
 -0.05 -0.05 -0.05 -0.05 -0.06 -0.06 -0.07 -0.06 -0.05 -0.04 -0.03 -0.02 20052012 00
 -0.01 -0.01 -0.01 -0.01 -0.00  0.00 -0.00 -0.02 -0.03 -0.03 -0.02 -0.02 20052012 12
 -0.01 -0.02 -0.02 -0.02 -0.03 -0.03 -0.04 -0.06 -0.08 -0.07 -0.07 -0.06 21052012 00
 -0.04 -0.05 -0.05 -0.06 -0.06 -0.05 -0.06 -0.08 -0.10 -0.10 -0.09 -0.07 21052012 12
 -0.05 -0.03 -0.04 -0.05 -0.04 -0.04 -0.05 -0.06 -0.07 -0.08 -0.07 -0.05 22052012 00
 -0.04 -0.04 -0.04 -0.04 -0.06 -0.07 -0.07 -0.07 -0.08 -0.08 -0.09 -0.08 22052012 12
 -0.08 -0.07 -0.08 -0.08 -0.09 -0.09 -0.09 -0.10 -0.11 -0.13 -0.11 -0.11 23052012 00
 -0.09 -0.07 -0.07 -0.07 -0.08 -0.08 -0.08 -0.08 -0.10 -0.12 -0.13 -0.12 23052012 12
 -0.11 -0.10 -0.10 -0.10 -0.10 -0.11 -0.11 -0.11 -0.13 -0.14 -0.14 -0.15 24052012 00
 -0.15 -0.15 -0.15 -0.17 -0.17 -0.18 -0.18 -0.18 -0.19 -0.21 -0.22 -0.20 24052012 12
 -0.20 -0.17 -0.15 -0.16 -0.16 -0.18 -0.18 -0.17 -0.16 -0.18 -0.19 -0.20 25052012 00
 -0.20 -0.21 -0.19 -0.19 -0.20 -0.19 -0.20 -0.20 -0.21 -0.22 -0.22 -0.20 25052012 12
 -0.19 -0.17 -0.16 -0.16 -0.16 -0.17 -0.19 -0.17 -0.16 -0.16 -0.17 -0.17 26052012 00
 -0.18 -0.19 -0.16 -0.13 -0.12 -0.10 -0.11 -0.12 -0.12 -0.09 -0.08 -0.09 26052012 12
 -0.09 -0.10 -0.10 -0.08 -0.08 -0.10 -0.11 -0.11 -0.11 -0.10 -0.10 -0.10 27052012 00
 -0.08 -0.07 -0.07 -0.06 -0.04 -0.03 -0.03 -0.03 -0.03 -0.03 -0.03 -0.02 27052012 12
 -0.03 -0.03 -0.03 -0.03 -0.03 -0.04 -0.04 -0.04 -0.03 -0.02 -0.02 -0.00 28052012 00
  0.01  0.01  0.01  0.02  0.02  0.01  0.01  0.01 -0.01 -0.02 -0.02 -0.02 28052012 12
 -0.02 -0.02 -0.03 -0.02 -0.02 -0.03 -0.03 -0.04 -0.05 -0.05 -0.04 -0.03 29052012 00
 -0.03 -0.05 -0.05 -0.04 -0.03 -0.04 -0.04 -0.04 -0.05 -0.05 -0.04 -0.03 29052012 12
 -0.02 -0.01 -0.01 -0.02 -0.02 -0.03 -0.04 -0.05 -0.06 -0.06 -0.05 -0.04 30052012 00
 -0.04 -0.03 -0.02 -0.01 -0.01 -0.02 -0.02 -0.01 -0.00 -0.00 -0.01 -0.00 30052012 12
  0.01  0.01  0.01 -0.02 -0.03 -0.04 -0.04 -0.04 -0.05 -0.05 -0.04 -0.02 31052012 00
 -0.01 -0.00  0.01  0.02  0.02  0.00 -0.01 -0.03 -0.05 -0.06 -0.06 -0.05 31052012 12
 -0.05 -0.05 -0.06 -0.07 -0.09 -0.10 -0.10 -0.09 -0.09 -0.08 -0.08 -0.09 01062012 00
 -0.09 -0.08 -0.08 -0.09 -0.10 -0.10 -0.10 -0.11 -0.09 -0.08 -0.08 -0.07 01062012 12
 -0.07 -0.07 -0.07 -0.08 -0.09 -0.10 -0.11 -0.10 -0.10 -0.09 -0.08 -0.08 02062012 00
 -0.08 -0.08 -0.08 -0.08 -0.08 -0.06 -0.04 -0.05 -0.06 -0.07 -0.06 -0.05 02062012 12
 -0.04 -0.05 -0.07 -0.08 -0.08 -0.07 -0.07 -0.06 -0.07 -0.08 -0.08 -0.07 03062012 00
 -0.07 -0.05 -0.08 -0.10 -0.13 -0.16 -0.19 -0.17 -0.14 -0.15 -0.17 -0.14 03062012 12
 -0.14 -0.14 -0.13 -0.12 -0.12 -0.12 -0.13 -0.12 -0.13 -0.11 -0.10 -0.08 04062012 00
 -0.06 -0.08 -0.08 -0.09 -0.08 -0.08 -0.09 -0.10 -0.08 -0.07 -0.07 -0.06 04062012 12
 -0.04 -0.04 -0.05 -0.05 -0.05 -0.05 -0.05 -0.03 -0.01  0.01  0.02  0.03 05062012 00
  0.05  0.07  0.08  0.07  0.06  0.04  0.04  0.04  0.06  0.07  0.09  0.09 05062012 12
  0.11  0.11  0.12  0.13  0.14  0.14  0.15  0.17  0.20  0.21  0.17  0.18 06062012 00
  0.18  0.13  0.13  0.14  0.14  0.14  0.13  0.13  0.14  0.13  0.11  0.12 06062012 12
  0.13  0.12  0.09  0.11  0.10  0.10  0.10  0.11  0.16  0.22  0.24  0.24 07062012 00
  0.23  0.23  0.19  0.20  0.21  0.21  0.19  0.16  0.14  0.14  0.15  0.17 07062012 12
  0.19  0.20  0.20  0.21  0.23  0.25  0.26  0.26  0.27  0.30  0.36  0.35 08062012 00
  0.32  0.30  0.27  0.21  0.25  0.27  0.31  0.28  0.24  0.21  0.15  0.09 08062012 12
  0.09  0.10  0.08  0.08  0.09  0.08  0.09  0.07  0.06  0.05  0.05  0.05 09062012 00
  0.04  0.05  0.04  0.03  0.02  0.03  0.05  0.06  0.05  0.04  0.04  0.05 09062012 12
  0.05  0.04  0.04  0.04  0.03  0.02  0.02  0.03  0.03  0.02  0.03  0.04 10062012 00
  0.05  0.05  0.05  0.04  0.03  0.03  0.03  0.04  0.05  0.04  0.04  0.03 10062012 12
  0.04  0.04  0.03  0.03  0.03  0.03  0.02  0.02  0.02  0.03  0.03  0.04 11062012 00
  0.04  0.03  0.03  0.03  0.04  0.03  0.03  0.04  0.04  0.03  0.02  0.01 11062012 12
 -0.00 -0.01 -0.00  0.00  0.00 -0.00 -0.02 -0.01 -0.01 -0.01 -0.01 -0.00 12062012 00
 -0.01 -0.01 -0.01 -0.01 -0.01 -0.02 -0.03 -0.04 -0.04 -0.03 -0.03 -0.03 12062012 12
 -0.03 -0.03 -0.03 -0.04 -0.05 -0.06 -0.07 -0.07 -0.06 -0.06 -0.06 -0.05 13062012 00
 -0.06 -0.06 -0.06 -0.05 -0.05 -0.05 -0.05 -0.06 -0.06 -0.06 -0.05 -0.05 13062012 12
 -0.05 -0.05 -0.05 -0.04 -0.05 -0.06 -0.08 -0.08 -0.07 -0.05 -0.05 -0.04 14062012 00
 -0.02  0.01  0.04  0.07  0.10  0.10  0.09  0.10  0.12  0.14  0.15  0.12 14062012 12
  0.06  0.03  0.04  0.06  0.08  0.09  0.09  0.08  0.09  0.13  0.20  0.27 15062012 00
  0.28  0.28  0.31  0.35  0.41  0.44  0.39  0.32  0.25  0.21  0.23  0.27 15062012 12
  0.29  0.26  0.23  0.23  0.26  0.30  0.29  0.23  0.15  0.09  0.09  0.15 16062012 00
  0.20  0.21  0.19  0.18  0.20  0.23  0.21  0.18  0.17  0.16  0.14  0.13 16062012 12
  0.13  0.12  0.11  0.08  0.05  0.03 -0.01 -0.05 -0.07 -0.08 -0.09 -0.10 17062012 00
 -0.09 -0.07 -0.06 -0.08 -0.09 -0.11 -0.10 -0.08 -0.07 -0.07 -0.06 -0.06 17062012 12
 -0.06 -0.05 -0.04 -0.05 -0.06 -0.07 -0.07 -0.08 -0.08 -0.07 -0.06 -0.04 18062012 00
 -0.04 -0.04 -0.04 -0.05 -0.05 -0.05 -0.06 -0.06 -0.05 -0.06 -0.05 -0.05 18062012 12
 -0.04 -0.03 -0.02 -0.02 -0.01 -0.01 -0.01 -0.01 -0.01 -0.02 -0.03 -0.04 19062012 00
 -0.04 -0.04 -0.05 -0.06 -0.07 -0.07 -0.07 -0.08 -0.08 -0.09 -0.09 -0.08 19062012 12
 -0.07 -0.07 -0.07 -0.07 -0.07 -0.07 -0.08 -0.09 -0.11 -0.11 -0.11 -0.10 20062012 00
 -0.08 -0.07 -0.07 -0.07 -0.08 -0.07 -0.07 -0.07 -0.08 -0.08 -0.07 -0.07 20062012 12
 -0.06 -0.04 -0.04 -0.04 -0.06 -0.06 -0.06 -0.05 -0.04 -0.02 -0.02  0.01 21062012 00
  0.04  0.05  0.06  0.07  0.07  0.09  0.11  0.14  0.15  0.16  0.15  0.14 21062012 12
  0.12  0.11  0.13  0.13  0.15  0.14  0.13  0.13  0.16  0.20  0.22  0.22 22062012 00
  0.24  0.22  0.15  0.17  0.20  0.23  0.24  0.23  0.21  0.16  0.14  0.17 22062012 12
  0.17  0.12  0.10  0.10  0.09  0.10  0.10  0.11  0.10  0.08  0.03  0.02 23062012 00
  0.06  0.04  0.03  0.05  0.06  0.08  0.06  0.05  0.06  0.07  0.06  0.07 23062012 12
  0.08  0.09  0.09  0.12  0.13  0.13  0.11  0.08  0.05  0.03  0.03  0.03 24062012 00
  0.05  0.04  0.04  0.04  0.03  0.03  0.04  0.05  0.04  0.03  0.00 -0.02 24062012 12
 -0.03 -0.04 -0.04 -0.05 -0.05 -0.05 -0.05 -0.06 -0.07 -0.08 -0.07 -0.05 25062012 00
 -0.04 -0.04 -0.06 -0.06 -0.06 -0.06 -0.06 -0.06 -0.07 -0.07 -0.07 -0.08 25062012 12
 -0.08 -0.09 -0.10 -0.09 -0.07 -0.07 -0.07 -0.08 -0.09 -0.08 -0.06 -0.03 26062012 00
  0.00 -0.01 -0.01 -0.02 -0.02 -0.01  0.03  0.05  0.04  0.03  0.03  0.04 26062012 12
  0.04  0.04  0.02  0.02 -0.00 -0.00 -0.01 -0.03 -0.01 -0.01 -0.01 -0.00 27062012 00
  0.02  0.01 -0.01 -0.02 -0.02 -0.03 -0.02 -0.00  0.00 -0.01 -0.02 -0.03 27062012 12
 -0.02 -0.01 -0.02 -0.01 -0.01 -0.00  0.01  0.04  0.04  0.05  0.06  0.10 28062012 00
  0.12  0.13  0.14  0.15  0.17  0.18  0.18  0.19  0.19  0.21  0.22  0.23 28062012 12
  0.24  0.27  0.32  0.33  0.32  0.30  0.27  0.26  0.28  0.27  0.27  0.27 29062012 00
  0.25  0.26  0.30  0.30  0.28  0.29  0.27  0.22  0.22  0.24  0.26  0.25 29062012 12
  0.22  0.18  0.18  0.22  0.18  0.14  0.12  0.10  0.09  0.10  0.12  0.14 30062012 00
  0.14  0.13  0.13  0.18  0.20  0.18  0.15  0.11  0.07  0.06  0.07  0.09 30062012 12
  0.10  0.09  0.07  0.08  0.09  0.08  0.08  0.08  0.07  0.05  0.04  0.04 01072012 00
  0.05  0.04  0.02  0.01  0.01  0.02  0.02  0.02  0.03  0.05  0.08  0.10 01072012 12
  0.10  0.08  0.06  0.05  0.05  0.05  0.04  0.02  0.03  0.03  0.03  0.05 02072012 00
  0.08  0.09  0.08  0.07  0.08  0.08  0.09  0.08  0.07  0.06  0.05  0.03 02072012 12
  0.05  0.04  0.04  0.04  0.03  0.03  0.04  0.03  0.03  0.02  0.02  0.03 03072012 00
  0.06  0.08  0.07  0.06  0.06  0.06  0.06  0.06  0.04  0.03  0.04  0.04 03072012 12
  0.05  0.07  0.08  0.09  0.08  0.08  0.09  0.10  0.11  0.09  0.08  0.08 04072012 00
  0.06  0.06  0.06  0.06  0.06  0.06  0.05  0.03  0.03  0.04  0.05  0.04 04072012 12
  0.04  0.04  0.05  0.05  0.04  0.03  0.02  0.00 -0.00 -0.00 -0.00  0.00 05072012 00
  0.00  0.01  0.00 -0.00 -0.01 -0.01  0.00  0.01  0.01  0.01  0.00  0.00 05072012 12
  0.01  0.01  0.01  0.01  0.01  0.01 -0.00 -0.00  0.00  0.01  0.02  0.04 06072012 00
  0.04  0.03  0.04  0.02  0.02  0.01  0.00 -0.00 -0.03 -0.05 -0.06 -0.05 06072012 12
 -0.04 -0.03 -0.00 -0.01 -0.02 -0.03 -0.03 -0.04 -0.06 -0.10 -0.11 -0.12 07072012 00
 -0.11 -0.10 -0.09 -0.07 -0.08 -0.06 -0.07 -0.06 -0.04 -0.03 -0.02 -0.01 07072012 12
 -0.01 -0.01 -0.01 -0.01 -0.01 -0.01 -0.03 -0.03 -0.03 -0.03 -0.02 -0.01 08072012 00
 -0.01 -0.01 -0.00  0.01  0.01  0.01  0.01  0.00  0.01  0.01  0.02  0.02 08072012 12
  0.00 -0.01 -0.02 -0.03 -0.03 -0.03 -0.03 -0.03 -0.04 -0.04 -0.04 -0.02 09072012 00
 -0.01 -0.01 -0.01 -0.01 -0.01 -0.01 -0.01 -0.00 -0.01 -0.01 -0.01 -0.01 09072012 12
 -0.02 -0.02 -0.03 -0.03 -0.03 -0.04 -0.04 -0.04 -0.04 -0.04 -0.03 -0.02 10072012 00
 -0.01 -0.01 -0.01  0.00  0.01  0.01  0.02  0.03  0.04  0.04  0.04  0.03 10072012 12
  0.01  0.00 -0.00 -0.00 -0.01 -0.02 -0.03 -0.03 -0.02 -0.02 -0.03 -0.03 11072012 00
 -0.03 -0.03 -0.03 -0.02 -0.02 -0.01 -0.02 -0.01 -0.00  0.00 -0.00 -0.01 11072012 12
 -0.02 -0.03 -0.04 -0.04 -0.05 -0.08 -0.09 -0.11 -0.10 -0.09 -0.08 -0.06 12072012 00
 -0.04 -0.02  0.01  0.03  0.03  0.03  0.04  0.05  0.05  0.06  0.05  0.04 12072012 12
  0.03  0.03  0.05  0.07  0.06  0.03  0.01  0.00  0.02  0.03  0.03  0.03 13072012 00
  0.02  0.02  0.03  0.05  0.05  0.03  0.02  0.00  0.01  0.03  0.05  0.05 13072012 12
  0.02  0.00  0.02  0.02  0.01 -0.00 -0.02 -0.04 -0.05 -0.03  0.00  0.02 14072012 00
  0.02  0.00  0.00  0.00 -0.00 -0.01 -0.01  0.00 -0.00 -0.01 -0.01 -0.01 14072012 12
  0.02  0.03  0.01 -0.02 -0.02 -0.02 -0.02 -0.04 -0.04 -0.03 -0.00  0.01 15072012 00
  0.01 -0.01 -0.02 -0.01 -0.00 -0.00 -0.01  0.00  0.01  0.01  0.00 -0.00 15072012 12
 -0.01 -0.00 -0.01 -0.02 -0.02 -0.01 -0.01 -0.02 -0.01  0.01  0.06  0.13 16072012 00
  0.16  0.16  0.16  0.15  0.14  0.11  0.08  0.04  0.02 -0.00 -0.03 -0.03 16072012 12
 -0.02 -0.03 -0.04 -0.06 -0.08 -0.09 -0.09 -0.08 -0.08 -0.08 -0.08 -0.08 17072012 00
 -0.08 -0.06 -0.05 -0.05 -0.06 -0.05 -0.03 -0.01 -0.01 -0.01 -0.00  0.02 17072012 12
  0.05  0.07  0.08  0.08  0.09  0.13  0.20  0.20  0.15  0.10  0.09  0.07 18072012 00
  0.07  0.07  0.07  0.08  0.05  0.02 -0.00 -0.01 -0.01  0.03  0.05  0.08 18072012 12
  0.09  0.09  0.10  0.11  0.10  0.07  0.01 -0.05 -0.09 -0.09 -0.09 -0.10 19072012 00
 -0.09 -0.09 -0.08 -0.08 -0.07 -0.05 -0.04 -0.04 -0.05 -0.04 -0.04 -0.03 19072012 12
 -0.02 -0.02 -0.02 -0.03 -0.04 -0.05 -0.06 -0.07 -0.07 -0.06 -0.06 -0.05 20072012 00
 -0.04 -0.05 -0.05 -0.05 -0.07 -0.07 -0.07 -0.08 -0.09 -0.10 -0.10 -0.09 20072012 12
 -0.08 -0.08 -0.09 -0.09 -0.09 -0.09 -0.10 -0.11 -0.13 -0.12 -0.11 -0.11 21072012 00
 -0.12 -0.12 -0.10 -0.11 -0.10 -0.10 -0.10 -0.12 -0.13 -0.14 -0.12 -0.12 21072012 12
 -0.12 -0.10 -0.08 -0.08 -0.07 -0.07 -0.07 -0.06 -0.05 -0.05 -0.03 -0.02 22072012 00
  0.00  0.04  0.06  0.07  0.08  0.08  0.08  0.08  0.08  0.09  0.06  0.07 22072012 12
  0.08  0.06  0.05  0.05  0.04  0.05  0.06  0.04  0.02  0.01  0.02 -0.01 23072012 00
  0.01  0.01  0.02  0.04  0.06  0.05  0.06  0.05  0.04  0.04  0.03  0.02 23072012 12
  0.01  0.01 -0.00 -0.01 -0.01 -0.02 -0.02 -0.02 -0.03 -0.05 -0.06 -0.07 24072012 00
 -0.06 -0.05 -0.05 -0.05 -0.04 -0.05 -0.04 -0.04 -0.05 -0.05 -0.06 -0.05 24072012 12
 -0.05 -0.05 -0.05 -0.05 -0.06 -0.06 -0.06 -0.07 -0.07 -0.08 -0.09 -0.10 25072012 00
 -0.10 -0.11 -0.11 -0.11 -0.11 -0.12 -0.12 -0.13 -0.12 -0.12 -0.12 -0.12 25072012 12
 -0.12 -0.12 -0.11 -0.11 -0.11 -0.11 -0.12 -0.12 -0.12 -0.11 -0.10 -0.09 26072012 00
 -0.09 -0.08 -0.10 -0.09 -0.07 -0.06 -0.07 -0.07 -0.08 -0.08 -0.06 -0.05 26072012 12
 -0.05 -0.05 -0.04 -0.05 -0.05 -0.05 -0.06 -0.06 -0.04 -0.03 -0.02 -0.02 27072012 00
 -0.03 -0.06 -0.07 -0.06 -0.07 -0.07 -0.07 -0.08 -0.09 -0.09 -0.08 -0.08 27072012 12
 -0.06 -0.04 -0.07 -0.08 -0.07 -0.07 -0.06 -0.06 -0.04 -0.02  0.01  0.03 28072012 00
  0.04  0.04  0.03  0.02  0.03  0.04  0.05  0.04  0.04  0.04  0.04  0.04 28072012 12
  0.04  0.01 -0.00 -0.01 -0.02 -0.03 -0.04 -0.04 -0.02 -0.00  0.00  0.01 29072012 00
  0.01  0.00  0.01  0.03  0.03  0.03  0.02  0.03  0.02  0.02  0.01  0.01 29072012 12
  0.02  0.02  0.01  0.00 -0.01 -0.03 -0.04 -0.05 -0.04 -0.01  0.00  0.01 30072012 00
  0.01 -0.00  0.01  0.01  0.00 -0.00  0.01  0.02  0.01  0.02  0.02  0.01 30072012 12
  0.01  0.01 -0.00 -0.01 -0.02 -0.05 -0.07 -0.08 -0.07 -0.06 -0.05 -0.03 31072012 00
 -0.01 -0.01 -0.01 -0.01 -0.00  0.01  0.04  0.05  0.04  0.04  0.03  0.04 31072012 12
  0.07  0.09  0.10  0.10  0.12  0.18  0.26  0.27  0.25  0.22  0.20  0.21 01082012 00
  0.26  0.28  0.27  0.23  0.20  0.20  0.21  0.17  0.12  0.13  0.16  0.13 01082012 12
  0.12  0.14  0.14  0.15  0.15  0.13  0.10  0.07  0.06  0.06  0.07  0.05 02082012 00
  0.03  0.05  0.05  0.06  0.05  0.06  0.08  0.09  0.09  0.09  0.09  0.10 02082012 12
  0.10  0.09  0.09  0.08  0.08  0.07  0.07  0.08  0.09  0.07  0.08  0.08 03082012 00
  0.09  0.08  0.10  0.10  0.10  0.09  0.09  0.08  0.08  0.09  0.06  0.06 03082012 12
  0.05  0.04  0.06  0.07  0.06  0.04  0.03  0.04  0.05  0.06  0.07  0.06 04082012 00
  0.05  0.04  0.04  0.05  0.04  0.04  0.03  0.02  0.01  0.02  0.03  0.03 04082012 12
  0.02  0.01  0.01  0.01  0.01  0.01 -0.00 -0.01 -0.01 -0.00  0.01  0.01 05082012 00
  0.01  0.01  0.00  0.01  0.02  0.03  0.03  0.04  0.04  0.04  0.04  0.04 05082012 12
  0.04  0.03  0.03  0.04  0.04  0.04  0.04  0.04  0.04  0.03  0.03  0.04 06082012 00
  0.04  0.03  0.02  0.02  0.03  0.03  0.03  0.02  0.02  0.02  0.02  0.01 06082012 12
  0.00  0.01  0.01  0.01  0.01 -0.00 -0.00 -0.01 -0.01  0.00  0.01  0.01 07082012 00
  0.00 -0.01 -0.01 -0.02 -0.01 -0.02 -0.03 -0.04 -0.05 -0.05 -0.06 -0.06 07082012 12
 -0.06 -0.06 -0.06 -0.07 -0.07 -0.07 -0.08 -0.09 -0.10 -0.10 -0.10 -0.09 08082012 00
 -0.11 -0.12 -0.12 -0.12 -0.11 -0.12 -0.13 -0.14 -0.14 -0.14 -0.14 -0.14 08082012 12
 -0.14 -0.14 -0.14 -0.15 -0.14 -0.14 -0.15 -0.15 -0.15 -0.15 -0.15 -0.15 09082012 00
 -0.14 -0.14 -0.15 -0.15 -0.14 -0.14 -0.15 -0.16 -0.15 -0.15 -0.14 -0.15 09082012 12
 -0.16 -0.16 -0.16 -0.16 -0.16 -0.16 -0.17 -0.18 -0.19 -0.18 -0.17 -0.16 10082012 00
 -0.17 -0.17 -0.16 -0.15 -0.13 -0.12 -0.12 -0.13 -0.13 -0.13 -0.11 -0.10 10082012 12
 -0.11 -0.14 -0.14 -0.15 -0.14 -0.14 -0.13 -0.13 -0.14 -0.16 -0.15 -0.13 11082012 00
 -0.11 -0.10 -0.09 -0.08 -0.07 -0.05 -0.04 -0.03 -0.04 -0.04 -0.03 -0.02 11082012 12
 -0.01 -0.02 -0.03 -0.04 -0.06 -0.07 -0.07 -0.07 -0.08 -0.09 -0.08 -0.07 12082012 00
 -0.05 -0.03 -0.02 -0.01 -0.01  0.00  0.01  0.01  0.01  0.03  0.05  0.05 12082012 12
  0.05  0.05  0.05  0.08  0.11  0.12  0.10  0.11  0.10  0.08  0.10  0.13 13082012 00
  0.13  0.10  0.08  0.07  0.08  0.09  0.08  0.06  0.04  0.06  0.09  0.11 13082012 12
  0.12  0.10  0.09  0.09  0.11  0.10  0.10  0.08  0.05  0.03  0.01  0.02 14082012 00
  0.03  0.04  0.04  0.02  0.01  0.02  0.02  0.02  0.01  0.00  0.00  0.01 14082012 12
  0.02  0.02  0.02  0.01 -0.01 -0.03 -0.03 -0.04 -0.04 -0.05 -0.02  0.06 15082012 00
  0.13  0.19  0.24  0.30  0.37  0.46  0.50  0.45  0.36  0.31  0.31  0.40 15082012 12
  0.47  0.47  0.43  0.36  0.30  0.30  0.29  0.22  0.14  0.11  0.12  0.13 16082012 00
  0.18  0.21  0.21  0.19  0.17  0.17  0.20  0.22  0.24  0.21  0.16  0.12 16082012 12
  0.11  0.14  0.18  0.17  0.13  0.10  0.08  0.05  0.02  0.01  0.07  0.12 17082012 00
  0.15  0.17  0.14  0.13  0.16  0.20  0.25  0.29  0.27  0.25  0.21  0.18 17082012 12
  0.14  0.15  0.12  0.11  0.09  0.07  0.07  0.08  0.07  0.07  0.08  0.08 18082012 00
  0.08  0.08  0.09  0.09  0.09  0.06  0.05  0.02  0.02  0.00  0.00 -0.01 18082012 12
 -0.01 -0.02 -0.03 -0.04 -0.03 -0.02 -0.01 -0.02 -0.03 -0.03 -0.02 -0.01 19082012 00
 -0.01  0.00  0.00 -0.00 -0.00  0.01  0.00 -0.01 -0.01 -0.00  0.00 -0.01 19082012 12
 -0.01 -0.01  0.01  0.01  0.01  0.00  0.01  0.02  0.02  0.02  0.03  0.03 20082012 00
  0.03  0.03  0.03  0.03  0.02  0.02  0.02  0.01  0.00 -0.00 -0.02 -0.01 20082012 12
 -0.01 -0.01 -0.02 -0.03 -0.03 -0.03 -0.04 -0.04 -0.04 -0.04 -0.03 -0.02 21082012 00
 -0.00  0.01  0.02  0.05  0.05  0.04  0.06  0.07  0.09  0.10  0.11  0.10 21082012 12
  0.10  0.10  0.09  0.07  0.06  0.05  0.05  0.06  0.06  0.05  0.04  0.04 22082012 00
  0.03  0.02  0.02  0.01  0.04  0.04  0.05  0.04  0.03  0.02  0.01 -0.00 22082012 12
  0.00 -0.00 -0.01 -0.02 -0.02 -0.01 -0.01 -0.02 -0.03 -0.03 -0.03 -0.01 23082012 00
 -0.00  0.00 -0.01  0.00  0.01  0.00  0.00  0.00 -0.00 -0.00  0.01  0.03 23082012 12
  0.04  0.03  0.04  0.04  0.04  0.05  0.06  0.08  0.10  0.11  0.13  0.17 24082012 00
  0.19  0.18  0.17  0.14  0.12  0.10  0.09  0.09  0.09  0.09  0.10  0.12 24082012 12
  0.15  0.16  0.17  0.17  0.16  0.12  0.11  0.10  0.10  0.09  0.06  0.03 25082012 00
  0.01 -0.02 -0.04 -0.02  0.01  0.02 -0.00 -0.03 -0.03 -0.03 -0.02 -0.01 25082012 12
 -0.01 -0.03 -0.05 -0.08 -0.11 -0.13 -0.13 -0.13 -0.11 -0.10 -0.09 -0.08 26082012 00
 -0.07 -0.06 -0.05 -0.04 -0.03 -0.04 -0.05 -0.04 -0.03 -0.01 -0.01 -0.01 26082012 12
 -0.01  0.01  0.04  0.05  0.04  0.03  0.05  0.08  0.12  0.17  0.23  0.29 27082012 00
  0.34  0.40  0.44  0.52  0.58  0.56  0.48  0.40  0.33  0.32  0.32  0.30 27082012 12
  0.26  0.19  0.15  0.14  0.10  0.06  0.06  0.07  0.07  0.07  0.09  0.10 28082012 00
  0.12  0.11  0.09  0.06  0.05  0.06  0.07  0.07  0.06  0.05  0.08  0.10 28082012 12
  0.12  0.12  0.12  0.11  0.15  0.21  0.22  0.20  0.16  0.14  0.15  0.21 29082012 00
  0.22  0.22  0.21  0.21  0.22  0.25  0.26  0.24  0.25  0.21  0.16  0.14 29082012 12
  0.12  0.11  0.11  0.09  0.07  0.04 -0.03 -0.13 -0.15 -0.15 -0.17 -0.20 30082012 00
 -0.25 -0.27 -0.26 -0.24 -0.23 -0.24 -0.27 -0.28 -0.25 -0.24 -0.22 -0.18 30082012 12
 -0.17 -0.19 -0.19 -0.19 -0.18 -0.18 -0.19 -0.24 -0.21 -0.21 -0.19 -0.17 31082012 00
 -0.12 -0.13 -0.12 -0.12 -0.11 -0.09 -0.06 -0.05 -0.07 -0.07 -0.08 -0.06 31082012 12
 -0.05 -0.05 -0.05 -0.07 -0.08 -0.09 -0.10 -0.12 -0.13 -0.13 -0.12 -0.11 01092012 00
 -0.09 -0.06 -0.05 -0.02 -0.02  0.00  0.02  0.05  0.07  0.08  0.07  0.06 01092012 12
  0.07  0.07  0.07  0.05  0.05  0.03  0.00 -0.03 -0.09 -0.13 -0.14 -0.11 02092012 00
 -0.12 -0.11 -0.12 -0.13 -0.13 -0.14 -0.15 -0.16 -0.18 -0.17 -0.16 -0.15 02092012 12
 -0.14 -0.10 -0.10 -0.11 -0.12 -0.12 -0.12 -0.12 -0.15 -0.16 -0.15 -0.15 03092012 00
 -0.14 -0.12 -0.10 -0.11 -0.10 -0.10 -0.08 -0.06 -0.05 -0.05 -0.02 -0.00 03092012 12
  0.01  0.02  0.04  0.01  0.00  0.01  0.01 -0.00 -0.04 -0.09 -0.12 -0.13 04092012 00
 -0.13 -0.15 -0.14 -0.15 -0.16 -0.15 -0.15 -0.15 -0.16 -0.18 -0.18 -0.17 04092012 12
 -0.15 -0.15 -0.12 -0.12 -0.13 -0.15 -0.17 -0.18 -0.18 -0.20 -0.24 -0.22 05092012 00
 -0.22 -0.20 -0.16 -0.13 -0.16 -0.17 -0.18 -0.16 -0.16 -0.18 -0.21 -0.22 05092012 12
 -0.23 -0.22 -0.20 -0.18 -0.18 -0.17 -0.18 -0.18 -0.15 -0.13 -0.10 -0.05 06092012 00
 -0.01 -0.02  0.01  0.04  0.04  0.05  0.07  0.09  0.08  0.04  0.01 -0.02 06092012 12
 -0.04 -0.03 -0.04 -0.06 -0.07 -0.10 -0.11 -0.09 -0.08 -0.08 -0.09 -0.09 07092012 00
 -0.10 -0.11 -0.11 -0.10 -0.10 -0.10 -0.10 -0.09 -0.07 -0.06 -0.07 -0.08 07092012 12
 -0.08 -0.06 -0.06 -0.06 -0.06 -0.07 -0.09 -0.10 -0.11 -0.11 -0.10 -0.08 08092012 00
 -0.08 -0.08 -0.08 -0.06 -0.04 -0.02 -0.02 -0.02 -0.03 -0.03 -0.01  0.02 08092012 12
  0.04  0.04  0.02  0.00  0.00  0.00  0.01  0.01  0.01  0.02  0.04  0.08 09092012 00
  0.11  0.12  0.14  0.16  0.17  0.19  0.21  0.23  0.25  0.25  0.25  0.26 09092012 12
  0.27  0.26  0.22  0.18  0.13  0.09  0.08  0.09  0.08  0.07  0.07  0.06 10092012 00
  0.05  0.10  0.14  0.14  0.14  0.15  0.17  0.19  0.20  0.16  0.14  0.13 10092012 12
  0.11  0.06  0.03  0.04  0.08  0.10  0.11  0.10  0.12  0.14  0.16  0.15 11092012 00
  0.11  0.08  0.08  0.05 -0.01 -0.04 -0.03 -0.02 -0.02 -0.02 -0.03 -0.04 11092012 12
 -0.03 -0.01  0.02  0.05  0.05  0.05  0.06  0.08  0.08  0.07  0.07  0.10 12092012 00
  0.14  0.17  0.15  0.10  0.08  0.06  0.02 -0.01 -0.03 -0.07 -0.13 -0.16 12092012 12
 -0.17 -0.18 -0.19 -0.20 -0.22 -0.24 -0.23 -0.20 -0.15 -0.09 -0.01  0.04 13092012 00
  0.06  0.07  0.09  0.12  0.13  0.11  0.11  0.14  0.17  0.20  0.21  0.22 13092012 12
  0.25  0.28  0.28  0.28  0.28  0.26  0.25  0.29  0.31  0.24  0.19  0.15 14092012 00
  0.12  0.12  0.12  0.09  0.03 -0.05 -0.11 -0.16 -0.11 -0.05 -0.05 -0.04 14092012 12
 -0.07 -0.08 -0.06 -0.03 -0.00  0.00  0.01  0.02  0.02  0.02  0.03  0.03 15092012 00
  0.03  0.03  0.02  0.03  0.04  0.05  0.04  0.04  0.03  0.05  0.06  0.06 15092012 12
  0.07  0.08  0.07  0.07  0.07  0.07  0.06  0.08  0.07  0.08  0.11  0.14 16092012 00
  0.14  0.17  0.19  0.21  0.21  0.21  0.22  0.24  0.22  0.21  0.18  0.17 16092012 12
  0.09  0.06  0.05  0.05  0.06  0.05  0.03  0.06  0.07  0.11  0.12  0.13 17092012 00
  0.14  0.14  0.15  0.15  0.19  0.22  0.24  0.23  0.22  0.18  0.22  0.21 17092012 12
  0.19  0.13  0.15  0.15  0.17  0.18  0.18  0.15  0.10  0.07  0.04  0.06 18092012 00
  0.05  0.01  0.02  0.04  0.04  0.03  0.01  0.00 -0.01 -0.03 -0.03 -0.03 18092012 12
 -0.01 -0.01 -0.02 -0.02 -0.01 -0.00 -0.00 -0.04 -0.07 -0.08 -0.05 -0.04 19092012 00
 -0.04 -0.05 -0.05 -0.05 -0.05 -0.05 -0.05 -0.05 -0.05 -0.06 -0.08 -0.07 19092012 12
 -0.06 -0.05 -0.04 -0.03 -0.03 -0.05 -0.04 -0.01  0.00  0.01  0.02  0.03 20092012 00
  0.04  0.03  0.02  0.02  0.03  0.04  0.05  0.05  0.06  0.08  0.10  0.10 20092012 12
  0.08  0.07  0.03 -0.01 -0.01 -0.02 -0.02 -0.04 -0.07 -0.08 -0.11 -0.13 21092012 00
 -0.13 -0.11 -0.10 -0.09 -0.08 -0.08 -0.08 -0.08 -0.09 -0.10 -0.12 -0.13 21092012 12
 -0.13 -0.12 -0.13 -0.11 -0.11 -0.13 -0.13 -0.14 -0.12 -0.10 -0.09 -0.08 22092012 00
 -0.08 -0.07 -0.07 -0.07 -0.06 -0.06 -0.07 -0.06 -0.07 -0.07 -0.07 -0.05 22092012 12
 -0.04 -0.04 -0.04 -0.04 -0.04 -0.05 -0.05 -0.05 -0.04 -0.04 -0.03 -0.02 23092012 00
  0.00  0.02  0.01  0.01  0.01  0.02  0.03  0.03  0.01 -0.01 -0.04 -0.05 23092012 12
 -0.07 -0.09 -0.08 -0.07 -0.05 -0.02  0.01  0.02  0.05  0.07  0.10  0.12 24092012 00
  0.15  0.16  0.17  0.18  0.16  0.13  0.13  0.15  0.12  0.08  0.07  0.09 24092012 12
  0.11  0.12  0.15  0.18  0.17  0.15  0.12  0.12  0.16  0.19  0.21  0.21 25092012 00
  0.20  0.19  0.20  0.22  0.19  0.12  0.09  0.09  0.07  0.07  0.03 -0.00 25092012 12
 -0.02 -0.03 -0.03 -0.05 -0.10 -0.13 -0.13 -0.13 -0.13 -0.11 -0.12 -0.10 26092012 00
 -0.08 -0.07 -0.05 -0.05 -0.10 -0.18 -0.22 -0.22 -0.19 -0.17 -0.17 -0.15 26092012 12
 -0.14 -0.13 -0.11 -0.07 -0.05 -0.03 -0.00 -0.01 -0.01 -0.00  0.01  0.02 27092012 00
  0.03  0.02  0.03  0.04  0.04  0.03  0.02  0.02  0.02  0.03  0.06  0.08 27092012 12
  0.10  0.11  0.13  0.17  0.21  0.23  0.22  0.19  0.20  0.17  0.16  0.15 28092012 00
  0.17  0.17  0.17  0.16  0.15  0.14  0.14  0.14  0.16  0.16  0.12  0.13 28092012 12
  0.15  0.13  0.15  0.16  0.16  0.14  0.09  0.06  0.04  0.07  0.06  0.04 29092012 00
  0.02  0.01  0.02  0.02  0.00 -0.03 -0.08 -0.11 -0.10 -0.09 -0.07 -0.04 29092012 12
  0.01  0.03  0.06  0.09  0.13  0.20  0.29  0.34  0.33  0.30  0.27  0.28 30092012 00
  0.28  0.32  0.33  0.35  0.31  0.25  0.20  0.16  0.11  0.09  0.10  0.08 30092012 12
  0.06  0.07  0.06  0.07  0.06  0.06  0.07  0.09  0.09  0.06  0.08  0.10 01102012 00
  0.10  0.10  0.13  0.15  0.17  0.18  0.19  0.23  0.27  0.29  0.25  0.22 01102012 12
  0.18  0.15  0.19  0.18  0.18  0.14  0.13  0.14  0.14  0.13  0.16  0.18 02102012 00
  0.20  0.21  0.22  0.22  0.24  0.26  0.27  0.32  0.42  0.43  0.39  0.36 02102012 12
  0.31  0.23  0.23  0.20  0.23  0.22  0.19  0.20  0.24  0.24  0.20  0.22 03102012 00
  0.23  0.19  0.18  0.19  0.17  0.17  0.16  0.14  0.14  0.12  0.10  0.08 03102012 12
  0.09  0.07  0.05  0.06  0.05  0.05  0.05  0.04  0.04  0.06  0.07  0.08 04102012 00
  0.08  0.05  0.02  0.03  0.04  0.07  0.08  0.08  0.10  0.16  0.21  0.23 04102012 12
  0.21  0.21  0.22  0.25  0.29  0.32  0.32  0.26  0.18  0.14  0.12  0.12 05102012 00
  0.13  0.10  0.09  0.11  0.11  0.11  0.12  0.11  0.11  0.10  0.08  0.06 05102012 12
  0.04  0.04  0.04  0.03  0.03  0.02  0.02  0.00 -0.00 -0.01  0.01  0.04 06102012 00
  0.05  0.06  0.06  0.05  0.04  0.02  0.02  0.02  0.02  0.01  0.00 -0.01 06102012 12
 -0.02 -0.03 -0.05 -0.05 -0.07 -0.08 -0.08 -0.08 -0.08 -0.08 -0.07 -0.06 07102012 00
 -0.06 -0.06 -0.06 -0.05 -0.03 -0.03 -0.05 -0.06 -0.06 -0.05 -0.05 -0.05 07102012 12
 -0.05 -0.06 -0.06 -0.05 -0.05 -0.05 -0.05 -0.04 -0.05 -0.05 -0.03 -0.01 08102012 00
 -0.00 -0.03 -0.04 -0.03 -0.03 -0.02 -0.03 -0.04 -0.05 -0.06 -0.06 -0.07 08102012 12
 -0.08 -0.07 -0.07 -0.07 -0.09 -0.09 -0.10 -0.10 -0.11 -0.11 -0.10 -0.08 09102012 00
 -0.06 -0.05 -0.05 -0.04 -0.03 -0.03 -0.04 -0.05 -0.04 -0.01 -0.00 -0.00 09102012 12
 -0.01 -0.02 -0.02 -0.00 -0.01 -0.02 -0.03 -0.04 -0.04 -0.03 -0.03 -0.02 10102012 00
 -0.01 -0.02 -0.03 -0.03 -0.02 -0.00  0.01  0.03  0.02  0.02  0.03  0.05 10102012 12
  0.08  0.09  0.08  0.08  0.09  0.09  0.08  0.06  0.05  0.05  0.06  0.07 11102012 00
  0.08  0.07  0.07  0.06  0.04  0.01 -0.00 -0.01  0.00  0.03  0.05  0.07 11102012 12
  0.10  0.13  0.17  0.17  0.13  0.10  0.10  0.11  0.12  0.12  0.11  0.10 12102012 00
  0.10  0.09  0.08  0.04 -0.00 -0.03 -0.03 -0.01 -0.00  0.01  0.03  0.03 12102012 12
  0.04  0.04  0.03  0.03  0.01 -0.01 -0.03 -0.04 -0.03 -0.01  0.01  0.01 13102012 00
  0.01  0.01  0.02  0.04  0.05  0.05  0.04  0.04  0.05  0.05  0.04  0.05 13102012 12
  0.05  0.05  0.05  0.04  0.02  0.02  0.03  0.04  0.05  0.06  0.05  0.05 14102012 00
  0.04  0.04  0.05  0.05  0.04  0.05  0.06  0.07  0.06  0.06  0.06  0.05 14102012 12
  0.06  0.06  0.07  0.06  0.06  0.06  0.07  0.06  0.07  0.08  0.10  0.10 15102012 00
  0.10  0.10  0.11  0.13  0.13  0.13  0.14  0.16  0.15  0.16  0.17  0.17 15102012 12
  0.15  0.16  0.15  0.19  0.22  0.28  0.36  0.50  0.54  0.46  0.43  0.39 16102012 00
  0.25  0.25  0.25  0.26  0.21  0.13  0.09  0.06  0.02  0.03  0.06  0.09 16102012 12
  0.11  0.14  0.14  0.12  0.12  0.12  0.13  0.16  0.26  0.37  0.43  0.44 17102012 00
  0.45  0.46  0.54  0.57  0.57  0.52  0.50  0.51  0.56  0.53  0.42  0.40 17102012 12
  0.39  0.25  0.28  0.32  0.31  0.27  0.20  0.20  0.25  0.24  0.21  0.17 18102012 00
  0.15  0.12  0.11  0.15  0.14  0.15  0.12  0.10  0.11  0.15  0.11  0.08 18102012 12
  0.07  0.04 -0.01  0.00  0.00 -0.00 -0.02 -0.02 -0.01  0.00  0.01  0.00 19102012 00
 -0.00 -0.02 -0.02 -0.01  0.01  0.01  0.01  0.01  0.02  0.04  0.06  0.07 19102012 12
  0.07  0.05  0.03  0.03  0.04  0.05  0.06  0.05  0.05  0.04  0.03  0.03 20102012 00
  0.04  0.02  0.01 -0.00  0.00  0.01  0.01  0.00 -0.01 -0.01  0.01  0.02 20102012 12
  0.01  0.00 -0.01 -0.01 -0.02 -0.03 -0.03 -0.03 -0.04 -0.04 -0.05 -0.05 21102012 00
 -0.05 -0.04 -0.05 -0.05 -0.05 -0.06 -0.06 -0.05 -0.05 -0.06 -0.07 -0.08 21102012 12
 -0.08 -0.09 -0.10 -0.10 -0.11 -0.11 -0.11 -0.12 -0.11 -0.10 -0.10 -0.10 22102012 00
 -0.11 -0.12 -0.11 -0.10 -0.10 -0.10 -0.11 -0.12 -0.12 -0.12 -0.12 -0.11 22102012 12
 -0.12 -0.14 -0.15 -0.15 -0.15 -0.14 -0.12 -0.11 -0.12 -0.13 -0.14 -0.12 23102012 00
 -0.12 -0.13 -0.15 -0.15 -0.15 -0.16 -0.16 -0.17 -0.17 -0.17 -0.17 -0.17 23102012 12
 -0.17 -0.18 -0.19 -0.20 -0.20 -0.20 -0.18 -0.17 -0.18 -0.18 -0.18 -0.17 24102012 00
 -0.16 -0.16 -0.18 -0.19 -0.18 -0.17 -0.18 -0.18 -0.18 -0.19 -0.18 -0.16 24102012 12
 -0.17 -0.17 -0.16 -0.16 -0.16 -0.17 -0.18 -0.16 -0.14 -0.11 -0.08 -0.09 25102012 00
 -0.10 -0.11 -0.10 -0.08 -0.09 -0.11 -0.14 -0.15 -0.15 -0.16 -0.19 -0.21 25102012 12
 -0.23 -0.24 -0.25 -0.24 -0.23 -0.21 -0.20 -0.19 -0.16 -0.12 -0.09 -0.08 26102012 00
 -0.08 -0.09 -0.09 -0.06 -0.07 -0.12 -0.15 -0.18 -0.19 -0.18 -0.22 -0.27 26102012 12
 -0.28 -0.28 -0.28 -0.29 -0.33 -0.37 -0.35 -0.30 -0.29 -0.23 -0.18 -0.17 27102012 00
 -0.18 -0.18 -0.16 -0.14 -0.12 -0.13 -0.15 -0.13 -0.12 -0.09 -0.06 -0.03 27102012 12
 -0.00  0.02  0.04  0.08  0.10  0.06  0.00 -0.01  0.02  0.04  0.07  0.11 28102012 00
  0.10  0.10  0.11  0.14  0.17  0.17  0.15  0.14  0.15  0.16  0.15  0.15 28102012 12
  0.16  0.14  0.14  0.13  0.10  0.06  0.01 -0.05 -0.07 -0.08 -0.08 -0.08 29102012 00
 -0.06 -0.06 -0.05 -0.04 -0.03 -0.03 -0.02 -0.00  0.00  0.00 -0.01 -0.01 29102012 12
 -0.02 -0.02  0.00  0.01  0.02  0.03  0.05  0.07  0.09  0.13  0.15  0.16 30102012 00
  0.15  0.15  0.17  0.20  0.22  0.23  0.23  0.24  0.28  0.28  0.30  0.30 30102012 12
  0.29  0.32  0.32  0.34  0.37  0.39  0.43  0.48  0.53  0.58  0.60  0.59 31102012 00
  0.54  0.55  0.58  0.57  0.53  0.44  0.33  0.28  0.26  0.21  0.23  0.23 31102012 12
  0.21  0.21  0.27  0.30  0.34  0.33  0.33  0.34  0.35  0.33  0.31  0.29 01112012 00
  0.24  0.18  0.19  0.20  0.26  0.28  0.28  0.29  0.37  0.43  0.44  0.43 01112012 12
  0.43  0.40  0.37  0.36  0.38  0.42  0.41  0.37  0.36  0.36  0.37  0.40 02112012 00
  0.38  0.37  0.38  0.32  0.25  0.24  0.23  0.20  0.18  0.15  0.13  0.14 02112012 12
  0.15  0.11  0.09  0.12  0.16  0.20  0.20  0.21  0.24  0.31  0.36  0.35 03112012 00
  0.31  0.29  0.25  0.25  0.27  0.28  0.29  0.26  0.26  0.32  0.37  0.39 03112012 12
  0.39  0.34  0.28  0.25  0.26  0.27  0.29  0.28  0.25  0.23  0.25  0.24 04112012 00
  0.25  0.24  0.19  0.15  0.15  0.14  0.13  0.10  0.05  0.01 -0.01 -0.04 04112012 12
 -0.08 -0.09 -0.09 -0.11 -0.14 -0.14 -0.12 -0.10 -0.11 -0.14 -0.17 -0.19 05112012 00
 -0.17 -0.16 -0.14 -0.12 -0.11 -0.10 -0.08 -0.06 -0.05 -0.04 -0.05 -0.08 05112012 12
 -0.08 -0.10 -0.09 -0.09 -0.12 -0.14 -0.13 -0.10 -0.06 -0.00  0.06  0.07 06112012 00
  0.04  0.02  0.03  0.07  0.09  0.05  0.00 -0.02 -0.01 -0.00 -0.04 -0.11 06112012 12
 -0.18 -0.19 -0.19 -0.17 -0.14 -0.11 -0.09 -0.07 -0.06 -0.04  0.01  0.09 07112012 00
  0.13  0.10  0.09  0.12  0.13  0.15  0.16  0.14  0.15  0.18  0.20  0.18 07112012 12
  0.16  0.14  0.12  0.11  0.08  0.05  0.03  0.02 -0.01 -0.04 -0.05 -0.04 08112012 00
 -0.05 -0.06 -0.06 -0.07 -0.07 -0.07 -0.07 -0.07 -0.06 -0.03 -0.01  0.03 08112012 12
  0.09  0.13  0.15  0.19  0.23  0.24  0.24  0.25  0.25  0.26  0.28  0.32 09112012 00
  0.33  0.31  0.30  0.30  0.28  0.28  0.26  0.21  0.20  0.20  0.19  0.19 09112012 12
  0.19  0.17  0.15  0.12  0.09  0.10  0.13  0.11  0.10  0.13  0.15  0.17 10112012 00
  0.19  0.20  0.21  0.21  0.20  0.18  0.16  0.14  0.11  0.10  0.09  0.08 10112012 12
  0.08  0.06  0.03  0.00 -0.02 -0.04 -0.03 -0.03 -0.02 -0.02 -0.03 -0.04 11112012 00
 -0.06 -0.06 -0.05 -0.04 -0.06 -0.08 -0.09 -0.10 -0.08 -0.05 -0.04 -0.02 11112012 12
 -0.02 -0.04 -0.04 -0.03 -0.01  0.02  0.06  0.08  0.08  0.07  0.06  0.08 12112012 00
  0.11  0.12  0.13  0.12  0.12  0.11  0.10  0.08  0.09  0.10  0.09  0.08 12112012 12
  0.10  0.10  0.09  0.06  0.06  0.07  0.11  0.10  0.06  0.06  0.05  0.03 13112012 00
  0.07  0.08  0.11  0.11  0.11  0.13  0.19  0.17  0.15  0.11  0.12  0.09 13112012 12
  0.06  0.07  0.05  0.05  0.03  0.00 -0.02 -0.04 -0.06 -0.06 -0.06 -0.07 14112012 00
 -0.06 -0.06 -0.05 -0.05 -0.06 -0.07 -0.09 -0.10 -0.12 -0.11 -0.11 -0.11 14112012 12
 -0.09 -0.08 -0.08 -0.08 -0.08 -0.08 -0.09 -0.11 -0.12 -0.12 -0.10 -0.10 15112012 00
 -0.09 -0.08 -0.08 -0.07 -0.07 -0.06 -0.07 -0.07 -0.06 -0.04 -0.03 -0.03 15112012 12
 -0.02 -0.01  0.00  0.00  0.00 -0.00 -0.01 -0.01 -0.02 -0.01  0.00 -0.00 16112012 00
 -0.00  0.00  0.00  0.01  0.02  0.03  0.02  0.02  0.03  0.03  0.05  0.06 16112012 12
  0.07  0.07  0.07  0.07  0.07  0.09  0.10  0.10  0.10  0.10  0.11  0.11 17112012 00
  0.10  0.09  0.07  0.08  0.09  0.11  0.13  0.14  0.15  0.15  0.11  0.10 17112012 12
  0.10  0.10  0.10  0.07  0.06  0.04  0.04  0.03  0.02  0.01 -0.01 -0.02 18112012 00
 -0.03 -0.02 -0.00  0.01  0.02  0.03  0.04  0.04  0.04  0.07  0.16  0.23 18112012 12
  0.25  0.24  0.25  0.26  0.32  0.42  0.44  0.45  0.48  0.51  0.62  0.75 19112012 00
  0.74  0.68  0.60  0.48  0.42  0.41  0.38  0.35  0.26  0.18  0.18  0.22 19112012 12
  0.18  0.17  0.16  0.11  0.07  0.08  0.10  0.14  0.16  0.16  0.21  0.30 20112012 00
  0.37  0.36  0.32  0.29  0.27  0.30  0.33  0.33  0.33  0.33  0.33  0.35 20112012 12
  0.36  0.34  0.31  0.26  0.18  0.10  0.09  0.09  0.10  0.10  0.07  0.03 21112012 00
  0.03  0.05  0.05  0.06  0.09  0.11  0.14  0.14  0.13  0.14  0.16  0.16 21112012 12
  0.18  0.23  0.28  0.28  0.28  0.28  0.29  0.35  0.44  0.53  0.61  0.66 22112012 00
  0.71  0.74  0.73  0.74  0.73  0.62  0.49  0.36  0.34  0.35  0.33  0.29 22112012 12
  0.25  0.27  0.37  0.39  0.37  0.35  0.33  0.28  0.23  0.22  0.21  0.21 23112012 00
  0.18  0.13  0.06  0.03  0.00 -0.01  0.02  0.04  0.05  0.10  0.13  0.16 23112012 12
  0.17  0.14  0.12  0.12  0.12  0.10  0.07  0.04  0.01 -0.02 -0.04 -0.04 24112012 00
 -0.03 -0.03 -0.05 -0.07 -0.07 -0.06 -0.05 -0.03 -0.00  0.04  0.07  0.10 24112012 12
  0.12  0.13  0.14  0.15  0.16  0.17  0.20  0.21  0.21  0.22  0.22  0.19 25112012 00
  0.15  0.11  0.08  0.08  0.08  0.10  0.13  0.12  0.09  0.04 -0.02 -0.04 25112012 12
 -0.02  0.01  0.03  0.01 -0.03 -0.07 -0.12 -0.14 -0.14 -0.17 -0.22 -0.29 26112012 00
 -0.31 -0.27 -0.24 -0.24 -0.27 -0.32 -0.39 -0.40 -0.40 -0.39 -0.39 -0.37 26112012 12
 -0.39 -0.36 -0.33 -0.30 -0.30 -0.36 -0.46 -0.48 -0.47 -0.46 -0.43 -0.41 27112012 00
 -0.47 -0.49 -0.48 -0.45 -0.42 -0.43 -0.46 -0.49 -0.43 -0.40 -0.34 -0.26 27112012 12
 -0.21 -0.22 -0.21 -0.22 -0.19 -0.17 -0.17 -0.20 -0.20 -0.19 -0.18 -0.16 28112012 00
 -0.15 -0.16 -0.15 -0.16 -0.17 -0.16 -0.18 -0.20 -0.18 -0.19 -0.16 -0.14 28112012 12
 -0.13 -0.14 -0.13 -0.14 -0.15 -0.14 -0.13 -0.14 -0.14 -0.12 -0.13 -0.11 29112012 00
 -0.09 -0.08 -0.06 -0.06 -0.06 -0.06 -0.05 -0.05 -0.05 -0.05 -0.04 -0.03 29112012 12
 -0.01 -0.00 -0.00 -0.01 -0.01 -0.02 -0.02 -0.02 -0.03 -0.03 -0.03 -0.04 30112012 00
 -0.04 -0.04 -0.04 -0.03 -0.03 -0.05 -0.05 -0.05 -0.05 -0.04 -0.04 -0.03 30112012 12
 -0.02 -0.00  0.02  0.02  0.03  0.05  0.06  0.03  0.00 -0.03 -0.05 -0.05 01122012 00
 -0.06 -0.07 -0.06 -0.04 -0.04 -0.04 -0.05 -0.07 -0.08 -0.07 -0.07 -0.07 01122012 12
 -0.08 -0.09 -0.08 -0.08 -0.08 -0.08 -0.07 -0.06 -0.07 -0.07 -0.04 -0.04 02122012 00
 -0.04 -0.04 -0.03 -0.04 -0.04 -0.05 -0.06 -0.06 -0.07 -0.07 -0.08 -0.08 02122012 12
 -0.07 -0.01  0.07  0.14  0.17  0.19  0.20  0.21  0.20  0.21  0.20  0.18 03122012 00
  0.16  0.11  0.09  0.08  0.08  0.09  0.12  0.12  0.12  0.12  0.11  0.10 03122012 12
  0.10  0.11  0.09  0.06  0.02  0.02  0.05  0.07  0.04 -0.02 -0.07 -0.07 04122012 00
 -0.04 -0.04 -0.06 -0.06 -0.08 -0.10 -0.10 -0.08 -0.08 -0.11 -0.16 -0.20 04122012 12
 -0.23 -0.25 -0.25 -0.26 -0.28 -0.32 -0.32 -0.33 -0.32 -0.30 -0.30 -0.31 05122012 00
 -0.32 -0.31 -0.29 -0.26 -0.26 -0.27 -0.28 -0.28 -0.26 -0.23 -0.21 -0.22 05122012 12
 -0.21 -0.20 -0.20 -0.19 -0.15 -0.11 -0.08 -0.06 -0.03  0.04  0.14  0.27 06122012 00
  0.35  0.39  0.39  0.40  0.43  0.50  0.54  0.57  0.59  0.60  0.55  0.51 06122012 12
  0.47  0.37  0.25  0.19  0.14  0.04 -0.06 -0.17 -0.22 -0.20 -0.14 -0.08 07122012 00
 -0.08 -0.18 -0.26 -0.28 -0.29 -0.29 -0.30 -0.33 -0.32 -0.30 -0.30 -0.30 07122012 12
 -0.35 -0.44 -0.46 -0.39 -0.34 -0.29 -0.23 -0.19 -0.18 -0.17 -0.15 -0.13 08122012 00
 -0.11 -0.14 -0.19 -0.20 -0.19 -0.19 -0.18 -0.14 -0.13 -0.11 -0.10 -0.09 08122012 12
 -0.03  0.00  0.00  0.00  0.03  0.06  0.09  0.09  0.08  0.03  0.01  0.04 09122012 00
  0.06  0.06  0.05  0.02 -0.03 -0.07 -0.07 -0.07 -0.08 -0.09 -0.10 -0.11 09122012 12
 -0.10 -0.12 -0.13 -0.14 -0.15 -0.14 -0.15 -0.14 -0.10 -0.09 -0.11 -0.11 10122012 00
 -0.12 -0.12 -0.10 -0.09 -0.12 -0.14 -0.17 -0.17 -0.16 -0.15 -0.15 -0.15 10122012 12
 -0.17 -0.18 -0.18 -0.16 -0.16 -0.16 -0.16 -0.14 -0.14 -0.12 -0.09 -0.10 11122012 00
 -0.10 -0.12 -0.11 -0.09 -0.07 -0.06 -0.06 -0.08 -0.09 -0.08 -0.06 -0.05 11122012 12
 -0.03 -0.04 -0.04 -0.03 -0.03 -0.03 -0.01  0.01  0.02  0.02  0.03  0.04 12122012 00
  0.07  0.09  0.10  0.11  0.13  0.16  0.19  0.21  0.18  0.16  0.15  0.12 12122012 12
  0.13  0.13  0.12  0.10  0.08  0.08  0.10  0.11  0.10  0.10  0.11  0.10 13122012 00
  0.08  0.09  0.08  0.08  0.06  0.05  0.06  0.09  0.07  0.06  0.07  0.08 13122012 12
  0.08  0.12  0.11  0.11  0.11  0.11  0.15  0.25  0.29  0.29  0.28  0.29 14122012 00
  0.25  0.24  0.26  0.28  0.32  0.35  0.39  0.51  0.68  0.71  0.71  0.66 14122012 12
  0.62  0.48  0.56  0.56  0.60  0.53  0.47  0.48  0.50  0.47  0.44  0.45 15122012 00
  0.43  0.31  0.32  0.32  0.36  0.36  0.32  0.30  0.31  0.28  0.28  0.27 15122012 12
  0.23  0.21  0.16  0.21  0.20  0.24  0.23  0.20  0.18  0.21  0.21  0.20 16122012 00
  0.22  0.22  0.17  0.20  0.20  0.23  0.23  0.22  0.22  0.25  0.25  0.26 16122012 12
  0.25  0.24  0.23  0.22  0.24  0.23  0.25  0.24  0.24  0.23  0.21  0.19 17122012 00
  0.21  0.21  0.17  0.13  0.15  0.13  0.14  0.12  0.09  0.06  0.01 -0.03 17122012 12
 -0.04 -0.04 -0.07 -0.12 -0.16 -0.17 -0.16 -0.15 -0.14 -0.14 -0.12 -0.10 18122012 00
 -0.08 -0.09 -0.09 -0.08 -0.09 -0.09 -0.09 -0.10 -0.11 -0.10 -0.09 -0.08 18122012 12
 -0.07 -0.07 -0.10 -0.09 -0.06 -0.04 -0.00 -0.01 -0.04 -0.06 -0.03  0.01 19122012 00
  0.00 -0.04 -0.07 -0.09 -0.08 -0.04 -0.01  0.03  0.03  0.02  0.02  0.04 19122012 12
  0.06  0.06  0.07  0.04 -0.02 -0.07 -0.08 -0.04 -0.00 -0.00 -0.03 -0.01 20122012 00
  0.05  0.10  0.12  0.13  0.13  0.13  0.15  0.16  0.17  0.16  0.15  0.14 20122012 12
  0.14  0.14  0.15  0.15  0.11  0.06  0.06  0.06  0.06  0.07  0.06  0.05 21122012 00
  0.03  0.01 -0.01 -0.01 -0.00 -0.01 -0.01 -0.02 -0.02  0.00  0.02  0.02 21122012 12
  0.02  0.05  0.10  0.11  0.06  0.03  0.03  0.06  0.07  0.09  0.11  0.12 22122012 00
  0.17  0.25  0.35  0.42  0.42  0.41  0.40  0.39  0.41  0.45  0.48  0.47 22122012 12
  0.44  0.43  0.45  0.50  0.53  0.56  0.59  0.59  0.52  0.46  0.48  0.55 23122012 00
  0.56  0.44  0.37  0.37  0.28  0.16  0.13  0.12  0.07  0.02  0.00 -0.01 23122012 12
  0.01  0.04  0.05  0.05  0.09  0.11  0.13  0.11  0.09  0.11  0.15  0.18 24122012 00
  0.21  0.23  0.26  0.29  0.35  0.40  0.41  0.42  0.42  0.40  0.37  0.36 24122012 12
  0.35  0.34  0.33  0.29  0.27  0.28  0.29  0.29  0.27  0.25  0.23  0.25 25122012 00
  0.26  0.26  0.24  0.20  0.19  0.21  0.21  0.21  0.24  0.24  0.23  0.23 25122012 12
  0.21  0.20  0.22  0.24  0.24  0.20  0.15  0.15  0.19  0.20  0.15  0.10 26122012 00
  0.08  0.07  0.11  0.17  0.24  0.38  0.51  0.44  0.36  0.32  0.28  0.28 26122012 12
  0.30  0.31  0.32  0.27  0.24  0.22  0.23  0.31  0.39  0.40  0.35  0.26 27122012 00
  0.14  0.07  0.01 -0.06 -0.17 -0.32 -0.47 -0.56 -0.52 -0.42 -0.27 -0.14 27122012 12
 -0.02  0.02  0.06  0.05  0.08  0.12  0.15  0.20  0.26  0.26  0.23  0.23 28122012 00
  0.26  0.30  0.31  0.32  0.33  0.33  0.35  0.45  0.49  0.51  0.54  0.59 28122012 12
  0.61  0.72  0.79  0.83  0.83  0.78  0.72  0.69  0.61  0.55  0.52  0.45 29122012 00
  0.33  0.30  0.31  0.36  0.38  0.34  0.29  0.27  0.31  0.34  0.41  0.42 29122012 12
  0.37  0.30  0.31  0.32  0.39  0.46  0.46  0.40  0.36  0.36  0.38  0.42 30122012 00
  0.42  0.37  0.34  0.33  0.36  0.36  0.33  0.28  0.30  0.29  0.29  0.30 30122012 12
  0.31  0.28  0.35  0.43  0.48  0.53  0.57  0.63  0.76  0.81  0.76  0.72 31122012 00
  0.70  0.58  0.49  0.39  0.34  0.34  0.27  0.19  0.19  0.20  0.16  0.21 31122012 12
