Parameter Z: CS3X Location (100, 86) Lat 53.500 Lon -3.417
 -0.05 -0.05 -0.07 -0.08 -0.09 -0.08 -0.06 -0.04 -0.03 -0.03 -0.01  0.02 01012008 00
  0.06  0.09  0.11  0.11  0.10  0.10  0.09  0.09  0.09  0.09  0.09  0.08 01012008 12
  0.08  0.08  0.09  0.08  0.05  0.01 -0.01  0.01  0.04  0.06  0.04  0.01 02012008 00
  0.00  0.02  0.03  0.02  0.01 -0.01 -0.03 -0.06 -0.11 -0.14 -0.14 -0.12 02012008 12
 -0.09 -0.07 -0.07 -0.08 -0.07 -0.06 -0.06 -0.05 -0.05 -0.02  0.04  0.10 03012008 00
  0.13  0.13  0.15  0.19  0.21  0.19  0.15  0.14  0.18  0.20  0.20  0.20 03012008 12
  0.18  0.17  0.16  0.15  0.14  0.14  0.16  0.17  0.18  0.19  0.21  0.23 04012008 00
  0.22  0.20  0.18  0.19  0.29  0.42  0.47  0.48  0.47  0.50  0.53  0.52 04012008 12
  0.49  0.42  0.35  0.34  0.33  0.30  0.32  0.40  0.44  0.44  0.45  0.48 05012008 00
  0.50  0.53  0.56  0.56  0.49  0.38  0.23  0.13  0.08  0.04  0.04  0.08 05012008 12
  0.12  0.15  0.18  0.21  0.23  0.25  0.28  0.29  0.28  0.23  0.16  0.10 06012008 00
  0.08  0.06  0.05  0.02 -0.01 -0.01  0.02  0.04  0.09  0.15  0.23  0.36 06012008 12
  0.49  0.52  0.51  0.52  0.56  0.72  0.88  0.77  0.57  0.44  0.25  0.12 07012008 00
  0.16  0.25  0.35  0.38  0.32  0.22  0.07 -0.06 -0.06  0.04  0.11  0.13 07012008 12
  0.12  0.12  0.16  0.20  0.17  0.09  0.05  0.07  0.09  0.08  0.08  0.12 08012008 00
  0.17  0.27  0.36  0.38  0.35  0.32  0.30  0.41  0.64  0.79  0.72  0.67 08012008 12
  0.54  0.56  0.62  0.67  0.78  0.87  0.84  0.83  0.79  0.70  0.65  0.56 09012008 00
  0.41  0.28  0.18  0.14  0.11  0.04 -0.06 -0.10 -0.11 -0.05  0.14  0.29 09012008 12
  0.39  0.52  0.57  0.61  0.59  0.53  0.49  0.50  0.54  0.55  0.54  0.57 10012008 00
  0.62  0.51  0.47  0.46  0.46  0.42  0.36  0.29  0.23  0.16  0.13  0.17 10012008 12
  0.18  0.14  0.12  0.13  0.14  0.16  0.15  0.13  0.14  0.16  0.16  0.15 11012008 00
  0.14  0.12  0.09  0.10  0.12  0.14  0.13  0.10  0.08  0.08  0.08  0.12 11012008 12
  0.14  0.14  0.15  0.14  0.12  0.12  0.13  0.14  0.13  0.10  0.08  0.05 12012008 00
  0.05  0.04  0.04  0.05  0.05  0.06  0.08  0.10  0.10  0.15  0.21  0.23 12012008 12
  0.22  0.24  0.25  0.27  0.35  0.37  0.40  0.41  0.48  0.64  0.81  0.82 13012008 00
  0.72  0.63  0.49  0.40  0.43  0.42  0.45  0.40  0.31  0.28  0.36  0.40 13012008 12
  0.43  0.45  0.40  0.33  0.33  0.41  0.47  0.47  0.43  0.42  0.49  0.56 14012008 00
  0.53  0.50  0.47  0.41  0.40  0.41  0.41  0.43  0.41  0.38  0.33  0.29 14012008 12
  0.26  0.27  0.32  0.32  0.31  0.34  0.33  0.32  0.32  0.34  0.37  0.44 15012008 00
  0.48  0.42  0.36  0.31  0.25  0.24  0.29  0.34  0.36  0.36  0.37  0.41 15012008 12
  0.48  0.49  0.48  0.44  0.38  0.32  0.31  0.31  0.33  0.30  0.26  0.23 16012008 00
  0.22  0.19  0.15  0.11  0.04 -0.04 -0.09 -0.09 -0.06 -0.03 -0.03 -0.04 16012008 12
 -0.00  0.06  0.12  0.16  0.17  0.15  0.15  0.19  0.26  0.35  0.39  0.43 17012008 00
  0.47  0.52  0.57  0.60  0.60  0.53  0.47  0.45  0.47  0.46  0.44  0.34 17012008 12
  0.21  0.13  0.09  0.04  0.05  0.07  0.06  0.06  0.10  0.13  0.20  0.29 18012008 00
  0.37  0.42  0.50  0.57  0.58  0.60  0.60  0.57  0.56  0.54  0.56  0.61 18012008 12
  0.59  0.46  0.34  0.26  0.16  0.10  0.09  0.05  0.01 -0.01 -0.03 -0.04 19012008 00
 -0.02 -0.03 -0.07 -0.07 -0.05 -0.07 -0.08 -0.09 -0.06  0.02  0.12  0.19 19012008 12
  0.23  0.25  0.27  0.28  0.29  0.30  0.31  0.28  0.24  0.18  0.13  0.12 20012008 00
  0.11  0.10  0.07  0.04  0.03  0.03  0.00 -0.01  0.01  0.00  0.01  0.02 20012008 12
  0.03  0.04  0.04  0.03  0.03  0.05  0.13  0.18  0.18  0.20  0.25  0.29 21012008 00
  0.35  0.33  0.35  0.41  0.50  0.60  0.54  0.32  0.19  0.14  0.08 -0.01 21012008 12
 -0.05 -0.09 -0.10 -0.14 -0.18 -0.23 -0.31 -0.34 -0.32 -0.23 -0.17 -0.11 22012008 00
 -0.03 -0.05 -0.02 -0.02  0.01  0.02  0.03  0.04  0.07  0.08  0.06  0.05 22012008 12
  0.05  0.06  0.07  0.07  0.07  0.05  0.03 -0.00 -0.00 -0.02  0.02  0.04 23012008 00
  0.06  0.11  0.17  0.18  0.16  0.16  0.19  0.24  0.29  0.30  0.25  0.24 23012008 12
  0.21  0.13  0.15  0.16  0.22  0.22  0.21  0.20  0.16  0.10  0.14  0.19 24012008 00
  0.22  0.18  0.14  0.10  0.11  0.12  0.06 -0.00 -0.05 -0.10 -0.13 -0.08 24012008 12
 -0.02  0.06  0.16  0.19  0.20  0.22  0.24  0.27  0.30  0.30  0.28  0.25 25012008 00
  0.23  0.19  0.13  0.14  0.14  0.19  0.18  0.15  0.13  0.09 -0.03 -0.03 25012008 12
  0.01  0.03  0.04  0.04  0.10  0.16  0.15  0.15  0.16  0.20  0.18  0.13 26012008 00
  0.11  0.08  0.03 -0.02 -0.06 -0.06 -0.06 -0.07 -0.04  0.01  0.04  0.05 26012008 12
  0.06  0.07  0.05  0.03  0.02  0.01  0.03  0.02 -0.01 -0.04 -0.06 -0.09 27012008 00
 -0.09 -0.11 -0.12 -0.11 -0.12 -0.13 -0.13 -0.12 -0.13 -0.15 -0.17 -0.19 27012008 12
 -0.18 -0.18 -0.18 -0.16 -0.15 -0.16 -0.14 -0.14 -0.13 -0.12 -0.11 -0.12 28012008 00
 -0.10 -0.09 -0.09 -0.08 -0.06 -0.05 -0.06 -0.06 -0.05 -0.04 -0.02 -0.01 28012008 12
 -0.00 -0.00 -0.01 -0.01 -0.02 -0.04 -0.04 -0.03 -0.02 -0.01 -0.00  0.03 29012008 00
  0.06  0.06  0.07  0.08  0.08  0.09  0.12  0.12  0.09  0.05 -0.01 -0.07 29012008 12
 -0.11 -0.15 -0.17 -0.18 -0.19 -0.18 -0.16 -0.14 -0.15 -0.15 -0.13 -0.12 30012008 00
 -0.13 -0.15 -0.14 -0.13 -0.12 -0.10 -0.08 -0.05  0.01  0.06  0.10  0.14 30012008 12
  0.22  0.32  0.40  0.47  0.58  0.76  0.98  1.18  1.27  1.18  1.02  1.02 31012008 00
  0.99  0.75  0.42  0.33  0.32  0.25  0.21  0.14  0.13  0.28  0.43  0.53 31012008 12
  0.58  0.54  0.47  0.42  0.31  0.17  0.09  0.10  0.08  0.05  0.03  0.05 01022008 00
  0.10  0.13  0.15  0.19  0.20  0.19  0.12  0.02  0.01  0.03  0.05  0.04 01022008 12
 -0.02 -0.11 -0.19 -0.20 -0.15 -0.13 -0.09 -0.03  0.04  0.11  0.15  0.14 02022008 00
  0.16  0.19  0.22  0.25  0.29  0.29  0.27  0.26  0.22  0.23  0.32  0.38 02022008 12
  0.41  0.45  0.50  0.58  0.65  0.68  0.67  0.62  0.59  0.60  0.62  0.67 03022008 00
  0.70  0.62  0.51  0.48  0.55  0.55  0.46  0.34  0.24  0.24  0.31  0.35 03022008 12
  0.33  0.30  0.28  0.31  0.35  0.40  0.42  0.41  0.38  0.31  0.30  0.39 04022008 00
  0.49  0.55  0.54  0.46  0.38  0.35  0.34  0.33  0.34  0.33  0.29  0.27 04022008 12
  0.26  0.26  0.33  0.41  0.48  0.55  0.59  0.53  0.43  0.40  0.39  0.40 05022008 00
  0.42  0.41  0.40  0.39  0.40  0.42  0.45  0.46  0.45  0.42  0.36  0.31 05022008 12
  0.31  0.33  0.32  0.30  0.24  0.15  0.01 -0.09 -0.11 -0.09 -0.09 -0.10 06022008 00
 -0.10 -0.11 -0.09 -0.09 -0.10 -0.14 -0.17 -0.18 -0.16 -0.16 -0.15 -0.15 06022008 12
 -0.13 -0.12 -0.09 -0.08 -0.04  0.03  0.12  0.25  0.32  0.31  0.25  0.24 07022008 00
  0.20  0.20  0.18  0.18  0.16  0.11  0.04 -0.03 -0.07 -0.11 -0.08 -0.06 07022008 12
 -0.05 -0.01  0.02  0.05  0.05  0.04  0.05  0.09  0.13  0.14  0.10  0.08 08022008 00
  0.07  0.10  0.18  0.21  0.24  0.22  0.15  0.07 -0.00 -0.04 -0.00  0.00 08022008 12
 -0.01 -0.05 -0.08 -0.09 -0.08 -0.07 -0.06 -0.05 -0.02  0.02  0.01 -0.02 09022008 00
 -0.04 -0.03  0.00  0.03  0.04  0.05  0.05  0.03 -0.01 -0.05 -0.08 -0.08 09022008 12
 -0.08 -0.09 -0.12 -0.15 -0.16 -0.17 -0.18 -0.19 -0.22 -0.25 -0.28 -0.26 10022008 00
 -0.27 -0.26 -0.19 -0.18 -0.19 -0.22 -0.21 -0.19 -0.18 -0.18 -0.16 -0.17 10022008 12
 -0.16 -0.17 -0.16 -0.13 -0.15 -0.14 -0.16 -0.15 -0.15 -0.16 -0.20 -0.18 11022008 00
 -0.18 -0.17 -0.17 -0.14 -0.15 -0.15 -0.17 -0.16 -0.15 -0.15 -0.16 -0.17 11022008 12
 -0.14 -0.17 -0.18 -0.15 -0.15 -0.16 -0.16 -0.16 -0.17 -0.19 -0.22 -0.22 12022008 00
 -0.21 -0.20 -0.20 -0.17 -0.17 -0.18 -0.19 -0.19 -0.19 -0.18 -0.16 -0.17 12022008 12
 -0.16 -0.17 -0.19 -0.18 -0.16 -0.17 -0.17 -0.19 -0.20 -0.20 -0.21 -0.23 13022008 00
 -0.22 -0.23 -0.22 -0.21 -0.19 -0.20 -0.20 -0.22 -0.22 -0.23 -0.22 -0.23 13022008 12
 -0.23 -0.24 -0.25 -0.27 -0.26 -0.25 -0.27 -0.27 -0.30 -0.31 -0.30 -0.29 14022008 00
 -0.29 -0.29 -0.29 -0.29 -0.25 -0.23 -0.22 -0.21 -0.23 -0.22 -0.20 -0.19 14022008 12
 -0.19 -0.21 -0.22 -0.24 -0.25 -0.24 -0.23 -0.23 -0.23 -0.25 -0.25 -0.24 15022008 00
 -0.23 -0.24 -0.25 -0.24 -0.25 -0.25 -0.24 -0.25 -0.27 -0.28 -0.27 -0.24 15022008 12
 -0.22 -0.22 -0.26 -0.28 -0.29 -0.29 -0.29 -0.28 -0.28 -0.28 -0.28 -0.28 16022008 00
 -0.27 -0.27 -0.28 -0.30 -0.30 -0.29 -0.27 -0.25 -0.23 -0.23 -0.24 -0.23 16022008 12
 -0.21 -0.20 -0.20 -0.23 -0.25 -0.26 -0.27 -0.27 -0.27 -0.26 -0.26 -0.26 17022008 00
 -0.26 -0.24 -0.22 -0.22 -0.25 -0.27 -0.27 -0.26 -0.24 -0.21 -0.20 -0.21 17022008 12
 -0.21 -0.20 -0.18 -0.17 -0.18 -0.21 -0.21 -0.21 -0.21 -0.18 -0.16 -0.16 18022008 00
 -0.16 -0.17 -0.17 -0.15 -0.13 -0.15 -0.16 -0.15 -0.16 -0.14 -0.12 -0.10 18022008 12
 -0.09 -0.10 -0.11 -0.11 -0.11 -0.12 -0.13 -0.13 -0.13 -0.14 -0.14 -0.11 19022008 00
 -0.10 -0.10 -0.11 -0.10 -0.08 -0.06 -0.05 -0.07 -0.08 -0.09 -0.07 -0.05 19022008 12
 -0.03 -0.04 -0.03 -0.03 -0.03 -0.02 -0.02 -0.02 -0.02 -0.02 -0.01  0.01 20022008 00
  0.04  0.04  0.03  0.03  0.03  0.03  0.03  0.02  0.03  0.04  0.06  0.06 20022008 12
  0.04  0.05  0.07  0.09  0.10  0.10  0.12  0.15  0.17  0.17  0.19  0.20 21022008 00
  0.19  0.23  0.23  0.26  0.27  0.26  0.26  0.25  0.25  0.22  0.26  0.26 21022008 12
  0.23  0.16  0.15  0.13  0.17  0.14  0.11  0.13  0.14  0.18  0.25  0.34 22022008 00
  0.34  0.31  0.32  0.32  0.37  0.37  0.33  0.27  0.19  0.05  0.01 -0.03 22022008 12
 -0.07 -0.12 -0.16 -0.17 -0.16 -0.13 -0.11 -0.11 -0.10 -0.04  0.05  0.15 23022008 00
  0.20  0.22  0.25  0.26  0.25  0.26  0.26  0.24  0.21  0.19  0.19  0.16 23022008 12
  0.18  0.16  0.14  0.18  0.16  0.19  0.22  0.25  0.28  0.27  0.22  0.19 24022008 00
  0.17  0.11  0.03  0.01 -0.00  0.03  0.03  0.00 -0.02 -0.06 -0.08 -0.04 24022008 12
  0.00  0.02  0.04  0.05  0.04  0.04  0.04  0.04  0.03  0.02  0.06  0.09 25022008 00
  0.12  0.14  0.16  0.23  0.32  0.35  0.39  0.48  0.56  0.69  0.81  0.81 25022008 12
  0.74  0.62  0.47  0.38  0.42  0.43  0.46  0.43  0.38  0.35  0.36  0.36 26022008 00
  0.42  0.47  0.43  0.41  0.40  0.36  0.40  0.40  0.33  0.23  0.15  0.05 26022008 12
  0.00  0.01 -0.00 -0.01  0.01  0.01  0.01  0.04  0.06  0.07  0.07  0.09 27022008 00
  0.09  0.07  0.05  0.02 -0.01 -0.02 -0.03 -0.03 -0.03 -0.03 -0.02  0.01 27022008 12
  0.02  0.02  0.02  0.04  0.04  0.05  0.04  0.04  0.04  0.03  0.02 -0.00 28022008 00
 -0.01 -0.01 -0.01 -0.02 -0.02 -0.04 -0.06 -0.07 -0.07 -0.06 -0.06 -0.04 28022008 12
 -0.02 -0.02 -0.02 -0.02 -0.02 -0.00  0.00  0.01  0.04  0.10  0.17  0.23 29022008 00
  0.28  0.35  0.48  0.60  0.66  0.85  0.91  0.89  0.91  0.93  0.94  0.91 29022008 12
  0.78  0.63  0.55  0.48  0.48  0.38  0.20  0.07 -0.06 -0.15 -0.20 -0.24 01032008 00
 -0.24 -0.23 -0.24 -0.27 -0.26 -0.15  0.01  0.16  0.28  0.40  0.50  0.60 01032008 12
  0.70  0.73  0.68  0.61  0.56  0.54  0.50  0.38  0.30  0.29  0.24  0.09 02032008 00
 -0.08 -0.20 -0.23 -0.24 -0.19 -0.13 -0.06 -0.01  0.04  0.12  0.23  0.34 02032008 12
  0.42  0.46  0.46  0.42  0.38  0.31  0.20  0.11  0.04  0.02  0.00 -0.00 03032008 00
 -0.00  0.00 -0.01 -0.05 -0.03 -0.00  0.01  0.02  0.01 -0.02 -0.07 -0.14 03032008 12
 -0.22 -0.28 -0.36 -0.47 -0.62 -0.76 -0.83 -0.81 -0.72 -0.61 -0.51 -0.46 04032008 00
 -0.42 -0.41 -0.39 -0.37 -0.39 -0.48 -0.54 -0.53 -0.51 -0.46 -0.41 -0.37 04032008 12
 -0.36 -0.38 -0.38 -0.35 -0.30 -0.30 -0.34 -0.34 -0.32 -0.27 -0.18 -0.11 05032008 00
 -0.09 -0.10 -0.12 -0.13 -0.13 -0.13 -0.16 -0.16 -0.16 -0.15 -0.10 -0.03 05032008 12
 -0.01 -0.01 -0.03 -0.03 -0.01  0.01  0.00 -0.03 -0.05 -0.07 -0.07 -0.06 06032008 00
 -0.04 -0.03 -0.02 -0.01 -0.01 -0.01 -0.00  0.00  0.00  0.03  0.08  0.13 06032008 12
  0.20  0.27  0.33  0.45  0.52  0.48  0.37  0.26  0.18  0.15  0.13  0.10 07032008 00
  0.08  0.11  0.10  0.13  0.14  0.14  0.15  0.16  0.14  0.16  0.16  0.14 07032008 12
  0.09  0.06  0.07  0.08  0.09  0.10  0.13  0.21  0.29  0.32  0.35  0.38 08032008 00
  0.40  0.44  0.51  0.54  0.56  0.54  0.50  0.48  0.50  0.44  0.38  0.37 08032008 12
  0.31  0.18  0.20  0.17  0.21  0.19  0.17  0.16  0.15  0.15  0.11  0.15 09032008 00
  0.16  0.13  0.15  0.16  0.19  0.19  0.18  0.17  0.18  0.17  0.19  0.20 09032008 12
  0.24  0.30  0.37  0.48  0.53  0.61  0.68  0.80  0.93  0.93  0.78  0.68 10032008 00
  0.66  0.54  0.44  0.48  0.42  0.40  0.32  0.26  0.21  0.12  0.07  0.12 10032008 12
  0.28  0.33  0.34  0.34  0.33  0.36  0.33  0.28  0.22  0.17  0.12  0.15 11032008 00
  0.15  0.20  0.24  0.28  0.35  0.40  0.48  0.52  0.56  0.65  0.78  0.80 11032008 12
  0.79  0.74  0.74  0.87  1.18  1.25  1.22  1.07  0.96  0.88  0.68  0.42 12032008 00
  0.31  0.34  0.26  0.15  0.09  0.02  0.14  0.23  0.24  0.18  0.12  0.11 12032008 12
  0.08  0.11  0.10  0.10  0.11  0.13  0.14  0.12  0.09  0.05  0.05  0.07 13032008 00
  0.10  0.15  0.17  0.18  0.19  0.21  0.22  0.23  0.22  0.22  0.22  0.20 13032008 12
  0.17  0.13  0.10  0.09  0.06  0.07  0.07  0.07  0.04  0.02  0.01  0.04 14032008 00
  0.06  0.06  0.06  0.04  0.02  0.01  0.01 -0.00  0.01  0.02  0.03  0.06 14032008 12
  0.10  0.12  0.11  0.10  0.08  0.06  0.08  0.10  0.10  0.09  0.09  0.10 15032008 00
  0.12  0.13  0.13  0.12  0.10  0.08  0.07  0.06  0.05  0.05  0.05  0.06 15032008 12
  0.06  0.07  0.08  0.06  0.04  0.01 -0.00 -0.02 -0.05 -0.06 -0.06 -0.08 16032008 00
 -0.10 -0.10 -0.11 -0.12 -0.14 -0.16 -0.17 -0.17 -0.16 -0.15 -0.14 -0.13 16032008 12
 -0.12 -0.11 -0.10 -0.12 -0.14 -0.15 -0.14 -0.12 -0.10 -0.08 -0.06 -0.05 17032008 00
 -0.05 -0.06 -0.05 -0.04 -0.05 -0.06 -0.07 -0.08 -0.08 -0.05 -0.04 -0.03 17032008 12
 -0.03 -0.03 -0.03 -0.02 -0.01 -0.01 -0.01  0.00  0.02  0.02  0.03  0.05 18032008 00
  0.05  0.03  0.03  0.03  0.03  0.00 -0.04 -0.06 -0.05 -0.04 -0.02 -0.03 18032008 12
 -0.04 -0.06 -0.06 -0.07 -0.08 -0.12 -0.15 -0.15 -0.14 -0.13 -0.12 -0.12 19032008 00
 -0.14 -0.14 -0.13 -0.11 -0.10 -0.11 -0.14 -0.14 -0.14 -0.11 -0.07 -0.03 19032008 12
 -0.03 -0.06 -0.07 -0.07 -0.05 -0.06 -0.08 -0.08 -0.04  0.01  0.07  0.10 20032008 00
  0.13  0.16  0.19  0.25  0.30  0.32  0.33  0.30  0.31  0.31  0.31  0.26 20032008 12
  0.20  0.24  0.32  0.44  0.46  0.37  0.25  0.10  0.02  0.01 -0.03 -0.04 21032008 00
 -0.03 -0.12 -0.18 -0.15 -0.10 -0.09 -0.16 -0.22 -0.19 -0.12 -0.07 -0.12 21032008 12
 -0.16 -0.19 -0.27 -0.27 -0.29 -0.30 -0.37 -0.49 -0.52 -0.53 -0.50 -0.50 22032008 00
 -0.46 -0.39 -0.45 -0.42 -0.44 -0.40 -0.37 -0.34 -0.31 -0.23 -0.19 -0.17 22032008 12
 -0.12 -0.04 -0.01  0.07  0.15  0.24  0.22  0.10  0.00  0.03  0.05  0.01 23032008 00
 -0.04 -0.08 -0.11 -0.11 -0.10 -0.11 -0.15 -0.24 -0.31 -0.30 -0.25 -0.19 23032008 12
 -0.14 -0.06  0.01  0.01  0.04  0.03  0.05  0.02 -0.01 -0.01  0.01  0.02 24032008 00
  0.03  0.04  0.04  0.06  0.07  0.06  0.06  0.03 -0.01 -0.05 -0.06 -0.05 24032008 12
 -0.07 -0.10 -0.09 -0.09 -0.08 -0.08 -0.08 -0.08 -0.10 -0.09 -0.06 -0.03 25032008 00
 -0.04 -0.01  0.02  0.02  0.04  0.02  0.02  0.03  0.05  0.08  0.10  0.09 25032008 12
  0.08  0.07  0.07  0.07  0.07  0.06  0.05  0.06  0.07  0.09  0.10  0.11 26032008 00
  0.12  0.11  0.10  0.09  0.10  0.10  0.10  0.10  0.10  0.10  0.08  0.07 26032008 12
  0.08  0.07  0.07  0.06  0.04  0.04  0.06  0.06  0.06  0.07  0.09  0.11 27032008 00
  0.10  0.10  0.09  0.08  0.08  0.08  0.08  0.08  0.07  0.07  0.09  0.11 27032008 12
  0.14  0.17  0.17  0.18  0.20  0.25  0.30  0.33  0.37  0.47  0.63  0.75 28032008 00
  0.73  0.63  0.56  0.48  0.44  0.44  0.44  0.47  0.43  0.29  0.21  0.17 28032008 12
  0.11  0.11  0.13  0.12  0.13  0.12  0.08  0.10  0.11  0.09  0.10  0.19 29032008 00
  0.24  0.26  0.30  0.38  0.47  0.52  0.53  0.52  0.54  0.54  0.50  0.47 29032008 12
  0.53  0.50  0.40  0.37  0.38  0.39  0.40  0.35  0.28  0.25  0.25  0.27 30032008 00
  0.28  0.26  0.27  0.23  0.14  0.09  0.09  0.11  0.12  0.09  0.05  0.03 30032008 12
  0.03  0.05  0.03  0.03  0.04  0.02 -0.00 -0.03 -0.03 -0.01  0.00 -0.01 31032008 00
 -0.05 -0.09 -0.12 -0.15 -0.15 -0.15 -0.14 -0.11 -0.08 -0.04  0.02  0.07 31032008 12
  0.12  0.24  0.36  0.47  0.54  0.53  0.46  0.39  0.36  0.36  0.38  0.38 01042008 00
  0.33  0.24  0.18  0.15  0.12  0.08  0.06  0.08  0.07  0.05  0.01 -0.02 01042008 12
 -0.03 -0.05 -0.12 -0.19 -0.25 -0.29 -0.29 -0.26 -0.22 -0.16 -0.09 -0.06 02042008 00
 -0.05 -0.04 -0.03 -0.03 -0.04 -0.05 -0.05 -0.05 -0.05 -0.06 -0.08 -0.09 02042008 12
 -0.10 -0.12 -0.13 -0.15 -0.18 -0.21 -0.23 -0.23 -0.23 -0.21 -0.17 -0.16 03042008 00
 -0.16 -0.18 -0.19 -0.19 -0.19 -0.19 -0.19 -0.18 -0.18 -0.18 -0.16 -0.16 03042008 12
 -0.15 -0.14 -0.14 -0.14 -0.13 -0.14 -0.16 -0.16 -0.17 -0.16 -0.12 -0.10 04042008 00
 -0.10 -0.10 -0.10 -0.10 -0.09 -0.11 -0.13 -0.14 -0.14 -0.13 -0.12 -0.09 04042008 12
 -0.08 -0.09 -0.08 -0.06 -0.04 -0.02  0.01 -0.00 -0.06 -0.11 -0.13 -0.13 05042008 00
 -0.15 -0.19 -0.18 -0.18 -0.17 -0.16 -0.20 -0.24 -0.23 -0.18 -0.15 -0.14 05042008 12
 -0.13 -0.20 -0.18 -0.14 -0.12 -0.13 -0.17 -0.26 -0.27 -0.23 -0.24 -0.23 06042008 00
 -0.16 -0.15 -0.14 -0.15 -0.14 -0.12 -0.12 -0.10 -0.10 -0.07 -0.08 -0.08 06042008 12
 -0.07 -0.08 -0.12 -0.11 -0.10 -0.06 -0.04 -0.04 -0.04 -0.07 -0.07 -0.06 07042008 00
 -0.04 -0.02  0.00  0.01 -0.01 -0.01 -0.01 -0.00  0.00  0.02  0.02  0.02 07042008 12
  0.02  0.02  0.02  0.01  0.00 -0.00  0.00  0.02  0.03  0.04  0.03  0.03 08042008 00
  0.04  0.04  0.04  0.06  0.06  0.06  0.05  0.06  0.08  0.09  0.10  0.11 08042008 12
  0.10  0.10  0.09  0.10  0.10  0.10  0.10  0.09  0.09  0.10  0.11  0.11 09042008 00
  0.12  0.11  0.09  0.10  0.11  0.12  0.12  0.12  0.13  0.15  0.14  0.14 09042008 12
  0.13  0.14  0.13  0.11  0.13  0.13  0.14  0.14  0.14  0.14  0.15  0.15 10042008 00
  0.16  0.16  0.14  0.12  0.14  0.14  0.17  0.16  0.15  0.17  0.20  0.21 10042008 12
  0.23  0.22  0.21  0.20  0.20  0.17  0.16  0.14  0.15  0.17  0.18  0.16 11042008 00
  0.14  0.13  0.13  0.10  0.06  0.06  0.07  0.09  0.10  0.12  0.16  0.21 11042008 12
  0.21  0.17  0.14  0.10  0.06  0.04  0.03  0.04  0.04  0.04  0.04  0.07 12042008 00
  0.09  0.11  0.11  0.10  0.07  0.06  0.07  0.08  0.09  0.08  0.06  0.05 12042008 12
  0.07  0.06  0.04  0.02  0.00 -0.02 -0.02 -0.02 -0.01 -0.01 -0.02 -0.03 13042008 00
 -0.03 -0.03 -0.02 -0.03 -0.04 -0.05 -0.06 -0.04 -0.03 -0.01 -0.01 -0.01 13042008 12
 -0.01 -0.02 -0.03 -0.04 -0.06 -0.08 -0.09 -0.11 -0.11 -0.09 -0.07 -0.07 14042008 00
 -0.09 -0.12 -0.12 -0.13 -0.13 -0.15 -0.16 -0.15 -0.15 -0.15 -0.14 -0.12 14042008 12
 -0.11 -0.11 -0.12 -0.12 -0.12 -0.12 -0.11 -0.10 -0.08 -0.06 -0.05 -0.04 15042008 00
 -0.05 -0.04 -0.04 -0.06 -0.08 -0.08 -0.07 -0.07 -0.09 -0.10 -0.10 -0.10 15042008 12
 -0.10 -0.10 -0.11 -0.12 -0.14 -0.17 -0.19 -0.19 -0.17 -0.15 -0.13 -0.12 16042008 00
 -0.12 -0.12 -0.11 -0.08 -0.05 -0.03 -0.02 -0.03 -0.06 -0.07 -0.08 -0.07 16042008 12
 -0.07 -0.06 -0.05 -0.06 -0.07 -0.08 -0.07 -0.06 -0.05 -0.05 -0.05 -0.05 17042008 00
 -0.05 -0.05 -0.04 -0.03 -0.01  0.03  0.06  0.06  0.05  0.04  0.06  0.06 17042008 12
  0.05  0.06  0.06  0.04  0.02 -0.03 -0.07 -0.09 -0.10 -0.10 -0.09 -0.07 18042008 00
 -0.06 -0.08 -0.12 -0.13 -0.11 -0.09 -0.09 -0.08 -0.07 -0.04 -0.02  0.00 18042008 12
  0.02  0.02  0.01  0.02  0.02  0.02 -0.00 -0.02 -0.02 -0.02 -0.02 -0.01 19042008 00
 -0.00 -0.02 -0.04 -0.05 -0.04 -0.02 -0.02 -0.04 -0.05 -0.04 -0.04 -0.03 19042008 12
 -0.01 -0.01 -0.01 -0.02 -0.02 -0.00  0.02  0.05  0.08  0.08  0.07  0.06 20042008 00
  0.06  0.05  0.05  0.05  0.05  0.04  0.02  0.01  0.01  0.02  0.03  0.03 20042008 12
  0.03  0.02  0.01 -0.01 -0.02 -0.03 -0.03 -0.03 -0.02 -0.01 -0.02 -0.02 21042008 00
 -0.01 -0.02 -0.03 -0.02 -0.02 -0.01 -0.02 -0.03 -0.04 -0.03 -0.02 -0.02 21042008 12
 -0.02 -0.03 -0.05 -0.06 -0.07 -0.07 -0.08 -0.09 -0.10 -0.10 -0.09 -0.07 22042008 00
 -0.06 -0.03 -0.03 -0.03 -0.03 -0.02 -0.00  0.02  0.05  0.08  0.09  0.07 22042008 12
  0.06  0.06  0.07  0.07  0.07  0.07  0.08  0.08  0.09  0.10  0.10  0.09 23042008 00
  0.09  0.06  0.04  0.03  0.01  0.01  0.01 -0.00 -0.00  0.01  0.01  0.01 23042008 12
  0.02  0.02  0.04  0.08  0.11  0.11  0.11  0.12  0.11  0.10  0.11  0.11 24042008 00
  0.13  0.12  0.10  0.10  0.10  0.10  0.10  0.09  0.08  0.06  0.04  0.02 24042008 12
  0.02  0.00 -0.02 -0.05 -0.06 -0.07 -0.08 -0.09 -0.11 -0.11 -0.10 -0.09 25042008 00
 -0.08 -0.07 -0.03  0.00  0.02  0.04  0.04  0.04  0.05  0.06  0.10  0.12 25042008 12
  0.11  0.10  0.10  0.09  0.11  0.12  0.11  0.10  0.08  0.08  0.12  0.13 26042008 00
  0.11  0.10  0.07  0.03  0.01 -0.01 -0.03 -0.04 -0.05 -0.08 -0.08 -0.07 26042008 12
 -0.07 -0.08 -0.08 -0.08 -0.06 -0.04 -0.03 -0.01 -0.01 -0.01 -0.01 -0.02 27042008 00
 -0.02 -0.01 -0.00  0.01  0.03  0.04  0.05  0.06  0.07  0.08  0.10  0.11 27042008 12
  0.13  0.13  0.11  0.11  0.12  0.12  0.10  0.10  0.09  0.09  0.09  0.10 28042008 00
  0.10  0.09  0.09  0.09  0.08  0.09  0.11  0.12  0.13  0.11  0.10  0.10 28042008 12
  0.12  0.12  0.11  0.09  0.07  0.06  0.05  0.05  0.05  0.05  0.06  0.06 29042008 00
  0.09  0.12  0.11  0.11  0.08  0.04  0.02  0.01  0.01  0.02  0.03  0.04 29042008 12
  0.04  0.06  0.07  0.06  0.03  0.01 -0.00 -0.01 -0.02 -0.01  0.02  0.03 30042008 00
  0.02 -0.00 -0.01 -0.00  0.02  0.02  0.03  0.05  0.08  0.11  0.14  0.16 30042008 12
  0.17  0.16  0.16  0.15  0.12  0.11  0.10  0.09  0.09  0.10  0.11  0.12 01052008 00
  0.11  0.10  0.10  0.11  0.12  0.12  0.11  0.10  0.07  0.06  0.08  0.09 01052008 12
  0.09  0.07  0.05  0.04  0.04  0.03  0.01 -0.00 -0.02 -0.03 -0.01  0.01 02052008 00
  0.01  0.00 -0.00 -0.00 -0.00 -0.00 -0.00 -0.01 -0.02 -0.02 -0.03 -0.02 02052008 12
 -0.01 -0.02 -0.03 -0.04 -0.04 -0.05 -0.06 -0.05 -0.06 -0.07 -0.05 -0.03 03052008 00
 -0.02 -0.03 -0.04 -0.05 -0.05 -0.05 -0.03 -0.01 -0.00  0.00  0.01  0.02 03052008 12
  0.02  0.03  0.04  0.05  0.06  0.07  0.07  0.05  0.02 -0.00 -0.02 -0.00 04052008 00
  0.02  0.01  0.03  0.02  0.01  0.01 -0.01 -0.01 -0.01 -0.01 -0.02 -0.03 04052008 12
 -0.04 -0.05 -0.06 -0.07 -0.08 -0.11 -0.14 -0.18 -0.21 -0.20 -0.18 -0.17 05052008 00
 -0.13 -0.15 -0.15 -0.17 -0.16 -0.16 -0.16 -0.18 -0.17 -0.16 -0.16 -0.16 05052008 12
 -0.12 -0.13 -0.14 -0.15 -0.15 -0.16 -0.18 -0.20 -0.22 -0.18 -0.17 -0.17 06052008 00
 -0.13 -0.10 -0.12 -0.13 -0.13 -0.11 -0.11 -0.11 -0.09 -0.10 -0.10 -0.11 06052008 12
 -0.11 -0.08 -0.09 -0.09 -0.11 -0.12 -0.12 -0.12 -0.15 -0.14 -0.12 -0.12 07052008 00
 -0.12 -0.09 -0.09 -0.10 -0.10 -0.10 -0.09 -0.09 -0.09 -0.09 -0.10 -0.10 07052008 12
 -0.11 -0.09 -0.07 -0.09 -0.09 -0.11 -0.11 -0.12 -0.12 -0.11 -0.09 -0.08 08052008 00
 -0.07 -0.07 -0.04 -0.05 -0.05 -0.05 -0.04 -0.03 -0.02 -0.01 -0.01 -0.01 08052008 12
 -0.01 -0.02 -0.01 -0.00  0.00 -0.01 -0.02 -0.02 -0.01  0.00  0.01  0.02 09052008 00
  0.02  0.02  0.02  0.01 -0.00 -0.01 -0.01 -0.01 -0.03 -0.04 -0.06 -0.06 09052008 12
 -0.06 -0.06 -0.06 -0.06 -0.06 -0.06 -0.07 -0.07 -0.07 -0.07 -0.07 -0.08 10052008 00
 -0.07 -0.08 -0.07 -0.06 -0.06 -0.07 -0.08 -0.07 -0.07 -0.08 -0.08 -0.09 10052008 12
 -0.09 -0.10 -0.11 -0.11 -0.10 -0.11 -0.11 -0.12 -0.12 -0.11 -0.10 -0.10 11052008 00
 -0.10 -0.10 -0.10 -0.10 -0.10 -0.11 -0.10 -0.11 -0.12 -0.11 -0.10 -0.09 11052008 12
 -0.10 -0.10 -0.12 -0.13 -0.12 -0.11 -0.12 -0.12 -0.13 -0.13 -0.12 -0.11 12052008 00
 -0.11 -0.11 -0.11 -0.12 -0.12 -0.12 -0.12 -0.13 -0.13 -0.14 -0.15 -0.14 12052008 12
 -0.12 -0.11 -0.12 -0.13 -0.14 -0.14 -0.14 -0.14 -0.14 -0.14 -0.14 -0.12 13052008 00
 -0.11 -0.11 -0.12 -0.12 -0.13 -0.14 -0.14 -0.13 -0.12 -0.12 -0.13 -0.13 13052008 12
 -0.12 -0.10 -0.10 -0.10 -0.10 -0.12 -0.14 -0.14 -0.13 -0.11 -0.10 -0.09 14052008 00
 -0.09 -0.08 -0.07 -0.07 -0.08 -0.08 -0.08 -0.07 -0.07 -0.09 -0.10 -0.11 14052008 12
 -0.11 -0.10 -0.09 -0.08 -0.09 -0.10 -0.10 -0.10 -0.08 -0.05 -0.04 -0.03 15052008 00
 -0.02 -0.01  0.01  0.02  0.01  0.00 -0.00 -0.01 -0.01 -0.01  0.00  0.00 15052008 12
 -0.01 -0.02 -0.01 -0.01 -0.02 -0.03 -0.03 -0.02 -0.02 -0.01  0.00  0.01 16052008 00
  0.02  0.02  0.02  0.02  0.03  0.03  0.03  0.03  0.02  0.02  0.01  0.01 16052008 12
  0.00  0.00  0.00  0.00 -0.00 -0.02 -0.02 -0.02 -0.02 -0.02 -0.01 -0.01 17052008 00
 -0.01 -0.01 -0.02 -0.03 -0.04 -0.03 -0.03 -0.04 -0.06 -0.06 -0.06 -0.05 17052008 12
 -0.05 -0.04 -0.05 -0.06 -0.07 -0.07 -0.07 -0.06 -0.06 -0.06 -0.05 -0.04 18052008 00
 -0.03 -0.03 -0.04 -0.03 -0.03 -0.02 -0.04 -0.05 -0.05 -0.06 -0.07 -0.08 18052008 12
 -0.09 -0.08 -0.08 -0.09 -0.09 -0.08 -0.07 -0.06 -0.06 -0.05 -0.05 -0.04 19052008 00
 -0.03 -0.03 -0.03 -0.03 -0.03 -0.03 -0.04 -0.06 -0.06 -0.07 -0.07 -0.07 19052008 12
 -0.05 -0.04 -0.04 -0.04 -0.05 -0.05 -0.04 -0.03 -0.04 -0.05 -0.05 -0.04 20052008 00
 -0.02 -0.02 -0.01 -0.01 -0.02 -0.03 -0.03 -0.03 -0.03 -0.02 -0.02 -0.01 20052008 12
 -0.01 -0.01 -0.02 -0.02 -0.03 -0.03 -0.02 -0.01 -0.01 -0.03 -0.03 -0.02 21052008 00
 -0.02 -0.01  0.00  0.01  0.00  0.01  0.01  0.02  0.03  0.04  0.05  0.05 21052008 12
  0.03  0.02  0.01 -0.00 -0.02 -0.03 -0.03 -0.03 -0.05 -0.07 -0.06 -0.05 22052008 00
 -0.03 -0.02 -0.01 -0.01 -0.01 -0.01 -0.01  0.00  0.01  0.01  0.01  0.01 22052008 12
  0.00 -0.01 -0.01 -0.01 -0.02 -0.04 -0.06 -0.08 -0.08 -0.07 -0.05 -0.05 23052008 00
 -0.04 -0.04 -0.03 -0.03 -0.02 -0.02 -0.03 -0.03 -0.04 -0.04 -0.05 -0.06 23052008 12
 -0.07 -0.08 -0.07 -0.09 -0.11 -0.12 -0.13 -0.12 -0.10 -0.11 -0.12 -0.12 24052008 00
 -0.12 -0.12 -0.12 -0.11 -0.11 -0.12 -0.13 -0.14 -0.13 -0.14 -0.16 -0.17 24052008 12
 -0.18 -0.20 -0.20 -0.21 -0.24 -0.26 -0.28 -0.26 -0.26 -0.27 -0.31 -0.32 25052008 00
 -0.32 -0.33 -0.30 -0.25 -0.26 -0.27 -0.28 -0.24 -0.15 -0.07 -0.05 -0.07 25052008 12
 -0.08 -0.11 -0.14 -0.17 -0.19 -0.22 -0.24 -0.25 -0.26 -0.27 -0.29 -0.32 26052008 00
 -0.32 -0.32 -0.31 -0.31 -0.32 -0.34 -0.33 -0.30 -0.28 -0.30 -0.32 -0.34 26052008 12
 -0.33 -0.29 -0.27 -0.19 -0.13 -0.14 -0.16 -0.13 -0.09 -0.04 -0.01 -0.03 27052008 00
 -0.06 -0.07 -0.08 -0.06 -0.04 -0.02 -0.01 -0.02 -0.04 -0.05 -0.03 -0.01 27052008 12
  0.01  0.03  0.02  0.01 -0.01 -0.01 -0.00  0.01  0.02  0.03  0.04  0.05 28052008 00
  0.07  0.08  0.10  0.10  0.10  0.11  0.12  0.13  0.14  0.15  0.13  0.11 28052008 12
  0.09  0.07  0.05  0.03  0.01  0.00 -0.01 -0.01 -0.01 -0.02 -0.02 -0.01 29052008 00
  0.00  0.01  0.00 -0.01 -0.03 -0.04 -0.05 -0.04 -0.03 -0.02 -0.01 -0.01 29052008 12
 -0.01 -0.00 -0.01 -0.01 -0.01 -0.01 -0.01 -0.02 -0.02 -0.01  0.01  0.01 30052008 00
  0.00 -0.00 -0.00 -0.02 -0.03 -0.03 -0.03 -0.02 -0.02 -0.02 -0.02 -0.01 30052008 12
 -0.02 -0.02 -0.02 -0.02 -0.03 -0.04 -0.05 -0.06 -0.05 -0.04 -0.03 -0.03 31052008 00
 -0.04 -0.04 -0.04 -0.05 -0.06 -0.07 -0.07 -0.06 -0.05 -0.06 -0.06 -0.05 31052008 12
 -0.05 -0.05 -0.05 -0.06 -0.08 -0.10 -0.10 -0.10 -0.09 -0.09 -0.09 -0.09 01062008 00
 -0.08 -0.09 -0.09 -0.09 -0.09 -0.09 -0.08 -0.07 -0.07 -0.06 -0.04 -0.05 01062008 12
 -0.04 -0.04 -0.03 -0.03 -0.04 -0.04 -0.04 -0.05 -0.05 -0.04 -0.03 -0.01 02062008 00
 -0.00 -0.02 -0.02 -0.03 -0.03 -0.03 -0.03 -0.03 -0.03 -0.02 -0.01  0.01 02062008 12
  0.01  0.01  0.01  0.01  0.02  0.02  0.02  0.01  0.00  0.00  0.01  0.02 03062008 00
  0.01 -0.02 -0.01 -0.01 -0.01 -0.02 -0.04 -0.06 -0.05 -0.04 -0.03 -0.02 03062008 12
 -0.00 -0.02 -0.03 -0.04 -0.04 -0.05 -0.06 -0.05 -0.04 -0.02 -0.00  0.02 04062008 00
  0.06  0.08  0.09  0.09  0.09  0.10  0.09  0.09  0.06  0.03 -0.00 -0.02 04062008 12
 -0.05 -0.07 -0.05 -0.05 -0.06 -0.07 -0.08 -0.09 -0.10 -0.10 -0.09 -0.07 05062008 00
 -0.06 -0.04 -0.04 -0.04 -0.05 -0.04 -0.04 -0.04 -0.04 -0.04 -0.04 -0.05 05062008 12
 -0.05 -0.05 -0.05 -0.05 -0.05 -0.06 -0.07 -0.08 -0.10 -0.11 -0.11 -0.10 06062008 00
 -0.08 -0.08 -0.05 -0.07 -0.07 -0.08 -0.07 -0.07 -0.07 -0.09 -0.11 -0.10 06062008 12
 -0.11 -0.10 -0.10 -0.10 -0.09 -0.10 -0.10 -0.11 -0.12 -0.14 -0.14 -0.13 07062008 00
 -0.12 -0.11 -0.10 -0.09 -0.11 -0.10 -0.11 -0.11 -0.11 -0.13 -0.13 -0.12 07062008 12
 -0.10 -0.12 -0.11 -0.09 -0.10 -0.09 -0.11 -0.10 -0.09 -0.11 -0.13 -0.12 08062008 00
 -0.12 -0.12 -0.12 -0.12 -0.13 -0.15 -0.15 -0.15 -0.15 -0.17 -0.18 -0.19 08062008 12
 -0.18 -0.19 -0.18 -0.17 -0.15 -0.15 -0.15 -0.16 -0.16 -0.16 -0.15 -0.16 09062008 00
 -0.16 -0.16 -0.15 -0.12 -0.10 -0.10 -0.10 -0.09 -0.07 -0.06 -0.05 -0.06 09062008 12
 -0.11 -0.13 -0.14 -0.14 -0.14 -0.15 -0.18 -0.18 -0.19 -0.20 -0.20 -0.20 10062008 00
 -0.20 -0.19 -0.19 -0.18 -0.16 -0.13 -0.12 -0.12 -0.12 -0.12 -0.11 -0.10 10062008 12
 -0.12 -0.13 -0.12 -0.12 -0.12 -0.11 -0.11 -0.13 -0.13 -0.14 -0.13 -0.12 11062008 00
 -0.11 -0.11 -0.11 -0.11 -0.12 -0.12 -0.11 -0.11 -0.12 -0.11 -0.09 -0.07 11062008 12
 -0.05 -0.04 -0.05 -0.08 -0.10 -0.10 -0.10 -0.12 -0.15 -0.18 -0.20 -0.21 12062008 00
 -0.21 -0.22 -0.22 -0.21 -0.19 -0.16 -0.13 -0.08 -0.06 -0.05 -0.06 -0.07 12062008 12
 -0.05 -0.04 -0.06 -0.08 -0.09 -0.09 -0.10 -0.10 -0.10 -0.11 -0.11 -0.10 13062008 00
 -0.09 -0.07 -0.06 -0.06 -0.07 -0.06 -0.06 -0.04 -0.02 -0.01 -0.01 -0.01 13062008 12
 -0.01 -0.03 -0.04 -0.06 -0.08 -0.09 -0.10 -0.09 -0.08 -0.07 -0.06 -0.04 14062008 00
 -0.04 -0.03 -0.02 -0.02 -0.04 -0.05 -0.04 -0.03 -0.01 -0.00 -0.00 -0.01 14062008 12
 -0.01 -0.01 -0.01 -0.01 -0.03 -0.04 -0.05 -0.05 -0.05 -0.04 -0.03 -0.02 15062008 00
 -0.01 -0.01 -0.01 -0.01 -0.02 -0.02 -0.02 -0.01  0.00  0.01  0.01  0.01 15062008 12
  0.01  0.01  0.01  0.01 -0.01 -0.02 -0.04 -0.04 -0.04 -0.03 -0.02 -0.01 16062008 00
 -0.02 -0.02 -0.02 -0.01 -0.00 -0.00 -0.00  0.01  0.01  0.02  0.03  0.04 16062008 12
  0.05  0.04  0.04  0.04  0.04  0.03  0.03  0.02  0.01  0.02  0.04  0.07 17062008 00
  0.09  0.11  0.12  0.12  0.14  0.16  0.19  0.23  0.23  0.22  0.20  0.19 17062008 12
  0.21  0.22  0.21  0.22  0.21  0.19  0.19  0.17  0.14  0.14  0.17  0.17 18062008 00
  0.17  0.20  0.21  0.22  0.22  0.21  0.25  0.31  0.35  0.36  0.39  0.41 18062008 12
  0.42  0.41  0.35  0.30  0.25  0.18  0.13  0.10  0.05  0.03  0.06  0.09 19062008 00
  0.11  0.15  0.17  0.19  0.19  0.18  0.17  0.14  0.10  0.07  0.06  0.04 19062008 12
  0.00 -0.01 -0.03 -0.03 -0.03 -0.04 -0.03 -0.01 -0.01 -0.00  0.00  0.01 20062008 00
  0.01  0.00 -0.00 -0.00 -0.00 -0.01 -0.02 -0.03 -0.04 -0.04 -0.04 -0.04 20062008 12
 -0.04 -0.04 -0.05 -0.06 -0.06 -0.07 -0.08 -0.09 -0.12 -0.12 -0.10 -0.09 21062008 00
 -0.08 -0.07 -0.03 -0.00  0.03  0.06  0.07  0.10  0.15  0.18  0.19  0.18 21062008 12
  0.17  0.15  0.14  0.18  0.20  0.23  0.26  0.28  0.35  0.44  0.45  0.41 22062008 00
  0.41  0.41  0.36  0.37  0.35  0.33  0.29  0.27  0.26  0.27  0.22  0.13 22062008 12
  0.12  0.07 -0.04 -0.12 -0.13 -0.11 -0.11 -0.14 -0.17 -0.18 -0.16 -0.14 23062008 00
 -0.15 -0.14 -0.12 -0.09 -0.07 -0.05 -0.06 -0.07 -0.07 -0.07 -0.08 -0.07 23062008 12
 -0.05 -0.05 -0.05 -0.06 -0.08 -0.09 -0.10 -0.10 -0.10 -0.11 -0.12 -0.10 24062008 00
 -0.09 -0.08 -0.07 -0.06 -0.04 -0.02 -0.01 -0.01  0.00  0.02  0.06  0.10 24062008 12
  0.13  0.13  0.12  0.11  0.13  0.17  0.20  0.20  0.19  0.18  0.21  0.26 25062008 00
  0.27  0.24  0.21  0.19  0.18  0.19  0.20  0.21  0.21  0.19  0.16  0.12 25062008 12
  0.08  0.05  0.05  0.03 -0.01 -0.04 -0.04 -0.03 -0.00  0.02  0.04  0.08 26062008 00
  0.14  0.15  0.16  0.14  0.12  0.14  0.19  0.20  0.23  0.25  0.23  0.19 26062008 12
  0.14  0.09  0.06  0.06  0.02 -0.04 -0.09 -0.11 -0.11 -0.08 -0.06 -0.05 27062008 00
 -0.03  0.01  0.03  0.05  0.06  0.07  0.09  0.09  0.08  0.08  0.09  0.09 27062008 12
  0.07  0.06  0.06  0.06  0.06  0.05  0.02 -0.00  0.01  0.01  0.02  0.02 28062008 00
  0.02  0.01  0.02 -0.00 -0.01 -0.00  0.00  0.02  0.04  0.05  0.04  0.04 28062008 12
  0.05  0.04  0.04  0.03  0.02  0.02  0.02 -0.00 -0.02  0.01  0.02  0.04 29062008 00
  0.05  0.06  0.09  0.10  0.10  0.09  0.08  0.07  0.06  0.05  0.02  0.00 29062008 12
 -0.02 -0.03 -0.06 -0.09 -0.12 -0.14 -0.13 -0.12 -0.11 -0.07 -0.05 -0.04 30062008 00
 -0.03 -0.02 -0.00  0.01  0.01  0.01 -0.00 -0.01 -0.00  0.01  0.03  0.06 30062008 12
  0.06  0.06  0.06  0.06  0.07  0.09  0.09  0.07  0.07  0.08  0.11  0.16 01072008 00
  0.18  0.18  0.17  0.15  0.14  0.14  0.11  0.11  0.10  0.12  0.13  0.15 01072008 12
  0.17  0.19  0.18  0.16  0.14  0.13  0.13  0.10  0.10  0.08  0.09  0.11 02072008 00
  0.13  0.14  0.14  0.13  0.11  0.09  0.07  0.08  0.09  0.12  0.10  0.08 02072008 12
  0.06  0.04  0.04  0.04  0.03  0.01 -0.01 -0.00  0.01  0.02  0.04  0.05 03072008 00
  0.06  0.07  0.08  0.08  0.09  0.08  0.07  0.06  0.05  0.07  0.07  0.06 03072008 12
  0.04  0.03  0.02  0.01  0.00 -0.01 -0.02 -0.03 -0.04 -0.04 -0.01  0.02 04072008 00
  0.05  0.06  0.06  0.05  0.04  0.04  0.05  0.08  0.11  0.12  0.11  0.10 04072008 12
  0.09  0.06  0.05  0.03  0.01 -0.00 -0.01  0.01  0.04  0.11  0.12  0.14 05072008 00
  0.14  0.13  0.11  0.10  0.08  0.05  0.00 -0.02 -0.03 -0.01  0.02  0.05 05072008 12
  0.08  0.08  0.07  0.07  0.06  0.05  0.04  0.04  0.05  0.07  0.09  0.09 06072008 00
  0.08  0.08  0.07  0.07  0.08  0.08  0.07  0.06  0.06  0.07  0.08  0.08 06072008 12
  0.08  0.07  0.05  0.03  0.04  0.04  0.03  0.01  0.01  0.02  0.05  0.08 07072008 00
  0.09  0.09  0.08  0.06  0.06  0.07  0.07  0.07  0.07  0.07  0.07  0.07 07072008 12
  0.06  0.07  0.06  0.04  0.01 -0.01 -0.01 -0.00  0.00 -0.01 -0.00  0.03 08072008 00
  0.07  0.09  0.09  0.08  0.06  0.06  0.06  0.07  0.05  0.04  0.04  0.05 08072008 12
  0.05  0.04  0.03  0.04  0.03  0.02  0.02  0.00 -0.01 -0.01 -0.01  0.04 09072008 00
  0.08  0.09  0.09  0.06  0.04  0.04  0.05  0.07  0.09  0.12  0.15  0.22 09072008 12
  0.27  0.29  0.28  0.25  0.20  0.18  0.18  0.17  0.16  0.15  0.13  0.14 10072008 00
  0.17  0.19  0.20  0.19  0.15  0.11  0.10  0.12  0.13  0.13  0.10  0.10 10072008 12
  0.13  0.16  0.15  0.15  0.13  0.08  0.06  0.05  0.04  0.05  0.04  0.04 11072008 00
  0.05  0.07  0.08  0.08  0.08  0.07  0.07  0.07  0.08  0.10  0.12  0.12 11072008 12
  0.09  0.07  0.07  0.06  0.04  0.02 -0.02 -0.05 -0.06 -0.04 -0.03 -0.02 12072008 00
 -0.01  0.01  0.04  0.05  0.06  0.06  0.07  0.06  0.05  0.03  0.02  0.01 12072008 12
 -0.01 -0.03 -0.05 -0.07 -0.07 -0.08 -0.08 -0.08 -0.08 -0.07 -0.06 -0.05 13072008 00
 -0.05 -0.03  0.01  0.03  0.03  0.02  0.02  0.02  0.01  0.01  0.01  0.01 13072008 12
  0.00 -0.00  0.01  0.03  0.02  0.00  0.00 -0.00 -0.01  0.00  0.00 -0.02 14072008 00
 -0.04 -0.06 -0.05 -0.05 -0.05 -0.06 -0.07 -0.07 -0.07 -0.07 -0.06 -0.06 14072008 12
 -0.06 -0.06 -0.05 -0.03 -0.01 -0.00  0.02  0.03  0.03  0.03  0.00 -0.02 15072008 00
 -0.04 -0.04 -0.03 -0.05 -0.07 -0.09 -0.11 -0.12 -0.11 -0.09 -0.06 -0.05 15072008 12
 -0.07 -0.09 -0.10 -0.09 -0.09 -0.10 -0.11 -0.11 -0.09 -0.07 -0.05 -0.05 16072008 00
 -0.07 -0.09 -0.07 -0.07 -0.06 -0.06 -0.07 -0.07 -0.07 -0.07 -0.05 -0.05 16072008 12
 -0.06 -0.07 -0.07 -0.06 -0.06 -0.04 -0.02  0.01  0.03  0.05  0.06  0.08 17072008 00
  0.08  0.07  0.06  0.05  0.04  0.02 -0.01 -0.03 -0.02 -0.01 -0.01 -0.01 17072008 12
 -0.02 -0.03 -0.03 -0.04 -0.04 -0.03 -0.02  0.01  0.03  0.06  0.07  0.08 18072008 00
  0.08  0.07  0.07  0.06  0.05  0.05  0.04  0.07  0.08  0.09  0.10  0.10 18072008 12
  0.09  0.10  0.12  0.13  0.14  0.14  0.15  0.18  0.19  0.19  0.19  0.16 19072008 00
  0.15  0.12  0.09  0.06  0.06  0.05  0.03 -0.00 -0.01 -0.01 -0.01 -0.01 19072008 12
 -0.04 -0.06 -0.08 -0.07 -0.06 -0.06 -0.07 -0.10 -0.10 -0.08 -0.07 -0.08 20072008 00
 -0.07 -0.05 -0.04 -0.04 -0.02 -0.00  0.00 -0.02 -0.02 -0.02 -0.02 -0.05 20072008 12
 -0.07 -0.08 -0.12 -0.14 -0.16 -0.18 -0.18 -0.19 -0.17 -0.14 -0.13 -0.09 21072008 00
 -0.11 -0.10 -0.08 -0.11 -0.12 -0.13 -0.12 -0.10 -0.10 -0.09 -0.07 -0.06 21072008 12
 -0.07 -0.08 -0.09 -0.10 -0.11 -0.11 -0.11 -0.11 -0.11 -0.11 -0.10 -0.07 22072008 00
 -0.08 -0.10 -0.11 -0.13 -0.15 -0.14 -0.13 -0.13 -0.12 -0.11 -0.09 -0.09 22072008 12
 -0.09 -0.11 -0.12 -0.13 -0.15 -0.15 -0.16 -0.15 -0.15 -0.15 -0.13 -0.10 23072008 00
 -0.09 -0.10 -0.12 -0.13 -0.15 -0.15 -0.14 -0.13 -0.12 -0.11 -0.09 -0.07 23072008 12
 -0.05 -0.07 -0.09 -0.11 -0.14 -0.16 -0.16 -0.15 -0.14 -0.12 -0.09 -0.03 24072008 00
 -0.02 -0.04 -0.08 -0.10 -0.11 -0.12 -0.12 -0.11 -0.09 -0.06 -0.04 -0.01 24072008 12
 -0.00 -0.00 -0.03 -0.05 -0.09 -0.11 -0.11 -0.10 -0.08 -0.07 -0.04  0.02 25072008 00
  0.08  0.08  0.08  0.05  0.04  0.03  0.05  0.06  0.07  0.07  0.08  0.08 25072008 12
  0.09  0.07  0.06  0.04 -0.01 -0.06 -0.09 -0.09 -0.08 -0.06 -0.05 -0.04 26072008 00
 -0.01 -0.01 -0.03 -0.05 -0.06 -0.08 -0.07 -0.07 -0.06 -0.05 -0.04 -0.03 26072008 12
 -0.02 -0.02 -0.02 -0.04 -0.06 -0.08 -0.10 -0.10 -0.09 -0.06 -0.04 -0.02 27072008 00
 -0.01 -0.02 -0.03 -0.05 -0.06 -0.07 -0.08 -0.08 -0.08 -0.08 -0.06 -0.05 27072008 12
 -0.04 -0.05 -0.06 -0.07 -0.08 -0.10 -0.11 -0.12 -0.12 -0.09 -0.06 -0.03 28072008 00
 -0.01 -0.00 -0.00 -0.01 -0.01 -0.00  0.00  0.00 -0.01 -0.02 -0.01  0.00 28072008 12
  0.01  0.02  0.02  0.00 -0.01 -0.01  0.00  0.01  0.01  0.03  0.05  0.07 29072008 00
  0.08  0.07  0.07  0.06  0.04  0.03  0.02  0.03  0.05  0.08  0.10  0.11 29072008 12
  0.10  0.09  0.09  0.09  0.10  0.11  0.11  0.09  0.06  0.04  0.04  0.08 30072008 00
  0.11  0.10  0.06  0.02  0.01  0.03  0.05  0.06  0.06  0.05  0.04  0.03 30072008 12
  0.06  0.08  0.09  0.08  0.07  0.06  0.05  0.02  0.01  0.00 -0.01 -0.01 31072008 00
  0.00  0.01 -0.00 -0.02 -0.01  0.01  0.07  0.12  0.15  0.16  0.16  0.16 31072008 12
  0.17  0.19  0.18  0.15  0.12  0.10  0.08  0.08  0.07  0.08  0.11  0.12 01082008 00
  0.12  0.14  0.14  0.16  0.14  0.12  0.13  0.14  0.12  0.13  0.12  0.11 01082008 12
  0.09  0.09  0.06  0.07  0.06  0.04  0.04  0.05  0.05  0.05  0.08  0.08 02082008 00
  0.07  0.06  0.08  0.07  0.07  0.06  0.05  0.06  0.07  0.09  0.09  0.10 02082008 12
  0.08  0.06  0.07  0.05  0.06  0.04  0.03  0.03  0.04  0.06  0.07  0.09 03082008 00
  0.09  0.08  0.07  0.07  0.07  0.08  0.08  0.08  0.10  0.13  0.12  0.12 03082008 12
  0.12  0.10  0.08  0.09  0.08  0.08  0.07  0.06  0.06  0.08  0.08  0.07 04082008 00
  0.09  0.08  0.04  0.03  0.02  0.01 -0.00 -0.02 -0.02 -0.02 -0.00  0.00 04082008 12
  0.02  0.02  0.03  0.02  0.02  0.01  0.00 -0.01 -0.02 -0.01  0.02  0.05 05082008 00
  0.07  0.07  0.06  0.06  0.07  0.07  0.07  0.07  0.07  0.09  0.11  0.11 05082008 12
  0.10  0.09  0.08  0.06  0.06  0.04  0.04  0.03  0.02  0.05  0.09  0.12 06082008 00
  0.13  0.13  0.12  0.10  0.09  0.09  0.08  0.06  0.05  0.05  0.08  0.10 06082008 12
  0.10  0.09  0.09  0.09  0.08  0.06  0.05  0.05  0.05  0.05  0.06  0.09 07082008 00
  0.09  0.09  0.08  0.05  0.02  0.01  0.01  0.02  0.00 -0.02 -0.04 -0.03 07082008 12
 -0.04 -0.05 -0.04 -0.05 -0.07 -0.10 -0.11 -0.13 -0.13 -0.12 -0.11 -0.11 08082008 00
 -0.10 -0.09 -0.08 -0.07 -0.05 -0.05 -0.06 -0.06 -0.06 -0.06 -0.04 -0.04 08082008 12
 -0.03 -0.02 -0.02 -0.01 -0.00  0.02  0.04  0.04  0.04  0.06  0.10  0.19 09082008 00
  0.33  0.41  0.43  0.39  0.35  0.30  0.28  0.25  0.25  0.25  0.24  0.26 09082008 12
  0.31  0.29  0.23  0.22  0.20  0.19  0.21  0.21  0.23  0.28  0.30  0.30 10082008 00
  0.29  0.28  0.26  0.22  0.17  0.15  0.16  0.19  0.22  0.22  0.21  0.18 10082008 12
  0.16  0.16  0.15  0.14  0.15  0.14  0.13  0.13  0.14  0.15  0.15  0.15 11082008 00
  0.14  0.13  0.16  0.18  0.18  0.17  0.16  0.16  0.18  0.20  0.21  0.20 11082008 12
  0.17  0.16  0.18  0.21  0.23  0.25  0.25  0.22  0.22  0.25  0.28  0.28 12082008 00
  0.25  0.20  0.17  0.19  0.23  0.23  0.22  0.21  0.21  0.22  0.23  0.23 12082008 12
  0.22  0.19  0.16  0.16  0.14  0.11  0.10  0.10  0.08  0.06  0.05  0.04 13082008 00
  0.03  0.01  0.00 -0.01 -0.04 -0.05 -0.06 -0.04 -0.01  0.02  0.05  0.07 13082008 12
  0.07  0.05  0.03  0.02  0.02  0.02  0.01 -0.02 -0.04 -0.05 -0.03 -0.01 14082008 00
  0.02  0.02  0.02  0.02  0.04  0.06  0.10  0.11  0.10  0.08  0.05  0.03 14082008 12
  0.01 -0.01 -0.02 -0.03 -0.04 -0.03 -0.00  0.02  0.01  0.01  0.02  0.01 15082008 00
  0.02  0.02  0.02  0.03  0.04  0.07  0.11  0.14  0.14  0.12  0.08  0.05 15082008 12
  0.04  0.06  0.07  0.07  0.06  0.07  0.14  0.21  0.20  0.16  0.11  0.08 16082008 00
  0.06  0.09  0.10  0.10  0.08  0.06  0.08  0.12  0.12  0.09  0.10  0.09 16082008 12
  0.09  0.11  0.12  0.13  0.12  0.11  0.14  0.19  0.22  0.20  0.18  0.14 17082008 00
  0.10  0.07  0.09  0.10  0.11  0.10  0.11  0.17  0.23  0.23  0.20  0.17 17082008 12
  0.11  0.08  0.09  0.08  0.08  0.06  0.08  0.18  0.30  0.34  0.33  0.32 18082008 00
  0.29  0.25  0.28  0.28  0.30  0.31  0.31  0.35  0.40  0.37  0.32  0.27 18082008 12
  0.23  0.17  0.20  0.20  0.24  0.25  0.23  0.21  0.24  0.26  0.23  0.21 19082008 00
  0.15  0.09  0.03  0.05  0.05  0.07  0.06  0.06  0.09  0.10  0.08  0.07 19082008 12
  0.06  0.03  0.00  0.01  0.02  0.04  0.04  0.04  0.05  0.09  0.12  0.11 20082008 00
  0.10  0.08  0.04  0.04  0.04  0.06  0.06  0.06  0.07  0.11  0.11  0.09 20082008 12
  0.06  0.04  0.01 -0.00 -0.00  0.00  0.01  0.01  0.02  0.06  0.09  0.10 21082008 00
  0.08  0.04  0.02 -0.02 -0.02 -0.02 -0.00  0.01  0.01  0.01  0.02  0.01 21082008 12
  0.00 -0.01 -0.03 -0.06 -0.07 -0.06 -0.06 -0.05 -0.05 -0.04 -0.03 -0.02 22082008 00
 -0.03 -0.04 -0.04 -0.05 -0.07 -0.08 -0.07 -0.05 -0.05 -0.05 -0.05 -0.05 22082008 12
 -0.07 -0.08 -0.10 -0.11 -0.12 -0.13 -0.12 -0.11 -0.09 -0.08 -0.06 -0.03 23082008 00
  0.01  0.02  0.03  0.03  0.02  0.04  0.05  0.06  0.10  0.15  0.21  0.29 23082008 12
  0.34  0.32  0.29  0.26  0.24  0.25  0.26  0.28  0.27  0.23  0.19  0.13 24082008 00
  0.06  0.02  0.04  0.05  0.02  0.00  0.01  0.03  0.07  0.09  0.10  0.11 24082008 12
  0.15  0.15  0.15  0.15  0.15  0.16  0.20  0.22  0.24  0.28  0.30  0.30 25082008 00
  0.29  0.30  0.28  0.26  0.25  0.22  0.19  0.14  0.09  0.07  0.07  0.05 25082008 12
  0.01 -0.01 -0.04 -0.07 -0.06 -0.06 -0.05 -0.02  0.01  0.02  0.04  0.04 26082008 00
  0.03  0.03  0.05  0.06  0.06  0.07  0.08  0.09  0.11  0.12  0.12  0.12 26082008 12
  0.11  0.08  0.07  0.06  0.03  0.01 -0.00 -0.01 -0.01  0.01  0.02  0.02 27082008 00
 -0.00 -0.02 -0.03 -0.06 -0.10 -0.12 -0.11 -0.08 -0.07 -0.07 -0.06 -0.07 27082008 12
 -0.07 -0.08 -0.07 -0.08 -0.09 -0.09 -0.08 -0.07 -0.05 -0.02  0.01  0.01 28082008 00
 -0.01 -0.03 -0.03 -0.03 -0.05 -0.08 -0.10 -0.09 -0.07 -0.06 -0.06 -0.08 28082008 12
 -0.10 -0.11 -0.11 -0.11 -0.11 -0.13 -0.14 -0.14 -0.12 -0.11 -0.09 -0.08 29082008 00
 -0.09 -0.09 -0.11 -0.10 -0.09 -0.10 -0.09 -0.07 -0.05 -0.05 -0.04 -0.03 29082008 12
 -0.04 -0.04 -0.06 -0.06 -0.07 -0.08 -0.08 -0.07 -0.05 -0.05 -0.04 -0.03 30082008 00
 -0.03 -0.05 -0.04 -0.05 -0.04 -0.04 -0.03 -0.02 -0.01  0.01  0.02  0.03 30082008 12
  0.03  0.01  0.01  0.00  0.00  0.00 -0.01 -0.02 -0.02 -0.01  0.01  0.01 31082008 00
  0.01 -0.01 -0.03 -0.03 -0.03 -0.03 -0.02 -0.01  0.00  0.02  0.03  0.04 31082008 12
  0.04  0.04  0.04  0.03  0.04  0.05  0.07  0.11  0.16  0.19  0.19  0.20 01092008 00
  0.18  0.12  0.12  0.11  0.12  0.13  0.12  0.12  0.16  0.16  0.15  0.14 01092008 12
  0.12  0.08  0.09  0.09  0.10  0.10  0.10  0.12  0.17  0.20  0.23  0.24 02092008 00
  0.23  0.21  0.19  0.23  0.23  0.25  0.23  0.23  0.24  0.24  0.20  0.18 02092008 12
  0.16  0.11  0.07  0.09  0.08  0.10  0.08  0.08  0.11  0.16  0.21  0.22 03092008 00
  0.27  0.30  0.33  0.38  0.40  0.41  0.42  0.40  0.38  0.35  0.30  0.24 03092008 12
  0.23  0.16  0.09  0.09  0.06  0.07  0.06  0.04  0.05  0.09  0.14  0.15 04092008 00
  0.15  0.15  0.14  0.13  0.14  0.14  0.14  0.12  0.11  0.11  0.13  0.12 04092008 12
  0.13  0.14  0.13  0.11  0.12  0.11  0.11  0.11  0.09  0.10  0.13  0.15 05092008 00
  0.13  0.12  0.11  0.12  0.15  0.14  0.13  0.14  0.16  0.18  0.21  0.22 05092008 12
  0.20  0.19  0.18  0.15  0.14  0.14  0.14  0.10  0.05 -0.00 -0.02 -0.03 06092008 00
 -0.03 -0.03 -0.05 -0.04 -0.06 -0.08 -0.08 -0.09 -0.09 -0.05 -0.02 -0.03 06092008 12
 -0.01 -0.02 -0.02 -0.01 -0.03 -0.07 -0.07 -0.07 -0.06 -0.05 -0.05 -0.04 07092008 00
 -0.03 -0.03 -0.03 -0.01  0.01  0.02  0.01 -0.01 -0.03 -0.03 -0.04 -0.04 07092008 12
 -0.03 -0.00  0.00 -0.01 -0.02 -0.02 -0.02 -0.00  0.00 -0.01 -0.01  0.00 08092008 00
  0.03  0.05  0.06  0.07  0.07  0.07  0.07  0.08  0.08  0.06  0.04  0.04 08092008 12
  0.07  0.10  0.11  0.12  0.11  0.09  0.07  0.05  0.05  0.06  0.07  0.10 09092008 00
  0.18  0.27  0.32  0.33  0.29  0.24  0.22  0.21  0.26  0.29  0.26  0.25 09092008 12
  0.27  0.30  0.36  0.40  0.38  0.30  0.22  0.16  0.14  0.12  0.10  0.06 10092008 00
  0.02  0.01  0.07  0.14  0.16  0.17  0.16  0.15  0.18  0.29  0.39  0.44 10092008 12
  0.45  0.44  0.46  0.50  0.52  0.50  0.45  0.37  0.31  0.27  0.28  0.29 11092008 00
  0.29  0.27  0.24  0.22  0.23  0.22  0.21  0.21  0.16  0.10  0.04 -0.00 11092008 12
 -0.03 -0.05 -0.08 -0.11 -0.11 -0.11 -0.12 -0.13 -0.12 -0.11 -0.10 -0.09 12092008 00
 -0.09 -0.08 -0.06 -0.06 -0.06 -0.04 -0.03 -0.02 -0.04 -0.05 -0.07 -0.09 12092008 12
 -0.10 -0.10 -0.09 -0.08 -0.07 -0.05 -0.04 -0.04 -0.05 -0.06 -0.07 -0.08 13092008 00
 -0.10 -0.11 -0.12 -0.11 -0.09 -0.08 -0.06 -0.07 -0.08 -0.10 -0.11 -0.13 13092008 12
 -0.13 -0.14 -0.14 -0.14 -0.14 -0.13 -0.12 -0.11 -0.12 -0.14 -0.16 -0.17 14092008 00
 -0.19 -0.19 -0.18 -0.16 -0.15 -0.12 -0.07 -0.06 -0.07 -0.11 -0.12 -0.12 14092008 12
 -0.14 -0.15 -0.16 -0.16 -0.16 -0.15 -0.12 -0.11 -0.11 -0.13 -0.16 -0.19 15092008 00
 -0.19 -0.20 -0.19 -0.20 -0.20 -0.19 -0.16 -0.13 -0.13 -0.14 -0.16 -0.17 15092008 12
 -0.16 -0.17 -0.17 -0.17 -0.17 -0.17 -0.15 -0.13 -0.11 -0.14 -0.15 -0.17 16092008 00
 -0.18 -0.17 -0.18 -0.16 -0.16 -0.16 -0.15 -0.14 -0.13 -0.13 -0.14 -0.15 16092008 12
 -0.17 -0.16 -0.18 -0.18 -0.18 -0.17 -0.16 -0.14 -0.13 -0.12 -0.11 -0.14 17092008 00
 -0.16 -0.16 -0.15 -0.16 -0.15 -0.14 -0.13 -0.11 -0.09 -0.09 -0.09 -0.10 17092008 12
 -0.13 -0.13 -0.13 -0.13 -0.12 -0.11 -0.10 -0.10 -0.09 -0.08 -0.09 -0.09 18092008 00
 -0.11 -0.11 -0.09 -0.09 -0.08 -0.08 -0.07 -0.06 -0.04 -0.02 -0.01 -0.01 18092008 12
 -0.04 -0.06 -0.06 -0.06 -0.05 -0.04 -0.04 -0.05 -0.06 -0.08 -0.10 -0.10 19092008 00
 -0.11 -0.13 -0.13 -0.14 -0.14 -0.14 -0.14 -0.15 -0.15 -0.17 -0.18 -0.17 19092008 12
 -0.18 -0.19 -0.19 -0.16 -0.17 -0.16 -0.16 -0.14 -0.13 -0.13 -0.13 -0.14 20092008 00
 -0.12 -0.15 -0.14 -0.12 -0.13 -0.12 -0.13 -0.12 -0.11 -0.12 -0.14 -0.14 20092008 12
 -0.14 -0.15 -0.15 -0.13 -0.13 -0.11 -0.11 -0.11 -0.10 -0.10 -0.09 -0.10 21092008 00
 -0.11 -0.12 -0.12 -0.11 -0.11 -0.12 -0.12 -0.12 -0.11 -0.10 -0.11 -0.14 21092008 12
 -0.16 -0.19 -0.18 -0.18 -0.18 -0.19 -0.21 -0.23 -0.23 -0.22 -0.21 -0.24 22092008 00
 -0.29 -0.32 -0.32 -0.29 -0.26 -0.24 -0.25 -0.25 -0.26 -0.24 -0.23 -0.24 22092008 12
 -0.28 -0.29 -0.28 -0.27 -0.25 -0.23 -0.23 -0.24 -0.23 -0.21 -0.18 -0.17 23092008 00
 -0.18 -0.23 -0.24 -0.24 -0.22 -0.20 -0.19 -0.19 -0.20 -0.21 -0.21 -0.20 23092008 12
 -0.19 -0.20 -0.23 -0.23 -0.22 -0.19 -0.16 -0.14 -0.14 -0.15 -0.17 -0.17 24092008 00
 -0.16 -0.18 -0.22 -0.26 -0.25 -0.24 -0.20 -0.18 -0.18 -0.20 -0.22 -0.23 24092008 12
 -0.23 -0.23 -0.23 -0.25 -0.27 -0.26 -0.23 -0.20 -0.20 -0.21 -0.22 -0.23 25092008 00
 -0.23 -0.23 -0.23 -0.24 -0.25 -0.24 -0.23 -0.22 -0.22 -0.21 -0.21 -0.23 25092008 12
 -0.25 -0.26 -0.26 -0.26 -0.29 -0.30 -0.27 -0.27 -0.25 -0.25 -0.23 -0.23 26092008 00
 -0.23 -0.25 -0.25 -0.23 -0.22 -0.22 -0.20 -0.19 -0.20 -0.20 -0.18 -0.18 26092008 12
 -0.19 -0.20 -0.20 -0.20 -0.19 -0.18 -0.18 -0.16 -0.17 -0.17 -0.15 -0.13 27092008 00
 -0.15 -0.14 -0.15 -0.15 -0.15 -0.15 -0.14 -0.13 -0.14 -0.12 -0.12 -0.11 27092008 12
 -0.13 -0.15 -0.16 -0.15 -0.15 -0.16 -0.19 -0.18 -0.18 -0.16 -0.16 -0.15 28092008 00
 -0.13 -0.17 -0.17 -0.17 -0.15 -0.13 -0.13 -0.13 -0.10 -0.11 -0.10 -0.09 28092008 12
 -0.08 -0.09 -0.09 -0.08 -0.07 -0.06 -0.07 -0.07 -0.05 -0.02 -0.01  0.00 29092008 00
  0.01 -0.01  0.00  0.02  0.04  0.08  0.14  0.19  0.21  0.24  0.23  0.20 29092008 12
  0.13  0.11  0.12  0.16  0.14  0.10  0.09  0.11  0.11  0.11  0.17  0.22 30092008 00
  0.27  0.29  0.33  0.35  0.37  0.33  0.25  0.19  0.16  0.14  0.16  0.21 30092008 12
  0.23  0.24  0.26  0.23  0.28  0.34  0.36  0.33  0.29  0.32  0.30  0.27 01102008 00
  0.23  0.13  0.12  0.13  0.17  0.20  0.20  0.15  0.09  0.04  0.07  0.09 01102008 12
  0.09  0.01 -0.02 -0.01  0.01 -0.00 -0.02 -0.04 -0.04 -0.04 -0.02 -0.01 02102008 00
 -0.00  0.01  0.01  0.02  0.03  0.05  0.08  0.10  0.07 -0.00 -0.03 -0.04 02102008 12
 -0.09 -0.18 -0.22 -0.25 -0.26 -0.25 -0.24 -0.24 -0.26 -0.28 -0.28 -0.23 03102008 00
 -0.23 -0.20 -0.12 -0.12 -0.11 -0.14 -0.15 -0.15 -0.17 -0.20 -0.21 -0.19 03102008 12
 -0.17 -0.12 -0.07 -0.04 -0.04 -0.05 -0.03  0.03  0.13  0.22  0.31  0.38 04102008 00
  0.43  0.48  0.52  0.57  0.57  0.56  0.52  0.46  0.39  0.36  0.32  0.25 04102008 12
  0.20  0.14  0.07  0.04  0.05  0.06  0.06  0.03  0.02  0.01 -0.01 -0.07 05102008 00
 -0.13 -0.18 -0.21 -0.20 -0.19 -0.17 -0.12 -0.08 -0.03  0.01  0.05  0.09 05102008 12
  0.12  0.13  0.12  0.10  0.08  0.08  0.08  0.07  0.04  0.02  0.01  0.03 06102008 00
  0.05  0.05  0.05  0.07  0.10  0.16  0.17  0.16  0.15  0.12  0.13  0.16 06102008 12
  0.18  0.19  0.17  0.14  0.13  0.14  0.15  0.15  0.15  0.16  0.23  0.33 07102008 00
  0.40  0.40  0.38  0.34  0.30  0.27  0.24  0.24  0.25  0.21  0.13  0.09 07102008 12
  0.08  0.07  0.10  0.12  0.07  0.02 -0.00 -0.01 -0.01 -0.06 -0.12 -0.13 08102008 00
 -0.11 -0.11 -0.13 -0.13 -0.12 -0.10 -0.09 -0.10 -0.10 -0.09 -0.07 -0.06 08102008 12
 -0.07 -0.07 -0.05 -0.04 -0.04 -0.05 -0.07 -0.08 -0.09 -0.08 -0.08 -0.07 09102008 00
 -0.04 -0.00  0.05  0.11  0.14  0.15  0.15  0.12  0.12  0.13  0.15  0.17 09102008 12
  0.17  0.16  0.16  0.22  0.26  0.26  0.23  0.21  0.20  0.20  0.22  0.25 10102008 00
  0.25  0.20  0.18  0.21  0.23  0.18  0.16  0.13  0.08  0.05  0.02  0.00 10102008 12
  0.01  0.00 -0.01  0.01  0.08  0.09  0.07  0.04 -0.01 -0.06 -0.06 -0.04 11102008 00
 -0.03 -0.02 -0.03 -0.05 -0.05 -0.05 -0.06 -0.07 -0.09 -0.11 -0.14 -0.16 11102008 12
 -0.16 -0.13 -0.11 -0.10 -0.09 -0.06 -0.06 -0.07 -0.10 -0.12 -0.11 -0.09 12102008 00
 -0.09 -0.08 -0.07 -0.04 -0.00  0.03  0.05  0.05  0.04  0.02  0.00 -0.01 12102008 12
  0.01  0.03  0.04  0.07  0.10  0.13  0.14  0.12  0.10  0.10  0.06  0.03 13102008 00
  0.03  0.03  0.06  0.07  0.07  0.07  0.07  0.04  0.01 -0.03 -0.06 -0.07 13102008 12
 -0.07 -0.07 -0.06 -0.06 -0.05 -0.04 -0.04 -0.02 -0.03 -0.02 -0.04 -0.03 14102008 00
 -0.02  0.01  0.04  0.04  0.05  0.11  0.17  0.19  0.14  0.10  0.07  0.02 14102008 12
 -0.01  0.00 -0.00  0.01 -0.01 -0.01  0.00  0.01  0.01  0.01  0.01  0.01 15102008 00
  0.01  0.02  0.05  0.08  0.10  0.12  0.13  0.15  0.17  0.19  0.16  0.14 15102008 12
  0.09  0.05  0.07  0.11  0.13  0.13  0.11  0.08  0.04  0.06  0.06  0.06 16102008 00
  0.04 -0.00 -0.00  0.02  0.03  0.04  0.01 -0.02 -0.03 -0.02 -0.03 -0.04 16102008 12
 -0.06 -0.06 -0.06 -0.06 -0.06 -0.05 -0.05 -0.04 -0.04 -0.03 -0.02 -0.02 17102008 00
 -0.03 -0.04 -0.03 -0.01 -0.00  0.00  0.01  0.01  0.01  0.02  0.02  0.01 17102008 12
  0.02  0.02  0.01  0.04  0.05  0.07  0.07  0.07  0.08  0.11  0.14  0.15 18102008 00
  0.13  0.11  0.08  0.10  0.11  0.14  0.12  0.09  0.06  0.04 -0.00 -0.01 18102008 12
 -0.01 -0.00 -0.01 -0.01 -0.01 -0.00  0.01  0.05  0.08  0.14  0.20  0.22 19102008 00
  0.23  0.24  0.27  0.34  0.48  0.53  0.55  0.53  0.49  0.51  0.54  0.48 19102008 12
  0.45  0.45  0.40  0.34  0.41  0.43  0.48  0.53  0.56  0.60  0.59  0.53 20102008 00
  0.49  0.49  0.44  0.37  0.36  0.38  0.40  0.37  0.32  0.28  0.28  0.30 20102008 12
  0.29  0.25  0.21  0.18  0.17  0.18  0.17  0.19  0.21  0.20  0.15  0.07 21102008 00
  0.01 -0.01  0.03  0.09  0.13  0.13  0.11  0.11  0.13  0.13  0.10  0.06 21102008 12
  0.07  0.09  0.13  0.16  0.15  0.13  0.10  0.06  0.04  0.04  0.03 -0.02 22102008 00
 -0.08 -0.12 -0.13 -0.10 -0.07 -0.06 -0.04 -0.02 -0.01  0.00  0.02  0.04 22102008 12
  0.05  0.08  0.14  0.18  0.21  0.22  0.24  0.30  0.36  0.41  0.45  0.49 23102008 00
  0.55  0.61  0.67  0.67  0.64  0.68  0.70  0.72  0.79  0.83  0.80  0.66 23102008 12
  0.44  0.28  0.19  0.08 -0.04 -0.06 -0.07 -0.10 -0.13 -0.12 -0.12 -0.05 24102008 00
  0.04  0.10  0.13  0.13  0.09  0.03 -0.01 -0.01  0.02  0.04  0.02  0.01 24102008 12
  0.03  0.05  0.04  0.01  0.03  0.10  0.17  0.20  0.19  0.21  0.27  0.33 25102008 00
  0.35  0.39  0.48  0.56  0.63  0.67  0.61  0.50  0.41  0.33  0.30  0.28 25102008 12
  0.27  0.26  0.21  0.15  0.16  0.15  0.07  0.07  0.10  0.05  0.05  0.09 26102008 00
  0.09  0.11  0.11  0.12  0.15  0.18  0.18  0.17  0.19  0.19  0.18  0.16 26102008 12
  0.12  0.12  0.15  0.16  0.13  0.09  0.05  0.03  0.05  0.04  0.03  0.03 27102008 00
  0.01 -0.02 -0.03 -0.02 -0.01 -0.01 -0.03 -0.06 -0.09 -0.09 -0.09 -0.09 27102008 12
 -0.12 -0.13 -0.13 -0.12 -0.10 -0.11 -0.12 -0.14 -0.10 -0.06 -0.02  0.01 28102008 00
 -0.02 -0.09 -0.12 -0.10 -0.08 -0.11 -0.20 -0.27 -0.27 -0.24 -0.24 -0.23 28102008 12
 -0.23 -0.29 -0.27 -0.25 -0.21 -0.17 -0.14 -0.09 -0.05 -0.01 -0.01 -0.00 29102008 00
 -0.00 -0.01  0.00  0.00  0.01  0.03  0.07  0.13  0.14  0.10  0.04 -0.02 29102008 12
 -0.07 -0.10 -0.13 -0.15 -0.17 -0.19 -0.20 -0.19 -0.18 -0.14 -0.14 -0.14 30102008 00
 -0.15 -0.18 -0.22 -0.23 -0.25 -0.25 -0.27 -0.28 -0.28 -0.27 -0.27 -0.27 30102008 12
 -0.23 -0.18 -0.19 -0.18 -0.21 -0.18 -0.15 -0.13 -0.10 -0.09 -0.09 -0.12 31102008 00
 -0.14 -0.16 -0.16 -0.15 -0.16 -0.17 -0.18 -0.19 -0.19 -0.19 -0.20 -0.20 31102008 12
 -0.16 -0.13 -0.12 -0.12 -0.12 -0.14 -0.15 -0.11 -0.08 -0.07 -0.07 -0.09 01112008 00
 -0.11 -0.11 -0.11 -0.13 -0.13 -0.16 -0.17 -0.17 -0.19 -0.21 -0.21 -0.20 01112008 12
 -0.18 -0.17 -0.15 -0.16 -0.17 -0.19 -0.20 -0.21 -0.23 -0.23 -0.21 -0.20 02112008 00
 -0.22 -0.19 -0.15 -0.16 -0.17 -0.20 -0.22 -0.21 -0.22 -0.25 -0.25 -0.25 02112008 12
 -0.24 -0.21 -0.19 -0.21 -0.25 -0.28 -0.28 -0.27 -0.28 -0.31 -0.32 -0.29 03112008 00
 -0.27 -0.26 -0.24 -0.22 -0.24 -0.24 -0.25 -0.25 -0.26 -0.28 -0.29 -0.27 03112008 12
 -0.23 -0.19 -0.16 -0.13 -0.13 -0.15 -0.17 -0.17 -0.16 -0.14 -0.12 -0.11 04112008 00
 -0.11 -0.13 -0.11 -0.09 -0.07 -0.08 -0.09 -0.12 -0.12 -0.11 -0.09 -0.05 04112008 12
 -0.00  0.02  0.01  0.01 -0.01 -0.02 -0.04 -0.06 -0.09 -0.12 -0.13 -0.12 05112008 00
 -0.12 -0.11 -0.10 -0.10 -0.10 -0.11 -0.11 -0.12 -0.13 -0.13 -0.11 -0.10 05112008 12
 -0.09 -0.07 -0.05 -0.05 -0.07 -0.10 -0.11 -0.12 -0.13 -0.13 -0.13 -0.11 06112008 00
 -0.09 -0.06 -0.04 -0.02  0.01  0.02  0.03  0.02  0.01  0.00  0.01  0.04 06112008 12
  0.08  0.13  0.17  0.17  0.12  0.08  0.06  0.09  0.15  0.21  0.22  0.21 07112008 00
  0.25  0.33  0.38  0.39  0.35  0.27  0.22  0.19  0.18  0.19  0.17  0.13 07112008 12
  0.13  0.19  0.29  0.33  0.31  0.24  0.19  0.16  0.19  0.24  0.27  0.27 08112008 00
  0.24  0.21  0.22  0.24  0.23  0.22  0.20  0.21  0.31  0.47  0.60  0.64 08112008 12
  0.61  0.58  0.58  0.59  0.58  0.52  0.42  0.35  0.28  0.28  0.29  0.31 09112008 00
  0.32  0.26  0.24  0.32  0.42  0.40  0.36  0.30  0.31  0.36  0.42  0.48 09112008 12
  0.54  0.53  0.47  0.46  0.50  0.47  0.43  0.38  0.32  0.29  0.34  0.37 10112008 00
  0.40  0.41  0.40  0.39  0.43  0.44  0.41  0.36  0.30  0.25  0.28  0.36 10112008 12
  0.43  0.51  0.54  0.54  0.55  0.56  0.53  0.50  0.46  0.36  0.25  0.23 11112008 00
  0.21  0.28  0.31  0.27  0.21  0.19  0.16  0.16  0.19  0.18  0.12  0.09 11112008 12
  0.07  0.06  0.08  0.08  0.08  0.06  0.01 -0.07 -0.09 -0.08 -0.09 -0.10 12112008 00
 -0.11 -0.12 -0.10 -0.08 -0.06 -0.06 -0.07 -0.09 -0.09 -0.10 -0.10 -0.09 12112008 12
 -0.07 -0.06 -0.05 -0.04 -0.02  0.03  0.08  0.11  0.10  0.07  0.04  0.03 13112008 00
  0.02  0.05  0.07  0.09  0.09  0.08  0.05  0.02  0.00  0.00  0.01  0.00 13112008 12
 -0.02 -0.03 -0.02  0.01  0.02  0.02  0.02  0.01 -0.01 -0.02 -0.03 -0.04 14112008 00
 -0.02  0.00  0.01  0.04  0.06  0.06  0.06  0.06  0.05  0.06  0.08  0.08 14112008 12
  0.09  0.09  0.11  0.11  0.13  0.13  0.12  0.10  0.09  0.04  0.00  0.01 15112008 00
 -0.01 -0.05 -0.03 -0.04 -0.03 -0.05 -0.06 -0.10 -0.14 -0.17 -0.17 -0.15 15112008 12
 -0.14 -0.11 -0.08 -0.09 -0.08 -0.09 -0.09 -0.09 -0.09 -0.11 -0.11 -0.12 16112008 00
 -0.14 -0.14 -0.13 -0.14 -0.14 -0.16 -0.18 -0.19 -0.23 -0.27 -0.30 -0.26 16112008 12
 -0.25 -0.25 -0.20 -0.17 -0.20 -0.21 -0.22 -0.21 -0.20 -0.19 -0.17 -0.11 17112008 00
 -0.10 -0.06 -0.01  0.06  0.10  0.12  0.13  0.14  0.15  0.16  0.16  0.14 17112008 12
  0.13  0.13  0.10 -0.02 -0.13 -0.15 -0.14 -0.18 -0.23 -0.28 -0.31 -0.33 18112008 00
 -0.33 -0.34 -0.32 -0.24 -0.21 -0.22 -0.22 -0.22 -0.18 -0.18 -0.20 -0.24 18112008 12
 -0.21 -0.17 -0.09 -0.03 -0.03 -0.07 -0.07 -0.07 -0.03 -0.01 -0.06 -0.13 19112008 00
 -0.16 -0.12 -0.07 -0.06 -0.08 -0.09 -0.09 -0.11 -0.12 -0.09 -0.04 -0.00 19112008 12
 -0.03 -0.05 -0.03 -0.01  0.01  0.02 -0.01 -0.00  0.03  0.04  0.01 -0.05 20112008 00
 -0.10 -0.10 -0.06 -0.01  0.03  0.01 -0.04 -0.07 -0.06 -0.03  0.01  0.05 20112008 12
  0.07  0.09  0.15  0.21  0.21  0.16  0.10  0.06  0.03 -0.01 -0.06 -0.13 21112008 00
 -0.16 -0.15 -0.13 -0.17 -0.16 -0.11 -0.13 -0.18 -0.19 -0.18 -0.15 -0.12 21112008 12
 -0.10 -0.13 -0.13 -0.10 -0.11 -0.15 -0.16 -0.15 -0.14 -0.16 -0.18 -0.20 22112008 00
 -0.22 -0.25 -0.25 -0.29 -0.32 -0.32 -0.32 -0.29 -0.25 -0.23 -0.23 -0.23 22112008 12
 -0.21 -0.17 -0.12 -0.12 -0.13 -0.10 -0.02  0.16  0.39  0.54  0.49  0.43 23112008 00
  0.39  0.36  0.38  0.36  0.30  0.25  0.15 -0.02 -0.13 -0.20 -0.25 -0.23 23112008 12
 -0.18 -0.10 -0.06 -0.13 -0.26 -0.39 -0.44 -0.43 -0.43 -0.45 -0.48 -0.57 24112008 00
 -0.63 -0.64 -0.64 -0.64 -0.65 -0.68 -0.65 -0.60 -0.52 -0.40 -0.29 -0.26 24112008 12
 -0.24 -0.26 -0.23 -0.20 -0.20 -0.27 -0.33 -0.38 -0.39 -0.33 -0.27 -0.27 25112008 00
 -0.29 -0.32 -0.34 -0.31 -0.23 -0.20 -0.21 -0.17 -0.13 -0.08 -0.05 -0.05 25112008 12
 -0.07 -0.09 -0.11 -0.11 -0.11 -0.12 -0.15 -0.16 -0.14 -0.13 -0.10 -0.08 26112008 00
 -0.10 -0.10 -0.10 -0.10 -0.10 -0.11 -0.12 -0.11 -0.10 -0.09 -0.07 -0.03 26112008 12
  0.00  0.02  0.02  0.05  0.11  0.18  0.28  0.34  0.36  0.37  0.38  0.41 27112008 00
  0.44  0.38  0.34  0.36  0.32  0.22  0.11  0.03 -0.01  0.01  0.02  0.02 27112008 12
  0.03  0.04  0.04  0.07  0.10  0.11  0.13  0.14  0.14  0.12  0.11  0.10 28112008 00
  0.09  0.09  0.07  0.07  0.07  0.07  0.08  0.10  0.12  0.14  0.16  0.17 28112008 12
  0.17  0.15  0.14  0.13  0.12  0.11  0.10  0.10  0.12  0.12  0.13  0.12 29112008 00
  0.12  0.11  0.09  0.08  0.07  0.05  0.04  0.04  0.06  0.06  0.05  0.03 29112008 12
  0.02  0.02  0.01 -0.00 -0.01 -0.02 -0.03 -0.04 -0.01  0.02  0.04  0.05 30112008 00
  0.04  0.03  0.02  0.02  0.01 -0.00 -0.01 -0.02 -0.00  0.04  0.05  0.05 30112008 12
  0.04  0.03  0.02  0.01 -0.01 -0.02 -0.03 -0.04 -0.04 -0.02 -0.02 -0.02 01122008 00
  0.01  0.01 -0.01 -0.03 -0.04 -0.06 -0.09 -0.11 -0.12 -0.09 -0.04 -0.00 01122008 12
  0.01  0.04  0.10  0.13  0.17  0.22  0.25  0.23  0.18  0.19  0.24  0.28 02122008 00
  0.26  0.21  0.18  0.15  0.11  0.09  0.07  0.04  0.01  0.01  0.03  0.06 02122008 12
  0.08  0.09  0.09  0.09  0.05  0.00 -0.04 -0.06 -0.08 -0.12 -0.14 -0.12 03122008 00
 -0.08 -0.05 -0.00  0.02  0.01 -0.00 -0.01  0.00  0.02  0.04  0.08  0.16 03122008 12
  0.19  0.18  0.20  0.30  0.43  0.55  0.68  0.79  0.83  0.78  0.70  0.63 04122008 00
  0.52  0.45  0.42  0.34  0.28  0.21  0.17  0.17  0.18  0.18  0.21  0.28 04122008 12
  0.33  0.34  0.30  0.23  0.16  0.13  0.11  0.07  0.04 -0.01 -0.06 -0.07 05122008 00
 -0.09 -0.14 -0.12 -0.09 -0.09 -0.09 -0.04 -0.01  0.00 -0.04 -0.09 -0.15 05122008 12
 -0.21 -0.23 -0.26 -0.31 -0.36 -0.38 -0.38 -0.34 -0.29 -0.24 -0.19 -0.13 06122008 00
 -0.05  0.00  0.05  0.05  0.02 -0.04 -0.10 -0.13 -0.14 -0.15 -0.15 -0.14 06122008 12
 -0.11 -0.05 -0.00  0.00 -0.01 -0.02 -0.03 -0.02  0.01  0.03  0.04  0.05 07122008 00
  0.07  0.10  0.14  0.16  0.13  0.08  0.05  0.03  0.02  0.04  0.07  0.10 07122008 12
  0.12  0.16  0.22  0.26  0.25  0.20  0.13  0.08  0.05  0.04  0.04  0.06 08122008 00
  0.06  0.04  0.05  0.07  0.03 -0.02 -0.07 -0.14 -0.18 -0.19 -0.21 -0.20 08122008 12
 -0.20 -0.22 -0.23 -0.25 -0.26 -0.24 -0.21 -0.18 -0.12 -0.10 -0.12 -0.12 09122008 00
 -0.11 -0.11 -0.10 -0.11 -0.20 -0.27 -0.33 -0.38 -0.39 -0.38 -0.39 -0.39 09122008 12
 -0.39 -0.38 -0.32 -0.25 -0.22 -0.24 -0.22 -0.23 -0.20 -0.15 -0.13 -0.14 10122008 00
 -0.15 -0.17 -0.15 -0.13 -0.14 -0.20 -0.20 -0.23 -0.21 -0.18 -0.13 -0.12 10122008 12
 -0.09 -0.09 -0.07 -0.04 -0.03 -0.03 -0.03 -0.03 -0.04 -0.04 -0.05 -0.05 11122008 00
 -0.04 -0.03 -0.03 -0.03 -0.03 -0.03 -0.04 -0.04 -0.04 -0.04 -0.02 -0.01 11122008 12
 -0.01 -0.00 -0.01  0.00  0.01  0.00 -0.01 -0.00 -0.01 -0.02 -0.04 -0.04 12122008 00
 -0.03 -0.01  0.02  0.05  0.08  0.16  0.31  0.47  0.49  0.49  0.48  0.49 12122008 12
  0.48  0.54  0.50  0.49  0.43  0.35  0.28  0.18  0.13  0.14  0.16  0.15 13122008 00
  0.13  0.15  0.17  0.20  0.20  0.19  0.18  0.18  0.14  0.13  0.10  0.08 13122008 12
  0.07  0.05  0.08  0.08  0.10  0.09  0.07  0.05  0.05  0.04  0.04  0.03 14122008 00
  0.01  0.00  0.01  0.01  0.02  0.00 -0.03 -0.08 -0.13 -0.16 -0.16 -0.14 14122008 12
 -0.14 -0.12 -0.11 -0.12 -0.11 -0.11 -0.09 -0.10 -0.11 -0.11 -0.09 -0.09 15122008 00
 -0.09 -0.08 -0.06 -0.05 -0.05 -0.06 -0.05 -0.06 -0.05 -0.04 -0.02  0.01 15122008 12
  0.02  0.03  0.05  0.06  0.06  0.06  0.06  0.07  0.08  0.10  0.13  0.15 16122008 00
  0.17  0.18  0.18  0.20  0.19  0.21  0.23  0.21  0.16  0.13  0.15  0.18 16122008 12
  0.21  0.22  0.17  0.10  0.08  0.06  0.07  0.06  0.04  0.01 -0.01 -0.01 17122008 00
 -0.02  0.01  0.03  0.06  0.09  0.09  0.10  0.14  0.20  0.23  0.24  0.22 17122008 12
  0.22  0.23  0.25  0.24  0.19  0.19  0.15  0.17  0.17  0.15  0.16  0.17 18122008 00
  0.19  0.24  0.27  0.27  0.29  0.29  0.22  0.21  0.22  0.22  0.20  0.17 18122008 12
  0.09  0.05  0.08  0.07  0.04 -0.02 -0.09 -0.12 -0.12 -0.15 -0.17 -0.16 19122008 00
 -0.08  0.01  0.08  0.16  0.28  0.41  0.51  0.56  0.60  0.66  0.68  0.61 19122008 12
  0.50  0.39  0.34  0.27  0.16  0.02 -0.09 -0.15 -0.18 -0.21 -0.22 -0.23 20122008 00
 -0.20 -0.13 -0.09 -0.08 -0.08 -0.09 -0.11 -0.11 -0.10 -0.10 -0.07 -0.05 20122008 12
 -0.00  0.08  0.19  0.26  0.30  0.30  0.26  0.26  0.27  0.25  0.25  0.26 21122008 00
  0.24  0.18  0.11  0.04 -0.02 -0.04 -0.04 -0.04 -0.05 -0.09 -0.09 -0.08 21122008 12
 -0.07 -0.07 -0.08 -0.09 -0.12 -0.15 -0.18 -0.20 -0.20 -0.21 -0.23 -0.23 22122008 00
 -0.21 -0.19 -0.16 -0.12 -0.10 -0.08 -0.06 -0.04 -0.05 -0.05 -0.06 -0.08 22122008 12
 -0.08 -0.07 -0.08 -0.10 -0.13 -0.14 -0.15 -0.13 -0.12 -0.11 -0.09 -0.09 23122008 00
 -0.12 -0.13 -0.11 -0.10 -0.11 -0.12 -0.13 -0.14 -0.16 -0.17 -0.18 -0.21 23122008 12
 -0.21 -0.20 -0.19 -0.19 -0.21 -0.25 -0.25 -0.21 -0.18 -0.18 -0.18 -0.19 24122008 00
 -0.20 -0.21 -0.21 -0.20 -0.19 -0.19 -0.20 -0.21 -0.21 -0.19 -0.15 -0.15 24122008 12
 -0.16 -0.19 -0.21 -0.22 -0.22 -0.23 -0.24 -0.22 -0.21 -0.20 -0.17 -0.16 25122008 00
 -0.18 -0.19 -0.21 -0.21 -0.20 -0.20 -0.23 -0.25 -0.26 -0.26 -0.24 -0.23 25122008 12
 -0.25 -0.26 -0.28 -0.28 -0.27 -0.26 -0.27 -0.28 -0.29 -0.29 -0.27 -0.24 26122008 00
 -0.25 -0.26 -0.29 -0.30 -0.29 -0.28 -0.30 -0.34 -0.34 -0.34 -0.31 -0.28 26122008 12
 -0.25 -0.26 -0.28 -0.31 -0.31 -0.29 -0.28 -0.28 -0.28 -0.30 -0.31 -0.29 27122008 00
 -0.27 -0.28 -0.28 -0.31 -0.32 -0.31 -0.29 -0.28 -0.28 -0.28 -0.30 -0.27 27122008 12
 -0.24 -0.24 -0.25 -0.27 -0.27 -0.25 -0.23 -0.18 -0.16 -0.17 -0.19 -0.21 28122008 00
 -0.19 -0.17 -0.16 -0.18 -0.20 -0.22 -0.20 -0.17 -0.14 -0.13 -0.14 -0.14 28122008 12
 -0.13 -0.11 -0.13 -0.14 -0.16 -0.17 -0.17 -0.17 -0.16 -0.13 -0.13 -0.14 29122008 00
 -0.13 -0.12 -0.14 -0.13 -0.15 -0.17 -0.18 -0.18 -0.17 -0.16 -0.13 -0.14 29122008 12
 -0.12 -0.09 -0.09 -0.12 -0.15 -0.17 -0.16 -0.13 -0.09 -0.07 -0.07 -0.07 30122008 00
 -0.09 -0.09 -0.09 -0.10 -0.11 -0.13 -0.14 -0.12 -0.11 -0.08 -0.06 -0.08 30122008 12
 -0.08 -0.08 -0.09 -0.09 -0.10 -0.12 -0.12 -0.11 -0.08 -0.03 -0.02 -0.01 31122008 00
 -0.03 -0.03 -0.04 -0.06 -0.07 -0.09 -0.09 -0.09 -0.09 -0.05 -0.02 -0.01 31122008 12
