Parameter Z: CS3 Location ( 52, 86) Lat 53.500 Lon -3.417
 -1.39 -1.82 -1.97 -1.54 -0.63  0.44  1.28  1.66  1.58  1.10  0.37 -0.49 01012000 00
 -1.25 -1.67 -1.81 -1.54 -0.81  0.19  1.13  1.75  1.88  1.56  0.88  0.01 01012000 12
 -0.90 -1.53 -1.89 -1.92 -1.41 -0.42  0.71  1.60  2.04  1.96  1.41  0.58 02012000 00
 -0.42 -1.29 -1.80 -2.02 -1.82 -1.07  0.04  1.11  1.81  1.98  1.68  1.02 02012000 12
  0.18 -0.74 -1.36 -1.57 -1.37 -0.65  0.46  1.59  2.37  2.62  2.32  1.54 03012000 00
  0.53 -0.58 -1.41 -1.95 -2.18 -1.82 -0.87  0.37  1.48  2.10  2.12  1.59 03012000 12
  0.65 -0.45 -1.46 -2.07 -2.32 -2.06 -1.16  0.18  1.46  2.34  2.64  2.34 04012000 00
  1.56  0.58 -0.48 -1.24 -1.66 -1.72 -1.17  0.02  1.31  2.30  2.64  2.35 04012000 12
  1.48  0.34 -0.93 -1.88 -2.40 -2.47 -1.83 -0.50  1.05  2.26  2.95  3.00 05012000 00
  2.41  1.45  0.22 -0.92 -1.64 -1.93 -1.62 -0.53  0.96  2.30  3.11  3.21 05012000 12
  2.63  1.57  0.26 -0.98 -1.78 -2.18 -2.02 -1.02  0.47  1.90  2.92  3.23 06012000 00
  2.78  1.73  0.41 -0.99 -2.01 -2.64 -2.84 -2.30 -0.94  0.70  1.99  2.64 06012000 12
  2.56  1.77  0.62 -0.68 -1.76 -2.30 -2.38 -1.80 -0.47  1.20  2.59  3.41 07012000 00
  3.50  2.82  1.70  0.25 -1.04 -1.85 -2.26 -2.08 -0.99  0.65  2.19  3.12 07012000 12
  3.29  2.72  1.60  0.20 -1.21 -2.13 -2.60 -2.50 -1.55  0.03  1.68  2.89 08012000 00
  3.39  3.11  2.10  0.76 -0.77 -1.87 -2.52 -2.77 -2.30 -0.95  0.79  2.20 08012000 12
  2.93  2.89  2.01  0.74 -0.68 -1.92 -2.62 -2.88 -2.48 -1.20  0.57  2.06 09012000 00
  2.96  3.11  2.40  1.17 -0.28 -1.70 -2.60 -3.08 -3.01 -2.07 -0.41  1.23 09012000 12
  2.35  2.81  2.39  1.30  0.02 -1.37 -2.38 -2.84 -2.76 -1.92 -0.34  1.38 10012000 00
  2.63  3.24  3.07  2.15  0.89 -0.59 -1.80 -2.50 -2.81 -2.44 -1.20  0.45 10012000 12
  1.86  2.65  2.70  1.97  0.80 -0.53 -1.78 -2.52 -2.80 -2.49 -1.36  0.29 11012000 00
  1.80  2.77  3.05  2.55  1.47  0.17 -1.20 -2.10 -2.53 -2.47 -1.69 -0.28 11012000 12
  1.26  2.41  2.87  2.66  1.81  0.66 -0.69 -1.71 -2.25 -2.40 -1.88 -0.61 12012000 00
  0.94  2.19  2.86  2.81  2.07  0.98 -0.33 -1.53 -2.28 -2.67 -2.55 -1.66 12012000 12
 -0.23  1.18  2.11  2.39  1.98  1.06 -0.02 -1.17 -1.99 -2.36 -2.29 -1.60 13012000 00
 -0.33  1.07  2.11  2.58  2.35  1.50  0.40 -0.85 -1.89 -2.52 -2.81 -2.57 13012000 12
 -1.60 -0.21  1.02  1.78  1.96  1.51  0.61 -0.43 -1.46 -2.16 -2.47 -2.37 14012000 00
 -1.69 -0.44  0.89  1.80  2.17  1.87  1.05  0.03 -1.09 -2.02 -2.57 -2.78 14012000 12
 -2.52 -1.64 -0.36  0.78  1.55  1.74  1.31  0.50 -0.44 -1.38 -2.04 -2.33 15012000 00
 -2.24 -1.66 -0.57  0.65  1.54  1.96  1.78  1.11  0.16 -0.89 -1.79 -2.34 15012000 12
 -2.60 -2.43 -1.66 -0.43  0.76  1.56  1.83  1.55  0.84 -0.06 -1.03 -1.80 16012000 00
 -2.20 -2.25 -1.83 -0.87  0.38  1.39  1.95  1.90  1.36  0.48 -0.55 -1.56 16012000 12
 -2.23 -2.61 -2.59 -1.94 -0.72  0.61  1.59  2.05  1.89  1.25  0.31 -0.77 17012000 00
 -1.70 -2.25 -2.47 -2.19 -1.28  0.07  1.28  2.05  2.22  1.77  0.84 -0.28 17012000 12
 -1.44 -2.27 -2.77 -2.85 -2.26 -0.97  0.54  1.72  2.34  2.27  1.57  0.50 18012000 00
 -0.72 -1.83 -2.55 -2.88 -2.67 -1.70 -0.19  1.28  2.25  2.60  2.18  1.15 18012000 12
 -0.10 -1.43 -2.43 -2.99 -3.08 -2.43 -0.96  0.77  2.09  2.81  2.76  1.91 19012000 00
  0.67 -0.77 -2.07 -2.89 -3.29 -3.08 -1.94 -0.15  1.52  2.60  2.97  2.45 19012000 12
  1.27 -0.12 -1.61 -2.68 -3.27 -3.33 -2.51 -0.78  1.14  2.54  3.27  3.11 20012000 00
  2.05  0.66 -0.97 -2.32 -3.19 -3.60 -3.28 -1.90  0.13  1.89  2.93  3.24 20012000 12
  2.55  1.15 -0.41 -1.99 -3.04 -3.60 -3.55 -2.47 -0.48  1.55  2.94  3.55 21012000 00
  3.21  1.94  0.38 -1.37 -2.71 -3.53 -3.84 -3.30 -1.59  0.62  2.37  3.35 21012000 12
  3.50  2.60  1.13 -0.52 -2.06 -3.00 -3.43 -3.21 -1.84  0.37  2.32  3.52 22012000 00
  3.96  3.29  1.81  0.08 -1.73 -2.98 -3.75 -4.01 -3.34 -1.42  0.83  2.54 22012000 12
  3.35  3.31  2.16  0.57 -1.11 -2.56 -3.41 -3.71 -3.18 -1.52  0.74  2.55 23012000 00
  3.57  3.75  2.85  1.33 -0.42 -2.08 -3.18 -3.81 -3.81 -2.70 -0.61  1.53 23012000 12
  2.92  3.48  3.08  1.75  0.20 -1.50 -2.76 -3.45 -3.55 -2.73 -0.86  1.27 24012000 00
  2.79  3.58  3.47  2.36  0.86 -0.87 -2.32 -3.24 -3.70 -3.44 -2.10 -0.05 24012000 12
  1.79  2.88  3.20  2.55  1.18 -0.31 -1.85 -2.86 -3.35 -3.23 -2.16 -0.27 25012000 00
  1.59  2.85  3.40  3.02  1.83  0.40 -1.21 -2.42 -3.13 -3.38 -2.89 -1.44 25012000 12
  0.44  1.91  2.72  2.79  1.96  0.70 -0.68 -1.97 -2.74 -3.04 -2.71 -1.53 26012000 00
  0.21  1.74  2.72  3.00  2.44  1.32 -0.02 -1.40 -2.34 -2.86 -2.94 -2.30 26012000 12
 -0.91  0.67  1.85  2.43  2.27  1.46  0.36 -0.86 -1.89 -2.43 -2.55 -2.11 27012000 00
 -0.99  0.49  1.73  2.47  2.54  1.95  0.95 -0.21 -1.33 -2.04 -2.40 -2.36 27012000 12
 -1.66 -0.42  0.88  1.81  2.21  1.98  1.28  0.39 -0.61 -1.37 -1.71 -1.72 28012000 00
 -1.19 -0.08  1.15  2.10  2.58  2.54  1.99  1.18  0.17 -0.73 -1.34 -1.67 28012000 12
 -1.62 -0.98  0.02  1.03  1.81  2.15  2.08  1.60  0.89  0.06 -0.50 -0.83 29012000 00
 -1.01 -0.74 -0.02  0.90  1.69  2.08  2.08  1.62  0.83 -0.03 -0.75 -1.21 29012000 12
 -1.52 -1.53 -1.04 -0.21  0.63  1.31  1.62  1.59  1.25  0.68 -0.04 -0.66 30012000 00
 -1.02 -1.11 -0.89 -0.25  0.66  1.45  1.96  2.06  1.80  1.31  0.60 -0.16 30012000 12
 -0.71 -1.02 -1.08 -0.78 -0.17  0.56  1.18  1.51  1.50  1.16  0.53 -0.24 31012000 00
 -0.93 -1.40 -1.63 -1.51 -0.93 -0.09  0.77  1.38  1.66  1.57  1.16  0.52 31012000 12
 -0.27 -0.90 -1.26 -1.36 -1.04 -0.24  0.70  1.57  2.04  2.09  1.75  1.11 01022000 00
  0.25 -0.57 -1.14 -1.49 -1.51 -1.00 -0.09  0.85  1.58  1.81  1.60  0.97 01022000 12
  0.14 -0.79 -1.51 -1.91 -1.98 -1.53 -0.60  0.58  1.59  2.14  2.17  1.67 02022000 00
  0.84 -0.13 -1.06 -1.65 -1.94 -1.81 -1.05  0.09  1.21  1.98  2.13  1.74 02022000 12
  0.89 -0.16 -1.24 -1.98 -2.34 -2.28 -1.61 -0.40  0.92  1.90  2.36  2.17 03022000 00
  1.43  0.41 -0.76 -1.72 -2.26 -2.40 -1.95 -0.83  0.60  1.79  2.44  2.42 03022000 12
  1.77  0.73 -0.47 -1.58 -2.23 -2.45 -2.09 -1.01  0.49  1.83  2.69  2.87 04022000 00
  2.34  1.31  0.03 -1.25 -2.09 -2.53 -2.49 -1.66 -0.20  1.31  2.39  2.80 04022000 12
  2.46  1.50  0.27 -1.09 -2.08 -2.61 -2.64 -1.90 -0.43  1.23  2.48  3.10 05022000 00
  2.95  2.06  0.82 -0.63 -1.83 -2.54 -2.82 -2.40 -1.10  0.64  2.14  3.01 05022000 12
  3.10  2.36  1.12 -0.32 -1.68 -2.53 -2.93 -2.67 -1.47  0.31  1.94  2.98 06022000 00
  3.33  2.80  1.66  0.27 -1.21 -2.18 -2.60 -2.42 -1.42  0.27  2.01  3.25 06022000 12
  3.73  3.30  2.10  0.59 -1.02 -2.18 -2.87 -3.05 -2.38 -0.77  1.12  2.65 07022000 00
  3.53  3.58  2.80  1.59  0.05 -1.28 -2.13 -2.54 -2.32 -1.06  0.82  2.47 07022000 12
  3.42  3.52  2.74  1.42 -0.15 -1.61 -2.53 -2.97 -2.71 -1.39  0.58  2.42 08022000 00
  3.59  4.00  3.42  2.22  0.71 -0.86 -1.92 -2.53 -2.74 -2.01 -0.23  1.72 08022000 12
  3.12  3.73  3.45  2.38  1.04 -0.58 -1.83 -2.59 -2.87 -2.41 -0.99  0.89 09022000 00
  2.46  3.33  3.36  2.49  1.18 -0.35 -1.73 -2.56 -2.93 -2.64 -1.40  0.42 09022000 12
  2.09  3.16  3.51  3.03  1.97  0.69 -0.60 -1.38 -1.87 -2.00 -1.12  0.56 10022000 00
  2.17  3.28  3.64  3.14  1.95  0.46 -1.09 -2.17 -2.86 -3.12 -2.57 -1.12 10022000 12
  0.64  2.06  2.82  2.84  2.08  0.92 -0.45 -1.68 -2.39 -2.66 -2.36 -1.24 11022000 00
  0.42  1.94  2.90  3.13  2.58  1.48  0.17 -1.17 -2.05 -2.51 -2.55 -1.80 11022000 12
 -0.35  1.27  2.51  3.09  2.93  2.13  1.00 -0.27 -1.24 -1.81 -2.05 -1.72 12022000 00
 -0.65  0.79  2.03  2.67  2.67  2.07  1.16  0.01 -1.12 -1.86 -2.25 -2.23 12022000 12
 -1.48 -0.19  1.15  2.11  2.49  2.25  1.46  0.48 -0.65 -1.50 -2.00 -2.22 13022000 00
 -1.89 -0.89  0.44  1.57  2.22  2.28  1.79  0.92 -0.14 -1.17 -1.86 -2.25 13022000 12
 -2.29 -1.73 -0.64  0.60  1.57  2.05  1.97  1.44  0.64 -0.30 -1.12 -1.56 14022000 00
 -1.72 -1.46 -0.63  0.53  1.59  2.25  2.39  2.04  1.35  0.39 -0.65 -1.44 14022000 12
 -1.97 -2.23 -1.95 -1.06  0.13  1.22  1.88  2.06  1.74  1.01  0.08 -0.89 15022000 00
 -1.58 -1.95 -1.99 -1.44 -0.33  0.98  2.05  2.62  2.62  2.07  1.18  0.09 15022000 12
 -0.90 -1.58 -1.96 -1.94 -1.21  0.02  1.29  2.22  2.56  2.34  1.63  0.67 16022000 00
 -0.48 -1.38 -1.95 -2.21 -1.90 -0.87  0.51  1.77  2.57  2.73  2.24  1.30 16022000 12
  0.13 -1.12 -2.00 -2.49 -2.53 -1.82 -0.43  1.12  2.29  2.84  2.67  1.83 17022000 00
  0.66 -0.71 -1.86 -2.56 -2.87 -2.55 -1.32  0.40  1.91  2.87  3.14  2.64 17022000 12
  1.60  0.31 -1.09 -2.05 -2.58 -2.60 -1.74 -0.09  1.70  2.98  3.51  3.20 18022000 00
  2.15  0.80 -0.75 -1.93 -2.66 -2.97 -2.52 -1.04  0.87  2.46  3.37  3.44 18022000 12
  2.60  1.27 -0.32 -1.81 -2.77 -3.29 -3.17 -1.98 -0.01  1.87  3.12  3.60 19022000 00
  3.06  1.75  0.18 -1.52 -2.75 -3.49 -3.71 -3.02 -1.19  0.94  2.53  3.37 19022000 12
  3.30  2.24  0.73 -0.95 -2.41 -3.29 -3.65 -3.19 -1.61  0.60  2.44  3.50 20022000 00
  3.74  2.92  1.44 -0.27 -1.94 -3.04 -3.66 -3.67 -2.56 -0.43  1.71  3.13 20022000 12
  3.72  3.33  2.01  0.44 -1.32 -2.62 -3.36 -3.54 -2.75 -0.83  1.42  2.99 21022000 00
  3.79  3.66  2.48  0.94 -0.88 -2.38 -3.33 -3.82 -3.52 -2.05  0.15  2.07 21022000 12
  3.17  3.48  2.73  1.25 -0.37 -2.01 -3.07 -3.59 -3.43 -2.15 -0.03  2.01 22022000 00
  3.31  3.84  3.37  2.06  0.48 -1.28 -2.53 -3.25 -3.49 -2.83 -1.06  1.07 22022000 12
  2.62  3.40  3.30  2.20  0.74 -0.90 -2.30 -3.12 -3.43 -2.95 -1.38  0.71 23022000 00
  2.43  3.41  3.60  2.82  1.50 -0.05 -1.55 -2.50 -2.98 -2.88 -1.78  0.01 23022000 12
  1.76  2.92  3.37  2.88  1.67  0.22 -1.33 -2.39 -2.95 -3.02 -2.26 -0.63 24022000 00
  1.20  2.53  3.20  3.03  2.05  0.78 -0.70 -1.88 -2.57 -2.84 -2.47 -1.22 24022000 12
  0.48  1.90  2.73  2.81  2.11  0.97 -0.33 -1.57 -2.30 -2.62 -2.42 -1.45 25022000 00
  0.07  1.52  2.49  2.81  2.37  1.37  0.17 -1.12 -2.01 -2.46 -2.52 -1.95 25022000 12
 -0.72  0.70  1.78  2.32  2.19  1.49  0.50 -0.61 -1.54 -2.02 -2.15 -1.81 26022000 00
 -0.89  0.39  1.49  2.15  2.23  1.75  0.92 -0.06 -1.03 -1.62 -1.87 -1.73 26022000 12
 -1.04  0.06  1.17  1.94  2.25  2.11  1.57  0.80 -0.12 -0.77 -1.07 -1.07 27022000 00
 -0.64  0.16  1.01  1.70  2.06  1.94  1.47  0.78 -0.08 -0.84 -1.38 -1.66 27022000 12
 -1.59 -1.00 -0.11  0.80  1.44  1.72  1.70  1.32  0.73  0.04 -0.50 -0.78 28022000 00
 -0.91 -0.76 -0.23  0.47  1.08  1.44  1.45  1.16  0.69  0.10 -0.49 -0.95 28022000 12
 -1.22 -1.21 -0.82 -0.12  0.66  1.31  1.63  1.68  1.43  0.95  0.30 -0.33 29022000 00
 -0.77 -1.06 -1.10 -0.75 -0.09  0.60  1.12  1.35  1.31  0.98  0.48 -0.14 29022000 12
 -0.70 -1.09 -1.27 -1.12 -0.55  0.20  0.94  1.43  1.58  1.42  0.95  0.30 01032000 00
 -0.40 -1.00 -1.36 -1.44 -1.18 -0.54  0.25  1.00  1.38  1.40  1.06  0.46 01032000 12
 -0.30 -1.04 -1.53 -1.75 -1.58 -0.91  0.07  1.05  1.77  2.09  2.01  1.51 02032000 00
  0.74 -0.15 -0.88 -1.32 -1.42 -1.04 -0.13  0.96  1.87  2.34  2.31  1.80 02032000 12
  0.99 -0.00 -0.86 -1.40 -1.61 -1.39 -0.56  0.57  1.62  2.26  2.34  1.89 03032000 00
  1.05 -0.06 -1.16 -1.92 -2.33 -2.28 -1.59 -0.38  0.96  1.97  2.38  2.14 03032000 12
  1.35  0.30 -0.88 -1.82 -2.31 -2.39 -1.84 -0.62  0.85  2.00  2.62  2.52 04032000 00
  1.72  0.58 -0.73 -1.87 -2.55 -2.83 -2.49 -1.33  0.26  1.66  2.53  2.68 04032000 12
  2.06  0.94 -0.38 -1.69 -2.54 -2.91 -2.69 -1.67 -0.02  1.58  2.62  3.00 05032000 00
  2.56  1.47  0.15 -1.30 -2.35 -2.89 -2.90 -2.08 -0.46  1.30  2.59  3.19 05032000 12
  2.97  1.93  0.59 -0.94 -2.15 -2.83 -3.03 -2.44 -0.89  1.01  2.49  3.29 06032000 00
  3.27  2.35  1.00 -0.58 -1.98 -2.84 -3.23 -2.93 -1.61  0.34  2.08  3.16 06032000 12
  3.42  2.73  1.40 -0.15 -1.68 -2.67 -3.15 -2.97 -1.78  0.18  2.07  3.29 07032000 00
  3.76  3.24  1.94  0.38 -1.32 -2.51 -3.21 -3.40 -2.66 -0.88  1.21  2.73 07032000 12
  3.51  3.40  2.32  0.90 -0.74 -2.09 -2.86 -3.12 -2.54 -0.89  1.21  2.89 08032000 00
  3.80  3.84  2.85  1.43 -0.32 -1.84 -2.82 -3.35 -3.24 -1.99  0.07  2.00 08032000 12
  3.25  3.66  3.05  1.72  0.19 -1.46 -2.56 -3.15 -3.20 -2.22 -0.28  1.75 09032000 00
  3.10  3.68  3.29  2.01  0.49 -1.25 -2.54 -3.30 -3.59 -3.05 -1.43  0.67 09032000 12
  2.28  3.15  3.20  2.25  0.82 -0.75 -2.18 -3.03 -3.37 -2.99 -1.58  0.43 10032000 00
  2.18  3.24  3.54  2.82  1.49 -0.02 -1.55 -2.56 -3.11 -3.14 -2.23 -0.46 10032000 12
  1.40  2.66  3.21  2.87  1.73  0.38 -1.16 -2.31 -2.94 -3.10 -2.51 -1.00 11032000 00
  0.85  2.28  3.04  3.03  2.15  0.88 -0.59 -1.88 -2.68 -3.06 -2.87 -1.79 11032000 12
 -0.08  1.49  2.51  2.83  2.32  1.24 -0.02 -1.37 -2.29 -2.75 -2.75 -2.04 12032000 00
 -0.60  0.97  2.13  2.70  2.51  1.68  0.56 -0.72 -1.79 -2.40 -2.65 -2.35 12032000 12
 -1.33  0.13  1.42  2.22  2.39  1.92  1.00 -0.09 -1.22 -1.99 -2.39 -2.39 13032000 00
 -1.77 -0.58  0.77  1.77  2.27  2.14  1.49  0.59 -0.46 -1.35 -1.86 -2.12 13032000 12
 -1.97 -1.20 -0.02  1.12  1.89  2.10  1.80  1.09  0.20 -0.78 -1.49 -1.92 14032000 00
 -2.09 -1.77 -0.89  0.27  1.25  1.81  1.90  1.53  0.81 -0.06 -0.97 -1.61 14032000 12
 -2.01 -2.11 -1.68 -0.75  0.37  1.28  1.75  1.73  1.31  0.58 -0.33 -1.21 15032000 00
 -1.77 -2.08 -2.05 -1.48 -0.45  0.69  1.55  1.93  1.82  1.28  0.45 -0.53 15032000 12
 -1.41 -1.97 -2.26 -2.10 -1.35 -0.16  0.99  1.77  2.04  1.77  1.06  0.10 16032000 00
 -0.97 -1.82 -2.34 -2.52 -2.13 -1.11  0.25  1.41  2.11  2.19  1.70  0.78 16032000 12
 -0.32 -1.43 -2.18 -2.59 -2.51 -1.72 -0.35  1.08  2.11  2.55  2.28  1.42 17032000 00
  0.27 -1.03 -2.09 -2.73 -2.97 -2.60 -1.41  0.22  1.62  2.46  2.60  1.97 17032000 12
  0.85 -0.46 -1.76 -2.61 -3.02 -2.87 -1.89 -0.23  1.39  2.49  2.93  2.52 18032000 00
  1.41  0.05 -1.45 -2.58 -3.24 -3.42 -2.82 -1.29  0.59  2.03  2.85  2.88 18032000 12
  1.99  0.65 -0.85 -2.22 -3.05 -3.38 -3.01 -1.63  0.31  2.02  3.03  3.30 19032000 00
  2.58  1.24 -0.32 -1.89 -2.96 -3.56 -3.58 -2.62 -0.71  1.26  2.63  3.22 19032000 12
  2.91  1.70  0.20 -1.44 -2.70 -3.41 -3.55 -2.80 -1.03  1.10  2.64  3.47 20032000 00
  3.40  2.34  0.85 -0.87 -2.36 -3.29 -3.75 -3.46 -2.04  0.11  1.99  3.10 20032000 12
  3.42  2.70  1.23 -0.38 -2.00 -3.06 -3.58 -3.46 -2.25 -0.15  1.88  3.19 21032000 00
  3.72  3.24  1.88  0.28 -1.47 -2.74 -3.47 -3.68 -2.94 -1.08  1.08  2.65 21032000 12
  3.43  3.32  2.19  0.67 -1.02 -2.44 -3.27 -3.57 -3.05 -1.42  0.77  2.50 22032000 00
  3.47  3.63  2.72  1.27 -0.40 -1.97 -2.97 -3.49 -3.36 -2.15 -0.12  1.82 22032000 12
  3.04  3.46  2.86  1.49 -0.03 -1.67 -2.79 -3.37 -3.37 -2.42 -0.52  1.44 23032000 00
  2.81  3.47  3.20  2.05  0.61 -1.05 -2.34 -3.05 -3.23 -2.60 -1.00  0.95 23032000 12
  2.47  3.28  3.28  2.38  1.06 -0.47 -1.82 -2.62 -2.96 -2.63 -1.32  0.56 24032000 00
  2.17  3.17  3.38  2.70  1.52  0.10 -1.32 -2.22 -2.68 -2.60 -1.65 -0.02 24032000 12
  1.60  2.70  3.08  2.66  1.62  0.36 -1.03 -2.02 -2.55 -2.62 -1.98 -0.59 25032000 00
  1.02  2.23  2.84  2.69  1.87  0.75 -0.54 -1.61 -2.20 -2.42 -2.06 -0.97 25032000 12
  0.52  1.79  2.52  2.58  2.00  1.01 -0.15 -1.27 -1.97 -2.28 -2.13 -1.33 26032000 00
 -0.07  1.20  2.05  2.31  1.95  1.13  0.14 -0.93 -1.69 -2.07 -2.12 -1.64 26032000 12
 -0.63  0.56  1.49  1.94  1.82  1.22  0.36 -0.59 -1.41 -1.84 -1.99 -1.75 27032000 00
 -1.00  0.07  1.02  1.59  1.63  1.22  0.50 -0.33 -1.15 -1.66 -1.90 -1.84 27032000 12
 -1.36 -0.50  0.45  1.16  1.47  1.36  0.93  0.28 -0.47 -1.10 -1.46 -1.61 28032000 00
 -1.46 -0.95 -0.17  0.58  1.03  1.08  0.83  0.35 -0.25 -0.87 -1.31 -1.51 28032000 12
 -1.48 -1.15 -0.52  0.24  0.85  1.17  1.17  0.90  0.39 -0.22 -0.81 -1.22 29032000 00
 -1.44 -1.45 -1.11 -0.50  0.20  0.73  0.95  0.91  0.64  0.17 -0.40 -0.92 29032000 12
 -1.22 -1.34 -1.22 -0.76 -0.08  0.62  1.10  1.27  1.16  0.79  0.20 -0.47 30032000 00
 -1.02 -1.38 -1.52 -1.30 -0.72  0.04  0.77  1.22  1.36  1.17  0.71  0.04 30032000 12
 -0.67 -1.19 -1.45 -1.45 -1.03 -0.26  0.62  1.34  1.66  1.62  1.20  0.51 31032000 00
 -0.34 -1.09 -1.56 -1.76 -1.56 -0.84  0.17  1.14  1.78  1.94  1.66  1.00 31032000 12
  0.14 -0.80 -1.45 -1.76 -1.72 -1.12 -0.08  1.06  1.92  2.27  2.09  1.43 01042000 00
  0.49 -0.59 -1.48 -1.99 -2.15 -1.73 -0.69  0.64  1.77  2.41  2.44  1.88 01042000 12
  0.93 -0.21 -1.29 -1.96 -2.25 -2.01 -1.04  0.36  1.68  2.52  2.71  2.22 02042000 00
  1.22 -0.00 -1.28 -2.16 -2.63 -2.62 -1.84 -0.38  1.17  2.30  2.82  2.54 02042000 12
  1.57  0.31 -1.09 -2.19 -2.78 -2.91 -2.39 -1.03  0.66  1.97  2.66  2.59 03042000 00
  1.65  0.29 -1.17 -2.47 -3.25 -3.56 -3.25 -1.98 -0.04  1.63  2.64  2.95 03042000 12
  2.29  0.94 -0.50 -1.93 -2.86 -3.31 -3.19 -2.15 -0.32  1.52  2.74  3.24 04042000 00
  2.78  1.50  0.00 -1.61 -2.78 -3.42 -3.54 -2.77 -0.96  1.10  2.61  3.38 04042000 12
  3.25  2.15  0.67 -0.98 -2.35 -3.15 -3.43 -2.88 -1.26  0.89  2.60  3.54 05042000 00
  3.62  2.66  1.18 -0.54 -2.12 -3.13 -3.65 -3.49 -2.18 -0.06  1.95  3.19 05042000 12
  3.62  3.01  1.57 -0.05 -1.76 -2.94 -3.57 -3.59 -2.57 -0.50  1.63  3.09 06042000 00
  3.74  3.40  2.09  0.50 -1.30 -2.68 -3.50 -3.81 -3.25 -1.50  0.75  2.49 06042000 12
  3.43  3.49  2.47  0.92 -0.79 -2.35 -3.31 -3.74 -3.42 -1.97  0.23  2.19 07042000 00
  3.34  3.70  2.99  1.52 -0.12 -1.81 -2.95 -3.58 -3.62 -2.64 -0.62  1.47 07042000 12
  2.90  3.52  3.20  1.93  0.39 -1.31 -2.61 -3.36 -3.58 -2.95 -1.26  0.88 08042000 00
  2.49  3.36  3.39  2.43  0.98 -0.66 -2.12 -3.02 -3.45 -3.22 -1.93  0.03 08042000 12
  1.84  2.95  3.30  2.67  1.34 -0.14 -1.69 -2.74 -3.31 -3.36 -2.52 -0.77 09042000 00
  1.10  2.43  3.08  2.86  1.81  0.48 -1.02 -2.23 -2.94 -3.19 -2.79 -1.47 09042000 12
  0.31  1.80  2.65  2.79  2.08  0.88 -0.45 -1.73 -2.54 -2.93 -2.81 -1.90 10042000 00
 -0.35  1.23  2.31  2.78  2.47  1.53  0.37 -0.91 -1.88 -2.39 -2.52 -2.02 10042000 12
 -0.83  0.66  1.87  2.58  2.62  2.02  1.04 -0.12 -1.21 -1.89 -2.26 -2.21 11042000 00
 -1.49 -0.24  1.07  2.03  2.42  2.22  1.52  0.60 -0.46 -1.31 -1.78 -1.97 11042000 12
 -1.69 -0.80  0.40  1.46  2.13  2.26  1.87  1.12  0.15 -0.87 -1.57 -1.98 12042000 00
 -2.09 -1.64 -0.65  0.52  1.48  2.03  2.03  1.63  0.91  0.02 -0.84 -1.42 12042000 12
 -1.77 -1.80 -1.27 -0.29  0.79  1.62  1.99  1.88  1.37  0.57 -0.39 -1.25 13042000 00
 -1.82 -2.13 -2.01 -1.29 -0.17  0.96  1.77  2.10  1.94  1.37  0.55 -0.40 13042000 12
 -1.20 -1.69 -1.91 -1.65 -0.79  0.40  1.46  2.11  2.23  1.82  1.03  0.02 14042000 00
 -1.07 -1.86 -2.32 -2.41 -1.87 -0.72  0.65  1.74  2.32  2.29  1.72  0.81 14042000 12
 -0.30 -1.34 -1.97 -2.24 -2.01 -1.08  0.33  1.67  2.55  2.79  2.36  1.42 15042000 00
  0.23 -1.05 -1.95 -2.48 -2.59 -1.98 -0.62  0.96  2.19  2.83  2.77  2.03 15042000 12
  0.93 -0.39 -1.55 -2.23 -2.47 -2.08 -0.87  0.76  2.18  3.04  3.19  2.54 16042000 00
  1.41  0.01 -1.38 -2.30 -2.82 -2.81 -1.89 -0.23  1.48  2.67  3.19  2.87 16042000 12
  1.84  0.55 -0.93 -2.06 -2.67 -2.82 -2.20 -0.64  1.24  2.68  3.45  3.40 17042000 00
  2.46  1.15 -0.39 -1.72 -2.53 -2.92 -2.62 -1.32  0.58  2.25  3.29  3.52 17042000 12
  2.82  1.57  0.04 -1.48 -2.46 -2.95 -2.86 -1.79  0.07  1.91  3.13  3.63 18042000 00
  3.18  1.96  0.48 -1.17 -2.35 -3.04 -3.20 -2.49 -0.79  1.21  2.69  3.45 18042000 12
  3.34  2.28  0.86 -0.77 -2.13 -2.93 -3.24 -2.77 -1.22  0.81  2.49  3.43 19042000 00
  3.58  2.73  1.37 -0.23 -1.75 -2.69 -3.15 -2.96 -1.72  0.23  2.02  3.19 19042000 12
  3.62  3.09  1.86  0.35 -1.28 -2.37 -2.91 -2.89 -1.90 -0.05  1.88  3.19 20042000 00
  3.78  3.44  2.29  0.87 -0.79 -2.01 -2.71 -2.93 -2.29 -0.62  1.35  2.84 20042000 12
  3.62  3.54  2.57  1.23 -0.39 -1.77 -2.59 -2.98 -2.65 -1.25  0.68  2.32 21042000 00
  3.31  3.48  2.74  1.49 -0.01 -1.48 -2.40 -2.86 -2.72 -1.61  0.17  1.89 21042000 12
  3.00  3.41  2.91  1.77  0.37 -1.16 -2.22 -2.80 -2.89 -2.15 -0.56  1.22 22042000 00
  2.51  3.13  2.93  1.95  0.69 -0.76 -1.91 -2.54 -2.72 -2.21 -0.84  0.88 22042000 12
  2.26  3.04  3.04  2.24  1.07 -0.30 -1.55 -2.31 -2.66 -2.45 -1.42  0.16 23042000 00
  1.62  2.54  2.78  2.28  1.24  0.02 -1.24 -2.07 -2.45 -2.34 -1.52 -0.12 23042000 12
  1.32  2.33  2.76  2.47  1.61  0.51 -0.74 -1.68 -2.18 -2.32 -1.87 -0.76 24042000 00
  0.63  1.75  2.35  2.29  1.62  0.66 -0.43 -1.41 -1.97 -2.16 -1.89 -1.04 24042000 12
  0.20  1.34  2.06  2.21  1.80  0.98  0.02 -0.97 -1.64 -1.98 -1.96 -1.39 25042000 00
 -0.35  0.80  1.65  2.00  1.78  1.15  0.35 -0.56 -1.30 -1.68 -1.76 -1.42 25042000 12
 -0.63  0.38  1.25  1.73  1.74  1.33  0.65 -0.16 -0.95 -1.46 -1.71 -1.68 26042000 00
 -1.16 -0.27  0.64  1.29  1.52  1.37  0.92  0.31 -0.42 -0.99 -1.28 -1.33 26042000 12
 -1.07 -0.42  0.41  1.15  1.53  1.55  1.23  0.69 -0.01 -0.72 -1.21 -1.50 27042000 00
 -1.52 -1.11 -0.37  0.44  1.04  1.30  1.28  0.99  0.50 -0.12 -0.70 -1.07 27042000 12
 -1.24 -1.15 -0.64  0.08  0.81  1.31  1.45  1.28  0.86  0.24 -0.47 -1.06 28042000 00
 -1.43 -1.58 -1.34 -0.68  0.15  0.92  1.38  1.50  1.31  0.85  0.20 -0.51 28042000 12
 -1.04 -1.35 -1.40 -1.02 -0.25  0.62  1.34  1.64  1.57  1.13  0.44 -0.39 29042000 00
 -1.14 -1.64 -1.89 -1.72 -1.03 -0.02  0.97  1.63  1.86  1.65  1.06  0.23 29042000 12
 -0.69 -1.39 -1.77 -1.83 -1.38 -0.45  0.68  1.58  2.01  1.90  1.29  0.40 30042000 00
 -0.66 -1.59 -2.16 -2.40 -2.14 -1.27  0.03  1.25  2.04  2.25  1.87  1.03 30042000 12
 -0.03 -1.15 -1.94 -2.32 -2.27 -1.57 -0.30  1.07  2.06  2.47  2.18  1.31 01052000 00
  0.17 -1.10 -2.11 -2.68 -2.84 -2.37 -1.11  0.51  1.83  2.61  2.63  1.93 01052000 12
  0.79 -0.54 -1.78 -2.55 -2.87 -2.59 -1.49  0.16  1.69  2.64  2.90  2.32 02052000 00
  1.13 -0.27 -1.70 -2.69 -3.22 -3.22 -2.37 -0.67  1.15  2.46  3.07  2.80 02052000 12
  1.70  0.34 -1.19 -2.42 -3.11 -3.30 -2.71 -1.15  0.82  2.33  3.15  3.15 03052000 00
  2.18  0.76 -0.85 -2.29 -3.21 -3.64 -3.38 -2.07 -0.01  1.88  3.01  3.37 03052000 12
  2.73  1.34 -0.21 -1.84 -2.95 -3.54 -3.53 -2.51 -0.50  1.54  2.93  3.54 04052000 00
  3.19  1.88  0.32 -1.44 -2.77 -3.57 -3.82 -3.20 -1.41  0.82  2.54  3.46 04052000 12
  3.51  2.48  0.92 -0.80 -2.36 -3.32 -3.78 -3.48 -2.01  0.22  2.21  3.37 05052000 00
  3.72  3.00  1.53 -0.13 -1.87 -3.04 -3.70 -3.76 -2.73 -0.63  1.58  3.07 05052000 12
  3.72  3.40  2.08  0.47 -1.32 -2.70 -3.51 -3.78 -3.15 -1.32  0.96  2.68 06052000 00
  3.62  3.68  2.68  1.15 -0.59 -2.17 -3.15 -3.64 -3.42 -2.04  0.12  2.12 06052000 12
  3.33  3.72  3.07  1.64  0.02 -1.71 -2.87 -3.51 -3.62 -2.74 -0.79  1.30 07052000 00
  2.80  3.51  3.31  2.15  0.67 -1.00 -2.36 -3.16 -3.46 -2.98 -1.45  0.63 07052000 12
  2.31  3.25  3.40  2.58  1.19 -0.38 -1.89 -2.87 -3.38 -3.33 -2.29 -0.42 08052000 00
  1.41  2.68  3.23  2.86  1.72  0.36 -1.15 -2.28 -2.90 -3.05 -2.44 -0.93 08052000 12
  0.88  2.28  3.04  3.01  2.15  0.91 -0.53 -1.82 -2.62 -3.04 -2.91 -1.92 09052000 00
 -0.27  1.30  2.38  2.79  2.41  1.41  0.22 -1.08 -2.03 -2.53 -2.60 -2.02 09052000 12
 -0.74  0.80  1.97  2.61  2.53  1.82  0.75 -0.51 -1.63 -2.33 -2.74 -2.67 10052000 00
 -1.88 -0.52  0.89  1.86  2.25  1.99  1.21  0.21 -0.89 -1.73 -2.17 -2.27 10052000 12
 -1.89 -0.94  0.36  1.45  2.08  2.13  1.64  0.75 -0.30 -1.35 -2.09 -2.52 11052000 00
 -2.57 -2.06 -0.97  0.32  1.31  1.85  1.82  1.32  0.53 -0.40 -1.29 -1.84 11052000 12
 -2.09 -1.95 -1.26 -0.12  0.97  1.74  2.03  1.77  1.10  0.21 -0.81 -1.62 12052000 00
 -2.12 -2.34 -2.05 -1.15  0.08  1.16  1.87  2.04  1.71  1.01  0.10 -0.88 12052000 12
 -1.58 -1.96 -1.98 -1.47 -0.46  0.75  1.71  2.18  2.09  1.50  0.59 -0.50 13052000 00
 -1.47 -2.11 -2.46 -2.34 -1.54 -0.29  0.97  1.85  2.20  1.97  1.24  0.29 13052000 12
 -0.80 -1.65 -2.11 -2.19 -1.71 -0.62  0.74  1.84  2.43  2.38  1.73  0.72 14052000 00
 -0.48 -1.57 -2.27 -2.63 -2.48 -1.60 -0.19  1.20  2.16  2.52  2.20  1.31 14052000 12
  0.18 -1.04 -1.94 -2.40 -2.43 -1.81 -0.52  1.00  2.17  2.75  2.61  1.79 15052000 00
  0.65 -0.66 -1.79 -2.47 -2.76 -2.44 -1.31  0.30  1.73  2.64  2.84  2.28 15052000 12
  1.21 -0.07 -1.35 -2.20 -2.60 -2.46 -1.51  0.07  1.63  2.69  3.09  2.70 16052000 00
  1.70  0.42 -1.02 -2.06 -2.63 -2.73 -2.09 -0.63  1.07  2.38  3.07  2.95 16052000 12
  2.09  0.86 -0.59 -1.82 -2.52 -2.76 -2.35 -1.04  0.72  2.19  3.06  3.16 17052000 00
  2.45  1.28 -0.16 -1.55 -2.41 -2.82 -2.63 -1.53  0.21  1.89  2.98  3.33 17052000 12
  2.83  1.69  0.29 -1.22 -2.26 -2.81 -2.86 -2.09 -0.47  1.31  2.60  3.20 18052000 00
  2.96  1.91  0.60 -0.89 -2.07 -2.75 -2.96 -2.43 -0.96  0.89  2.37  3.20 18052000 12
  3.20  2.30  1.01 -0.47 -1.80 -2.59 -2.95 -2.66 -1.43  0.40  2.01  3.01 19052000 00
  3.22  2.53  1.30 -0.13 -1.56 -2.50 -2.97 -2.88 -1.89 -0.14  1.61  2.77 19052000 12
  3.24  2.83  1.70  0.34 -1.17 -2.27 -2.87 -2.98 -2.30 -0.75  1.03  2.37 20052000 00
  3.03  2.87  1.91  0.63 -0.82 -2.03 -2.71 -2.91 -2.40 -1.00  0.80  2.23 20052000 12
  3.07  3.13  2.36  1.16 -0.29 -1.62 -2.45 -2.87 -2.72 -1.69 -0.03  1.56 21052000 00
  2.56  2.86  2.34  1.22 -0.05 -1.38 -2.29 -2.71 -2.62 -1.76 -0.19  1.43 21052000 12
  2.57  3.06  2.76  1.76  0.51 -0.89 -1.95 -2.54 -2.74 -2.29 -1.03  0.58 22052000 00
  1.86  2.56  2.53  1.78  0.67 -0.57 -1.71 -2.35 -2.56 -2.19 -1.10  0.41 22052000 12
  1.76  2.57  2.73  2.20  1.22  0.03 -1.16 -1.93 -2.29 -2.18 -1.35  0.04 23052000 00
  1.46  2.42  2.77  2.48  1.63  0.52 -0.74 -1.64 -2.10 -2.21 -1.73 -0.63 23052000 12
  0.72  1.81  2.39  2.32  1.68  0.74 -0.37 -1.37 -1.94 -2.18 -1.99 -1.19 24052000 00
  0.03  1.18  1.91  2.06  1.66  0.89 -0.03 -0.99 -1.60 -1.85 -1.76 -1.12 24052000 12
 -0.01  1.17  2.01  2.32  2.08  1.39  0.49 -0.54 -1.33 -1.78 -1.96 -1.67 25052000 00
 -0.83  0.28  1.26  1.84  1.90  1.53  0.86  0.02 -0.80 -1.31 -1.52 -1.40 25052000 12
 -0.79  0.14  1.09  1.74  1.93  1.69  1.08  0.27 -0.63 -1.31 -1.71 -1.87 26052000 00
 -1.59 -0.80  0.22  1.13  1.64  1.69  1.38  0.80  0.06 -0.68 -1.16 -1.37 26052000 12
 -1.31 -0.80  0.04  0.97  1.64  1.88  1.71  1.17  0.42 -0.45 -1.16 -1.59 27052000 00
 -1.78 -1.53 -0.78  0.20  1.11  1.69  1.83  1.58  1.02  0.28 -0.52 -1.09 27052000 12
 -1.41 -1.47 -1.04 -0.17  0.78  1.55  1.87  1.79  1.29  0.54 -0.36 -1.16 28052000 00
 -1.68 -1.92 -1.73 -1.00  0.07  1.11  1.82  2.06  1.87  1.30  0.49 -0.45 28052000 12
 -1.19 -1.62 -1.75 -1.36 -0.42  0.71  1.66  2.11  2.04  1.46  0.59 -0.46 29052000 00
 -1.42 -2.04 -2.36 -2.19 -1.37 -0.09  1.16  2.03  2.33  2.05  1.29  0.30 29052000 12
 -0.81 -1.65 -2.11 -2.19 -1.67 -0.51  0.89  1.98  2.51  2.39  1.65  0.58 30052000 00
 -0.67 -1.76 -2.42 -2.73 -2.46 -1.41  0.13  1.55  2.49  2.76  2.31  1.32 30052000 12
  0.11 -1.18 -2.10 -2.58 -2.58 -1.82 -0.37  1.25  2.42  2.95  2.69  1.72 31052000 00
  0.45 -1.00 -2.15 -2.82 -3.06 -2.59 -1.19  0.62  2.16  3.09  3.26  2.57 31052000 12
  1.37 -0.11 -1.54 -2.43 -2.85 -2.68 -1.57  0.25  2.02  3.15  3.55  3.06 01062000 00
  1.90  0.43 -1.20 -2.35 -3.00 -3.12 -2.34 -0.62  1.37  2.86  3.62  3.50 01062000 12
  2.49  1.09 -0.62 -2.02 -2.89 -3.32 -3.01 -1.56  0.50  2.30  3.36  3.60 02062000 00
  2.83  1.43 -0.21 -1.84 -2.92 -3.51 -3.50 -2.43 -0.39  1.67  3.08  3.69 02062000 12
  3.33  2.05  0.48 -1.29 -2.64 -3.44 -3.72 -3.12 -1.34  0.90  2.60  3.53 03062000 00
  3.58  2.56  1.04 -0.68 -2.24 -3.24 -3.73 -3.49 -2.07  0.14  2.15  3.37 03062000 12
  3.81  3.19  1.75  0.10 -1.66 -2.87 -3.57 -3.71 -2.83 -0.83  1.34  2.91 04062000 00
  3.66  3.47  2.29  0.75 -1.00 -2.43 -3.28 -3.62 -3.13 -1.51  0.71  2.51 04062000 12
  3.54  3.72  2.83  1.35 -0.35 -1.99 -3.06 -3.66 -3.66 -2.57 -0.54  1.53 05062000 00
  2.91  3.49  3.14  1.88  0.37 -1.30 -2.55 -3.26 -3.43 -2.75 -1.04  1.08 05062000 12
  2.64  3.49  3.48  2.50  1.09 -0.57 -2.03 -2.95 -3.43 -3.26 -2.02 -0.05 06062000 00
  1.77  2.95  3.37  2.85  1.63  0.21 -1.33 -2.40 -2.98 -3.05 -2.29 -0.65 06062000 12
  1.22  2.57  3.25  3.09  2.09  0.78 -0.76 -2.04 -2.82 -3.22 -3.02 -1.87 07062000 00
 -0.12  1.50  2.54  2.89  2.40  1.32  0.07 -1.27 -2.21 -2.67 -2.64 -1.87 07062000 12
 -0.37  1.26  2.46  3.06  2.89  2.03  0.85 -0.53 -1.68 -2.36 -2.72 -2.52 08062000 00
 -1.47  0.05  1.44  2.35  2.63  2.24  1.34  0.24 -0.93 -1.73 -2.12 -2.14 08062000 12
 -1.50 -0.26  1.14  2.19  2.68  2.53  1.79  0.74 -0.48 -1.49 -2.17 -2.58 09062000 00
 -2.51 -1.70 -0.37  0.97  1.89  2.26  2.04  1.36  0.45 -0.60 -1.43 -1.84 09062000 12
 -1.92 -1.47 -0.48  0.73  1.76  2.34  2.32  1.76  0.87 -0.21 -1.20 -1.88 10062000 00
 -2.31 -2.33 -1.66 -0.46  0.83  1.79  2.27  2.20  1.70  0.89 -0.12 -1.00 10062000 12
 -1.49 -1.69 -1.47 -0.67  0.44  1.51  2.17  2.29  1.87  1.06  0.04 -1.02 11062000 00
 -1.76 -2.20 -2.28 -1.74 -0.65  0.62  1.63  2.17  2.15  1.67  0.85 -0.15 11062000 12
 -1.08 -1.65 -1.92 -1.79 -1.03  0.15  1.33  2.13  2.37  2.03  1.22  0.21 12062000 00
 -0.89 -1.68 -2.13 -2.23 -1.70 -0.57  0.74  1.80  2.39  2.40  1.86  0.97 12062000 12
 -0.12 -1.11 -1.73 -2.01 -1.81 -0.94  0.33  1.55  2.36  2.52  2.07  1.14 13062000 00
  0.01 -1.12 -1.89 -2.34 -2.41 -1.82 -0.60  0.80  1.86  2.37  2.23  1.50 13062000 12
  0.47 -0.69 -1.67 -2.22 -2.41 -2.01 -0.91  0.53  1.75  2.48  2.55  1.94 14062000 00
  0.90 -0.30 -1.46 -2.18 -2.53 -2.37 -1.47 -0.02  1.38  2.33  2.66  2.27 14062000 12
  1.32  0.13 -1.17 -2.11 -2.61 -2.66 -2.03 -0.71  0.81  1.95  2.50  2.32 15062000 00
  1.47  0.32 -0.95 -2.03 -2.63 -2.77 -2.30 -1.09  0.50  1.81  2.60  2.65 15062000 12
  1.96  0.83 -0.47 -1.72 -2.50 -2.86 -2.66 -1.68 -0.12  1.38  2.34  2.63 16062000 00
  2.14  1.06 -0.20 -1.51 -2.41 -2.85 -2.75 -1.88 -0.35  1.26  2.37  2.87 16062000 12
  2.59  1.63  0.40 -0.99 -2.09 -2.70 -2.88 -2.34 -0.96  0.74  2.04  2.72 17062000 00
  2.65  1.84  0.66 -0.71 -1.92 -2.61 -2.85 -2.45 -1.24  0.45  1.90  2.78 17062000 12
  2.93  2.28  1.11 -0.26 -1.61 -2.49 -2.93 -2.84 -1.93 -0.34  1.27  2.32 18062000 00
  2.73  2.33  1.27  0.02 -1.34 -2.33 -2.81 -2.77 -1.97 -0.43  1.25  2.47 18062000 12
  3.06  2.88  1.95  0.70 -0.74 -1.90 -2.57 -2.81 -2.38 -1.09  0.59  1.97 19062000 00
  2.78  2.83  2.11  0.95 -0.40 -1.66 -2.40 -2.70 -2.40 -1.28  0.34  1.81 19062000 12
  2.73  2.97  2.45  1.38  0.08 -1.28 -2.20 -2.68 -2.66 -1.87 -0.40  1.19 20062000 00
  2.33  2.84  2.55  1.59  0.42 -0.88 -1.89 -2.41 -2.48 -1.86 -0.49  1.11 20062000 12
  2.33  3.00  2.94  2.17  1.05 -0.28 -1.43 -2.10 -2.40 -2.15 -1.10  0.40 21062000 00
  1.76  2.61  2.77  2.26  1.28  0.11 -1.08 -1.81 -2.10 -1.95 -1.11  0.28 21062000 12
  1.68  2.66  2.99  2.65  1.78  0.63 -0.65 -1.57 -2.07 -2.22 -1.72 -0.56 22062000 00
  0.84  1.96  2.51  2.43  1.77  0.80 -0.34 -1.34 -1.90 -2.12 -1.83 -0.88 22062000 12
  0.46  1.68  2.41  2.50  1.98  1.04 -0.06 -1.16 -1.89 -2.30 -2.30 -1.66 23062000 00
 -0.47  0.83  1.79  2.20  2.01  1.29  0.35 -0.68 -1.48 -1.88 -1.96 -1.54 23062000 12
 -0.57  0.65  1.67  2.20  2.14  1.54  0.63 -0.43 -1.39 -1.99 -2.29 -2.18 24062000 00
 -1.46 -0.27  0.93  1.76  2.04  1.74  1.04  0.16 -0.80 -1.50 -1.84 -1.86 24062000 12
 -1.39 -0.44  0.71  1.61  2.05  1.95  1.35  0.48 -0.52 -1.42 -1.98 -2.26 25062000 00
 -2.11 -1.38 -0.24  0.87  1.64  1.88  1.62  0.98  0.15 -0.78 -1.47 -1.80 25062000 12
 -1.83 -1.38 -0.47  0.65  1.53  1.96  1.88  1.33  0.49 -0.50 -1.40 -1.99 26062000 00
 -2.31 -2.20 -1.50 -0.36  0.79  1.60  1.91  1.70  1.08  0.24 -0.72 -1.48 26062000 12
 -1.89 -1.99 -1.61 -0.70  0.49  1.48  2.03  2.02  1.49  0.62 -0.42 -1.41 27062000 00
 -2.07 -2.43 -2.38 -1.70 -0.50  0.79  1.74  2.17  2.00  1.34  0.42 -0.65 27062000 12
 -1.54 -2.06 -2.23 -1.87 -0.89  0.45  1.60  2.28  2.34  1.80  0.85 -0.31 28062000 00
 -1.44 -2.21 -2.65 -2.61 -1.87 -0.51  0.96  2.04  2.55  2.37  1.60  0.53 28062000 12
 -0.71 -1.75 -2.36 -2.60 -2.23 -1.09  0.47  1.81  2.61  2.71  2.10  0.99 29062000 00
 -0.32 -1.61 -2.47 -2.93 -2.88 -2.01 -0.43  1.24  2.43  2.97  2.71  1.74 29062000 12
  0.49 -0.96 -2.11 -2.78 -3.01 -2.54 -1.15  0.64  2.12  2.97  3.05  2.28 30062000 00
  1.03 -0.44 -1.84 -2.74 -3.20 -3.07 -1.98 -0.12  1.67  2.89  3.39  2.97 30062000 12
  1.80  0.37 -1.24 -2.43 -3.12 -3.31 -2.64 -0.98  1.03  2.56  3.39  3.37 01072000 00
  2.40  1.02 -0.60 -2.03 -2.93 -3.36 -3.08 -1.68  0.38  2.25  3.40  3.76 01072000 12
  3.11  1.76  0.15 -1.54 -2.69 -3.38 -3.53 -2.67 -0.72  1.39  2.89  3.63 02072000 00
  3.45  2.29  0.78 -0.96 -2.36 -3.20 -3.54 -3.04 -1.41  0.81  2.62  3.65 02072000 12
  3.86  2.99  1.51 -0.22 -1.88 -2.97 -3.61 -3.63 -2.53 -0.45  1.66  3.09 03072000 00
  3.70  3.34  2.04  0.47 -1.28 -2.59 -3.34 -3.55 -2.83 -0.98  1.27  2.93 03072000 12
  3.83  3.82  2.75  1.23 -0.57 -2.12 -3.13 -3.68 -3.53 -2.21 -0.07  1.97 04072000 00
  3.21  3.66  3.11  1.73  0.17 -1.51 -2.67 -3.30 -3.37 -2.43 -0.46  1.65 04072000 12
  3.10  3.83  3.60  2.42  0.92 -0.86 -2.26 -3.14 -3.58 -3.28 -1.84  0.24 05072000 00
  2.06  3.12  3.41  2.71  1.35 -0.17 -1.72 -2.72 -3.22 -3.13 -2.05 -0.12 05072000 12
  1.76  3.04  3.59  3.18  1.99  0.55 -1.11 -2.34 -3.09 -3.41 -2.97 -1.52 06072000 00
  0.40  1.96  2.85  2.99  2.21  0.96 -0.44 -1.81 -2.66 -3.05 -2.85 -1.75 06072000 12
  0.01  1.64  2.71  3.09  2.60  1.49  0.16 -1.30 -2.37 -2.99 -3.19 -2.68 07072000 00
 -1.31  0.40  1.76  2.53  2.56  1.84  0.72 -0.51 -1.65 -2.34 -2.59 -2.30 07072000 12
 -1.28  0.25  1.64  2.54  2.81  2.36  1.38  0.19 -1.09 -1.99 -2.52 -2.69 08072000 00
 -2.21 -1.02  0.45  1.63  2.28  2.29  1.71  0.78 -0.27 -1.25 -1.80 -1.98 08072000 12
 -1.70 -0.81  0.44  1.62  2.40  2.59  2.22  1.42  0.37 -0.74 -1.53 -2.01 09072000 00
 -2.20 -1.77 -0.73  0.54  1.60  2.16  2.17  1.74  0.98  0.03 -0.89 -1.44 09072000 12
 -1.67 -1.55 -0.85  0.23  1.30  2.04  2.22  1.90  1.22  0.36 -0.63 -1.43 10072000 00
 -1.96 -2.20 -1.92 -1.03  0.17  1.21  1.86  2.00  1.63  0.91  0.05 -0.82 10072000 12
 -1.42 -1.75 -1.75 -1.24 -0.28  0.79  1.61  1.95  1.78  1.20  0.37 -0.60 11072000 00
 -1.41 -1.88 -2.08 -1.83 -1.01  0.16  1.20  1.89  2.08  1.76  1.08  0.20 11072000 12
 -0.74 -1.40 -1.76 -1.80 -1.32 -0.36  0.74  1.61  1.99  1.88  1.30  0.46 12072000 00
 -0.53 -1.37 -1.86 -2.05 -1.77 -0.92  0.24  1.30  1.98  2.14  1.79  1.04 12072000 12
  0.09 -0.90 -1.60 -1.95 -1.93 -1.33 -0.25  0.94  1.83  2.21  2.01  1.29 13072000 00
  0.34 -0.73 -1.59 -2.05 -2.16 -1.75 -0.73  0.57  1.65  2.29  2.37  1.88 13072000 12
  0.99 -0.09 -1.13 -1.80 -2.11 -1.99 -1.25 -0.03  1.21  2.05  2.29  1.90 14072000 00
  1.03 -0.02 -1.15 -1.95 -2.31 -2.25 -1.58 -0.33  1.08  2.14  2.62  2.43 14072000 12
  1.66  0.59 -0.64 -1.66 -2.25 -2.47 -2.12 -1.05  0.38  1.59  2.28  2.30 15072000 00
  1.64  0.59 -0.59 -1.70 -2.37 -2.61 -2.30 -1.27  0.25  1.63  2.53  2.79 15072000 12
  2.30  1.28  0.04 -1.27 -2.16 -2.63 -2.65 -1.93 -0.53  1.00  2.10  2.57 16072000 00
  2.30  1.38  0.20 -1.09 -2.11 -2.64 -2.69 -2.07 -0.70  0.92  2.17  2.86 16072000 12
  2.80  1.98  0.79 -0.59 -1.80 -2.53 -2.84 -2.56 -1.45  0.17  1.62  2.51 17072000 00
  2.69  2.07  0.94 -0.36 -1.66 -2.50 -2.87 -2.65 -1.63  0.00  1.59  2.63 17072000 12
  3.03  2.59  1.51  0.19 -1.24 -2.27 -2.83 -2.91 -2.26 -0.79  0.88  2.14 18072000 00
  2.75  2.57  1.63  0.39 -0.98 -2.12 -2.74 -2.89 -2.35 -0.98  0.76  2.14 18072000 12
  2.92  2.93  2.14  0.93 -0.50 -1.80 -2.60 -2.99 -2.79 -1.73 -0.04  1.52 19072000 00
  2.52  2.81  2.26  1.14 -0.16 -1.51 -2.42 -2.84 -2.72 -1.80 -0.20  1.44 19072000 12
  2.55  3.02  2.66  1.61  0.30 -1.14 -2.23 -2.84 -3.00 -2.46 -1.08  0.60 20072000 00
  1.94  2.63  2.57  1.75  0.55 -0.78 -1.96 -2.63 -2.83 -2.41 -1.21  0.46 20072000 12
  1.86  2.71  2.82  2.13  0.97 -0.38 -1.69 -2.53 -2.96 -2.86 -1.99 -0.46 21072000 00
  1.10  2.16  2.58  2.20  1.20  0.01 -1.27 -2.21 -2.66 -2.63 -1.93 -0.55 21072000 12
  1.01  2.16  2.70  2.50  1.62  0.44 -0.88 -1.98 -2.62 -2.87 -2.54 -1.42 22072000 00
  0.13  1.47  2.28  2.40  1.81  0.80 -0.37 -1.52 -2.24 -2.53 -2.30 -1.40 22072000 12
  0.02  1.39  2.29  2.59  2.17  1.20  0.04 -1.19 -2.07 -2.55 -2.62 -2.10 23072000 00
 -0.90  0.55  1.68  2.28  2.20  1.53  0.55 -0.56 -1.54 -2.09 -2.25 -1.90 23072000 12
 -0.93  0.43  1.62  2.34  2.45  1.94  1.02 -0.09 -1.21 -1.95 -2.34 -2.34 24072000 00
 -1.73 -0.56  0.77  1.76  2.22  2.05  1.39  0.48 -0.56 -1.42 -1.89 -2.03 24072000 12
 -1.67 -0.73  0.54  1.63  2.28  2.35  1.85  0.98 -0.06 -1.10 -1.79 -2.18 25072000 00
 -2.20 -1.62 -0.51  0.74  1.70  2.15  2.03  1.45  0.60 -0.41 -1.28 -1.76 25072000 12
 -1.94 -1.67 -0.82  0.37  1.46  2.15  2.28  1.89  1.10  0.11 -0.93 -1.68 26072000 00
 -2.14 -2.26 -1.78 -0.72  0.56  1.59  2.15  2.15  1.67  0.85 -0.17 -1.13 26072000 12
 -1.74 -2.04 -1.93 -1.20 -0.02  1.21  2.08  2.37  2.10  1.37  0.39 -0.74 27072000 00
 -1.63 -2.18 -2.41 -2.06 -1.02  0.37  1.57  2.32  2.46  2.02  1.16  0.07 27072000 12
 -1.07 -1.87 -2.30 -2.32 -1.65 -0.37  1.05  2.13  2.64  2.46  1.70  0.62 28072000 00
 -0.64 -1.71 -2.36 -2.67 -2.38 -1.29  0.28  1.70  2.61  2.86  2.39  1.38 28072000 12
  0.12 -1.22 -2.17 -2.71 -2.80 -2.13 -0.66  1.01  2.28  2.92  2.79  1.92 29072000 00
  0.70 -0.73 -1.96 -2.71 -3.04 -2.73 -1.46  0.35  1.95  2.97  3.23  2.63 29072000 12
  1.44 -0.01 -1.52 -2.57 -3.17 -3.26 -2.46 -0.73  1.18  2.56  3.24  3.03 30072000 00
  1.97  0.60 -0.99 -2.29 -3.06 -3.36 -2.89 -1.36  0.67  2.37  3.36  3.55 30072000 12
  2.75  1.38 -0.26 -1.85 -2.90 -3.51 -3.51 -2.44 -0.43  1.57  2.96  3.57 31072000 00
  3.23  2.01  0.50 -1.21 -2.50 -3.24 -3.44 -2.71 -0.89  1.32  2.94  3.82 31072000 12
  3.82  2.78  1.30 -0.51 -2.07 -3.07 -3.63 -3.50 -2.16  0.01  2.06  3.32 01082000 00
  3.76  3.17  1.76  0.14 -1.59 -2.78 -3.42 -3.47 -2.45 -0.37  1.80  3.33 01082000 12
  4.07  3.82  2.59  1.03 -0.85 -2.29 -3.21 -3.65 -3.23 -1.62  0.62  2.49 02082000 00
  3.54  3.77  2.92  1.45 -0.22 -1.87 -2.92 -3.44 -3.28 -1.99  0.18  2.19 02082000 12
  3.52  4.03  3.47  2.08  0.44 -1.36 -2.63 -3.42 -3.72 -3.10 -1.32  0.86 03082000 00
  2.50  3.37  3.37  2.33  0.84 -0.79 -2.24 -3.10 -3.46 -3.08 -1.60  0.49 03082000 12
  2.30  3.36  3.63  2.87  1.48 -0.12 -1.74 -2.81 -3.43 -3.52 -2.64 -0.78 04082000 00
  1.17  2.54  3.18  2.92  1.79  0.40 -1.15 -2.36 -3.04 -3.20 -2.58 -1.03 04082000 12
  0.87  2.33  3.14  3.18  2.31  1.02 -0.49 -1.86 -2.72 -3.18 -3.08 -2.05 05082000 00
 -0.32  1.33  2.42  2.84  2.40  1.34  0.08 -1.28 -2.25 -2.73 -2.72 -2.01 05082000 12
 -0.57  1.04  2.23  2.82  2.66  1.82  0.67 -0.67 -1.79 -2.46 -2.77 -2.53 06082000 00
 -1.52 -0.04  1.30  2.14  2.35  1.88  0.94 -0.15 -1.29 -2.04 -2.38 -2.30 06082000 12
 -1.61 -0.39  0.92  1.88  2.30  2.09  1.36  0.39 -0.72 -1.62 -2.13 -2.34 07082000 00
 -2.07 -1.19  0.05  1.14  1.83  1.94  1.54  0.79 -0.12 -1.05 -1.65 -1.92 07082000 12
 -1.86 -1.30 -0.33  0.74  1.53  1.87  1.70  1.15  0.38 -0.54 -1.29 -1.75 08082000 00
 -1.96 -1.75 -1.04 -0.01  0.94  1.54  1.68  1.43  0.84  0.09 -0.71 -1.29 08082000 12
 -1.58 -1.61 -1.22 -0.44  0.50  1.25  1.61  1.58  1.19  0.56 -0.21 -0.92 09082000 00
 -1.36 -1.55 -1.40 -0.78  0.10  0.99  1.62  1.83  1.67  1.19  0.48 -0.34 09082000 12
 -0.99 -1.40 -1.59 -1.40 -0.76  0.10  0.95  1.43  1.50  1.22  0.65 -0.10 10082000 00
 -0.88 -1.42 -1.70 -1.67 -1.18 -0.32  0.64  1.40  1.73  1.65  1.19  0.48 10082000 12
 -0.37 -1.13 -1.60 -1.80 -1.61 -0.91  0.08  1.01  1.60  1.71  1.39  0.74 11082000 00
 -0.10 -0.99 -1.59 -1.86 -1.79 -1.22 -0.22  0.88  1.72  2.09  1.95  1.38 11082000 12
  0.54 -0.46 -1.30 -1.80 -1.99 -1.70 -0.82  0.36  1.39  1.99  2.03  1.56 12082000 00
  0.73 -0.25 -1.21 -1.81 -2.06 -1.84 -1.03  0.18  1.38  2.19  2.44  2.10 12082000 12
  1.29  0.26 -0.89 -1.74 -2.21 -2.27 -1.69 -0.52  0.83  1.86  2.35  2.18 13082000 00
  1.43  0.38 -0.78 -1.75 -2.27 -2.38 -1.90 -0.77  0.69  1.91  2.63  2.65 13082000 12
  2.01  0.96 -0.27 -1.44 -2.17 -2.51 -2.31 -1.33  0.17  1.57  2.48  2.72 14082000 00
  2.20  1.17 -0.06 -1.34 -2.19 -2.60 -2.50 -1.63 -0.13  1.42  2.51  2.97 14082000 12
  2.66  1.66  0.39 -1.03 -2.10 -2.69 -2.84 -2.29 -0.89  0.81  2.13  2.81 15082000 00
  2.72  1.87  0.66 -0.72 -1.92 -2.59 -2.79 -2.31 -1.00  0.72  2.18  3.06 15082000 12
  3.15  2.42  1.20 -0.26 -1.65 -2.52 -2.97 -2.83 -1.77 -0.03  1.65  2.73 16082000 00
  3.10  2.61  1.47  0.13 -1.32 -2.31 -2.79 -2.73 -1.81 -0.13  1.62  2.86 16082000 12
  3.40  3.08  1.97  0.57 -0.99 -2.17 -2.86 -3.08 -2.52 -1.00  0.86  2.33 17082000 00
  3.11  3.09  2.19  0.90 -0.59 -1.90 -2.66 -2.94 -2.53 -1.18  0.70  2.28 17082000 12
  3.22  3.36  2.59  1.31 -0.22 -1.69 -2.62 -3.11 -3.02 -1.99 -0.20  1.54 18082000 00
  2.72  3.17  2.72  1.55  0.18 -1.31 -2.36 -2.89 -2.88 -2.04 -0.38  1.45 18082000 12
  2.73  3.33  3.08  2.00  0.63 -0.93 -2.15 -2.85 -3.09 -2.62 -1.21  0.62 19082000 00
  2.13  2.97  3.04  2.23  0.98 -0.44 -1.77 -2.56 -2.88 -2.56 -1.36  0.40 19082000 12
  1.98  2.96  3.20  2.56  1.36 -0.05 -1.49 -2.44 -2.95 -2.96 -2.14 -0.56 20082000 00
  1.15  2.35  2.90  2.63  1.63  0.40 -0.98 -2.05 -2.60 -2.69 -2.09 -0.70 20082000 12
  0.98  2.28  2.97  2.89  2.05  0.87 -0.51 -1.73 -2.46 -2.81 -2.59 -1.55 21082000 00
  0.01  1.48  2.44  2.71  2.21  1.19 -0.00 -1.25 -2.09 -2.48 -2.39 -1.62 21082000 12
 -0.25  1.21  2.27  2.72  2.46  1.60  0.47 -0.81 -1.81 -2.39 -2.62 -2.28 22082000 00
 -1.22  0.24  1.50  2.23  2.31  1.77  0.81 -0.29 -1.36 -2.05 -2.35 -2.22 22082000 12
 -1.49 -0.25  1.04  1.95  2.31  2.04  1.26  0.26 -0.85 -1.70 -2.19 -2.38 23082000 00
 -2.07 -1.14  0.14  1.25  1.93  2.03  1.61  0.81 -0.14 -1.10 -1.74 -2.07 23082000 12
 -2.05 -1.49 -0.45  0.73  1.63  2.06  1.94  1.35  0.51 -0.51 -1.39 -1.93 24082000 00
 -2.22 -2.09 -1.35 -0.21  0.90  1.67  1.93  1.69  1.04  0.18 -0.79 -1.56 24082000 12
 -2.01 -2.16 -1.83 -0.95  0.26  1.31  1.94  2.03  1.67  0.91 -0.05 -1.04 25082000 00
 -1.76 -2.18 -2.23 -1.70 -0.64  0.64  1.65  2.18  2.11  1.58  0.68 -0.40 25082000 12
 -1.40 -2.02 -2.36 -2.21 -1.36 -0.07  1.21  2.14  2.47  2.23  1.51  0.50 26082000 00
 -0.67 -1.61 -2.15 -2.34 -1.95 -0.84  0.62  1.88  2.63  2.72  2.16  1.16 26082000 12
 -0.11 -1.34 -2.16 -2.66 -2.68 -1.90 -0.42  1.17  2.33  2.85  2.62  1.75 27082000 00
  0.56 -0.80 -1.92 -2.59 -2.83 -2.39 -1.06  0.71  2.17  3.04  3.15  2.44 27082000 12
  1.24 -0.24 -1.66 -2.61 -3.16 -3.16 -2.22 -0.46  1.36  2.64  3.20  2.88 28082000 00
  1.78  0.40 -1.16 -2.36 -3.04 -3.22 -2.59 -0.96  1.05  2.60  3.45  3.45 28082000 12
  2.48  1.08 -0.59 -2.09 -3.05 -3.58 -3.43 -2.17 -0.13  1.81  3.03  3.48 29082000 00
  2.94  1.59  0.04 -1.63 -2.80 -3.44 -3.50 -2.55 -0.55  1.58  3.06  3.79 29082000 12
  3.54  2.30  0.73 -1.09 -2.52 -3.43 -3.85 -3.44 -1.82  0.44  2.31  3.37 30082000 00
  3.60  2.76  1.24 -0.44 -2.09 -3.15 -3.68 -3.49 -2.13  0.09  2.19  3.50 30082000 12
  4.01  3.46  2.03  0.34 -1.49 -2.77 -3.53 -3.73 -2.90 -0.86  1.39  3.00 31082000 00
  3.94  3.83  2.61  1.09 -0.72 -2.18 -3.08 -3.47 -3.01 -1.31  0.95  2.84 31082000 12
  3.89  4.06  3.14  1.65 -0.11 -1.75 -2.83 -3.45 -3.42 -2.23 -0.12  1.90 01092000 00
  3.25  3.81  3.33  1.99  0.43 -1.30 -2.52 -3.20 -3.34 -2.51 -0.64  1.48 01092000 12
  2.98  3.73  3.55  2.38  0.92 -0.79 -2.17 -3.05 -3.48 -3.13 -1.66  0.39 02092000 00
  2.14  3.16  3.37  2.60  1.22 -0.30 -1.81 -2.77 -3.23 -3.11 -2.01 -0.13 02092000 12
  1.67  2.87  3.35  2.87  1.67  0.28 -1.27 -2.38 -2.99 -3.13 -2.48 -0.94 03092000 00
  0.88  2.21  2.90  2.80  1.87  0.62 -0.79 -2.00 -2.69 -2.92 -2.53 -1.30 03092000 12
  0.38  1.80  2.66  2.81  2.17  1.08 -0.19 -1.45 -2.26 -2.66 -2.57 -1.76 04092000 00
 -0.34  1.12  2.14  2.56  2.25  1.38  0.28 -0.91 -1.79 -2.22 -2.26 -1.74 04092000 12
 -0.61  0.76  1.84  2.39  2.29  1.66  0.72 -0.37 -1.34 -1.91 -2.17 -2.01 05092000 00
 -1.23 -0.05  1.07  1.81  2.02  1.69  0.97  0.10 -0.84 -1.49 -1.78 -1.77 05092000 12
 -1.28 -0.35  0.71  1.54  1.93  1.87  1.47  0.86  0.09 -0.61 -1.12 -1.39 06092000 00
 -1.35 -0.76  0.11  0.96  1.55  1.65  1.37  0.78  0.05 -0.71 -1.24 -1.51 06092000 12
 -1.55 -1.16 -0.44  0.39  1.06  1.40  1.42  1.13  0.67  0.10 -0.46 -0.83 07092000 00
 -0.99 -0.89 -0.42  0.33  1.09  1.60  1.80  1.67  1.25  0.62 -0.11 -0.73 07092000 12
 -1.17 -1.41 -1.35 -0.88 -0.20  0.52  1.02  1.21  1.13  0.77  0.19 -0.49 08092000 00
 -1.03 -1.30 -1.37 -1.12 -0.47  0.33  1.09  1.52  1.61  1.36  0.84  0.15 08092000 12
 -0.55 -1.06 -1.38 -1.47 -1.15 -0.43  0.41  1.11  1.41  1.36  0.93  0.27 09092000 00
 -0.53 -1.23 -1.65 -1.77 -1.49 -0.78  0.19  1.11  1.69  1.83  1.54  0.89 09092000 12
  0.04 -0.85 -1.48 -1.82 -1.84 -1.34 -0.41  0.64  1.48  1.85  1.71  1.13 10092000 00
  0.27 -0.72 -1.53 -1.97 -2.07 -1.67 -0.73  0.48  1.50  2.10  2.12  1.59 10092000 12
  0.70 -0.36 -1.38 -2.04 -2.34 -2.15 -1.33 -0.04  1.22  2.07  2.32  1.94 11092000 00
  1.10  0.04 -1.10 -1.90 -2.26 -2.17 -1.43 -0.12  1.27  2.28  2.70  2.45 11092000 12
  1.59  0.45 -0.86 -1.88 -2.44 -2.59 -2.07 -0.82  0.74  2.00  2.69  2.64 12092000 00
  1.88  0.75 -0.55 -1.73 -2.41 -2.65 -2.27 -1.09  0.54  1.94  2.78  2.92 12092000 12
  2.24  1.08 -0.29 -1.65 -2.53 -2.96 -2.83 -1.82 -0.13  1.52  2.62  3.04 13092000 00
  2.60  1.50  0.17 -1.27 -2.29 -2.80 -2.76 -1.89 -0.23  1.54  2.79  3.36 13092000 12
  3.08  2.01  0.62 -0.96 -2.19 -2.89 -3.11 -2.58 -1.08  0.81  2.33  3.15 14092000 00
  3.16  2.25  0.91 -0.63 -2.01 -2.82 -3.14 -2.75 -1.36  0.59  2.26  3.25 14092000 12
  3.45  2.68  1.35 -0.22 -1.75 -2.76 -3.29 -3.20 -2.09 -0.18  1.69  2.95 15092000 00
  3.45  2.96  1.70  0.23 -1.37 -2.51 -3.11 -3.15 -2.27 -0.48  1.50  2.88 15092000 12
  3.56  3.31  2.11  0.65 -1.03 -2.33 -3.11 -3.41 -2.92 -1.36  0.71  2.36 16092000 00
  3.27  3.37  2.46  1.06 -0.51 -1.98 -2.88 -3.27 -2.95 -1.58  0.45  2.24 16092000 12
  3.32  3.60  2.88  1.52 -0.05 -1.64 -2.68 -3.25 -3.26 -2.29 -0.41  1.51 17092000 00
  2.84  3.43  3.08  1.91  0.49 -1.11 -2.29 -2.91 -3.01 -2.25 -0.53  1.45 17092000 12
  2.86  3.59  3.51  2.55  1.22 -0.42 -1.79 -2.62 -3.03 -2.77 -1.47  0.41 18092000 00
  2.06  3.06  3.25  2.55  1.32 -0.09 -1.52 -2.42 -2.85 -2.69 -1.65  0.08 18092000 12
  1.78  2.90  3.33  2.89  1.78  0.44 -1.05 -2.10 -2.69 -2.84 -2.25 -0.80 19092000 00
  0.92  2.28  2.98  2.90  2.06  0.88 -0.48 -1.67 -2.35 -2.64 -2.32 -1.16 19092000 12
  0.44  1.89  2.80  2.99  2.47  1.46  0.27 -1.00 -1.89 -2.33 -2.34 -1.65 20092000 00
 -0.31  1.18  2.25  2.72  2.50  1.68  0.59 -0.64 -1.61 -2.16 -2.37 -2.03 20092000 12
 -1.01  0.37  1.58  2.33  2.46  2.01  1.17  0.15 -0.90 -1.62 -2.02 -2.07 21092000 00
 -1.45 -0.31  0.88  1.76  2.18  2.05  1.47  0.64 -0.36 -1.18 -1.67 -1.91 21092000 12
 -1.72 -0.95  0.19  1.28  2.01  2.23  1.98  1.34  0.50 -0.48 -1.24 -1.70 22092000 00
 -1.90 -1.61 -0.76  0.34  1.33  1.88  1.97  1.60  0.90  0.01 -0.92 -1.60 22092000 12
 -2.02 -2.13 -1.73 -0.82  0.29  1.25  1.82  1.91  1.58  0.86 -0.06 -0.96 23092000 00
 -1.58 -1.92 -1.90 -1.30 -0.24  0.91  1.78  2.16  2.03  1.45  0.58 -0.49 23092000 12
 -1.42 -2.01 -2.30 -2.12 -1.29 -0.03  1.19  2.03  2.33  2.06  1.36  0.40 24092000 00
 -0.73 -1.61 -2.13 -2.28 -1.80 -0.63  0.80  1.96  2.60  2.58  1.93  0.90 24092000 12
 -0.34 -1.50 -2.27 -2.71 -2.65 -1.80 -0.32  1.20  2.28  2.72  2.43  1.52 25092000 00
  0.33 -0.99 -2.03 -2.59 -2.70 -2.10 -0.72  0.97  2.30  3.04  3.00  2.19 25092000 12
  0.94 -0.55 -1.88 -2.73 -3.19 -3.03 -1.92 -0.12  1.57  2.72  3.14  2.67 26092000 00
  1.51  0.13 -1.38 -2.45 -3.00 -3.00 -2.10 -0.33  1.61  2.97  3.66  3.42 26092000 12
  2.33  0.92 -0.78 -2.13 -2.98 -3.39 -3.03 -1.51  0.57  2.35  3.37  3.59 27092000 00
  2.83  1.48 -0.11 -1.64 -2.56 -2.93 -2.60 -1.27  0.72  2.55  3.71  4.07 27092000 12
  3.42  2.11  0.44 -1.32 -2.53 -3.27 -3.50 -2.73 -0.82  1.41  3.01  3.81 28092000 00
  3.70  2.58  1.10 -0.65 -2.08 -2.94 -3.27 -2.73 -0.99  1.20  2.95  3.93 28092000 12
  4.04  3.08  1.63 -0.19 -1.84 -2.90 -3.49 -3.42 -2.15 -0.01  2.05  3.40 29092000 00
  3.89  3.31  1.91  0.29 -1.46 -2.67 -3.34 -3.44 -2.50 -0.50  1.66  3.16 29092000 12
  3.89  3.64  2.40  0.83 -0.96 -2.35 -3.21 -3.58 -3.08 -1.42  0.79  2.52 30092000 00
  3.47  3.59  2.65  1.17 -0.49 -2.03 -2.98 -3.44 -3.20 -1.86  0.22  2.11 30092000 12
  3.26  3.64  2.99  1.63  0.09 -1.55 -2.65 -3.24 -3.28 -2.35 -0.48  1.50 01102000 00
  2.86  3.51  3.24  2.10  0.72 -0.88 -2.06 -2.71 -2.90 -2.30 -0.73  1.18 01102000 12
  2.65  3.43  3.39  2.48  1.21 -0.31 -1.58 -2.28 -2.58 -2.35 -1.17  0.60 02102000 00
  2.14  3.05  3.21  2.53  1.33 -0.09 -1.50 -2.41 -2.89 -2.86 -1.99 -0.41 02102000 12
  1.24  2.38  2.89  2.62  1.69  0.53 -0.81 -1.82 -2.31 -2.34 -1.70 -0.39 03102000 00
  1.12  2.28  2.90  2.85  2.17  1.19  0.02 -0.96 -1.48 -1.68 -1.34 -0.31 03102000 12
  0.97  2.01  2.53  2.53  1.93  1.01 -0.17 -1.29 -1.99 -2.31 -2.20 -1.45 04102000 00
 -0.25  1.00  1.92  2.30  2.10  1.46  0.59 -0.42 -1.20 -1.63 -1.80 -1.52 04102000 12
 -0.71  0.35  1.28  1.77  1.75  1.31  0.63 -0.17 -0.94 -1.40 -1.59 -1.47 05102000 00
 -0.88  0.05  0.95  1.57  1.77  1.56  0.99  0.26 -0.57 -1.21 -1.55 -1.68 05102000 12
 -1.48 -0.86 -0.01  0.75  1.17  1.21  0.95  0.48 -0.11 -0.74 -1.16 -1.35 06102000 00
 -1.33 -0.95 -0.27  0.48  1.04  1.27  1.22  0.90  0.38 -0.25 -0.80 -1.18 06102000 12
 -1.39 -1.32 -0.86 -0.20  0.49  0.99  1.18  1.11  0.80  0.30 -0.29 -0.80 07102000 00
 -1.11 -1.22 -1.04 -0.51  0.20  0.90  1.35  1.51  1.36  0.94  0.30 -0.40 07102000 12
 -0.96 -1.33 -1.47 -1.23 -0.61  0.14  0.85  1.25  1.32  1.08  0.57 -0.10 08102000 00
 -0.75 -1.21 -1.43 -1.37 -0.86 -0.06  0.80  1.43  1.67  1.54  1.05  0.31 08102000 12
 -0.55 -1.25 -1.68 -1.84 -1.53 -0.72  0.32  1.27  1.85  1.96  1.66  1.02 09102000 00
  0.19 -0.69 -1.25 -1.38 -1.16 -0.55  0.35  1.35  2.16  2.51  2.24  1.43 09102000 12
  0.40 -0.62 -1.35 -1.77 -1.87 -1.34 -0.17  1.15  2.18  2.66  2.58  1.91 10102000 00
  0.96 -0.20 -1.15 -1.70 -1.87 -1.50 -0.44  0.95  2.20  2.89  2.91  2.25 10102000 12
  1.17 -0.15 -1.34 -2.11 -2.51 -2.38 -1.42  0.12  1.62  2.66  3.05  2.73 11102000 00
  1.82  0.65 -0.69 -1.64 -2.09 -2.09 -1.33  0.11  1.64  2.74  3.18  2.86 11102000 12
  1.85  0.57 -0.89 -1.99 -2.65 -2.84 -2.26 -0.79  1.01  2.43  3.19  3.14 12102000 00
  2.25  0.99 -0.49 -1.78 -2.53 -2.84 -2.49 -1.18  0.66  2.24  3.19  3.32 12102000 12
  2.52  1.19 -0.37 -1.87 -2.82 -3.34 -3.25 -2.14 -0.23  1.63  2.89  3.40 13102000 00
  2.93  1.71  0.26 -1.34 -2.49 -3.08 -3.13 -2.26 -0.44  1.57  2.95  3.61 13102000 12
  3.35  2.18  0.73 -0.96 -2.24 -2.95 -3.21 -2.66 -1.05  0.99  2.65  3.55 14102000 00
  3.58  2.60  1.18 -0.50 -2.03 -2.97 -3.42 -3.16 -1.75  0.38  2.27  3.41 14102000 12
  3.72  3.00  1.57 -0.07 -1.74 -2.85 -3.46 -3.48 -2.45 -0.43  1.62  3.04 15102000 00
  3.66  3.31  2.05  0.53 -1.18 -2.45 -3.17 -3.33 -2.57 -0.75  1.39  2.94 15102000 12
  3.76  3.66  2.55  1.06 -0.69 -2.12 -3.00 -3.40 -3.06 -1.56  0.55  2.40 16102000 00
  3.49  3.76  3.01  1.63  0.04 -1.55 -2.59 -3.15 -3.09 -1.98 -0.00  1.92 16102000 12
  3.19  3.69  3.20  1.92  0.41 -1.27 -2.46 -3.14 -3.33 -2.64 -0.94  1.07 17102000 00
  2.56  3.37  3.31  2.32  0.98 -0.63 -1.98 -2.78 -3.09 -2.61 -1.11  0.85 17102000 12
  2.49  3.50  3.68  3.00  1.80  0.25 -1.28 -2.26 -2.81 -2.83 -1.92 -0.25 18102000 00
  1.51  2.72  3.22  2.90  1.88  0.63 -0.80 -1.90 -2.51 -2.71 -2.23 -0.93 18102000 12
  0.72  2.08  2.84  2.88  2.16  1.03 -0.25 -1.43 -2.14 -2.49 -2.35 -1.41 19102000 00
  0.07  1.51  2.48  2.80  2.43  1.51  0.36 -0.89 -1.81 -2.34 -2.53 -2.10 19102000 12
 -0.98  0.45  1.64  2.33  2.38  1.87  1.00 -0.03 -1.06 -1.72 -2.05 -1.99 20102000 00
 -1.28 -0.09  1.08  1.94  2.29  2.08  1.43  0.55 -0.47 -1.28 -1.77 -2.00 20102000 12
 -1.79 -1.02  0.12  1.18  1.86  2.01  1.66  0.95  0.05 -0.90 -1.58 -1.95 21102000 00
 -2.01 -1.57 -0.63  0.49  1.44  1.96  1.97  1.54  0.77 -0.18 -1.08 -1.73 21102000 12
 -2.17 -2.26 -1.78 -0.78  0.39  1.35  1.85  1.86  1.46  0.74 -0.15 -1.01 22102000 00
 -1.54 -1.75 -1.56 -0.81  0.31  1.42  2.19  2.46  2.25  1.61  0.68 -0.41 22102000 12
 -1.28 -1.88 -2.18 -1.89 -0.93  0.33  1.50  2.26  2.46  2.11  1.34  0.36 23102000 00
 -0.71 -1.45 -1.86 -1.89 -1.24  0.00  1.37  2.44  2.93  2.80  2.02  0.90 23102000 12
 -0.43 -1.51 -2.21 -2.58 -2.38 -1.39  0.10  1.54  2.47  2.75  2.33  1.36 24102000 00
  0.16 -1.13 -2.05 -2.52 -2.54 -1.77 -0.23  1.42  2.65  3.31  3.19  2.30 24102000 12
  1.08 -0.41 -1.58 -2.21 -2.36 -1.80 -0.42  1.27  2.66  3.44  3.50  2.70 25102000 00
  1.50 -0.02 -1.38 -2.28 -2.79 -2.74 -1.67  0.12  1.87  3.03  3.48  3.04 25102000 12
  1.88  0.42 -1.16 -2.27 -2.90 -3.05 -2.37 -0.75  1.18  2.68  3.45  3.36 26102000 00
  2.34  0.96 -0.65 -1.99 -2.78 -3.10 -2.69 -1.22  0.77  2.44  3.43  3.59 26102000 12
  2.78  1.46 -0.15 -1.68 -2.64 -3.08 -2.84 -1.54  0.47  2.32  3.54  3.96 27102000 00
  3.38  2.10  0.48 -1.23 -2.40 -3.11 -3.28 -2.47 -0.63  1.46  2.93  3.64 27102000 12
  3.43  2.26  0.80 -0.91 -2.26 -3.06 -3.39 -2.90 -1.29  0.80  2.49  3.42 28102000 00
  3.59  2.79  1.48 -0.07 -1.57 -2.47 -2.80 -2.31 -0.77  1.16  2.79  3.90 28102000 12
  4.19  3.58  2.36  0.68 -0.88 -1.91 -2.58 -2.75 -1.80  0.07  2.04  3.40 29102000 00
  3.95  3.57  2.40  0.91 -0.81 -2.02 -2.70 -2.82 -2.00 -0.29  1.65  3.07 29102000 12
  3.74  3.59  2.54  1.15 -0.50 -1.74 -2.43 -2.64 -2.07 -0.54  1.34  2.79 30102000 00
  3.59  3.68  2.99  1.91  0.39 -1.03 -1.94 -2.43 -2.35 -1.26  0.49  2.16 30102000 12
  3.25  3.54  2.99  1.82  0.43 -1.02 -2.00 -2.55 -2.66 -1.95 -0.41  1.31 31102000 00
  2.62  3.31  3.16  2.24  1.03 -0.40 -1.55 -2.20 -2.46 -2.08 -0.81  0.89 31102000 12
  2.31  3.09  3.14  2.44  1.37  0.09 -1.13 -1.87 -2.20 -2.00 -0.99  0.55 01112000 00
  1.97  2.90  3.14  2.66  1.72  0.53 -0.75 -1.61 -2.10 -2.21 -1.61 -0.36 01112000 12
  1.00  2.04  2.49  2.30  1.56  0.59 -0.51 -1.39 -1.83 -1.95 -1.50 -0.43 02112000 00
  0.87  1.94  2.56  2.59  2.06  1.17  0.10 -0.84 -1.40 -1.72 -1.69 -1.00 02112000 12
  0.10  1.18  1.92  2.10  1.82  1.17  0.33 -0.60 -1.27 -1.61 -1.64 -1.16 03112000 00
 -0.23  0.84  1.70  2.09  2.03  1.55  0.84 -0.02 -0.79 -1.28 -1.53 -1.47 03112000 12
 -0.89  0.00  0.93  1.54  1.67  1.45  0.93  0.26 -0.47 -0.99 -1.24 -1.24 04112000 00
 -0.89 -0.15  0.69  1.37  1.68  1.64  1.24  0.66 -0.07 -0.75 -1.21 -1.48 04112000 12
 -1.47 -1.00 -0.26  0.53  1.11  1.33  1.25  0.93  0.42 -0.21 -0.73 -1.03 05112000 00
 -1.12 -0.90 -0.33  0.36  1.04  1.43  1.51  1.30  0.79  0.07 -0.64 -1.19 05112000 12
 -1.52 -1.56 -1.20 -0.50  0.34  1.03  1.38  1.43  1.25  0.73  0.02 -0.69 06112000 00
 -1.23 -1.57 -1.62 -1.25 -0.53  0.32  0.95  1.16  1.04  0.60 -0.06 -0.78 06112000 12
 -1.42 -1.79 -1.89 -1.59 -0.89  0.10  0.96  1.51  1.65  1.43  0.80  0.00 07112000 00
 -0.80 -1.36 -1.64 -1.61 -1.08 -0.16  0.89  1.69  1.96  1.74  1.13  0.28 07112000 12
 -0.75 -1.58 -2.03 -2.15 -1.75 -0.76  0.54  1.63  2.28  2.37  1.89  1.05 08112000 00
  0.05 -0.93 -1.56 -1.86 -1.74 -0.96  0.29  1.55  2.38  2.56  2.14  1.24 08112000 12
  0.10 -1.11 -1.95 -2.40 -2.41 -1.74 -0.42  1.07  2.21  2.78  2.64  1.85 09112000 00
  0.73 -0.56 -1.61 -2.20 -2.40 -1.98 -0.80  0.79  2.14  2.88  2.87  2.10 09112000 12
  0.90 -0.49 -1.77 -2.57 -2.96 -2.76 -1.65  0.07  1.68  2.74  3.11  2.64 10112000 00
  1.53  0.19 -1.25 -2.25 -2.77 -2.74 -1.81 -0.05  1.78  3.05  3.60  3.30 10112000 12
  2.22  0.80 -0.85 -2.10 -2.84 -3.10 -2.55 -0.96  1.01  2.60  3.44  3.47 11112000 00
  2.58  1.27 -0.32 -1.74 -2.59 -2.93 -2.57 -1.16  0.85  2.62  3.72  3.98 11112000 12
  3.25  1.93  0.26 -1.40 -2.47 -3.07 -3.07 -2.00 -0.06  1.96  3.32  3.92 12112000 00
  3.53  2.30  0.78 -0.97 -2.23 -2.96 -3.20 -2.52 -0.70  1.46  3.11  3.96 12112000 12
  3.85  2.73  1.25 -0.54 -2.01 -2.93 -3.39 -3.09 -1.56  0.61  2.52  3.64 13112000 00
  3.92  3.14  1.73  0.04 -1.64 -2.73 -3.32 -3.31 -2.20 -0.14  1.93  3.34 13112000 12
  3.92  3.46  2.12  0.55 -1.22 -2.48 -3.23 -3.48 -2.81 -1.01  1.20  2.82 14112000 00
  3.66  3.61  2.53  1.04 -0.71 -2.20 -3.13 -3.58 -3.30 -1.87  0.25  2.15 14112000 12
  3.27  3.61  2.91  1.52 -0.04 -1.65 -2.72 -3.28 -3.27 -2.24 -0.30  1.68 15112000 00
  3.05  3.68  3.36  2.20  0.78 -0.89 -2.13 -2.82 -3.04 -2.45 -0.84  1.15 15112000 12
  2.72  3.57  3.58  2.68  1.36 -0.24 -1.65 -2.52 -2.98 -2.83 -1.68  0.19 16112000 00
  1.94  3.08  3.47  2.99  1.85  0.48 -1.02 -2.07 -2.69 -2.89 -2.31 -0.85 16112000 12
  0.87  2.25  2.98  2.94  2.14  1.01 -0.31 -1.47 -2.18 -2.50 -2.24 -1.12 17112000 00
  0.49  1.93  2.84  3.05  2.52  1.48  0.20 -1.12 -2.03 -2.58 -2.76 -2.23 17112000 12
 -0.96  0.56  1.77  2.45  2.46  1.86  0.91 -0.21 -1.24 -1.83 -2.05 -1.79 18112000 00
 -0.88  0.44  1.69  2.54  2.75  2.38  1.57  0.51 -0.65 -1.47 -1.97 -2.18 18112000 12
 -1.81 -0.80  0.49  1.62  2.27  2.37  1.94  1.18  0.22 -0.77 -1.40 -1.73 19112000 00
 -1.74 -1.15 -0.10  1.08  1.99  2.40  2.30  1.67  0.79 -0.28 -1.19 -1.80 19112000 12
 -2.17 -2.09 -1.37 -0.21  1.00  1.86  2.19  2.01  1.41  0.57 -0.39 -1.17 20112000 00
 -1.62 -1.80 -1.48 -0.56  0.62  1.65  2.25  2.33  1.89  1.08  0.05 -1.00 20112000 12
 -1.75 -2.23 -2.32 -1.76 -0.63  0.68  1.73  2.28  2.26  1.76  0.91 -0.13 21112000 00
 -1.09 -1.69 -1.96 -1.75 -0.85  0.47  1.71  2.53  2.75  2.35  1.47  0.35 21112000 12
 -0.83 -1.64 -2.08 -2.16 -1.59 -0.38  1.06  2.22  2.84  2.84  2.26  1.33 22112000 00
  0.12 -1.00 -1.71 -2.08 -1.93 -0.97  0.49  1.86  2.75  2.95  2.48  1.52 22112000 12
  0.28 -1.03 -1.95 -2.50 -2.61 -1.96 -0.58  1.00  2.22  2.81  2.70  1.91 23112000 00
  0.79 -0.52 -1.65 -2.30 -2.54 -2.12 -0.88  0.77  2.18  3.02  3.12  2.43 23112000 12
  1.24 -0.17 -1.52 -2.38 -2.84 -2.76 -1.78 -0.11  1.58  2.72  3.18  2.82 24112000 00
  1.76  0.46 -1.01 -2.08 -2.64 -2.68 -1.92 -0.35  1.44  2.72  3.35  3.19 24112000 12
  2.27  1.00 -0.56 -1.83 -2.60 -2.90 -2.49 -1.10  0.78  2.34  3.23  3.37 25112000 00
  2.64  1.49  0.14 -1.18 -2.01 -2.41 -2.13 -0.84  0.97  2.61  3.71  4.07 25112000 12
  3.63  2.51  0.97 -0.60 -1.62 -2.20 -2.34 -1.61 -0.04  1.70  3.04  3.62 26112000 00
  3.34  2.30  0.99 -0.60 -1.84 -2.57 -2.83 -2.30 -0.81  1.03  2.49  3.30 26112000 12
  3.29  2.41  1.12 -0.42 -1.79 -2.61 -2.99 -2.70 -1.41  0.49  2.15  3.17 27112000 00
  3.43  2.77  1.55  0.07 -1.43 -2.41 -2.91 -2.82 -1.86 -0.15  1.63  2.84 27112000 12
  3.34  2.96  1.83  0.49 -0.98 -2.05 -2.60 -2.64 -1.85 -0.22  1.60  2.94 28112000 00
  3.62  3.49  2.59  1.34 -0.23 -1.50 -2.28 -2.67 -2.40 -1.14  0.59  2.10 28112000 12
  2.99  3.15  2.53  1.40  0.03 -1.33 -2.14 -2.42 -2.07 -0.86  0.85  2.38 29112000 00
  3.36  3.63  3.16  2.16  0.78 -0.68 -1.67 -2.27 -2.41 -1.69 -0.15  1.51 29112000 12
  2.69  3.17  2.87  1.88  0.65 -0.76 -1.80 -2.37 -2.55 -2.05 -0.77  0.85 30112000 00
  2.16  2.87  2.91  2.25  1.25  0.03 -1.10 -1.73 -1.93 -1.66 -0.72  0.56 30112000 12
  1.72  2.54  2.75  2.28  1.33  0.21 -0.91 -1.65 -2.02 -1.96 -1.18  0.16 01122000 00
  1.55  2.54  2.92  2.69  1.91  0.88 -0.31 -1.21 -1.75 -1.96 -1.62 -0.61 01122000 12
  0.65  1.73  2.34  2.38  1.92  1.16  0.18 -0.74 -1.26 -1.44 -1.24 -0.40 02122000 00
  0.72  1.74  2.40  2.54  2.13  1.36  0.35 -0.64 -1.32 -1.73 -1.84 -1.37 02122000 12
 -0.41  0.68  1.54  1.92  1.84  1.33  0.58 -0.29 -1.02 -1.42 -1.54 -1.26 03122000 00
 -0.50  0.49  1.42  1.96  2.06  1.71  1.06  0.25 -0.52 -1.01 -1.31 -1.37 03122000 12
 -0.92 -0.06  0.85  1.52  1.79  1.70  1.27  0.64 -0.12 -0.73 -1.00 -0.96 04122000 00
 -0.61  0.08  0.94  1.69  2.17  2.28  1.99  1.39  0.54 -0.27 -0.88 -1.31 04122000 12
 -1.46 -1.10 -0.31  0.54  1.28  1.68  1.76  1.58  1.18  0.59 -0.08 -0.57 05122000 00
 -0.83 -0.81 -0.31  0.53  1.32  1.80  1.94  1.74  1.22  0.45 -0.39 -1.02 05122000 12
 -1.44 -1.62 -1.27 -0.45  0.54  1.44  1.96  2.06  1.74  1.12  0.34 -0.40 06122000 00
 -0.89 -1.18 -1.19 -0.67  0.24  1.17  1.86  2.09  1.91  1.35  0.54 -0.43 06122000 12
 -1.20 -1.68 -1.87 -1.56 -0.69  0.46  1.50  2.11  2.24  1.86  1.11  0.17 07122000 00
 -0.78 -1.42 -1.76 -1.75 -1.15 -0.06  1.12  1.99  2.27  1.94  1.09  0.06 07122000 12
 -1.00 -1.81 -2.31 -2.39 -1.83 -0.65  0.81  2.02  2.75  2.87  2.45  1.62 08122000 00
  0.50 -0.58 -1.27 -1.65 -1.59 -0.75  0.64  1.94  2.85  3.06  2.59  1.63 08122000 12
  0.36 -0.94 -1.85 -2.40 -2.51 -1.79 -0.32  1.31  2.55  3.15  3.07  2.30 09122000 00
  1.17 -0.25 -1.42 -2.11 -2.39 -2.00 -0.72  0.97  2.40  3.19  3.23  2.48 09122000 12
  1.28 -0.19 -1.58 -2.42 -2.80 -2.55 -1.44  0.26  1.94  3.12  3.60  3.25 10122000 00
  2.17  0.78 -0.75 -1.89 -2.59 -2.81 -2.12 -0.48  1.43  2.86  3.55  3.37 10122000 12
  2.42  1.13 -0.39 -1.60 -2.32 -2.70 -2.37 -0.97  0.95  2.62  3.65  3.84 11122000 00
  3.09  1.74  0.04 -1.58 -2.64 -3.25 -3.28 -2.23 -0.27  1.76  3.17  3.81 11122000 12
  3.47  2.28  0.81 -0.93 -2.26 -3.04 -3.30 -2.62 -0.79  1.39  3.06  3.95 12122000 00
  3.95  2.91  1.44 -0.35 -1.81 -2.73 -3.25 -3.00 -1.47  0.75  2.69  3.92 12122000 12
  4.32  3.82  2.76  1.15 -0.54 -1.87 -2.74 -3.04 -2.21 -0.24  1.90  3.44 13122000 00
  4.15  3.86  2.73  1.26 -0.56 -1.96 -2.82 -3.23 -2.84 -1.27  0.84  2.63 13122000 12
  3.64  3.78  2.89  1.48 -0.19 -1.74 -2.73 -3.26 -3.16 -1.94  0.16  2.13 14122000 00
  3.44  3.95  3.44  2.16  0.62 -1.10 -2.33 -3.09 -3.40 -2.85 -1.21  0.89 14122000 12
  2.50  3.36  3.39  2.40  1.02 -0.55 -1.97 -2.84 -3.24 -2.95 -1.63  0.34 15122000 00
  2.10  3.22  3.56  2.93  1.66  0.16 -1.41 -2.48 -3.11 -3.26 -2.52 -0.86 15122000 12
  1.04  2.42  3.14  3.02  2.07  0.81 -0.65 -1.89 -2.61 -2.88 -2.51 -1.23 16122000 00
  0.55  2.06  2.98  3.15  2.49  1.33 -0.06 -1.44 -2.38 -2.92 -3.00 -2.29 16122000 12
 -0.81  0.85  2.08  2.70  2.57  1.74  0.63 -0.65 -1.72 -2.31 -2.51 -2.11 17122000 00
 -0.96  0.58  1.91  2.73  2.89  2.35  1.35  0.12 -1.12 -1.95 -2.45 -2.57 17122000 12
 -1.99 -0.73  0.71  1.82  2.39  2.30  1.66  0.71 -0.40 -1.38 -1.93 -2.15 18122000 00
 -1.90 -1.01  0.30  1.52  2.30  2.49  2.11  1.26  0.20 -0.95 -1.78 -2.29 18122000 12
 -2.50 -2.12 -1.10  0.18  1.26  1.91  1.99  1.59  0.83 -0.13 -1.09 -1.71 19122000 00
 -1.96 -1.80 -1.10  0.02  1.17  2.01  2.33  2.14  1.48  0.54 -0.55 -1.40 19122000 12
 -1.95 -2.26 -2.06 -1.22  0.02  1.19  1.95  2.17  1.87  1.15  0.23 -0.78 20122000 00
 -1.50 -1.86 -1.88 -1.36 -0.34  0.83  1.78  2.24  2.14  1.52  0.60 -0.49 20122000 12
 -1.44 -2.05 -2.38 -2.25 -1.47 -0.22  1.01  1.88  2.19  1.91  1.17  0.21 21122000 00
 -0.85 -1.67 -2.11 -2.19 -1.71 -0.64  0.67  1.72  2.28  2.21  1.59  0.63 21122000 12
 -0.50 -1.53 -2.18 -2.50 -2.31 -1.42 -0.05  1.26  2.12  2.39  2.03  1.17 22122000 00
  0.11 -1.03 -1.87 -2.32 -2.36 -1.77 -0.56  0.86  1.95  2.50  2.36  1.61 22122000 12
  0.54 -0.69 -1.74 -2.35 -2.56 -2.19 -1.09  0.40  1.70  2.50  2.63  2.10 23122000 00
  1.09 -0.11 -1.32 -2.09 -2.46 -2.36 -1.52 -0.10  1.35  2.34  2.73  2.39 23122000 12
  1.44  0.26 -1.07 -2.06 -2.59 -2.65 -2.01 -0.65  0.94  2.15  2.76  2.64 24122000 00
  1.84  0.67 -0.68 -1.83 -2.52 -2.79 -2.45 -1.28  0.34  1.73  2.57  2.69 24122000 12
  2.02  0.86 -0.46 -1.75 -2.55 -2.90 -2.68 -1.66 -0.03  1.52  2.55  2.94 25122000 00
  2.49  1.42  0.12 -1.28 -2.28 -2.81 -2.85 -2.15 -0.67  0.97  2.17  2.77 25122000 12
  2.59  1.68  0.45 -0.94 -2.08 -2.69 -2.82 -2.26 -0.88  0.86  2.26  3.06 26122000 00
  3.09  2.31  1.10 -0.33 -1.63 -2.41 -2.78 -2.55 -1.45  0.22  1.77  2.74 26122000 12
  2.99  2.43  1.29 -0.04 -1.41 -2.29 -2.70 -2.56 -1.59  0.05  1.71  2.84 27122000 00
  3.30  2.94  1.90  0.58 -0.89 -1.96 -2.55 -2.69 -2.09 -0.64  1.08  2.39 27122000 12
  3.05  2.95  2.07  0.84 -0.56 -1.73 -2.39 -2.62 -2.18 -0.91  0.81  2.27 28122000 00
  3.13  3.25  2.57  1.39 -0.01 -1.35 -2.21 -2.64 -2.54 -1.58  0.02  1.59 28122000 12
  2.61  2.93  2.46  1.40  0.14 -1.21 -2.13 -2.57 -2.52 -1.72 -0.22  1.41 29122000 00
  2.54  3.05  2.80  1.86  0.64 -0.77 -1.86 -2.47 -2.68 -2.24 -0.99  0.64 29122000 12
  1.95  2.68  2.68  1.94  0.84 -0.40 -1.56 -2.23 -2.47 -2.16 -1.11  0.40 30122000 00
  1.77  2.64  2.86  2.33  1.31  0.08 -1.18 -2.03 -2.47 -2.48 -1.78 -0.44 30122000 12
  1.02  2.06  2.49  2.24  1.40  0.35 -0.82 -1.71 -2.12 -2.10 -1.46 -0.22 31122000 00
  1.21  2.32  2.96  2.92  2.26  1.30  0.07 -0.98 -1.62 -1.88 -1.64 -0.75 31122000 12
