Parameter Z: CS3 Location ( 52, 86) Lat 53.500 Lon -3.417
  3.22  2.32  1.00 -0.57 -1.98 -2.83 -3.16 -2.75 -1.33  0.64  2.34  3.35 01012006 00
  3.56  2.83  1.53 -0.05 -1.64 -2.75 -3.41 -3.55 -2.72 -0.85  1.15  2.61 01012006 12
  3.30  3.10  1.97  0.50 -1.13 -2.44 -3.18 -3.39 -2.79 -1.18  0.91  2.54 02012006 00
  3.46  3.54  2.63  1.21 -0.46 -2.00 -3.00 -3.56 -3.51 -2.38 -0.39  1.57 02012006 12
  2.86  3.39  2.99  1.76  0.30 -1.31 -2.48 -3.11 -3.20 -2.38 -0.62  1.40 03012006 00
  2.82  3.55  3.37  2.24  0.79 -0.92 -2.33 -3.22 -3.67 -3.44 -2.15 -0.17 03012006 12
  1.63  2.72  3.07  2.48  1.17 -0.27 -1.77 -2.79 -3.29 -3.20 -2.17 -0.33 04012006 00
  1.53  2.81  3.39  3.04  1.89  0.48 -1.14 -2.38 -3.14 -3.48 -3.12 -1.78 04012006 12
  0.10  1.71  2.64  2.81  2.12  0.90 -0.44 -1.79 -2.64 -3.00 -2.76 -1.66 05012006 00
  0.07  1.69  2.77  3.18  2.73  1.64  0.31 -1.16 -2.24 -2.89 -3.11 -2.63 05012006 12
 -1.27  0.40  1.77  2.53  2.60  1.91  0.80 -0.46 -1.63 -2.34 -2.62 -2.35 06012006 00
 -1.34  0.20  1.63  2.55  2.82  2.37  1.37  0.15 -1.16 -2.11 -2.67 -2.86 06012006 12
 -2.42 -1.23  0.24  1.45  2.13  2.15  1.57  0.63 -0.46 -1.47 -2.09 -2.32 07012006 00
 -2.08 -1.23  0.07  1.32  2.16  2.42  2.07  1.25  0.20 -0.95 -1.80 -2.32 07012006 12
 -2.51 -2.16 -1.16  0.14  1.24  1.89  1.97  1.54  0.74 -0.22 -1.17 -1.79 08012006 00
 -2.08 -1.99 -1.36 -0.27  0.88  1.73  2.09  1.88  1.21  0.31 -0.73 -1.58 08012006 12
 -2.10 -2.36 -2.16 -1.35 -0.18  0.90  1.63  1.84  1.53  0.85 -0.01 -0.92 09012006 00
 -1.59 -1.90 -1.88 -1.37 -0.41  0.74  1.64  2.11  2.12  1.68  0.92 -0.05 09012006 12
 -0.97 -1.56 -1.84 -1.72 -1.02  0.05  1.14  1.93  2.20  2.00  1.39  0.55 10012006 00
 -0.44 -1.18 -1.57 -1.66 -1.25 -0.29  0.86  1.84  2.41  2.49  2.07  1.34 10012006 12
  0.35 -0.63 -1.30 -1.65 -1.57 -0.83  0.33  1.48  2.22  2.45  2.17  1.43 11012006 00
  0.43 -0.72 -1.58 -2.09 -2.30 -1.92 -0.93  0.33  1.41  2.00  2.01  1.50 11012006 12
  0.64 -0.40 -1.40 -2.01 -2.26 -2.02 -1.11  0.25  1.54  2.42  2.74  2.45 12012006 00
  1.64  0.57 -0.64 -1.52 -2.02 -2.14 -1.56 -0.35  1.01  2.05  2.52  2.37 12012006 12
  1.67  0.65 -0.56 -1.56 -2.12 -2.30 -1.84 -0.68  0.77  1.99  2.72  2.83 13012006 00
  2.31  1.34  0.08 -1.14 -1.92 -2.33 -2.26 -1.44 -0.05  1.37  2.34  2.66 13012006 12
  2.30  1.37  0.22 -1.05 -1.97 -2.45 -2.46 -1.77 -0.40  1.15  2.29  2.85 14012006 00
  2.66  1.79  0.61 -0.76 -1.88 -2.54 -2.80 -2.44 -1.24  0.40  1.78  2.60 14012006 12
  2.71  2.09  1.01 -0.26 -1.49 -2.22 -2.47 -2.10 -0.95  0.67  2.11  3.05 15012006 00
  3.32  2.81  1.75  0.38 -1.05 -2.01 -2.57 -2.66 -1.93 -0.46  1.15  2.31 15012006 12
  2.80  2.53  1.57  0.35 -1.01 -2.07 -2.60 -2.64 -1.95 -0.51  1.17  2.45 16012006 00
  3.15  3.07  2.22  1.00 -0.43 -1.66 -2.37 -2.69 -2.37 -1.18  0.47  1.90 16012006 12
  2.77  2.93  2.31  1.15 -0.18 -1.47 -2.28 -2.64 -2.44 -1.40  0.25  1.84 17012006 00
  2.88  3.21  2.74  1.63  0.28 -1.16 -2.16 -2.69 -2.78 -2.14 -0.68  1.00 17012006 12
  2.29  2.91  2.73  1.79  0.57 -0.77 -1.87 -2.47 -2.61 -2.06 -0.74  0.94 18012006 00
  2.27  2.99  2.96  2.14  0.94 -0.45 -1.69 -2.43 -2.79 -2.56 -1.50  0.09 18012006 12
  1.57  2.51  2.76  2.25  1.21 -0.01 -1.29 -2.14 -2.50 -2.35 -1.45  0.05 19012006 00
  1.56  2.58  2.97  2.61  1.63  0.43 -0.89 -1.85 -2.36 -2.48 -1.93 -0.65 19012006 12
  0.90  2.11  2.77  2.79  2.24  1.30 -0.02 -1.15 -1.75 -1.94 -1.62 -0.58 20012006 00
  0.80  2.06  2.78  2.78  2.11  1.07 -0.16 -1.29 -2.03 -2.44 -2.39 -1.59 20012006 12
 -0.28  1.02  1.91  2.21  1.86  1.03  0.01 -1.08 -1.85 -2.19 -2.14 -1.52 21012006 00
 -0.37  0.91  1.85  2.28  2.06  1.30  0.28 -0.84 -1.74 -2.24 -2.42 -2.12 21012006 12
 -1.21  0.04  1.13  1.80  1.89  1.44  0.63 -0.31 -1.24 -1.81 -2.01 -1.83 22012006 00
 -1.12 -0.01  1.07  1.79  1.97  1.63  0.88 -0.04 -1.03 -1.74 -2.13 -2.20 22012006 12
 -1.79 -0.90  0.21  1.12  1.60  1.55  1.11  0.40 -0.43 -1.19 -1.63 -1.76 23012006 00
 -1.52 -0.86  0.10  1.00  1.58  1.71  1.39  0.73 -0.08 -0.94 -1.56 -1.91 23012006 12
 -1.99 -1.62 -0.80  0.23  1.05  1.47  1.44  1.08  0.45 -0.29 -1.00 -1.42 24012006 00
 -1.60 -1.50 -0.98 -0.12  0.76  1.36  1.53  1.31  0.76  0.02 -0.81 -1.46 24012006 12
 -1.86 -2.01 -1.75 -1.04 -0.05  0.84  1.41  1.53  1.29  0.70 -0.05 -0.84 25012006 00
 -1.40 -1.71 -1.75 -1.36 -0.55  0.43  1.23  1.61  1.55  1.09  0.35 -0.53 25012006 12
 -1.34 -1.87 -2.15 -2.03 -1.37 -0.30  0.76  1.52  1.82  1.65  1.08  0.25 26012006 00
 -0.69 -1.47 -1.94 -2.13 -1.85 -1.00  0.19  1.23  1.84  1.91  1.49  0.67 26012006 12
 -0.32 -1.34 -2.05 -2.43 -2.36 -1.67 -0.45  0.87  1.84  2.28  2.09  1.34 27012006 00
  0.31 -0.87 -1.86 -2.45 -2.68 -2.37 -1.32  0.14  1.43  2.23  2.37  1.82 27012006 12
  0.78 -0.43 -1.64 -2.46 -2.89 -2.81 -1.96 -0.44  1.15  2.24  2.73  2.44 28012006 00
  1.46  0.18 -1.24 -2.37 -3.03 -3.25 -2.78 -1.43  0.35  1.81  2.64  2.72 28012006 12
  1.93  0.66 -0.76 -2.11 -2.97 -3.36 -3.13 -1.95 -0.09  1.66  2.79  3.19 29012006 00
  2.65  1.39 -0.10 -1.71 -2.86 -3.52 -3.66 -2.90 -1.12  0.86  2.35  3.12 29012006 12
  3.03  2.00  0.54 -1.07 -2.46 -3.29 -3.59 -3.10 -1.55  0.60  2.34  3.34 30012006 00
  3.55  2.71  1.24 -0.43 -2.08 -3.17 -3.80 -3.81 -2.72 -0.66  1.46  2.85 30012006 12
  3.43  3.07  1.76  0.18 -1.53 -2.82 -3.54 -3.68 -2.87 -0.92  1.32  2.95 31012006 00
  3.80  3.72  2.57  1.00 -0.84 -2.40 -3.40 -3.93 -3.71 -2.27 -0.02  2.03 31012006 12
  3.22  3.59  2.91  1.42 -0.22 -1.92 -3.04 -3.63 -3.58 -2.41 -0.25  1.92 01022006 00
  3.36  3.98  3.57  2.21  0.58 -1.28 -2.65 -3.49 -3.86 -3.36 -1.63  0.63 01022006 12
  2.41  3.37  3.48  2.52  1.01 -0.66 -2.21 -3.15 -3.57 -3.24 -1.79  0.39 02022006 00
  2.34  3.50  3.87  3.18  1.77  0.12 -1.60 -2.76 -3.46 -3.63 -2.85 -1.00 02022006 12
  1.04  2.52  3.23  3.05  1.96  0.51 -1.09 -2.40 -3.14 -3.36 -2.80 -1.23 03022006 00
  0.79  2.39  3.29  3.42  2.56  1.22 -0.34 -1.81 -2.75 -3.27 -3.24 -2.29 03022006 12
 -0.54  1.20  2.40  2.89  2.50  1.39  0.09 -1.33 -2.38 -2.92 -2.96 -2.27 04022006 00
 -0.78  0.92  2.20  2.89  2.80  1.94  0.76 -0.62 -1.83 -2.55 -2.91 -2.74 04022006 12
 -1.78 -0.26  1.15  2.09  2.39  1.94  0.98 -0.13 -1.30 -2.12 -2.50 -2.45 05022006 00
 -1.80 -0.57  0.80  1.83  2.34  2.19  1.49  0.51 -0.61 -1.56 -2.11 -2.37 05022006 12
 -2.18 -1.38 -0.16  0.98  1.73  1.94  1.61  0.88 -0.00 -0.93 -1.59 -1.91 06022006 00
 -1.91 -1.44 -0.53  0.57  1.44  1.88  1.83  1.36  0.62 -0.25 -1.03 -1.51 06022006 12
 -1.77 -1.72 -1.16 -0.24  0.72  1.43  1.68  1.56  1.09  0.42 -0.37 -1.00 07022006 00
 -1.36 -1.51 -1.32 -0.64  0.25  1.13  1.67  1.87  1.78  1.35  0.55 -0.26 07022006 12
 -0.86 -1.23 -1.38 -1.16 -0.49  0.35  1.11  1.51  1.55  1.22  0.60 -0.18 08022006 00
 -0.89 -1.40 -1.66 -1.64 -1.18 -0.37  0.55  1.26  1.59  1.55  1.18  0.52 08022006 12
 -0.30 -1.03 -1.47 -1.65 -1.50 -0.87  0.05  0.97  1.61  1.79  1.55  0.97 09022006 00
  0.16 -0.74 -1.44 -1.85 -1.98 -1.63 -0.79  0.28  1.19  1.71  1.72  1.31 09022006 12
  0.56 -0.34 -1.21 -1.74 -1.93 -1.71 -0.97  0.13  1.20  1.93  2.13  1.80 10022006 00
  1.05  0.07 -0.98 -1.75 -2.18 -2.24 -1.74 -0.68  0.56  1.54  2.02  1.89 10022006 12
  1.26  0.33 -0.74 -1.67 -2.15 -2.22 -1.74 -0.67  0.67  1.79  2.43  2.48 11022006 00
  1.91  0.93 -0.24 -1.34 -2.05 -2.39 -2.21 -1.32  0.06  1.40  2.28  2.50 11022006 12
  2.06  1.11 -0.04 -1.25 -2.08 -2.46 -2.35 -1.53 -0.12  1.36  2.44  2.91 12022006 00
  2.66  1.76  0.57 -0.79 -1.85 -2.45 -2.64 -2.15 -0.90  0.67  1.93  2.59 12022006 12
  2.51  1.71  0.52 -0.78 -1.92 -2.55 -2.71 -2.19 -0.90  0.78  2.18  3.02 13022006 00
  3.13  2.44  1.27 -0.15 -1.51 -2.38 -2.82 -2.68 -1.65  0.01  1.63  2.65 13022006 12
  2.97  2.48  1.39  0.08 -1.32 -2.28 -2.72 -2.58 -1.60  0.06  1.72  2.89 14022006 00
  3.40  3.07  2.00  0.63 -0.92 -2.06 -2.71 -2.89 -2.26 -0.71  1.13  2.55 14022006 12
  3.30  3.32  2.57  1.38 -0.10 -1.37 -2.11 -2.39 -1.99 -0.68  1.09  2.60 15022006 00
  3.44  3.46  2.63  1.37 -0.14 -1.50 -2.32 -2.70 -2.47 -1.26  0.55  2.16 15022006 12
  3.16  3.42  2.84  1.70  0.30 -1.15 -2.08 -2.52 -2.42 -1.39  0.37  2.13 16022006 00
  3.32  3.77  3.36  2.30  0.93 -0.62 -1.70 -2.32 -2.48 -1.78 -0.23  1.49 16022006 12
  2.80  3.42  3.23  2.27  0.96 -0.57 -1.76 -2.42 -2.64 -2.13 -0.70  1.10 17022006 00
  2.54  3.33  3.32  2.48  1.26 -0.21 -1.52 -2.32 -2.69 -2.47 -1.32  0.37 17022006 12
  1.92  2.88  3.12  2.53  1.41  0.11 -1.22 -2.06 -2.44 -2.31 -1.36  0.22 18022006 00
  1.79  2.83  3.19  2.76  1.69  0.40 -0.99 -1.95 -2.46 -2.55 -1.93 -0.57 18022006 12
  1.02  2.23  2.83  2.66  1.80  0.66 -0.62 -1.67 -2.24 -2.39 -1.94 -0.76 19022006 00
  0.76  2.00  2.70  2.69  1.98  0.89 -0.37 -1.52 -2.21 -2.54 -2.39 -1.54 19022006 12
 -0.19  1.12  1.99  2.25  1.83  0.91 -0.17 -1.28 -2.04 -2.35 -2.26 -1.60 20022006 00
 -0.41  0.89  1.83  2.25  1.98  1.18  0.18 -0.91 -1.77 -2.23 -2.39 -2.11 20022006 12
 -1.22  0.02  1.08  1.71  1.75  1.27  0.45 -0.49 -1.39 -1.94 -2.12 -1.92 21022006 00
 -1.27 -0.24  0.81  1.52  1.74  1.42  0.72 -0.12 -1.02 -1.69 -2.06 -2.14 21022006 12
 -1.82 -1.04 -0.00  0.87  1.38  1.40  1.05  0.38 -0.42 -1.18 -1.64 -1.86 22022006 00
 -1.77 -1.30 -0.45  0.44  1.08  1.35  1.20  0.75  0.09 -0.68 -1.31 -1.69 22022006 12
 -1.86 -1.71 -1.14 -0.23  0.61  1.18  1.36  1.20  0.76  0.11 -0.61 -1.19 23022006 00
 -1.55 -1.69 -1.45 -0.81  0.06  0.85  1.32  1.39  1.14  0.61 -0.08 -0.83 23022006 12
 -1.42 -1.82 -1.94 -1.64 -0.89  0.10  0.95  1.45  1.49  1.17  0.51 -0.31 24022006 00
 -1.14 -1.71 -2.04 -2.04 -1.60 -0.72  0.35  1.21  1.64  1.58  1.11  0.30 24022006 12
 -0.65 -1.55 -2.14 -2.39 -2.20 -1.43 -0.20  1.00  1.82  2.08  1.74  0.94 25022006 00
 -0.10 -1.24 -2.15 -2.69 -2.80 -2.32 -1.15  0.32  1.52  2.24  2.27  1.63 25022006 12
  0.55 -0.69 -1.87 -2.62 -2.93 -2.68 -1.66 -0.06  1.44  2.42  2.75  2.26 26022006 00
  1.14 -0.20 -1.61 -2.65 -3.25 -3.35 -2.66 -1.09  0.73  2.12  2.87  2.80 26022006 12
  1.89  0.58 -0.91 -2.21 -2.99 -3.27 -2.81 -1.38  0.58  2.25  3.24  3.43 27022006 00
  2.65  1.30 -0.30 -1.87 -2.91 -3.48 -3.44 -2.36 -0.33  1.70  3.06  3.65 27022006 12
  3.25  1.95  0.40 -1.31 -2.60 -3.35 -3.55 -2.80 -0.94  1.30  2.92  3.76 28022006 00
  3.69  2.54  0.96 -0.86 -2.40 -3.39 -3.90 -3.62 -2.13  0.20  2.26  3.46 28022006 12
  3.83  3.09  1.56 -0.14 -1.88 -3.04 -3.65 -3.60 -2.39 -0.12  2.14  3.62 01032006 00
  4.25  3.82  2.38  0.66 -1.28 -2.70 -3.58 -3.95 -3.36 -1.43  1.00  2.88 01032006 12
  3.86  3.91  2.81  1.18 -0.64 -2.28 -3.27 -3.72 -3.36 -1.70  0.70  2.78 02032006 00
  3.98  4.32  3.49  1.93  0.10 -1.73 -2.94 -3.66 -3.79 -2.75 -0.57  1.71 02032006 12
  3.27  3.94  3.60  2.25  0.62 -1.21 -2.58 -3.37 -3.60 -2.85 -0.92  1.43 03032006 00
  3.14  4.06  4.04  2.94  1.42 -0.41 -1.96 -2.94 -3.46 -3.28 -1.89  0.23 03032006 12
  2.17  3.36  3.72  3.04  1.62  0.03 -1.61 -2.70 -3.27 -3.26 -2.23 -0.27 04032006 00
  1.72  3.08  3.70  3.36  2.16  0.73 -0.92 -2.13 -2.82 -3.08 -2.58 -1.08 04032006 12
  0.83  2.36  3.18  3.20  2.31  1.02 -0.45 -1.76 -2.56 -2.93 -2.71 -1.58 05032006 00
  0.15  1.72  2.75  3.08  2.56  1.49  0.22 -1.14 -2.07 -2.54 -2.59 -1.95 05032006 12
 -0.59  0.94  2.07  2.60  2.39  1.56  0.49 -0.72 -1.72 -2.29 -2.50 -2.15 06032006 00
 -1.13  0.25  1.44  2.18  2.28  1.78  0.90 -0.12 -1.14 -1.79 -2.09 -2.03 06032006 12
 -1.42 -0.36  0.79  1.63  2.00  1.86  1.28  0.47 -0.45 -1.20 -1.62 -1.75 07032006 00
 -1.47 -0.73  0.27  1.16  1.70  1.76  1.44  0.87  0.15 -0.58 -1.07 -1.33 07032006 12
 -1.35 -0.96 -0.21  0.67  1.35  1.65  1.65  1.33  0.81  0.13 -0.51 -0.90 08032006 00
 -1.09 -1.04 -0.61  0.07  0.75  1.22  1.41  1.31  0.98  0.49 -0.15 -0.73 08032006 12
 -1.13 -1.32 -1.22 -0.71 -0.01  0.71  1.22  1.46  1.44  1.16  0.66  0.06 09032006 00
 -0.48 -0.86 -1.08 -1.02 -0.54  0.14  0.83  1.30  1.51  1.48  1.18  0.64 09032006 12
 -0.03 -0.59 -0.95 -1.05 -0.73 -0.02  0.82  1.49  1.89  1.94  1.62  1.02 10032006 00
  0.24 -0.55 -1.15 -1.54 -1.64 -1.28 -0.52  0.40  1.19  1.56  1.51  1.08 10032006 12
  0.38 -0.45 -1.20 -1.62 -1.73 -1.42 -0.64  0.39  1.33  1.88  1.94  1.51 11032006 00
  0.72 -0.25 -1.21 -1.86 -2.22 -2.20 -1.58 -0.47  0.73  1.57  1.88  1.62 11032006 12
  0.93 -0.00 -1.05 -1.86 -2.22 -2.12 -1.45 -0.30  0.98  1.90  2.33  2.15 12032006 00
  1.41  0.37 -0.81 -1.78 -2.33 -2.50 -2.11 -1.07  0.35  1.56  2.26  2.31 12032006 12
  1.74  0.74 -0.42 -1.54 -2.22 -2.44 -2.06 -1.00  0.47  1.79  2.62  2.81 13032006 00
  2.31  1.27 -0.02 -1.33 -2.16 -2.54 -2.41 -1.51 -0.01  1.48  2.49  2.85 13032006 12
  2.47  1.50  0.28 -1.07 -2.06 -2.55 -2.53 -1.74 -0.24  1.38  2.54  3.07 14032006 00
  2.80  1.80  0.49 -1.00 -2.16 -2.82 -3.02 -2.50 -1.09  0.67  2.09  2.85 14032006 12
  2.84  1.99  0.71 -0.73 -2.03 -2.79 -3.08 -2.69 -1.38  0.44  1.98  2.88 15032006 00
  3.02  2.26  0.96 -0.53 -1.97 -2.90 -3.36 -3.20 -2.09 -0.27  1.48  2.61 15032006 12
  3.01  2.47  1.23 -0.18 -1.69 -2.74 -3.26 -3.18 -2.25 -0.49  1.33  2.59 16032006 00
  3.16  2.78  1.57  0.13 -1.47 -2.67 -3.35 -3.50 -2.84 -1.21  0.72  2.15 16032006 12
  2.88  2.76  1.75  0.34 -1.16 -2.47 -3.21 -3.43 -2.90 -1.43  0.52  2.08 17032006 00
  2.93  3.00  2.11  0.70 -0.84 -2.27 -3.14 -3.51 -3.24 -2.02 -0.14  1.59 17032006 12
  2.64  2.96  2.33  1.04 -0.39 -1.86 -2.85 -3.31 -3.18 -2.15 -0.35  1.41 18032006 00
  2.59  3.05  2.60  1.40 -0.01 -1.53 -2.64 -3.23 -3.30 -2.57 -0.98  0.85 18032006 12
  2.17  2.84  2.68  1.68  0.39 -1.04 -2.22 -2.87 -3.01 -2.45 -1.05  0.72 19032006 00
  2.14  2.91  2.89  2.03  0.76 -0.67 -1.95 -2.71 -3.03 -2.75 -1.62  0.07 19032006 12
  1.58  2.53  2.78  2.20  1.07 -0.23 -1.55 -2.40 -2.76 -2.60 -1.70 -0.19 20032006 00
  1.34  2.36  2.76  2.37  1.37  0.17 -1.14 -2.11 -2.61 -2.67 -2.09 -0.81 20032006 12
  0.68  1.83  2.43  2.32  1.55  0.47 -0.73 -1.75 -2.32 -2.49 -2.12 -1.09 21032006 00
  0.33  1.55  2.27  2.35  1.79  0.86 -0.22 -1.28 -1.94 -2.25 -2.14 -1.44 21032006 12
 -0.25  0.99  1.84  2.16  1.88  1.13  0.19 -0.84 -1.61 -1.99 -2.06 -1.64 22032006 00
 -0.71  0.48  1.45  1.99  1.96  1.48  0.72 -0.17 -1.00 -1.49 -1.71 -1.62 22032006 12
 -1.03 -0.08  0.91  1.62  1.85  1.64  1.08  0.32 -0.55 -1.22 -1.59 -1.74 23032006 00
 -1.46 -0.72  0.23  1.09  1.62  1.73  1.48  0.94  0.23 -0.50 -1.02 -1.33 23032006 12
 -1.44 -1.12 -0.36  0.52  1.25  1.59  1.62  1.34  0.79  0.05 -0.66 -1.16 24032006 00
 -1.46 -1.48 -1.02 -0.21  0.73  1.50  1.86  1.88  1.61  1.10  0.38 -0.34 24032006 12
 -0.87 -1.22 -1.22 -0.70  0.18  1.08  1.80  2.10  2.02  1.55  0.81 -0.11 25032006 00
 -0.96 -1.56 -1.90 -1.80 -1.10 -0.02  1.12  1.95  2.33  2.24  1.70  0.88 25032006 12
 -0.13 -0.98 -1.50 -1.67 -1.30 -0.30  0.93  2.02  2.64  2.69  2.16  1.25 26032006 00
  0.05 -1.12 -1.95 -2.44 -2.42 -1.58 -0.12  1.41  2.52  3.05  2.91  2.16 26032006 12
  1.06 -0.30 -1.41 -2.04 -2.26 -1.76 -0.36  1.36  2.77  3.54  3.57  2.80 27032006 00
  1.61  0.09 -1.28 -2.17 -2.68 -2.57 -1.45  0.32  2.05  3.25  3.71  3.32 27032006 12
  2.22  0.79 -0.83 -1.94 -2.57 -2.68 -1.84 -0.07  1.87  3.33  4.03  3.86 28032006 00
  2.81  1.34 -0.43 -1.83 -2.77 -3.29 -3.03 -1.59  0.50  2.36  3.48  3.75 28032006 12
  2.97  1.56 -0.10 -1.76 -2.85 -3.41 -3.31 -2.07  0.11  2.20  3.59  4.18 29032006 00
  3.69  2.30  0.62 -1.25 -2.59 -3.43 -3.75 -3.07 -1.14  1.21  2.96  3.88 29032006 12
  3.89  2.80  1.29 -0.47 -2.00 -2.93 -3.32 -2.83 -1.11  1.23  3.18  4.34 30032006 00
  4.56  3.61  2.11  0.17 -1.60 -2.78 -3.51 -3.59 -2.37 -0.10  2.14  3.65 30032006 12
  4.28  3.83  2.46  0.80 -1.09 -2.45 -3.24 -3.49 -2.71 -0.73  1.64  3.36 31032006 00
  4.24  4.14  2.96  1.41 -0.48 -2.02 -2.99 -3.47 -3.16 -1.56  0.69  2.64 31032006 12
  3.79  4.05  3.22  1.73 -0.03 -1.75 -2.85 -3.44 -3.38 -2.13  0.06  2.16 01042006 00
  3.56  4.12  3.65  2.34  0.76 -1.03 -2.28 -3.01 -3.21 -2.44 -0.62  1.47 01042006 12
  3.01  3.77  3.63  2.56  1.13 -0.58 -1.95 -2.77 -3.13 -2.70 -1.17  0.86 02042006 00
  2.55  3.56  3.74  2.97  1.67  0.07 -1.45 -2.41 -2.92 -2.89 -1.92 -0.20 02042006 12
  1.56  2.73  3.21  2.80  1.67  0.35 -1.13 -2.21 -2.79 -2.90 -2.32 -0.89 03042006 00
  0.80  2.13  2.84  2.78  1.95  0.81 -0.50 -1.64 -2.29 -2.56 -2.29 -1.26 03042006 12
  0.21  1.51  2.32  2.48  1.95  0.96 -0.19 -1.36 -2.14 -2.53 -2.52 -1.90 04042006 00
 -0.72  0.60  1.57  2.02  1.82  1.14  0.23 -0.75 -1.56 -1.96 -2.05 -1.72 04042006 12
 -0.90  0.24  1.21  1.80  1.85  1.43  0.70 -0.15 -0.99 -1.52 -1.79 -1.77 05042006 00
 -1.30 -0.44  0.51  1.24  1.53  1.41  0.97  0.35 -0.37 -0.96 -1.25 -1.30 05042006 12
 -1.09 -0.50  0.26  1.02  1.48  1.60  1.39  0.93  0.29 -0.37 -0.89 -1.21 06042006 00
 -1.30 -1.08 -0.52  0.17  0.81  1.17  1.24  1.02  0.65  0.14 -0.41 -0.82 06042006 12
 -1.05 -1.07 -0.78 -0.22  0.40  0.90  1.21  1.27  1.04  0.59  0.02 -0.55 07042006 00
 -0.97 -1.24 -1.27 -0.92 -0.30  0.38  1.00  1.35  1.47  1.32  0.86  0.16 07042006 12
 -0.45 -0.84 -1.03 -0.97 -0.57  0.09  0.82  1.35  1.57  1.48  1.07  0.41 08042006 00
 -0.38 -1.03 -1.41 -1.50 -1.27 -0.63  0.21  1.03  1.54  1.68  1.43  0.82 08042006 12
  0.03 -0.75 -1.31 -1.57 -1.52 -0.96 -0.05  0.90  1.59  1.83  1.59  0.94 09042006 00
  0.07 -0.87 -1.60 -2.00 -2.11 -1.73 -0.80  0.37  1.35  1.91  1.87  1.35 09042006 12
  0.49 -0.50 -1.42 -1.96 -2.15 -1.87 -1.00  0.24  1.33  2.01  2.10  1.61 10042006 00
  0.71 -0.35 -1.43 -2.13 -2.45 -2.29 -1.48 -0.17  1.15  2.06  2.40  2.08 10042006 12
  1.24  0.18 -0.99 -1.85 -2.26 -2.20 -1.44 -0.10  1.33  2.42  2.95  2.78 11042006 00
  1.93  0.74 -0.60 -1.63 -2.24 -2.45 -1.99 -0.78  0.75  2.01  2.67  2.62 11042006 12
  1.85  0.72 -0.56 -1.71 -2.40 -2.65 -2.27 -1.08  0.56  1.97  2.80  2.93 12042006 00
  2.25  1.06 -0.32 -1.65 -2.47 -2.84 -2.59 -1.46  0.27  1.89  2.95  3.29 12042006 12
  2.80  1.67  0.31 -1.13 -2.10 -2.60 -2.59 -1.77 -0.17  1.57  2.79  3.30 13042006 00
  2.99  1.91  0.55 -0.98 -2.14 -2.78 -2.95 -2.31 -0.75  1.10  2.53  3.23 13042006 12
  3.11  2.14  0.84 -0.67 -1.94 -2.67 -2.92 -2.45 -1.04  0.82  2.35  3.23 14042006 00
  3.27  2.40  1.06 -0.50 -1.92 -2.80 -3.22 -3.01 -1.79  0.12  1.86  2.95 14042006 12
  3.30  2.68  1.44 -0.00 -1.52 -2.53 -3.03 -2.96 -1.97 -0.17  1.65  2.87 15042006 00
  3.39  2.98  1.78  0.36 -1.22 -2.36 -2.98 -3.10 -2.36 -0.70  1.20  2.60 15042006 12
  3.31  3.17  2.16  0.83 -0.72 -1.99 -2.72 -2.98 -2.52 -1.09  0.79  2.33 16042006 00
  3.20  3.24  2.38  1.08 -0.44 -1.81 -2.65 -3.04 -2.81 -1.63  0.18  1.84 16042006 12
  2.91  3.23  2.65  1.47  0.08 -1.36 -2.31 -2.78 -2.72 -1.84 -0.21  1.49 17042006 00
  2.70  3.18  2.84  1.77  0.44 -1.02 -2.09 -2.67 -2.81 -2.23 -0.80  0.91 17042006 12
  2.25  2.95  2.87  2.01  0.81 -0.57 -1.77 -2.46 -2.73 -2.39 -1.24  0.37 18042006 00
  1.81  2.68  2.84  2.25  1.18 -0.08 -1.33 -2.11 -2.48 -2.37 -1.53 -0.10 18042006 12
  1.37  2.38  2.77  2.43  1.52  0.40 -0.86 -1.79 -2.29 -2.41 -1.93 -0.76 19042006 00
  0.69  1.82  2.43  2.38  1.72  0.76 -0.35 -1.35 -1.93 -2.16 -1.94 -1.08 19042006 12
  0.20  1.39  2.16  2.34  1.95  1.13  0.12 -0.95 -1.69 -2.09 -2.15 -1.66 20042006 00
 -0.63  0.60  1.58  2.09  2.01  1.49  0.71 -0.21 -1.03 -1.51 -1.72 -1.58 20042006 12
 -0.90  0.13  1.12  1.81  1.99  1.70  1.05  0.20 -0.73 -1.43 -1.85 -2.04 21042006 00
 -1.78 -1.02  0.03  0.96  1.52  1.61  1.33  0.75  0.01 -0.77 -1.31 -1.61 21042006 12
 -1.65 -1.24 -0.42  0.56  1.35  1.73  1.69  1.28  0.60 -0.26 -1.07 -1.64 22042006 00
 -1.97 -1.97 -1.43 -0.47  0.59  1.41  1.83  1.82  1.46  0.79 -0.07 -0.86 22042006 12
 -1.37 -1.63 -1.51 -0.85  0.15  1.17  1.87  2.06  1.79  1.12  0.18 -0.87 23042006 00
 -1.70 -2.25 -2.49 -2.18 -1.27  0.00  1.16  1.92  2.11  1.78  1.01  0.03 23042006 12
 -1.01 -1.74 -2.11 -2.09 -1.44 -0.24  1.10  2.09  2.55  2.35  1.56  0.46 24042006 00
 -0.82 -1.88 -2.52 -2.80 -2.48 -1.37  0.20  1.64  2.55  2.81  2.37  1.42 24042006 12
  0.22 -1.06 -1.93 -2.36 -2.31 -1.46  0.08  1.68  2.85  3.32  2.97  1.94 25042006 00
  0.59 -0.94 -2.11 -2.84 -3.16 -2.73 -1.33  0.50  2.06  2.97  3.13  2.43 25042006 12
  1.20 -0.25 -1.66 -2.57 -3.00 -2.81 -1.62  0.25  2.02  3.16  3.54  2.98 26042006 00
  1.72  0.17 -1.48 -2.63 -3.33 -3.51 -2.78 -1.00  1.06  2.58  3.37  3.28 26042006 12
  2.22  0.74 -0.93 -2.34 -3.18 -3.52 -3.06 -1.51  0.64  2.43  3.43  3.61 27042006 00
  2.75  1.28 -0.40 -2.04 -3.11 -3.70 -3.66 -2.52 -0.45  1.65  3.02  3.57 27042006 12
  3.15  1.78  0.18 -1.57 -2.85 -3.58 -3.76 -3.00 -1.08  1.14  2.75  3.56 28042006 00
  3.45  2.29  0.73 -1.03 -2.52 -3.43 -3.83 -3.42 -1.85  0.41  2.28  3.35 28042006 12
  3.61  2.79  1.28 -0.39 -2.06 -3.14 -3.70 -3.62 -2.44 -0.35  1.74  3.08 29042006 00
  3.60  3.15  1.80  0.23 -1.50 -2.74 -3.43 -3.57 -2.78 -0.91  1.23  2.76 29042006 12
  3.55  3.43  2.31  0.83 -0.87 -2.30 -3.16 -3.52 -3.12 -1.64  0.43  2.21 30042006 00
  3.22  3.44  2.68  1.31 -0.23 -1.75 -2.71 -3.16 -3.01 -1.86  0.08  1.91 30042006 12
  3.11  3.58  3.11  1.93  0.52 -1.06 -2.16 -2.78 -2.93 -2.25 -0.65  1.15 01052006 00
  2.50  3.18  3.03  2.09  0.82 -0.65 -1.84 -2.51 -2.75 -2.33 -1.04  0.69 01052006 12
  2.12  2.97  3.07  2.37  1.24 -0.12 -1.44 -2.27 -2.69 -2.58 -1.66 -0.13 02052006 00
  1.38  2.39  2.81  2.55  1.72  0.68 -0.52 -1.42 -1.86 -1.88 -1.27 -0.04 02052006 12
  1.31  2.36  2.85  2.71  1.97  0.93 -0.32 -1.34 -1.98 -2.29 -2.06 -1.15 03052006 00
  0.12  1.29  2.07  2.28  1.91  1.12  0.16 -0.84 -1.49 -1.78 -1.76 -1.20 03052006 12
 -0.20  0.91  1.76  2.10  1.93  1.31  0.47 -0.50 -1.29 -1.76 -1.98 -1.78 04052006 00
 -1.07 -0.05  0.89  1.48  1.62  1.37  0.81  0.11 -0.62 -1.10 -1.28 -1.21 04052006 12
 -0.75  0.04  0.92  1.58  1.84  1.70  1.21  0.56 -0.24 -0.92 -1.38 -1.63 05052006 00
 -1.57 -1.06 -0.31  0.47  1.00  1.19  1.10  0.75  0.21 -0.41 -0.92 -1.19 05052006 12
 -1.23 -0.96 -0.35  0.37  1.03  1.38  1.41  1.13  0.62 -0.05 -0.71 -1.20 06052006 00
 -1.50 -1.56 -1.21 -0.53  0.27  0.92  1.27  1.33  1.10  0.62 -0.01 -0.63 06052006 12
 -1.04 -1.22 -1.15 -0.68  0.03  0.77  1.29  1.45  1.29  0.83  0.16 -0.59 07052006 00
 -1.22 -1.61 -1.75 -1.48 -0.81  0.08  0.89  1.38  1.49  1.25  0.71 -0.01 07052006 12
 -0.77 -1.29 -1.52 -1.47 -0.99 -0.16  0.77  1.46  1.70  1.52  0.96  0.17 08052006 00
 -0.71 -1.44 -1.86 -1.96 -1.61 -0.77  0.34  1.29  1.84  1.88  1.46  0.71 08052006 12
 -0.19 -1.08 -1.63 -1.85 -1.69 -0.97  0.11  1.16  1.85  2.00  1.63  0.85 09052006 00
 -0.13 -1.17 -1.91 -2.28 -2.25 -1.63 -0.49  0.80  1.76  2.22  2.04  1.34 09052006 12
  0.38 -0.71 -1.62 -2.12 -2.24 -1.81 -0.77  0.56  1.64  2.23  2.18  1.52 10052006 00
  0.50 -0.66 -1.73 -2.36 -2.61 -2.31 -1.31  0.16  1.50  2.33  2.52  2.03 10052006 12
  1.04 -0.12 -1.32 -2.12 -2.49 -2.37 -1.56 -0.17  1.27  2.26  2.63  2.24 11052006 00
  1.25  0.02 -1.29 -2.25 -2.76 -2.79 -2.11 -0.67  0.97  2.20  2.81  2.66 11052006 12
  1.79  0.60 -0.75 -1.89 -2.53 -2.72 -2.27 -1.01  0.65  2.03  2.80  2.80 12052006 00
  2.03  0.81 -0.57 -1.86 -2.64 -2.97 -2.68 -1.53  0.20  1.76  2.76  3.05 12052006 12
  2.50  1.36  0.00 -1.41 -2.36 -2.85 -2.80 -1.91 -0.28  1.42  2.56  3.04 13052006 00
  2.66  1.56  0.21 -1.28 -2.39 -2.99 -3.08 -2.42 -0.90  0.92  2.29  3.02 13052006 12
  2.93  2.01  0.71 -0.78 -2.07 -2.82 -3.11 -2.72 -1.38  0.45  2.01  2.92 14052006 00
  3.06  2.30  1.04 -0.40 -1.80 -2.70 -3.13 -2.94 -1.83 -0.03  1.66  2.78 14052006 12
  3.20  2.72  1.57  0.19 -1.32 -2.37 -2.91 -2.96 -2.19 -0.56  1.24  2.53 15052006 00
  3.16  2.93  1.91  0.62 -0.87 -2.06 -2.71 -2.90 -2.37 -0.94  0.87  2.33 15052006 12
  3.15  3.19  2.38  1.16 -0.32 -1.67 -2.52 -2.95 -2.80 -1.72 -0.01  1.63 16052006 00
  2.69  3.04  2.55  1.43  0.12 -1.27 -2.22 -2.69 -2.67 -1.88 -0.34  1.32 16052006 12
  2.53  3.10  2.87  1.92  0.66 -0.79 -1.94 -2.60 -2.87 -2.50 -1.26  0.40 17052006 00
  1.81  2.64  2.75  2.11  1.03 -0.20 -1.38 -2.08 -2.34 -2.07 -1.09  0.39 17052006 12
  1.82  2.78  3.11  2.75  1.82  0.61 -0.73 -1.68 -2.23 -2.39 -1.84 -0.56 18052006 00
  0.96  2.18  2.82  2.81  2.18  1.21  0.04 -1.01 -1.61 -1.82 -1.54 -0.58 18052006 12
  0.75  1.99  2.78  2.95  2.51  1.66  0.53 -0.70 -1.58 -2.13 -2.31 -1.81 19052006 00
 -0.64  0.72  1.82  2.38  2.36  1.81  0.99 -0.03 -0.97 -1.53 -1.78 -1.61 19052006 12
 -0.80  0.41  1.59  2.39  2.61  2.29  1.55  0.57 -0.54 -1.36 -1.89 -2.13 20052006 00
 -1.82 -0.89  0.32  1.43  2.09  2.21  1.84  1.12  0.23 -0.72 -1.36 -1.69 20052006 12
 -1.67 -1.04  0.06  1.22  2.07  2.39  2.20  1.53  0.62 -0.45 -1.34 -1.94 21052006 00
 -2.26 -2.06 -1.19  0.07  1.29  2.14  2.43  2.22  1.59  0.74 -0.28 -1.05 21052006 12
 -1.46 -1.54 -1.11 -0.13  1.02  2.01  2.51  2.47  1.88  0.96 -0.20 -1.24 22052006 00
 -1.97 -2.40 -2.38 -1.70 -0.48  0.87  1.89  2.40  2.31  1.69  0.74 -0.38 22052006 12
 -1.35 -1.90 -2.10 -1.79 -0.78  0.61  1.83  2.54  2.60  2.02  1.04 -0.15 23052006 00
 -1.33 -2.14 -2.61 -2.59 -1.79 -0.35  1.21  2.38  2.93  2.77  1.99  0.89 23052006 12
 -0.41 -1.47 -2.10 -2.37 -2.02 -0.83  0.76  2.12  2.91  3.02  2.38  1.28 24052006 00
 -0.08 -1.44 -2.33 -2.84 -2.84 -1.99 -0.41  1.26  2.45  2.99  2.74  1.78 24052006 12
  0.53 -0.90 -2.02 -2.64 -2.84 -2.31 -0.91  0.86  2.28  3.08  3.07  2.24 25052006 00
  0.99 -0.50 -1.84 -2.69 -3.13 -2.95 -1.80  0.02  1.70  2.82  3.21  2.70 25052006 12
  1.53  0.13 -1.39 -2.45 -3.03 -3.08 -2.24 -0.52  1.37  2.72  3.43  3.27 26052006 00
  2.24  0.90 -0.70 -1.99 -2.75 -3.07 -2.66 -1.22  0.69  2.28  3.21  3.32 26052006 12
  2.53  1.24 -0.30 -1.77 -2.72 -3.22 -3.13 -2.04 -0.16  1.66  2.87  3.37 27052006 00
  2.94  1.74  0.32 -1.26 -2.37 -2.96 -3.04 -2.28 -0.60  1.31  2.71  3.43 27052006 12
  3.27  2.21  0.83 -0.77 -2.09 -2.89 -3.27 -2.96 -1.60  0.30  1.97  2.97 28052006 00
  3.19  2.48  1.20 -0.26 -1.73 -2.68 -3.13 -2.97 -1.88 -0.05  1.71  2.88 28052006 12
  3.38  2.93  1.75  0.35 -1.21 -2.32 -2.95 -3.16 -2.57 -1.01  0.86  2.26 29052006 00
  2.98  2.88  1.93  0.65 -0.79 -2.04 -2.75 -3.02 -2.63 -1.34  0.45  1.98 29052006 12
  2.90  3.07  2.39  1.18 -0.23 -1.63 -2.54 -3.02 -3.00 -2.16 -0.57  1.08 30052006 00
  2.23  2.73  2.40  1.37  0.14 -1.20 -2.20 -2.68 -2.69 -2.04 -0.65  0.98 30052006 12
  2.22  2.87  2.77  1.93  0.74 -0.64 -1.82 -2.54 -2.88 -2.67 -1.66 -0.14 31052006 00
  1.26  2.15  2.39  1.90  0.90 -0.24 -1.39 -2.15 -2.46 -2.28 -1.48 -0.14 31052006 12
  1.25  2.21  2.61  2.32  1.46  0.36 -0.87 -1.83 -2.36 -2.55 -2.19 -1.17 01062006 00
  0.18  1.31  1.97  2.01  1.43  0.50 -0.52 -1.48 -2.03 -2.21 -1.94 -1.11 01062006 12
  0.12  1.27  2.02  2.22  1.85  1.04  0.04 -1.04 -1.80 -2.22 -2.32 -1.91 02062006 00
 -0.95  0.25  1.19  1.67  1.59  1.07  0.28 -0.61 -1.40 -1.81 -1.90 -1.59 02062006 12
 -0.84  0.22  1.17  1.77  1.86  1.48  0.75 -0.15 -1.06 -1.69 -2.06 -2.11 03062006 00
 -1.69 -0.81  0.24  1.06  1.45  1.36  0.92  0.24 -0.53 -1.21 -1.57 -1.65 03062006 12
 -1.38 -0.72  0.21  1.05  1.56  1.62  1.29  0.66 -0.13 -0.95 -1.52 -1.85 04062006 00
 -1.89 -1.50 -0.69  0.28  1.04  1.40  1.35  0.98  0.37 -0.36 -1.02 -1.40 04062006 12
 -1.51 -1.32 -0.74  0.09  0.89  1.40  1.49  1.20  0.62 -0.13 -0.93 -1.52 05062006 00
 -1.87 -1.93 -1.54 -0.74  0.23  1.03  1.45  1.42  1.09  0.48 -0.27 -0.98 05062006 12
 -1.40 -1.55 -1.40 -0.82  0.03  0.88  1.43  1.53  1.24  0.65 -0.13 -0.97 06062006 00
 -1.61 -1.97 -2.01 -1.57 -0.71  0.33  1.18  1.64  1.63  1.23  0.52 -0.32 06062006 12
 -1.10 -1.57 -1.75 -1.57 -0.92  0.04  0.96  1.55  1.66  1.31  0.59 -0.29 07062006 00
 -1.21 -1.86 -2.21 -2.18 -1.63 -0.60  0.56  1.45  1.89  1.79  1.25  0.42 07062006 12
 -0.54 -1.38 -1.85 -2.01 -1.72 -0.90  0.26  1.27  1.86  1.89  1.39  0.51 08062006 00
 -0.52 -1.52 -2.15 -2.45 -2.29 -1.52 -0.27  0.99  1.87  2.22  1.94  1.18 08062006 12
  0.18 -0.92 -1.76 -2.19 -2.24 -1.71 -0.61  0.71  1.72  2.23  2.09  1.37 09062006 00
  0.33 -0.85 -1.87 -2.44 -2.63 -2.26 -1.20  0.28  1.57  2.37  2.54  2.03 09062006 12
  1.05 -0.12 -1.32 -2.11 -2.49 -2.37 -1.55 -0.16  1.26  2.22  2.56  2.18 10062006 00
  1.23  0.04 -1.25 -2.20 -2.68 -2.69 -2.00 -0.59  1.05  2.29  2.92  2.82 10062006 12
  2.01  0.87 -0.49 -1.67 -2.37 -2.65 -2.31 -1.15  0.48  1.91  2.75  2.85 11062006 00
  2.19  1.04 -0.29 -1.60 -2.44 -2.85 -2.69 -1.69 -0.05  1.57  2.64  3.07 11062006 12
  2.66  1.58  0.27 -1.17 -2.23 -2.81 -2.93 -2.28 -0.78  0.99  2.33  3.00 12062006 00
  2.87  1.96  0.71 -0.73 -1.94 -2.64 -2.90 -2.48 -1.15  0.66  2.19  3.12 12062006 12
  3.28  2.56  1.32 -0.17 -1.59 -2.51 -3.02 -3.00 -2.09 -0.42  1.31  2.50 13062006 00
  3.02  2.65  1.54  0.20 -1.28 -2.39 -2.97 -3.06 -2.37 -0.81  1.03  2.41 13062006 12
  3.15  3.06  2.12  0.81 -0.74 -2.07 -2.87 -3.26 -3.04 -1.84 -0.02  1.64 14062006 00
  2.68  2.98  2.37  1.17 -0.20 -1.62 -2.57 -3.02 -2.93 -2.00 -0.31  1.44 14062006 12
  2.63  3.18  2.86  1.78  0.45 -1.08 -2.27 -2.97 -3.25 -2.83 -1.45  0.36 15062006 00
  1.87  2.73  2.87  2.16  0.96 -0.40 -1.72 -2.51 -2.84 -2.59 -1.51  0.16 15062006 12
  1.76  2.80  3.16  2.68  1.56  0.20 -1.26 -2.31 -2.92 -3.10 -2.54 -1.12 16062006 00
  0.59  1.93  2.66  2.65  1.87  0.72 -0.59 -1.76 -2.44 -2.68 -2.35 -1.22 16062006 12
  0.41  1.86  2.76  2.97  2.42  1.34  0.02 -1.34 -2.26 -2.81 -2.94 -2.34 17062006 00
 -0.97  0.62  1.87  2.53  2.44  1.70  0.65 -0.56 -1.61 -2.20 -2.39 -2.01 17062006 12
 -0.91  0.58  1.90  2.72  2.86  2.32  1.31  0.05 -1.20 -2.05 -2.56 -2.69 18062006 00
 -2.12 -0.86  0.63  1.81  2.42  2.37  1.76  0.82 -0.29 -1.28 -1.84 -2.02 18062006 12
 -1.69 -0.73  0.61  1.84  2.63  2.79  2.33  1.43  0.27 -0.92 -1.76 -2.30 19062006 00
 -2.49 -2.01 -0.87  0.53  1.66  2.26  2.26  1.73  0.84 -0.23 -1.24 -1.85 19062006 12
 -2.13 -1.96 -1.12  0.18  1.41  2.26  2.51  2.15  1.34  0.31 -0.84 -1.70 20062006 00
 -2.22 -2.44 -2.03 -0.90  0.51  1.71  2.47  2.65  2.28  1.47  0.38 -0.71 20062006 12
 -1.41 -1.80 -1.82 -1.12  0.11  1.38  2.31  2.62  2.36  1.59  0.59 -0.57 21062006 00
 -1.46 -2.03 -2.30 -1.99 -0.95  0.46  1.73  2.52  2.68  2.25  1.34  0.22 21062006 12
 -0.89 -1.62 -2.02 -2.06 -1.42 -0.15  1.21  2.25  2.69  2.54  1.77  0.70 22062006 00
 -0.55 -1.57 -2.21 -2.50 -2.22 -1.20  0.24  1.55  2.39  2.56  2.06  1.10 22062006 12
 -0.07 -1.26 -2.06 -2.46 -2.44 -1.72 -0.36  1.10  2.17  2.65  2.41  1.57 23062006 00
  0.45 -0.84 -1.87 -2.47 -2.68 -2.27 -1.07  0.51  1.84  2.63  2.72  2.11 23062006 12
  1.03 -0.25 -1.48 -2.28 -2.69 -2.59 -1.71 -0.21  1.30  2.35  2.76  2.42 24062006 00
  1.47  0.27 -1.07 -2.06 -2.60 -2.69 -2.08 -0.70  0.95  2.21  2.90  2.83 24062006 12
  2.02  0.84 -0.54 -1.75 -2.50 -2.87 -2.65 -1.58  0.04  1.55  2.50  2.77 25062006 00
  2.24  1.15 -0.13 -1.47 -2.37 -2.81 -2.72 -1.85 -0.30  1.34  2.48  2.99 25062006 12
  2.70  1.69  0.41 -1.03 -2.16 -2.81 -3.03 -2.59 -1.28  0.43  1.84  2.64 26062006 00
  2.68  1.91  0.73 -0.59 -1.83 -2.58 -2.85 -2.51 -1.34  0.35  1.85  2.81 26062006 12
  3.07  2.51  1.38  0.02 -1.40 -2.37 -2.92 -2.98 -2.25 -0.74  0.94  2.15 27062006 00
  2.72  2.49  1.54  0.32 -1.05 -2.14 -2.71 -2.79 -2.18 -0.78  0.92  2.25 27062006 12
  3.00  2.97  2.16  0.96 -0.48 -1.76 -2.55 -2.97 -2.81 -1.78 -0.15  1.37 28062006 00
  2.36  2.67  2.17  1.11 -0.13 -1.43 -2.30 -2.68 -2.52 -1.61 -0.07  1.50 28062006 12
  2.59  3.04  2.74  1.78  0.53 -0.89 -1.97 -2.60 -2.84 -2.42 -1.18  0.43 29062006 00
  1.73  2.45  2.45  1.74  0.65 -0.59 -1.74 -2.38 -2.58 -2.20 -1.10  0.44 29062006 12
  1.82  2.67  2.84  2.29  1.25 -0.00 -1.29 -2.16 -2.63 -2.65 -1.95 -0.60 30062006 00
  0.88  1.92  2.38  2.13  1.29  0.20 -0.98 -1.90 -2.34 -2.36 -1.80 -0.62 30062006 12
  0.82  1.94  2.53  2.45  1.73  0.67 -0.55 -1.64 -2.30 -2.60 -2.40 -1.51 01072006 00
 -0.15  1.13  1.94  2.17  1.77  0.89 -0.13 -1.18 -1.87 -2.15 -2.02 -1.31 01072006 12
 -0.11  1.15  2.04  2.39  2.12  1.32  0.29 -0.85 -1.72 -2.19 -2.34 -1.99 02072006 00
 -1.03  0.23  1.27  1.87  1.88  1.38  0.56 -0.39 -1.29 -1.80 -1.97 -1.73 02072006 12
 -0.96  0.20  1.27  1.96  2.10  1.67  0.88 -0.06 -1.04 -1.72 -2.09 -2.15 03072006 00
 -1.69 -0.73  0.42  1.32  1.76  1.64  1.12  0.35 -0.51 -1.26 -1.67 -1.77 03072006 12
 -1.47 -0.74  0.28  1.19  1.70  1.73  1.32  0.60 -0.26 -1.11 -1.67 -1.97 04072006 00
 -1.93 -1.38 -0.41  0.62  1.39  1.71  1.59  1.12  0.43 -0.37 -1.06 -1.42 04072006 12
 -1.51 -1.24 -0.52  0.42  1.25  1.69  1.68  1.25  0.57 -0.24 -1.03 -1.57 05072006 00
 -1.84 -1.78 -1.24 -0.32  0.66  1.40  1.71  1.61  1.17  0.50 -0.30 -0.97 05072006 12
 -1.33 -1.43 -1.20 -0.53  0.36  1.19  1.62  1.63  1.24  0.59 -0.22 -1.02 06072006 00
 -1.58 -1.86 -1.80 -1.24 -0.31  0.70  1.48  1.84  1.77  1.34  0.64 -0.22 06072006 12
 -0.96 -1.39 -1.55 -1.33 -0.62  0.32  1.22  1.73  1.76  1.36  0.65 -0.23 07072006 00
 -1.10 -1.71 -2.03 -1.99 -1.41 -0.37  0.77  1.64  2.06  1.97  1.45  0.65 07072006 12
 -0.32 -1.15 -1.65 -1.84 -1.60 -0.80  0.33  1.35  1.96  2.03  1.58  0.77 08072006 00
 -0.21 -1.21 -1.87 -2.19 -2.10 -1.40 -0.18  1.12  2.09  2.52  2.37  1.72 08072006 12
  0.81 -0.32 -1.24 -1.75 -1.91 -1.52 -0.46  0.84  1.94  2.58  2.60  2.00 09072006 00
  1.04 -0.15 -1.26 -1.95 -2.30 -2.16 -1.27  0.16  1.55  2.46  2.73  2.33 09072006 12
  1.41  0.24 -1.07 -2.03 -2.59 -2.72 -2.16 -0.85  0.73  1.97  2.63  2.56 10072006 00
  1.80  0.66 -0.65 -1.80 -2.48 -2.73 -2.35 -1.14  0.54  2.02  2.94  3.13 10072006 12
  2.54  1.41  0.02 -1.38 -2.32 -2.87 -2.92 -2.11 -0.51  1.21  2.42  2.97 11072006 00
  2.68  1.63  0.32 -1.14 -2.28 -2.93 -3.08 -2.48 -0.96  0.90  2.37  3.18 11072006 12
  3.19  2.31  1.00 -0.55 -1.94 -2.84 -3.31 -3.15 -2.00 -0.12  1.66  2.81 12072006 00
  3.21  2.67  1.45  0.03 -1.51 -2.59 -3.15 -3.13 -2.20 -0.41  1.51  2.85 12072006 12
  3.50  3.22  2.06  0.62 -1.06 -2.39 -3.21 -3.60 -3.23 -1.81  0.22  1.92 13072006 00
  2.93  3.15  2.39  1.01 -0.51 -2.01 -2.96 -3.41 -3.23 -2.03 -0.07  1.79 13072006 12
  3.00  3.47  2.95  1.65  0.11 -1.56 -2.77 -3.50 -3.74 -3.13 -1.43  0.60 14072006 00
  2.18  3.03  3.03  2.10  0.68 -0.86 -2.25 -3.08 -3.39 -2.98 -1.58  0.41 14072006 12
  2.14  3.16  3.41  2.68  1.32 -0.24 -1.82 -2.89 -3.51 -3.62 -2.79 -0.99 15072006 00
  0.92  2.30  2.95  2.75  1.69  0.32 -1.18 -2.41 -3.09 -3.23 -2.62 -1.10 15072006 12
  0.81  2.30  3.14  3.20  2.33  1.01 -0.52 -1.94 -2.86 -3.36 -3.30 -2.30 16072006 00
 -0.56  1.15  2.33  2.83  2.47  1.40  0.12 -1.26 -2.31 -2.84 -2.89 -2.20 16072006 12
 -0.69  1.04  2.35  3.03  2.91  2.03  0.80 -0.64 -1.88 -2.65 -3.06 -2.93 17072006 00
 -1.94 -0.34  1.17  2.19  2.54  2.12  1.14 -0.02 -1.25 -2.13 -2.57 -2.55 17072006 12
 -1.87 -0.53  0.99  2.12  2.69  2.54  1.76  0.67 -0.62 -1.71 -2.37 -2.71 18072006 00
 -2.55 -1.66 -0.25  1.10  1.99  2.27  1.91  1.09  0.09 -1.00 -1.81 -2.22 18072006 12
 -2.23 -1.67 -0.53  0.80  1.84  2.36  2.26  1.61  0.66 -0.44 -1.41 -2.02 19072006 00
 -2.34 -2.21 -1.46 -0.26  0.93  1.79  2.13  1.90  1.24  0.35 -0.64 -1.43 19072006 12
 -1.86 -1.97 -1.57 -0.65  0.54  1.54  2.10  2.15  1.69  0.90 -0.08 -1.04 20072006 00
 -1.69 -2.06 -2.07 -1.50 -0.44  0.73  1.62  2.03  1.91  1.37  0.56 -0.41 20072006 12
 -1.25 -1.76 -2.00 -1.82 -1.06  0.07  1.14  1.84  2.02  1.72  1.02  0.11 21072006 00
 -0.89 -1.63 -2.06 -2.14 -1.67 -0.67  0.56  1.55  2.10  2.09  1.57  0.73 21072006 12
 -0.28 -1.24 -1.85 -2.17 -2.07 -1.37 -0.22  0.97  1.82  2.15  1.91  1.20 22072006 00
  0.27 -0.78 -1.59 -2.02 -2.10 -1.63 -0.56  0.74  1.79  2.37  2.35  1.78 22072006 12
  0.86 -0.26 -1.31 -1.98 -2.33 -2.21 -1.42 -0.14  1.14  2.04  2.33  1.99 23072006 00
  1.15  0.11 -1.02 -1.86 -2.28 -2.29 -1.65 -0.41  1.01  2.09  2.63  2.49 23072006 12
  1.74  0.66 -0.60 -1.67 -2.34 -2.65 -2.41 -1.43  0.02  1.37  2.21  2.40 24072006 00
  1.90  0.89 -0.27 -1.44 -2.22 -2.55 -2.36 -1.44  0.02  1.49  2.48  2.86 24072006 12
  2.50  1.54  0.31 -1.05 -2.06 -2.64 -2.80 -2.30 -1.02  0.59  1.86  2.54 25072006 00
  2.48  1.69  0.55 -0.72 -1.86 -2.50 -2.66 -2.17 -0.92  0.73  2.11  2.93 25072006 12
  3.04  2.35  1.20 -0.18 -1.52 -2.38 -2.85 -2.79 -1.89 -0.32  1.27  2.34 26072006 00
  2.75  2.36  1.31  0.06 -1.30 -2.28 -2.74 -2.67 -1.85 -0.30  1.36  2.55 26072006 12
  3.13  2.90  1.93  0.65 -0.83 -2.00 -2.69 -2.97 -2.58 -1.28  0.44  1.88 27072006 00
  2.69  2.73  1.98  0.79 -0.56 -1.82 -2.57 -2.83 -2.46 -1.25  0.48  2.00 27072006 12
  2.95  3.18  2.57  1.41  0.02 -1.40 -2.34 -2.87 -2.89 -2.07 -0.49  1.20 28072006 00
  2.36  2.84  2.51  1.49  0.25 -1.13 -2.16 -2.67 -2.68 -1.96 -0.48  1.21 28072006 12
  2.46  3.08  2.93  2.03  0.79 -0.66 -1.85 -2.56 -2.85 -2.48 -1.23  0.47 29072006 00
  1.91  2.76  2.87  2.21  1.11 -0.17 -1.42 -2.17 -2.48 -2.21 -1.12  0.49 29072006 12
  1.95  2.87  3.12  2.61  1.55  0.24 -1.12 -2.04 -2.54 -2.59 -1.88 -0.48 30072006 00
  1.09  2.23  2.73  2.50  1.63  0.52 -0.72 -1.70 -2.19 -2.24 -1.67 -0.42 30072006 12
  1.08  2.25  2.85  2.75  1.99  0.90 -0.38 -1.48 -2.13 -2.42 -2.16 -1.14 31072006 00
  0.32  1.63  2.44  2.61  2.14  1.21  0.12 -1.00 -1.70 -1.98 -1.84 -1.04 31072006 12
  0.24  1.51  2.39  2.66  2.30  1.43  0.36 -0.83 -1.66 -2.08 -2.14 -1.61 01082006 00
 -0.53  0.72  1.74  2.26  2.16  1.52  0.66 -0.34 -1.20 -1.66 -1.78 -1.50 01082006 12
 -0.65  0.51  1.55  2.16  2.20  1.69  0.88 -0.11 -1.06 -1.65 -1.95 -1.90 02082006 00
 -1.29 -0.25  0.85  1.67  1.98  1.80  1.21  0.42 -0.47 -1.16 -1.52 -1.62 02082006 12
 -1.31 -0.52  0.49  1.34  1.74  1.66  1.14  0.40 -0.46 -1.23 -1.70 -1.90 03082006 00
 -1.77 -1.19 -0.24  0.74  1.43  1.66  1.50  1.00  0.33 -0.44 -1.04 -1.36 03082006 12
 -1.44 -1.16 -0.46  0.42  1.18  1.55  1.54  1.16  0.54 -0.23 -0.97 -1.46 04082006 00
 -1.70 -1.66 -1.17 -0.34  0.55  1.23  1.53  1.46  1.08  0.48 -0.26 -0.91 04082006 12
 -1.31 -1.46 -1.31 -0.74  0.07  0.89  1.39  1.50  1.27  0.74  0.01 -0.77 05082006 00
 -1.37 -1.72 -1.80 -1.44 -0.68  0.30  1.15  1.64  1.71  1.42  0.79 -0.03 05082006 12
 -0.85 -1.42 -1.72 -1.72 -1.23 -0.34  0.67  1.46  1.77  1.64  1.10  0.30 06082006 00
 -0.62 -1.42 -1.89 -2.07 -1.77 -0.93  0.24  1.31  1.99  2.13  1.76  0.98 06082006 12
 -0.00 -1.05 -1.81 -2.24 -2.29 -1.76 -0.66  0.64  1.65  2.15  2.02  1.35 07082006 00
  0.37 -0.77 -1.77 -2.35 -2.57 -2.23 -1.19  0.28  1.57  2.37  2.53  1.99 07082006 12
  0.95 -0.27 -1.50 -2.36 -2.82 -2.79 -2.03 -0.57  1.03  2.19  2.71  2.48 08082006 00
  1.57  0.36 -1.00 -2.09 -2.70 -2.85 -2.29 -0.85  0.93  2.33  3.13  3.14 08082006 12
  2.31  1.06 -0.45 -1.81 -2.69 -3.17 -3.08 -2.04 -0.24  1.53  2.72  3.17 09082006 00
  2.70  1.48  0.07 -1.46 -2.55 -3.10 -3.10 -2.20 -0.39  1.60  2.96  3.62 09082006 12
  3.37  2.21  0.75 -0.97 -2.32 -3.17 -3.58 -3.23 -1.74  0.41  2.24  3.30 10082006 00
  3.54  2.74  1.32 -0.28 -1.87 -2.89 -3.39 -3.23 -1.95  0.17  2.15  3.43 10082006 12
  3.92  3.33  1.94  0.29 -1.51 -2.79 -3.57 -3.84 -3.15 -1.24  0.99  2.68 11082006 00
  3.55  3.52  2.41  0.86 -0.86 -2.36 -3.25 -3.60 -3.11 -1.46  0.82  2.69 11082006 12
  3.76  3.98  3.07  1.54 -0.26 -1.98 -3.12 -3.80 -3.88 -2.82 -0.70  1.52 12082006 00
  2.99  3.60  3.25  1.91  0.30 -1.43 -2.73 -3.44 -3.58 -2.79 -0.88  1.36 12082006 12
  2.97  3.82  3.75  2.61  1.06 -0.75 -2.26 -3.23 -3.76 -3.57 -2.20 -0.04 13082006 00
  1.93  3.10  3.48  2.83  1.39 -0.18 -1.80 -2.86 -3.39 -3.32 -2.24 -0.24 13082006 12
  1.75  3.11  3.73  3.38  2.13  0.63 -1.08 -2.36 -3.13 -3.45 -2.99 -1.48 14082006 00
  0.53  2.15  3.05  3.16  2.34  1.01 -0.48 -1.87 -2.70 -3.04 -2.79 -1.60 14082006 12
  0.25  1.93  3.03  3.39  2.86  1.72  0.33 -1.15 -2.18 -2.76 -2.90 -2.26 15082006 00
 -0.79  0.90  2.20  2.87  2.76  1.92  0.78 -0.54 -1.67 -2.31 -2.56 -2.21 15082006 12
 -1.08  0.47  1.82  2.67  2.85  2.34  1.35  0.16 -1.06 -1.88 -2.32 -2.36 16082006 00
 -1.74 -0.50  0.89  1.92  2.40  2.24  1.56  0.63 -0.45 -1.37 -1.89 -2.10 16082006 12
 -1.82 -0.93  0.29  1.39  2.10  2.24  1.87  1.13  0.20 -0.78 -1.46 -1.84 17082006 00
 -1.93 -1.50 -0.57  0.56  1.46  1.91  1.89  1.47  0.77 -0.07 -0.87 -1.36 17082006 12
 -1.61 -1.56 -1.00 -0.10  0.85  1.55  1.81  1.68  1.21  0.51 -0.31 -0.98 18082006 00
 -1.41 -1.60 -1.41 -0.72  0.19  1.06  1.63  1.80  1.62  1.12  0.41 -0.39 18082006 12
 -1.02 -1.43 -1.60 -1.34 -0.62  0.26  1.09  1.58  1.69  1.43  0.89  0.15 19082006 00
 -0.63 -1.21 -1.52 -1.55 -1.08 -0.23  0.74  1.54  1.91  1.88  1.44  0.71 19082006 12
 -0.19 -1.00 -1.55 -1.83 -1.75 -1.15 -0.19  0.83  1.57  1.84  1.66  1.09 20082006 00
  0.29 -0.64 -1.37 -1.76 -1.84 -1.41 -0.47  0.67  1.62  2.12  2.10  1.56 20082006 12
  0.71 -0.31 -1.25 -1.84 -2.14 -2.03 -1.30 -0.16  1.02  1.86  2.13  1.82 21082006 00
  1.05  0.06 -1.00 -1.77 -2.14 -2.10 -1.47 -0.29  1.03  2.02  2.47  2.28 21082006 12
  1.52  0.46 -0.75 -1.75 -2.35 -2.58 -2.24 -1.21  0.23  1.49  2.24  2.33 22082006 00
  1.77  0.77 -0.38 -1.51 -2.20 -2.46 -2.15 -1.12  0.37  1.75  2.63  2.87 22082006 12
  2.38  1.36  0.10 -1.22 -2.11 -2.59 -2.61 -1.89 -0.48  1.09  2.21  2.71 23082006 00
  2.43  1.49  0.29 -1.03 -2.06 -2.59 -2.61 -1.91 -0.47  1.20  2.44  3.08 23082006 12
  2.94  2.04  0.80 -0.64 -1.86 -2.58 -2.92 -2.63 -1.43  0.31  1.81  2.69 24082006 00
  2.84  2.16  0.98 -0.37 -1.70 -2.51 -2.83 -2.52 -1.34  0.40  1.99  2.98 24082006 12
  3.27  2.68  1.51  0.09 -1.40 -2.40 -2.94 -2.96 -2.10 -0.45  1.32  2.54 25082006 00
  3.08  2.77  1.69  0.37 -1.11 -2.23 -2.80 -2.84 -2.08 -0.49  1.32  2.67 25082006 12
  3.34  3.18  2.17  0.84 -0.72 -2.00 -2.75 -3.06 -2.68 -1.32  0.52  2.07 26082006 00
  2.97  3.08  2.31  1.04 -0.39 -1.75 -2.58 -2.93 -2.64 -1.42  0.40  2.02 26082006 12
  3.03  3.29  2.67  1.46  0.01 -1.46 -2.43 -2.93 -2.88 -1.97 -0.29  1.45 27082006 00
  2.63  3.10  2.72  1.61  0.28 -1.17 -2.22 -2.76 -2.79 -2.02 -0.46  1.29 27082006 12
  2.59  3.23  3.05  2.07  0.76 -0.74 -1.92 -2.60 -2.85 -2.44 -1.12  0.63 28082006 00
  2.05  2.86  2.90  2.14  0.97 -0.37 -1.62 -2.36 -2.62 -2.27 -1.15  0.47 28082006 12
  1.93  2.83  3.02  2.42  1.30 -0.02 -1.34 -2.18 -2.59 -2.50 -1.67 -0.20 29082006 00
  1.32  2.39  2.81  2.46  1.49  0.32 -0.95 -1.87 -2.32 -2.34 -1.73 -0.46 29082006 12
  1.02  2.12  2.65  2.46  1.62  0.52 -0.71 -1.73 -2.30 -2.49 -2.12 -1.06 30082006 00
  0.37  1.57  2.27  2.34  1.76  0.80 -0.28 -1.31 -1.92 -2.12 -1.88 -1.02 30082006 12
  0.25  1.45  2.24  2.45  2.06  1.24  0.22 -0.85 -1.57 -1.94 -1.99 -1.46 31082006 00
 -0.40  0.77  1.67  2.07  1.92  1.32  0.51 -0.42 -1.20 -1.61 -1.70 -1.36 31082006 12
 -0.50  0.58  1.51  2.02  2.03  1.57  0.85 -0.02 -0.86 -1.38 -1.64 -1.60 01092006 00
 -1.07 -0.17  0.80  1.53  1.80  1.67  1.18  0.50 -0.30 -0.94 -1.28 -1.39 01092006 12
 -1.16 -0.52  0.32  1.12  1.55  1.59  1.27  0.73  0.05 -0.62 -1.06 -1.23 02092006 00
 -1.11 -0.55  0.25  1.08  1.69  1.94  1.88  1.49  0.85  0.07 -0.60 -1.08 02092006 12
 -1.39 -1.40 -0.89 -0.10  0.72  1.34  1.62  1.63  1.35  0.81  0.10 -0.55 03092006 00
 -0.99 -1.23 -1.18 -0.73  0.01  0.81  1.44  1.67  1.54  1.10  0.45 -0.35 03092006 12
 -1.05 -1.52 -1.74 -1.55 -0.89  0.05  0.97  1.57  1.74  1.51  0.92  0.12 04092006 00
 -0.77 -1.46 -1.87 -1.95 -1.51 -0.56  0.61  1.56  2.06  2.05  1.54  0.68 04092006 12
 -0.37 -1.37 -2.01 -2.34 -2.23 -1.46 -0.20  1.10  2.03  2.37  2.11  1.35 05092006 00
  0.34 -0.84 -1.76 -2.24 -2.32 -1.76 -0.51  1.00  2.19  2.82  2.74  1.98 05092006 12
  0.85 -0.51 -1.71 -2.48 -2.87 -2.66 -1.59  0.05  1.63  2.68  3.01  2.55 06092006 00
  1.47  0.12 -1.32 -2.33 -2.88 -2.89 -2.04 -0.35  1.48  2.78  3.39  3.12 06092006 12
  2.03  0.61 -1.02 -2.32 -3.12 -3.49 -3.11 -1.67  0.37  2.09  3.08  3.27 07092006 00
  2.47  1.05 -0.53 -2.07 -3.05 -3.51 -3.29 -2.01  0.07  2.04  3.28  3.73 07092006 12
  3.12  1.68  0.02 -1.76 -3.02 -3.77 -3.98 -3.21 -1.24  1.01  2.71  3.55 08092006 00
  3.47  2.30  0.69 -1.07 -2.59 -3.49 -3.84 -3.31 -1.57  0.82  2.71  3.77 08092006 12
  3.95  2.97  1.37 -0.46 -2.21 -3.35 -4.01 -3.99 -2.77 -0.51  1.79  3.24 09092006 00
  3.80  3.33  1.85  0.15 -1.68 -3.01 -3.75 -3.87 -2.92 -0.76  1.61  3.29 09092006 12
  4.11  3.95  2.65  0.96 -0.98 -2.54 -3.51 -4.01 -3.68 -2.04  0.35  2.39 10092006 00
  3.54  3.82  2.98  1.39 -0.36 -2.10 -3.20 -3.77 -3.63 -2.28 -0.01  2.20 10092006 12
  3.57  4.11  3.58  2.12  0.43 -1.42 -2.73 -3.51 -3.76 -3.06 -1.14  1.11 11092006 00
  2.79  3.62  3.54  2.40  0.86 -0.86 -2.32 -3.20 -3.56 -3.10 -1.51  0.67 11092006 12
  2.48  3.52  3.76  2.97  1.57 -0.06 -1.67 -2.72 -3.29 -3.29 -2.27 -0.36 12092006 00
  1.54  2.84  3.39  3.00  1.80  0.39 -1.19 -2.35 -2.97 -3.10 -2.45 -0.89 12092006 12
  0.98  2.41  3.20  3.19  2.33  1.10 -0.36 -1.64 -2.40 -2.76 -2.52 -1.38 13092006 00
  0.30  1.81  2.74  3.01  2.49  1.48  0.25 -1.07 -1.95 -2.40 -2.43 -1.74 13092006 12
 -0.40  1.09  2.18  2.69  2.52  1.75  0.73 -0.45 -1.41 -1.95 -2.17 -1.88 14092006 00
 -0.94  0.35  1.49  2.20  2.32  1.89  1.08  0.10 -0.90 -1.55 -1.90 -1.94 14092006 12
 -1.44 -0.46  0.66  1.53  1.93  1.82  1.30  0.56 -0.31 -1.06 -1.49 -1.69 15092006 00
 -1.55 -0.94 -0.02  0.89  1.50  1.68  1.48  0.98  0.29 -0.50 -1.10 -1.47 15092006 12
 -1.65 -1.46 -0.85 -0.00  0.78  1.27  1.39  1.20  0.77  0.18 -0.47 -0.95 16092006 00
 -1.22 -1.28 -1.00 -0.35  0.40  1.08  1.46  1.53  1.30  0.83  0.16 -0.53 16092006 12
 -1.07 -1.43 -1.53 -1.22 -0.57  0.22  0.94  1.33  1.41  1.21  0.73  0.07 17092006 00
 -0.61 -1.08 -1.30 -1.27 -0.81 -0.06  0.78  1.45  1.73  1.65  1.19  0.49 17092006 12
 -0.36 -1.11 -1.61 -1.86 -1.70 -1.03 -0.08  0.87  1.52  1.76  1.57  1.04 18092006 00
  0.28 -0.59 -1.23 -1.52 -1.46 -0.86  0.16  1.27  2.12  2.47  2.32  1.66 18092006 12
  0.76 -0.28 -1.11 -1.66 -1.92 -1.69 -0.82  0.33  1.38  2.04  2.15  1.74 19092006 00
  0.94 -0.08 -1.10 -1.76 -2.03 -1.84 -1.02  0.23  1.47  2.34  2.58  2.21 19092006 12
  1.36  0.27 -0.91 -1.75 -2.18 -2.20 -1.53 -0.25  1.19  2.31  2.85  2.71 20092006 00
  1.99  0.97 -0.26 -1.26 -1.80 -1.91 -1.33 -0.06  1.34  2.46  3.06  2.98 20092006 12
  2.22  1.10 -0.27 -1.46 -2.21 -2.56 -2.26 -1.08  0.53  1.96  2.81  2.95 21092006 00
  2.34  1.25 -0.07 -1.41 -2.26 -2.63 -2.39 -1.30  0.33  1.90  3.02  3.45 21092006 12
  3.12  2.14  0.69 -0.93 -2.05 -2.63 -2.63 -1.80 -0.23  1.45  2.65  3.17 22092006 00
  2.85  1.81  0.53 -0.93 -2.07 -2.69 -2.81 -2.14 -0.58  1.23  2.60  3.28 22092006 12
  3.15  2.19  0.89 -0.63 -1.92 -2.69 -3.00 -2.59 -1.17  0.70  2.24  3.12 23092006 00
  3.21  2.41  1.13 -0.36 -1.76 -2.62 -3.00 -2.73 -1.51  0.34  2.00  3.05 23092006 12
  3.34  2.70  1.43 -0.05 -1.56 -2.55 -3.06 -2.99 -2.00 -0.20  1.60  2.81 24092006 00
  3.32  2.92  1.77  0.39 -1.17 -2.28 -2.84 -2.89 -2.12 -0.47  1.39  2.73 24092006 12
  3.36  3.12  2.04  0.67 -0.90 -2.14 -2.84 -3.07 -2.56 -1.07  0.80  2.32 25092006 00
  3.15  3.17  2.30  1.01 -0.49 -1.83 -2.62 -2.94 -2.60 -1.33  0.50  2.07 25092006 12
  3.03  3.21  2.50  1.25 -0.21 -1.64 -2.55 -3.01 -2.90 -1.90 -0.18  1.50 26092006 00
  2.61  3.03  2.58  1.48  0.17 -1.26 -2.25 -2.74 -2.73 -1.95 -0.42  1.26 26092006 12
  2.47  3.01  2.75  1.76  0.50 -0.90 -2.00 -2.59 -2.73 -2.19 -0.83  0.85 27092006 00
  2.18  2.92  2.92  2.21  1.14 -0.14 -1.33 -2.03 -2.31 -1.98 -0.87  0.68 27092006 12
  2.05  2.87  2.98  2.37  1.32  0.08 -1.12 -1.87 -2.25 -2.18 -1.40 -0.07 28092006 00
  1.30  2.25  2.57  2.23  1.36  0.28 -0.90 -1.74 -2.15 -2.17 -1.58 -0.40 28092006 12
  0.97  2.00  2.50  2.37  1.66  0.69 -0.42 -1.33 -1.82 -2.00 -1.69 -0.77 29092006 00
  0.46  1.53  2.17  2.26  1.83  1.05  0.08 -0.89 -1.49 -1.76 -1.70 -1.08 29092006 12
 -0.05  1.04  1.82  2.07  1.84  1.23  0.45 -0.46 -1.15 -1.52 -1.61 -1.25 30092006 00
 -0.43  0.54  1.38  1.84  1.88  1.51  0.88  0.07 -0.71 -1.21 -1.47 -1.45 30092006 12
 -0.95 -0.13  0.78  1.48  1.75  1.69  1.31  0.71 -0.04 -0.66 -1.04 -1.22 01102006 00
 -1.09 -0.50  0.31  1.10  1.63  1.80  1.64  1.22  0.58 -0.16 -0.77 -1.18 01102006 12
 -1.39 -1.26 -0.67  0.11  0.91  1.42  1.60  1.49  1.09  0.48 -0.23 -0.82 02102006 00
 -1.19 -1.33 -1.09 -0.41  0.42  1.20  1.66  1.76  1.48  0.93  0.14 -0.69 02102006 12
 -1.34 -1.75 -1.86 -1.45 -0.57  0.51  1.44  1.93  1.97  1.62  0.95  0.06 03102006 00
 -0.83 -1.43 -1.74 -1.67 -1.00  0.09  1.27  2.12  2.42  2.17  1.43  0.43 03102006 12
 -0.74 -1.67 -2.26 -2.51 -2.14 -1.05  0.41  1.67  2.45  2.59  2.10  1.16 04102006 00
 -0.01 -1.20 -1.98 -2.36 -2.26 -1.39  0.08  1.59  2.63  3.02  2.65  1.65 04102006 12
  0.35 -1.09 -2.19 -2.84 -3.06 -2.53 -1.07  0.72  2.20  3.05  3.14  2.44 05102006 00
  1.27 -0.17 -1.53 -2.36 -2.71 -2.36 -1.05  0.83  2.51  3.56  3.80  3.12 05102006 12
  1.85  0.23 -1.37 -2.47 -3.13 -3.25 -2.34 -0.49  1.56  3.04  3.79  3.60 06102006 00
  2.52  1.10 -0.61 -1.94 -2.71 -2.98 -2.35 -0.56  1.60  3.25  4.13  4.10 06102006 12
  3.01  1.47 -0.40 -1.95 -2.98 -3.63 -3.60 -2.31 -0.10  2.07  3.42  3.91 07102006 00
  3.33  1.88  0.21 -1.60 -2.85 -3.54 -3.60 -2.54 -0.34  1.97  3.54  4.29 07102006 12
  3.97  2.62  0.96 -0.99 -2.46 -3.40 -3.86 -3.40 -1.63  0.79  2.75  3.83 08102006 00
  4.02  3.04  1.43 -0.40 -2.12 -3.19 -3.75 -3.54 -2.04  0.32  2.52  3.87 08102006 12
  4.36  3.72  2.22  0.46 -1.42 -2.68 -3.41 -3.59 -2.70 -0.66  1.61  3.22 09102006 00
  3.97  3.72  2.40  0.77 -1.10 -2.56 -3.45 -3.82 -3.30 -1.55  0.79  2.65 09102006 12
  3.68  3.84  2.88  1.32 -0.43 -2.08 -3.12 -3.68 -3.56 -2.29 -0.15  1.91 10102006 00
  3.18  3.66  3.12  1.72  0.13 -1.57 -2.75 -3.40 -3.50 -2.67 -0.79  1.30 10102006 12
  2.78  3.52  3.36  2.26  0.83 -0.80 -2.14 -2.92 -3.19 -2.71 -1.23  0.72 11102006 00
  2.34  3.28  3.44  2.67  1.39 -0.13 -1.55 -2.45 -2.92 -2.85 -1.85 -0.15 11102006 12
  1.54  2.65  3.09  2.69  1.67  0.44 -0.95 -1.93 -2.42 -2.49 -1.85 -0.48 12102006 00
  1.07  2.25  2.84  2.71  1.90  0.78 -0.53 -1.63 -2.30 -2.65 -2.48 -1.58 12102006 12
 -0.18  1.14  1.99  2.23  1.84  1.00 -0.01 -1.08 -1.82 -2.15 -2.11 -1.53 13102006 00
 -0.46  0.73  1.63  2.07  1.94  1.33  0.46 -0.54 -1.40 -1.90 -2.14 -1.99 13102006 12
 -1.32 -0.28  0.72  1.39  1.58  1.33  0.76  0.04 -0.75 -1.33 -1.59 -1.62 14102006 00
 -1.27 -0.56  0.34  1.09  1.49  1.49  1.14  0.54 -0.20 -0.91 -1.39 -1.68 14102006 12
 -1.73 -1.39 -0.72  0.07  0.71  1.01  0.99  0.77  0.31 -0.28 -0.84 -1.18 15102006 00
 -1.33 -1.25 -0.83 -0.16  0.56  1.07  1.28  1.19  0.82  0.23 -0.47 -1.09 15102006 12
 -1.52 -1.77 -1.68 -1.21 -0.48  0.29  0.87  1.13  1.10  0.79  0.25 -0.38 16102006 00
 -0.92 -1.22 -1.30 -1.08 -0.48  0.32  1.07  1.50  1.59  1.32  0.75 -0.03 16102006 12
 -0.84 -1.44 -1.79 -1.84 -1.41 -0.57  0.42  1.21  1.63  1.62  1.25  0.59 17102006 00
 -0.22 -0.97 -1.42 -1.56 -1.31 -0.57  0.45  1.40  1.99  2.08  1.68  0.94 17102006 12
 -0.00 -0.98 -1.66 -2.00 -1.97 -1.35 -0.27  0.91  1.79  2.16  1.99  1.35 18102006 00
  0.45 -0.58 -1.39 -1.81 -1.86 -1.37 -0.32  0.92  1.92  2.41  2.31  1.64 18102006 12
  0.67 -0.49 -1.49 -2.10 -2.35 -2.03 -1.02  0.38  1.63  2.42  2.58  2.10 19102006 00
  1.17  0.07 -1.02 -1.67 -1.94 -1.77 -0.92  0.42  1.76  2.66  2.90  2.44 19102006 12
  1.45  0.23 -1.06 -1.93 -2.36 -2.33 -1.57 -0.16  1.37  2.50  3.00  2.76 20102006 00
  1.87  0.71 -0.62 -1.65 -2.20 -2.30 -1.71 -0.37  1.22  2.45  3.07  2.95 20102006 12
  2.08  0.87 -0.54 -1.73 -2.42 -2.68 -2.25 -0.95  0.79  2.26  3.13  3.26 21102006 00
  2.60  1.45  0.08 -1.25 -2.05 -2.38 -2.11 -0.92  0.81  2.36  3.34  3.57 21102006 12
  3.00  1.90  0.53 -0.90 -1.85 -2.40 -2.46 -1.57  0.08  1.75  2.91  3.34 22102006 00
  2.95  1.86  0.50 -1.02 -2.11 -2.70 -2.80 -2.07 -0.48  1.33  2.68  3.34 22102006 12
  3.15  2.14  0.80 -0.74 -1.97 -2.66 -2.90 -2.40 -0.96  0.91  2.42  3.29 23102006 00
  3.34  2.51  1.24 -0.26 -1.63 -2.45 -2.82 -2.55 -1.32  0.51  2.15  3.14 23102006 12
  3.35  2.65  1.39 -0.08 -1.54 -2.46 -2.91 -2.81 -1.80 -0.03  1.75  2.95 24102006 00
  3.44  3.02  1.90  0.55 -0.98 -2.07 -2.64 -2.73 -2.00 -0.41  1.40  2.71 24102006 12
  3.30  3.05  2.00  0.66 -0.86 -2.05 -2.72 -2.94 -2.46 -1.05  0.74  2.19 25102006 00
  3.01  3.03  2.19  0.95 -0.46 -1.73 -2.47 -2.78 -2.45 -1.22  0.52  2.06 25102006 12
  3.02  3.28  2.73  1.63  0.29 -1.07 -1.92 -2.27 -2.08 -1.11  0.34  1.80 26102006 00
  2.87  3.23  2.88  1.94  0.70 -0.68 -1.66 -2.22 -2.40 -1.86 -0.58  0.96 26102006 12
  2.16  2.73  2.57  1.72  0.59 -0.69 -1.77 -2.38 -2.60 -2.23 -1.13  0.36 27102006 00
  1.66  2.46  2.60  2.08  1.11 -0.04 -1.20 -1.94 -2.30 -2.24 -1.48 -0.17 27102006 12
  1.19  2.12  2.46  2.17  1.37  0.36 -0.76 -1.59 -1.99 -2.05 -1.55 -0.46 28102006 00
  0.82  1.84  2.38  2.34  1.74  0.83 -0.28 -1.26 -1.84 -2.10 -1.95 -1.22 28102006 12
 -0.09  1.01  1.76  1.96  1.61  0.90  0.04 -0.89 -1.56 -1.89 -1.94 -1.51 29102006 00
 -0.62  0.48  1.38  1.86  1.81  1.33  0.56 -0.36 -1.21 -1.75 -2.03 -1.95 29102006 12
 -1.36 -0.37  0.67  1.45  1.79  1.69  1.25  0.58 -0.21 -0.87 -1.22 -1.35 30102006 00
 -1.17 -0.52  0.39  1.27  1.80  1.90  1.60  1.02  0.24 -0.59 -1.20 -1.54 30102006 12
 -1.57 -1.21 -0.50  0.44  1.38  1.89  2.05  1.79  1.20  0.44 -0.33 -0.84 31102006 00
 -1.14 -1.25 -1.01 -0.32  0.64  1.51  1.82  1.61  0.98  0.13 -0.84 -1.70 31102006 12
 -2.28 -2.59 -2.45 -1.70 -0.49  0.70  1.57  1.96  1.82  1.25  0.40 -0.56 01112006 00
 -1.38 -1.85 -2.01 -1.68 -0.77  0.48  1.56  2.19  2.21  1.65  0.71 -0.42 01112006 12
 -1.53 -2.30 -2.75 -2.74 -2.02 -0.69  0.76  1.84  2.35  2.18  1.42  0.34 02112006 00
 -0.89 -1.94 -2.53 -2.68 -2.24 -1.05  0.54  1.87  2.64  2.70  2.01  0.83 02112006 12
 -0.55 -1.87 -2.76 -3.24 -3.18 -2.26 -0.57  1.14  2.34  2.87  2.56  1.51 03112006 00
  0.19 -1.27 -2.40 -3.02 -3.12 -2.43 -0.87  1.01  2.44  3.21  3.13  2.15 03112006 12
  0.78 -0.82 -2.23 -3.12 -3.56 -3.32 -2.05 -0.07  1.77  2.91  3.28  2.69 04112006 00
  1.35 -0.17 -1.77 -2.86 -3.44 -3.43 -2.44 -0.47  1.55  2.94  3.60  3.28 04112006 12
  2.02  0.49 -1.26 -2.60 -3.42 -3.74 -3.20 -1.53  0.70  2.44  3.41  3.54 05112006 00
  2.60  1.08 -0.62 -2.19 -3.17 -3.67 -3.47 -2.09  0.09  2.13  3.36  3.79 05112006 12
  3.15  1.69  0.02 -1.73 -2.93 -3.62 -3.74 -2.84 -0.81  1.39  2.95  3.67 06112006 00
  3.45  2.19  0.61 -1.16 -2.57 -3.42 -3.74 -3.21 -1.50  0.78  2.57  3.58 06112006 12
  3.72  2.77  1.26 -0.45 -2.05 -3.07 -3.60 -3.44 -2.11  0.04  2.06  3.32 07112006 00
  3.77  3.18  1.78  0.16 -1.57 -2.76 -3.44 -3.58 -2.74 -0.80  1.32  2.83 07112006 12
  3.58  3.40  2.27  0.79 -0.89 -2.23 -3.02 -3.31 -2.81 -1.22  0.86  2.55 08112006 00
  3.50  3.64  2.78  1.41 -0.23 -1.74 -2.68 -3.18 -3.12 -2.03 -0.13  1.67 08112006 12
  2.85  3.29  2.79  1.58  0.16 -1.38 -2.47 -3.05 -3.15 -2.43 -0.84  1.00 09112006 00
  2.33  3.03  2.88  1.91  0.62 -0.87 -2.11 -2.86 -3.17 -2.89 -1.72 -0.02 09112006 12
  1.47  2.39  2.64  2.07  0.97 -0.25 -1.50 -2.31 -2.65 -2.47 -1.56 -0.04 10112006 00
  1.47  2.50  2.93  2.64  1.77  0.67 -0.61 -1.58 -2.13 -2.34 -1.94 -0.88 10112006 12
  0.46  1.58  2.21  2.21  1.63  0.74 -0.28 -1.26 -1.81 -1.95 -1.64 -0.77 11112006 00
  0.45  1.61  2.41  2.76  2.46  1.66  0.61 -0.46 -1.18 -1.63 -1.84 -1.61 11112006 12
 -0.81  0.20  1.13  1.62  1.59  1.14  0.44 -0.38 -1.17 -1.63 -1.79 -1.59 12112006 00
 -0.93  0.10  1.10  1.79  2.03  1.84  1.28  0.52 -0.34 -0.95 -1.31 -1.48 12112006 12
 -1.23 -0.50  0.39  1.23  1.73  1.87  1.64  1.12  0.46 -0.23 -0.72 -0.96 13112006 00
 -0.97 -0.65 -0.01  0.75  1.35  1.64  1.60  1.21  0.59 -0.14 -0.78 -1.19 13112006 12
 -1.39 -1.29 -0.77  0.01  0.79  1.35  1.61  1.54  1.16  0.58 -0.10 -0.64 14112006 00
 -0.95 -1.06 -0.85 -0.25  0.55  1.27  1.72  1.80  1.52  0.97  0.21 -0.58 14112006 12
 -1.17 -1.53 -1.59 -1.16 -0.35  0.55  1.32  1.73  1.76  1.42  0.82  0.07 15112006 00
 -0.62 -1.03 -1.14 -0.92 -0.28  0.58  1.41  1.97  2.14  1.90  1.32  0.54 15112006 12
 -0.29 -0.94 -1.33 -1.38 -0.93 -0.03  0.94  1.70  2.02  1.96  1.48  0.74 16112006 00
 -0.16 -0.91 -1.37 -1.53 -1.24 -0.40  0.66  1.64  2.18  2.20  1.72  0.93 16112006 12
 -0.07 -1.03 -1.67 -1.97 -1.81 -1.00  0.23  1.42  2.23  2.50  2.24  1.59 17112006 00
  0.72 -0.33 -1.14 -1.62 -1.75 -1.23 -0.07  1.19  2.19  2.63  2.44  1.66 17112006 12
  0.66 -0.52 -1.48 -2.03 -2.19 -1.71 -0.53  0.90  2.06  2.71  2.74  2.15 18112006 00
  1.17 -0.07 -1.17 -1.84 -2.15 -1.99 -1.08  0.29  1.57  2.37  2.50  1.99 18112006 12
  1.01 -0.19 -1.42 -2.21 -2.56 -2.43 -1.58 -0.14  1.33  2.37  2.81  2.52 19112006 00
  1.61  0.45 -0.86 -1.84 -2.31 -2.31 -1.51 -0.03  1.60  2.87  3.58  3.56 19112006 12
  2.77  1.57  0.10 -1.05 -1.84 -2.27 -2.03 -0.84  0.75  2.14  2.94  3.02 20112006 00
  2.37  1.26 -0.07 -1.30 -2.04 -2.37 -2.13 -1.04  0.58  2.09  3.05  3.28 20112006 12
  2.71  1.55  0.19 -1.15 -2.02 -2.48 -2.45 -1.57  0.05  1.76  2.97  3.49 21112006 00
  3.20  2.17  0.88 -0.62 -1.73 -2.38 -2.64 -2.14 -0.70  1.06  2.45  3.16 21112006 12
  3.06  2.13  0.86 -0.60 -1.84 -2.55 -2.82 -2.42 -1.11  0.68  2.21  3.15 22112006 00
  3.30  2.63  1.47  0.05 -1.33 -2.19 -2.62 -2.50 -1.49  0.22  1.89  2.97 22112006 12
  3.32  2.88  1.85  0.58 -0.80 -1.72 -2.20 -2.26 -1.50  0.04  1.69  3.00 23112006 00
  3.65  3.47  2.60  1.41 -0.08 -1.26 -1.96 -2.23 -1.81 -0.45  1.25  2.64 23112006 12
  3.40  3.39  2.58  1.39 -0.06 -1.30 -2.09 -2.50 -2.30 -1.17  0.48  2.02 24112006 00
  3.02  3.29  2.79  1.74  0.45 -0.95 -1.92 -2.45 -2.49 -1.73 -0.26  1.36 24112006 12
  2.58  3.14  2.90  1.99  0.85 -0.47 -1.51 -2.10 -2.28 -1.77 -0.46  1.14 25112006 00
  2.44  3.18  3.22  2.54  1.48  0.16 -1.04 -1.78 -2.18 -2.13 -1.28  0.13 25112006 12
  1.55  2.51  2.78  2.39  1.49  0.38 -0.83 -1.68 -2.13 -2.16 -1.51 -0.28 26112006 00
  1.10  2.19  2.74  2.65  1.95  0.92 -0.33 -1.39 -2.06 -2.40 -2.22 -1.27 26112006 12
  0.14  1.46  2.33  2.59  2.30  1.54  0.58 -0.50 -1.25 -1.57 -1.52 -0.84 27112006 00
  0.36  1.60  2.55  2.97  2.84  2.21  1.25  0.01 -0.99 -1.66 -2.05 -1.97 27112006 12
 -1.19 -0.01  1.15  1.94  2.23  2.01  1.39  0.57 -0.39 -1.10 -1.45 -1.49 28112006 00
 -1.03 -0.04  1.10  2.08  2.56  2.50  1.91  1.02 -0.09 -1.06 -1.74 -2.19 28112006 12
 -2.24 -1.65 -0.57  0.62  1.55  2.01  1.97  1.51  0.74 -0.20 -1.02 -1.47 29112006 00
 -1.58 -1.26 -0.39  0.72  1.76  2.36  2.44  1.97  1.15  0.07 -0.99 -1.77 29112006 12
 -2.28 -2.43 -1.95 -0.86  0.47  1.59  2.22  2.30  1.88  1.11  0.18 -0.73 30112006 00
 -1.29 -1.51 -1.32 -0.49  0.73  1.93  2.72  2.97  2.65  1.82  0.70 -0.51 30112006 12
 -1.42 -2.00 -2.26 -1.85 -0.71  0.69  1.86  2.54  2.59  2.01  1.06 -0.13 01122006 00
 -1.29 -2.05 -2.43 -2.28 -1.35  0.11  1.57  2.62  3.05  2.81  1.97  0.84 01122006 12
 -0.46 -1.50 -2.20 -2.53 -2.18 -0.99  0.60  2.01  2.85  2.99  2.39  1.32 02122006 00
  0.03 -1.24 -2.05 -2.42 -2.23 -1.18  0.44  1.98  3.01  3.38  3.01  2.05 02122006 12
  0.79 -0.64 -1.66 -2.23 -2.25 -1.22  0.48  2.09  3.33  3.94  3.81  3.05 03122006 00
  1.79  0.15 -1.07 -1.81 -2.15 -1.77 -0.36  1.38  2.87  3.80  4.00  3.42 03122006 12
  2.31  0.72 -0.76 -1.79 -2.43 -2.55 -1.73 -0.10  1.71  3.09  3.71  3.51 04122006 00
  2.47  1.04 -0.64 -1.90 -2.66 -2.97 -2.39 -0.80  1.19  2.82  3.77  3.87 04122006 12
  3.12  1.91  0.32 -1.10 -2.01 -2.49 -2.37 -1.19  0.70  2.51  3.71  4.09 05122006 00
  3.54  2.35  0.81 -0.80 -1.87 -2.50 -2.64 -1.84 -0.15  1.72  3.13  3.78 05122006 12
  3.59  2.58  1.22 -0.44 -1.76 -2.56 -2.89 -2.52 -1.10  0.87  2.56  3.55 06122006 00
  3.70  2.90  1.61  0.02 -1.52 -2.53 -3.10 -3.11 -2.09 -0.22  1.67  2.99 06122006 12
  3.61  3.33  2.30  0.99 -0.55 -1.62 -2.15 -2.27 -1.56  0.10  2.00  3.46 07122006 00
  4.20  4.10  3.23  1.97  0.36 -0.90 -1.74 -2.22 -2.08 -0.87  0.88  2.43 07122006 12
  3.35  3.52  2.88  1.75  0.26 -1.15 -2.06 -2.57 -2.55 -1.62  0.03  1.72 08122006 00
  2.90  3.36  3.00  1.95  0.66 -0.81 -1.90 -2.54 -2.79 -2.33 -0.99  0.72 08122006 12
  2.08  2.83  2.83  2.07  0.91 -0.41 -1.58 -2.26 -2.55 -2.27 -1.19  0.41 09122006 00
  1.86  2.76  2.98  2.44  1.38  0.11 -1.21 -2.13 -2.65 -2.76 -2.18 -0.87 09122006 12
  0.61  1.73  2.28  2.14  1.39  0.39 -0.72 -1.65 -2.08 -2.05 -1.45 -0.26 10122006 00
  1.17  2.34  3.03  3.08  2.49  1.56  0.35 -0.74 -1.47 -1.87 -1.84 -1.10 10122006 12
  0.10  1.27  2.12  2.45  2.32  1.67  0.72 -0.29 -0.95 -1.36 -1.52 -1.12 11122006 00
 -0.11  1.00  1.86  2.19  2.08  1.51  0.73 -0.24 -1.06 -1.57 -1.80 -1.63 11122006 12
 -0.90  0.09  1.07  1.75  1.94  1.68  1.05  0.24 -0.57 -1.11 -1.33 -1.22 12122006 00
 -0.55  0.53  1.58  2.30  2.61  2.48  1.97  1.14  0.17 -0.62 -1.23 -1.66 12122006 12
 -1.71 -1.21 -0.39  0.46  1.13  1.40  1.32  0.92  0.28 -0.43 -0.98 -1.13 13122006 00
 -0.90 -0.35  0.48  1.37  2.08  2.43  2.33  1.87  1.18  0.35 -0.38 -0.92 13122006 12
 -1.22 -1.17 -0.67  0.16  1.02  1.63  1.87  1.79  1.39  0.72 -0.09 -0.68 14122006 00
 -0.98 -1.02 -0.71 -0.04  0.80  1.50  1.88  1.90  1.52  0.87  0.06 -0.66 14122006 12
 -1.18 -1.50 -1.50 -0.99 -0.17  0.72  1.37  1.58  1.44  0.96  0.30 -0.45 15122006 00
 -1.06 -1.38 -1.45 -1.09 -0.33  0.57  1.34  1.70  1.70  1.27  0.57 -0.29 15122006 12
 -1.12 -1.68 -1.98 -1.89 -1.27 -0.27  0.80  1.58  1.89  1.73  1.18  0.42 16122006 00
 -0.46 -1.17 -1.55 -1.65 -1.32 -0.50  0.54  1.40  1.82  1.77  1.27  0.49 16122006 12
 -0.44 -1.32 -1.85 -2.05 -1.79 -0.99  0.15  1.21  1.92  2.09  1.75  1.00 17122006 00
  0.04 -0.98 -1.68 -2.05 -2.06 -1.53 -0.47  0.73  1.64  2.03  1.84  1.16 17122006 12
  0.21 -0.87 -1.77 -2.26 -2.36 -1.92 -0.87  0.50  1.62  2.26  2.27  1.69 18122006 00
  0.73 -0.39 -1.46 -2.14 -2.47 -2.31 -1.48 -0.17  1.12  1.97  2.20  1.75 18122006 12
  0.81 -0.31 -1.49 -2.34 -2.75 -2.67 -1.93 -0.58  0.89  1.96  2.48  2.29 19122006 00
  1.46  0.33 -0.93 -1.98 -2.57 -2.75 -2.33 -1.16  0.38  1.65  2.37  2.36 19122006 12
  1.64  0.50 -0.78 -1.97 -2.70 -2.99 -2.69 -1.61 -0.00  1.45  2.41  2.70 20122006 00
  2.20  1.12 -0.17 -1.52 -2.46 -2.96 -2.95 -2.18 -0.68  0.97  2.12  2.65 20122006 12
  2.37  1.37  0.11 -1.28 -2.37 -2.97 -3.07 -2.49 -1.09  0.65  2.03  2.80 21122006 00
  2.80  1.99  0.74 -0.70 -2.01 -2.80 -3.15 -2.95 -1.85 -0.09  1.52  2.52 21122006 12
  2.81  2.21  0.98 -0.38 -1.77 -2.72 -3.19 -3.12 -2.20 -0.49  1.25  2.46 22122006 00
  3.00  2.67  1.56  0.21 -1.31 -2.48 -3.17 -3.38 -2.85 -1.42  0.43  1.88 22122006 12
  2.69  2.73  1.89  0.60 -0.82 -2.14 -2.93 -3.24 -2.90 -1.66  0.17  1.79 23122006 00
  2.77  3.04  2.41  1.17 -0.28 -1.76 -2.78 -3.34 -3.39 -2.60 -0.92  0.86 23122006 12
  2.14  2.74  2.51  1.49  0.18 -1.24 -2.39 -3.02 -3.15 -2.55 -1.09  0.72 24122006 00
  2.14  2.92  2.94  2.09  0.80 -0.68 -2.04 -2.91 -3.36 -3.23 -2.20 -0.49 24122006 12
  1.18  2.28  2.69  2.26  1.17 -0.10 -1.46 -2.46 -2.94 -2.89 -2.09 -0.55 25122006 00
  1.14  2.35  2.96  2.75  1.78  0.52 -0.94 -2.13 -2.86 -3.20 -2.95 -1.81 25122006 12
 -0.16  1.34  2.26  2.52  1.97  0.90 -0.31 -1.56 -2.40 -2.76 -2.60 -1.71 26122006 00
 -0.21  1.33  2.39  2.84  2.54  1.58  0.36 -1.01 -2.07 -2.70 -2.96 -2.63 26122006 12
 -1.50  0.04  1.37  2.19  2.34  1.80  0.84 -0.27 -1.38 -2.11 -2.39 -2.18 27122006 00
 -1.30  0.10  1.48  2.42  2.78  2.46  1.59  0.48 -0.79 -1.76 -2.36 -2.63 27122006 12
 -2.33 -1.33  0.05  1.28  2.04  2.18  1.72  0.86 -0.16 -1.21 -1.90 -2.20 28122006 00
 -2.05 -1.31 -0.06  1.24  2.17  2.55  2.32  1.58  0.60 -0.56 -1.49 -2.07 28122006 12
 -2.36 -2.09 -1.14  0.18  1.38  2.17  2.41  2.11  1.40  0.50 -0.45 -1.03 29122006 00
 -1.23 -1.14 -0.53  0.54  1.65  2.50  2.85  2.67  2.00  1.01 -0.10 -0.96 29122006 12
 -1.52 -1.75 -1.42 -0.51  0.56  1.61  2.26  2.57  2.50  1.83  0.81 -0.34 30122006 00
 -1.22 -1.77 -1.97 -1.55 -0.49  0.77  1.88  2.49  2.58  2.13  1.28  0.18 30122006 12
 -0.91 -1.65 -2.05 -2.05 -1.38 -0.21  1.04  2.02  2.44  2.30  1.62  0.68 31122006 00
 -0.44 -1.36 -1.85 -1.87 -1.18  0.11  1.52  2.73  3.38  3.42  2.90  2.01 31122006 12
