Parameter Z: CS3 Location ( 52, 86) Lat 53.500 Lon -3.417
 -0.63 -1.43 -1.87 -1.92 -1.48 -0.55  0.67  1.82  2.39  2.41  1.91  1.09 01011992 00
  0.09 -0.90 -1.52 -1.81 -1.85 -1.37 -0.37  0.76  1.65  2.03  1.94  1.38 01011992 12
  0.51 -0.48 -1.27 -1.69 -1.74 -1.31 -0.28  1.02  2.12  2.69  2.72  2.15 02011992 00
  1.22  0.09 -0.89 -1.54 -1.90 -1.82 -1.05  0.13  1.29  2.15  2.44  2.17 02011992 12
  1.37  0.32 -0.79 -1.54 -1.90 -1.85 -1.16  0.12  1.48  2.53  3.01  2.88 03011992 00
  2.12  1.00 -0.30 -1.25 -1.85 -2.16 -1.91 -0.89  0.52  1.80  2.55  2.62 03011992 12
  2.03  1.01 -0.19 -1.35 -2.06 -2.38 -2.18 -1.22  0.22  1.60  2.53  2.80 04011992 00
  2.36  1.36  0.15 -1.14 -2.04 -2.52 -2.58 -1.93 -0.58  0.96  2.11  2.64 04011992 12
  2.39  1.48  0.31 -0.99 -2.02 -2.56 -2.65 -2.03 -0.65  1.01  2.29  3.02 05011992 00
  3.00  2.24  1.09 -0.31 -1.55 -2.31 -2.68 -2.45 -1.38  0.21  1.66  2.56 05011992 12
  2.75  2.17  1.07 -0.23 -1.53 -2.35 -2.70 -2.51 -1.53  0.11  1.75  2.86 06011992 00
  3.27  2.88  1.84  0.52 -0.93 -1.96 -2.55 -2.72 -2.12 -0.70  0.99  2.27 06011992 12
  2.87  2.71  1.80  0.56 -0.80 -1.92 -2.53 -2.68 -2.08 -0.64  1.13  2.52 07011992 00
  3.29  3.33  2.55  1.34 -0.13 -1.44 -2.26 -2.70 -2.55 -1.45  0.23  1.79 07011992 12
  2.78  3.07  2.57  1.49  0.19 -1.17 -2.06 -2.47 -2.32 -1.33  0.28  1.85 08011992 00
  2.92  3.31  2.90  1.83  0.50 -0.97 -2.02 -2.64 -2.84 -2.29 -0.88  0.83 08011992 12
  2.14  2.79  2.65  1.73  0.51 -0.84 -2.01 -2.67 -2.87 -2.49 -1.29  0.37 09011992 00
  1.77  2.59  2.69  1.95  0.76 -0.59 -1.85 -2.65 -3.01 -2.85 -1.90 -0.30 09011992 12
  1.22  2.24  2.61  2.14  1.11 -0.10 -1.37 -2.25 -2.65 -2.57 -1.81 -0.39 10011992 00
  1.14  2.23  2.71  2.41  1.49  0.30 -1.03 -2.07 -2.64 -2.82 -2.40 -1.22 10011992 12
  0.29  1.54  2.26  2.27  1.61  0.57 -0.60 -1.67 -2.29 -2.49 -2.15 -1.17 11011992 00
  0.26  1.54  2.33  2.48  1.94  0.94 -0.23 -1.41 -2.19 -2.59 -2.57 -1.92 11011992 12
 -0.67  0.70  1.70  2.15  1.92  1.15  0.15 -0.93 -1.80 -2.23 -2.25 -1.76 12011992 00
 -0.71  0.59  1.62  2.17  2.09  1.45  0.48 -0.62 -1.62 -2.23 -2.52 -2.35 12011992 12
 -1.59 -0.39  0.79  1.58  1.83  1.52  0.78 -0.13 -1.08 -1.77 -2.08 -2.03 13011992 00
 -1.51 -0.52  0.63  1.50  1.90  1.73  1.12  0.25 -0.73 -1.59 -2.09 -2.33 13011992 12
 -2.16 -1.44 -0.33  0.73  1.44  1.65  1.35  0.70 -0.11 -0.98 -1.62 -1.90 14011992 00
 -1.88 -1.43 -0.58  0.47  1.29  1.71  1.61  1.12  0.35 -0.57 -1.40 -1.92 14011992 12
 -2.21 -2.13 -1.53 -0.52  0.54  1.32  1.62  1.45  0.92  0.16 -0.69 -1.40 15011992 00
 -1.80 -1.94 -1.68 -0.96  0.08  1.03  1.61  1.70  1.36  0.64 -0.24 -1.15 15011992 12
 -1.80 -2.19 -2.24 -1.76 -0.76  0.44  1.38  1.86  1.81  1.32  0.54 -0.40 16011992 00
 -1.31 -1.90 -2.21 -2.12 -1.46 -0.33  0.84  1.68  2.00  1.75  1.04  0.08 16011992 12
 -1.01 -1.90 -2.42 -2.57 -2.17 -1.12  0.27  1.44  2.15  2.24  1.75  0.82 17011992 00
 -0.31 -1.45 -2.23 -2.66 -2.63 -1.90 -0.56  0.91  1.98  2.45  2.21  1.37 17011992 12
  0.23 -1.04 -2.10 -2.72 -2.91 -2.49 -1.26  0.37  1.77  2.63  2.75  2.11 18011992 00
  0.98 -0.39 -1.74 -2.65 -3.14 -3.08 -2.18 -0.52  1.20  2.40  2.94  2.63 18011992 12
  1.58  0.27 -1.22 -2.39 -3.05 -3.23 -2.64 -1.10  0.83  2.34  3.19  3.23 19011992 00
  2.33  0.97 -0.63 -2.09 -3.04 -3.56 -3.43 -2.26 -0.29  1.62  2.85  3.32 19011992 12
  2.84  1.54  0.02 -1.62 -2.81 -3.46 -3.54 -2.68 -0.78  1.32  2.83  3.59 20011992 00
  3.41  2.26  0.72 -1.07 -2.54 -3.48 -3.93 -3.61 -2.10  0.13  2.05  3.18 20011992 12
  3.49  2.74  1.23 -0.44 -2.12 -3.22 -3.79 -3.68 -2.44 -0.26  1.90  3.29 21011992 00
  3.87  3.43  2.02  0.35 -1.51 -2.88 -3.73 -4.09 -3.54 -1.68  0.63  2.46 21011992 12
  3.42  3.49  2.45  0.85 -0.87 -2.46 -3.45 -3.88 -3.49 -1.93  0.41  2.44 22011992 00
  3.63  3.98  3.21  1.67 -0.07 -1.87 -3.09 -3.83 -4.01 -3.12 -1.08  1.16 22011992 12
  2.76  3.47  3.26  2.02  0.42 -1.29 -2.68 -3.49 -3.73 -3.05 -1.22  1.09 23011992 00
  2.81  3.76  3.82  2.81  1.32 -0.43 -2.03 -3.07 -3.66 -3.61 -2.40 -0.33 23011992 12
  1.70  2.98  3.43  2.93  1.59  0.07 -1.58 -2.74 -3.35 -3.37 -2.44 -0.55 24011992 00
  1.49  2.91  3.62  3.42  2.30  0.86 -0.83 -2.17 -3.00 -3.40 -3.10 -1.76 24011992 12
  0.13  1.80  2.78  3.01  2.34  1.07 -0.34 -1.74 -2.62 -3.00 -2.79 -1.71 25011992 00
  0.01  1.67  2.74  3.16  2.74  1.64  0.30 -1.18 -2.26 -2.92 -3.18 -2.77 25011992 12
 -1.50  0.15  1.50  2.24  2.29  1.58  0.45 -0.76 -1.90 -2.58 -2.82 -2.54 26011992 00
 -1.57 -0.12  1.22  2.09  2.37  1.96  1.04 -0.07 -1.25 -2.11 -2.57 -2.66 26011992 12
 -2.19 -1.09  0.25  1.29  1.85  1.78  1.17  0.28 -0.70 -1.61 -2.12 -2.30 27011992 00
 -2.06 -1.32 -0.20  0.87  1.59  1.81  1.49  0.79 -0.09 -1.03 -1.70 -2.05 27011992 12
 -2.13 -1.79 -0.98  0.08  0.95  1.43  1.40  1.00  0.34 -0.43 -1.17 -1.64 28011992 00
 -1.88 -1.81 -1.31 -0.46  0.44  1.10  1.34  1.18  0.73  0.07 -0.69 -1.34 28011992 12
 -1.74 -1.91 -1.73 -1.13 -0.24  0.60  1.15  1.30  1.13  0.66 -0.00 -0.74 29011992 00
 -1.32 -1.66 -1.77 -1.52 -0.90 -0.05  0.68  1.09  1.12  0.86  0.34 -0.33 29011992 12
 -1.03 -1.52 -1.78 -1.72 -1.25 -0.42  0.48  1.17  1.50  1.44  1.05  0.40 30011992 00
 -0.42 -1.15 -1.64 -1.88 -1.76 -1.17 -0.26  0.63  1.24  1.39  1.16  0.61 30011992 12
 -0.14 -0.97 -1.60 -1.91 -1.87 -1.37 -0.47  0.58  1.41  1.82  1.74  1.24 31011992 00
  0.43 -0.53 -1.39 -1.93 -2.17 -1.98 -1.24 -0.14  0.90  1.58  1.73  1.37 31011992 12
  0.62 -0.30 -1.24 -1.89 -2.17 -2.04 -1.38 -0.26  0.95  1.82  2.17  1.93 01021992 00
  1.18  0.17 -0.95 -1.83 -2.33 -2.45 -2.05 -1.02  0.33  1.42  2.02  1.98 01021992 12
  1.36  0.38 -0.71 -1.72 -2.30 -2.46 -2.08 -1.05  0.38  1.63  2.41  2.56 02021992 00
  2.03  1.05 -0.13 -1.33 -2.13 -2.52 -2.41 -1.56 -0.12  1.35  2.37  2.77 02021992 12
  2.44  1.48  0.26 -1.05 -1.97 -2.43 -2.44 -1.72 -0.33  1.21  2.34  2.85 03021992 00
  2.60  1.66  0.43 -0.97 -2.09 -2.72 -2.91 -2.42 -1.10  0.58  1.97  2.78 03021992 12
  2.85  2.14  1.00 -0.31 -1.53 -2.24 -2.50 -2.18 -1.01  0.67  2.18  3.08 04021992 00
  3.20  2.48  1.23 -0.23 -1.62 -2.51 -2.99 -2.92 -1.97 -0.29  1.42  2.56 04021992 12
  3.02  2.60  1.46  0.13 -1.33 -2.39 -2.93 -2.93 -2.10 -0.44  1.36  2.63 05021992 00
  3.22  2.94  1.86  0.49 -1.07 -2.29 -2.99 -3.22 -2.69 -1.22  0.63  2.11 05021992 12
  2.92  2.95  2.08  0.77 -0.70 -2.03 -2.82 -3.10 -2.70 -1.37  0.52  2.13 06021992 00
  3.08  3.25  2.51  1.22 -0.28 -1.74 -2.68 -3.15 -3.04 -1.98 -0.17  1.57 06021992 12
  2.71  3.14  2.67  1.50  0.15 -1.33 -2.36 -2.88 -2.84 -1.98 -0.30  1.50 07021992 00
  2.74  3.29  2.99  1.87  0.49 -1.05 -2.23 -2.91 -3.13 -2.60 -1.13  0.70 07021992 12
  2.15  2.92  2.91  2.05  0.79 -0.64 -1.91 -2.64 -2.88 -2.43 -1.10  0.72 08021992 00
  2.22  3.10  3.23  2.51  1.33 -0.09 -1.47 -2.35 -2.79 -2.66 -1.65 -0.00 08021992 12
  1.62  2.70  3.10  2.69  1.66  0.40 -0.96 -1.92 -2.39 -2.38 -1.60 -0.10 09021992 00
  1.52  2.69  3.20  2.94  1.97  0.73 -0.69 -1.77 -2.39 -2.64 -2.23 -1.02 09021992 12
  0.58  1.92  2.68  2.73  2.08  1.03 -0.18 -1.31 -1.96 -2.21 -1.95 -0.96 10021992 00
  0.50  1.85  2.71  2.89  2.36  1.35  0.13 -1.10 -1.91 -2.37 -2.43 -1.80 10021992 12
 -0.54  0.87  1.92  2.40  2.23  1.52  0.54 -0.59 -1.52 -2.01 -2.13 -1.72 11021992 00
 -0.71  0.59  1.69  2.33  2.38  1.86  0.98 -0.08 -1.10 -1.74 -2.06 -2.00 11021992 12
 -1.33 -0.19  1.00  1.87  2.22  2.03  1.43  0.59 -0.39 -1.15 -1.53 -1.58 12021992 00
 -1.12 -0.14  0.98  1.92  2.45  2.51  2.05  1.27  0.28 -0.60 -1.22 -1.62 12021992 12
 -1.72 -1.22 -0.28  0.77  1.63  2.03  2.03  1.62  0.93  0.07 -0.69 -1.17 13021992 00
 -1.44 -1.42 -0.84  0.08  1.02  1.70  1.94  1.78  1.26  0.52 -0.32 -1.00 13021992 12
 -1.45 -1.68 -1.49 -0.76  0.22  1.18  1.81  1.99  1.76  1.18  0.35 -0.58 14021992 00
 -1.28 -1.70 -1.85 -1.46 -0.57  0.55  1.54  2.12  2.23  1.91  1.22  0.29 14021992 12
 -0.68 -1.37 -1.78 -1.82 -1.21 -0.09  1.15  2.14  2.59  2.51  1.89  0.94 15021992 00
 -0.23 -1.24 -1.92 -2.30 -2.19 -1.35 -0.02  1.35  2.29  2.60  2.29  1.43 15021992 12
  0.32 -0.89 -1.77 -2.27 -2.40 -1.82 -0.47  1.13  2.35  2.94  2.81  1.99 16021992 00
  0.81 -0.61 -1.86 -2.69 -3.15 -3.05 -2.05 -0.34  1.35  2.48  2.91  2.47 16021992 12
  1.35  0.01 -1.45 -2.53 -3.10 -3.13 -2.32 -0.64  1.27  2.63  3.34  3.17 17021992 00
  2.09  0.69 -0.96 -2.32 -3.18 -3.61 -3.31 -1.91  0.17  2.01  3.10  3.43 17021992 12
  2.74  1.33 -0.26 -1.88 -2.97 -3.54 -3.51 -2.41 -0.36  1.67  3.02  3.57 18021992 00
  3.15  1.78  0.16 -1.63 -2.98 -3.81 -4.14 -3.57 -1.73  0.54  2.36  3.32 18021992 12
  3.42  2.42  0.82 -0.91 -2.52 -3.51 -3.96 -3.58 -2.02  0.33  2.37  3.56 19021992 00
  3.93  3.17  1.60 -0.18 -2.00 -3.23 -3.97 -4.11 -3.14 -1.00  1.35  2.97 19021992 12
  3.66  3.41  2.07  0.40 -1.41 -2.86 -3.70 -3.96 -3.25 -1.25  1.17  2.99 20021992 00
  3.95  4.00  2.90  1.27 -0.62 -2.28 -3.35 -3.93 -3.79 -2.39 -0.11  2.06 20021992 12
  3.34  3.76  3.12  1.58 -0.14 -1.93 -3.14 -3.79 -3.81 -2.73 -0.58  1.66 21021992 00
  3.17  3.84  3.54  2.22  0.61 -1.22 -2.63 -3.48 -3.81 -3.25 -1.50  0.79 21021992 12
  2.57  3.53  3.66  2.72  1.26 -0.40 -1.91 -2.81 -3.21 -2.89 -1.45  0.68 22021992 00
  2.56  3.72  4.05  3.37  2.07  0.46 -1.15 -2.22 -2.86 -2.98 -2.11 -0.35 22021992 12
  1.56  2.92  3.48  3.17  2.05  0.63 -0.97 -2.18 -2.90 -3.18 -2.71 -1.26 23021992 00
  0.58  2.08  2.91  2.97  2.17  0.91 -0.51 -1.81 -2.59 -2.91 -2.64 -1.55 23021992 12
  0.10  1.64  2.65  2.98  2.53  1.49  0.24 -1.08 -1.97 -2.42 -2.46 -1.83 24021992 00
 -0.53  0.94  2.03  2.52  2.33  1.53  0.48 -0.71 -1.70 -2.24 -2.44 -2.11 24021992 12
 -1.14  0.18  1.32  2.02  2.13  1.66  0.80 -0.20 -1.18 -1.79 -2.06 -1.98 25021992 00
 -1.35 -0.29  0.82  1.62  1.94  1.74  1.14  0.34 -0.57 -1.28 -1.64 -1.73 25021992 12
 -1.37 -0.56  0.46  1.33  1.85  1.93  1.60  1.03  0.30 -0.45 -0.98 -1.30 26021992 00
 -1.41 -1.09 -0.40  0.38  1.02  1.25  1.16  0.76  0.22 -0.44 -0.98 -1.27 26021992 12
 -1.32 -1.07 -0.50  0.21  0.91  1.41  1.66  1.64  1.37  0.91  0.33 -0.22 27021992 00
 -0.61 -0.81 -0.71 -0.31  0.23  0.73  1.02  1.06  0.85  0.43 -0.11 -0.66 27021992 12
 -1.12 -1.42 -1.51 -1.23 -0.64  0.09  0.73  1.12  1.23  1.05  0.58 -0.06 28021992 00
 -0.72 -1.20 -1.48 -1.54 -1.20 -0.53  0.29  0.99  1.36  1.38  1.09  0.54 28021992 12
 -0.15 -0.82 -1.25 -1.43 -1.29 -0.69  0.14  1.00  1.60  1.81  1.64  1.09 29021992 00
  0.33 -0.52 -1.19 -1.59 -1.70 -1.32 -0.48  0.51  1.35  1.79  1.79  1.36 29021992 12
  0.63 -0.28 -1.10 -1.58 -1.72 -1.42 -0.60  0.49  1.52  2.17  2.28  1.84 01031992 00
  1.02 -0.01 -1.03 -1.73 -2.09 -2.05 -1.39 -0.24  0.98  1.91  2.27  2.02 01031992 12
  1.25  0.25 -0.87 -1.71 -2.14 -2.19 -1.64 -0.48  0.90  1.97  2.50  2.36 02031992 00
  1.61  0.54 -0.69 -1.73 -2.33 -2.54 -2.16 -1.04  0.48  1.79  2.56  2.64 02031992 12
  2.04  1.00 -0.21 -1.39 -2.10 -2.37 -2.12 -1.11  0.40  1.80  2.68  2.87 03031992 00
  2.30  1.18 -0.15 -1.52 -2.44 -2.93 -2.90 -2.03 -0.45  1.21  2.36  2.88 03031992 12
  2.58  1.57  0.31 -1.09 -2.15 -2.68 -2.72 -2.00 -0.48  1.26  2.55  3.18 04031992 00
  2.97  1.97  0.65 -0.87 -2.10 -2.81 -3.08 -2.64 -1.24  0.59  2.11  2.97 04031992 12
  3.04  2.23  0.92 -0.56 -1.93 -2.76 -3.10 -2.75 -1.47  0.42  2.07  3.09 05031992 00
  3.33  2.66  1.39 -0.10 -1.60 -2.59 -3.10 -3.03 -1.99 -0.14  1.72  2.96 05031992 12
  3.46  2.99  1.76  0.34 -1.26 -2.40 -3.03 -3.11 -2.30 -0.57  1.35  2.69 06031992 00
  3.34  3.11  1.99  0.59 -1.01 -2.28 -3.01 -3.22 -2.57 -0.93  1.06  2.61 06031992 12
  3.43  3.44  2.54  1.20 -0.40 -1.79 -2.61 -2.99 -2.66 -1.29  0.66  2.33 07031992 00
  3.34  3.52  2.74  1.41 -0.17 -1.72 -2.73 -3.29 -3.26 -2.25 -0.41  1.41 07031992 12
  2.64  3.12  2.66  1.42 -0.01 -1.55 -2.66 -3.22 -3.22 -2.37 -0.67  1.20 08031992 00
  2.51  3.16  2.91  1.80  0.42 -1.13 -2.37 -3.08 -3.31 -2.82 -1.39  0.48 08031992 12
  1.99  2.82  2.90  2.09  0.82 -0.59 -1.92 -2.71 -3.00 -2.64 -1.40  0.40 09031992 00
  1.96  2.93  3.16  2.54  1.37 -0.02 -1.44 -2.36 -2.85 -2.83 -1.98 -0.40 09031992 12
  1.26  2.42  2.91  2.63  1.68  0.48 -0.87 -1.89 -2.41 -2.49 -1.89 -0.56 10031992 00
  1.02  2.26  2.92  2.86  2.05  0.91 -0.40 -1.52 -2.18 -2.48 -2.26 -1.29 10031992 12
  0.15  1.51  2.40  2.61  2.14  1.17  0.04 -1.13 -1.91 -2.31 -2.31 -1.68 11031992 00
 -0.50  0.85  1.89  2.36  2.19  1.49  0.53 -0.51 -1.34 -1.75 -1.85 -1.49 11031992 12
 -0.53  0.72  1.84  2.49  2.59  2.18  1.41  0.36 -0.66 -1.33 -1.68 -1.73 12031992 00
 -1.24 -0.24  0.90  1.83  2.21  2.11  1.58  0.84 -0.06 -0.85 -1.33 -1.55 12031992 12
 -1.41 -0.74  0.26  1.28  2.01  2.28  2.08  1.50  0.72 -0.13 -0.77 -1.18 13031992 00
 -1.44 -1.30 -0.60  0.36  1.24  1.79  1.92  1.67  1.11  0.34 -0.51 -1.18 13031992 12
 -1.60 -1.72 -1.38 -0.58  0.41  1.32  1.84  1.95  1.62  0.96  0.09 -0.80 14031992 00
 -1.45 -1.84 -1.93 -1.48 -0.57  0.56  1.50  1.97  1.97  1.51  0.74 -0.21 14031992 12
 -1.14 -1.75 -2.06 -1.96 -1.23 -0.04  1.18  2.04  2.36  2.13  1.41  0.41 15031992 00
 -0.76 -1.70 -2.30 -2.58 -2.29 -1.30  0.12  1.43  2.25  2.44  2.00  1.07 15031992 12
 -0.08 -1.27 -2.10 -2.54 -2.51 -1.73 -0.31  1.24  2.37  2.88  2.64  1.72 16031992 00
  0.48 -0.95 -2.11 -2.83 -3.14 -2.78 -1.49  0.27  1.81  2.75  2.96  2.32 16031992 12
  1.13 -0.27 -1.67 -2.59 -3.05 -2.91 -1.87 -0.07  1.71  2.91  3.39  2.96 17031992 00
  1.76  0.30 -1.33 -2.53 -3.26 -3.50 -2.88 -1.23  0.85  2.43  3.30  3.33 17031992 12
  2.37  0.95 -0.68 -2.15 -3.03 -3.42 -3.05 -1.55  0.59  2.49  3.63  3.96 18031992 00
  3.22  1.80  0.11 -1.60 -2.76 -3.46 -3.59 -2.63 -0.59  1.53  3.02  3.69 18031992 12
  3.37  2.06  0.46 -1.34 -2.71 -3.52 -3.77 -3.05 -1.13  1.20  2.94  3.87 19031992 00
  3.88  2.78  1.21 -0.63 -2.22 -3.21 -3.72 -3.44 -1.92  0.38  2.46  3.69 19031992 12
  4.06  3.31  1.82  0.08 -1.70 -2.88 -3.55 -3.59 -2.46 -0.26  1.97  3.48 20031992 00
  4.14  3.74  2.37  0.72 -1.17 -2.55 -3.40 -3.72 -3.07 -1.21  1.11  2.86 20031992 12
  3.79  3.81  2.74  1.22 -0.51 -2.00 -2.89 -3.30 -2.99 -1.50  0.69  2.57 21031992 00
  3.70  3.97  3.17  1.76  0.08 -1.60 -2.72 -3.35 -3.38 -2.31 -0.30  1.73 21031992 12
  3.11  3.70  3.31  2.03  0.51 -1.19 -2.42 -3.11 -3.30 -2.60 -0.89  1.17 22031992 00
  2.69  3.48  3.41  2.37  0.98 -0.65 -2.03 -2.87 -3.24 -2.88 -1.48  0.48 22031992 12
  2.16  3.17  3.41  2.71  1.44 -0.03 -1.46 -2.37 -2.82 -2.79 -1.91 -0.28 23031992 00
  1.41  2.55  3.00  2.59  1.45  0.14 -1.26 -2.27 -2.80 -2.89 -2.32 -0.97 23031992 12
  0.66  1.94  2.62  2.50  1.63  0.43 -0.86 -1.97 -2.62 -2.88 -2.63 -1.62 24031992 00
 -0.13  1.20  2.05  2.27  1.76  0.79 -0.30 -1.38 -2.08 -2.36 -2.22 -1.52 24031992 12
 -0.31  0.96  1.87  2.22  1.93  1.17  0.20 -0.86 -1.67 -2.08 -2.16 -1.77 25031992 00
 -0.86  0.33  1.35  1.94  1.97  1.54  0.81 -0.05 -0.84 -1.28 -1.44 -1.32 25031992 12
 -0.72  0.20  1.11  1.70  1.81  1.53  0.95  0.16 -0.68 -1.31 -1.66 -1.77 26031992 00
 -1.51 -0.88 -0.04  0.69  1.11  1.12  0.82  0.30 -0.29 -0.86 -1.20 -1.34 26031992 12
 -1.27 -0.89 -0.21  0.53  1.05  1.25  1.15  0.80  0.25 -0.38 -0.93 -1.30 27031992 00
 -1.50 -1.43 -1.00 -0.33  0.36  0.86  1.05  1.02  0.76  0.31 -0.21 -0.66 27031992 12
 -0.92 -1.00 -0.83 -0.36  0.29  0.88  1.24  1.33  1.18  0.79  0.21 -0.43 28031992 00
 -0.96 -1.29 -1.39 -1.14 -0.54  0.19  0.86  1.25  1.38  1.20  0.78  0.17 28031992 12
 -0.48 -0.95 -1.19 -1.16 -0.74 -0.00  0.81  1.44  1.70  1.64  1.23  0.58 29031992 00
 -0.23 -0.94 -1.38 -1.56 -1.32 -0.60  0.31  1.21  1.76  1.91  1.64  1.05 29031992 12
  0.25 -0.60 -1.21 -1.50 -1.45 -0.85  0.14  1.17  1.92  2.19  1.99  1.34 30031992 00
  0.47 -0.54 -1.33 -1.79 -1.92 -1.47 -0.47  0.74  1.75  2.30  2.30  1.77 30031992 12
  0.89 -0.18 -1.14 -1.71 -1.92 -1.63 -0.68  0.61  1.78  2.49  2.59  2.08 31031992 00
  1.15  0.01 -1.13 -1.89 -2.26 -2.16 -1.34  0.03  1.42  2.39  2.73  2.39 31031992 12
  1.49  0.34 -0.94 -1.86 -2.31 -2.31 -1.61 -0.26  1.23  2.34  2.86  2.63 01041992 00
  1.73  0.55 -0.82 -1.93 -2.57 -2.76 -2.27 -0.93  0.76  2.12  2.90  2.90 01041992 12
  2.15  1.00 -0.37 -1.66 -2.44 -2.74 -2.43 -1.27  0.44  1.97  2.92  3.14 02041992 00
  2.47  1.27 -0.13 -1.56 -2.50 -2.97 -2.86 -1.87 -0.12  1.62  2.80  3.27 02041992 12
  2.84  1.69  0.31 -1.22 -2.32 -2.89 -2.95 -2.16 -0.51  1.34  2.66  3.30 03041992 00
  3.05  1.93  0.53 -1.06 -2.32 -3.06 -3.31 -2.79 -1.26  0.72  2.29  3.17 03041992 12
  3.24  2.35  0.98 -0.58 -2.00 -2.86 -3.23 -2.91 -1.57  0.41  2.14  3.18 04041992 00
  3.43  2.70  1.36 -0.19 -1.75 -2.77 -3.30 -3.24 -2.19 -0.28  1.60  2.88 04041992 12
  3.42  3.01  1.78  0.34 -1.28 -2.46 -3.10 -3.19 -2.41 -0.67  1.32  2.74 05041992 00
  3.45  3.27  2.17  0.76 -0.87 -2.19 -2.96 -3.24 -2.74 -1.21  0.79  2.44 05041992 12
  3.35  3.47  2.64  1.33 -0.23 -1.68 -2.58 -3.01 -2.78 -1.53  0.40  2.15 06041992 00
  3.25  3.57  2.95  1.70  0.22 -1.33 -2.35 -2.90 -2.93 -2.03 -0.28  1.58 06041992 12
  2.86  3.45  3.15  2.07  0.73 -0.84 -2.03 -2.70 -2.92 -2.38 -0.88  0.98 07041992 00
  2.45  3.25  3.25  2.40  1.17 -0.30 -1.61 -2.40 -2.77 -2.53 -1.37  0.34 07041992 12
  1.90  2.89  3.14  2.56  1.42  0.07 -1.33 -2.26 -2.77 -2.81 -2.07 -0.58 08041992 00
  1.05  2.24  2.79  2.57  1.68  0.51 -0.81 -1.87 -2.45 -2.63 -2.20 -1.02 08041992 12
  0.52  1.79  2.52  2.56  1.91  0.87 -0.34 -1.50 -2.23 -2.62 -2.54 -1.77 09041992 00
 -0.43  0.96  1.95  2.36  2.12  1.35  0.35 -0.76 -1.64 -2.09 -2.20 -1.79 09041992 12
 -0.78  0.51  1.58  2.20  2.23  1.72  0.84 -0.21 -1.22 -1.87 -2.24 -2.23 10041992 00
 -1.65 -0.57  0.63  1.54  1.97  1.84  1.29  0.49 -0.44 -1.24 -1.69 -1.88 10041992 12
 -1.67 -0.94  0.15  1.18  1.87  2.05  1.75  1.07  0.19 -0.77 -1.49 -1.94 11041992 00
 -2.14 -1.83 -1.00  0.12  1.12  1.74  1.87  1.58  0.95  0.14 -0.73 -1.34 11041992 12
 -1.67 -1.72 -1.25 -0.31  0.78  1.67  2.09  2.04  1.54  0.74 -0.25 -1.17 12041992 00
 -1.81 -2.19 -2.19 -1.56 -0.43  0.80  1.73  2.14  2.04  1.49  0.68 -0.31 12041992 12
 -1.15 -1.64 -1.82 -1.51 -0.57  0.66  1.82  2.55  2.70  2.24  1.33  0.16 13041992 00
 -1.04 -1.92 -2.49 -2.67 -2.14 -0.92  0.56  1.77  2.45  2.47  1.88  0.89 13041992 12
 -0.29 -1.38 -2.05 -2.33 -2.03 -0.97  0.56  1.97  2.88  3.10  2.59  1.56 14041992 00
  0.23 -1.15 -2.12 -2.70 -2.81 -2.10 -0.60  1.11  2.42  3.09  2.97  2.11 14041992 12
  0.91 -0.53 -1.76 -2.50 -2.82 -2.47 -1.18  0.63  2.16  3.07  3.23  2.45 15041992 00
  1.16 -0.33 -1.75 -2.71 -3.24 -3.24 -2.31 -0.49  1.40  2.72  3.30  2.93 15041992 12
  1.73  0.32 -1.25 -2.47 -3.19 -3.38 -2.71 -1.02  1.03  2.53  3.35  3.31 16041992 00
  2.28  0.85 -0.82 -2.26 -3.14 -3.56 -3.27 -1.89  0.18  2.04  3.17  3.51 16041992 12
  2.83  1.44 -0.13 -1.78 -2.87 -3.44 -3.41 -2.34 -0.32  1.68  3.03  3.63 17041992 00
  3.27  2.02  0.51 -1.21 -2.50 -3.25 -3.50 -2.85 -1.10  1.11  2.75  3.61 17041992 12
  3.56  2.47  0.97 -0.75 -2.21 -3.10 -3.50 -3.15 -1.67  0.44  2.29  3.40 18041992 00
  3.70  2.94  1.54 -0.08 -1.71 -2.78 -3.37 -3.37 -2.30 -0.28  1.71  3.02 18041992 12
  3.57  3.13  1.83  0.28 -1.43 -2.67 -3.38 -3.57 -2.86 -1.09  1.00  2.53 19041992 00
  3.33  3.25  2.21  0.76 -0.87 -2.26 -3.09 -3.42 -3.00 -1.54  0.48  2.19 19041992 12
  3.17  3.36  2.59  1.22 -0.32 -1.83 -2.81 -3.30 -3.21 -2.14 -0.28  1.53 20041992 00
  2.74  3.23  2.80  1.63  0.27 -1.25 -2.34 -2.90 -2.94 -2.16 -0.53  1.28 20041992 12
  2.59  3.22  3.03  2.04  0.77 -0.72 -1.93 -2.63 -2.92 -2.56 -1.32  0.39 21041992 00
  1.82  2.68  2.79  2.09  0.95 -0.35 -1.61 -2.39 -2.73 -2.51 -1.52  0.02 21041992 12
  1.49  2.46  2.78  2.36  1.38  0.19 -1.11 -2.02 -2.50 -2.57 -1.99 -0.73 22041992 00
  0.76  1.89  2.45  2.32  1.61  0.62 -0.51 -1.47 -1.97 -2.10 -1.69 -0.67 22041992 12
  0.67  1.79  2.46  2.52  2.00  1.10  0.02 -1.03 -1.69 -2.03 -2.00 -1.36 23041992 00
 -0.23  0.97  1.81  2.10  1.87  1.23  0.42 -0.50 -1.19 -1.50 -1.49 -1.03 23041992 12
 -0.10  1.00  1.87  2.30  2.30  1.82  1.09  0.16 -0.67 -1.18 -1.41 -1.29 24041992 00
 -0.65  0.28  1.16  1.72  1.87  1.68  1.16  0.45 -0.32 -0.89 -1.18 -1.21 24041992 12
 -0.85 -0.11  0.71  1.43  1.81  1.83  1.46  0.86  0.10 -0.59 -1.04 -1.30 25041992 00
 -1.30 -0.87 -0.14  0.63  1.23  1.49  1.47  1.14  0.62  0.01 -0.51 -0.83 25041992 12
 -0.96 -0.75 -0.17  0.59  1.28  1.74  1.86  1.63  1.10  0.38 -0.37 -0.94 26041992 00
 -1.30 -1.39 -1.09 -0.41  0.40  1.13  1.55  1.68  1.50  1.04  0.40 -0.25 26041992 12
 -0.71 -0.96 -0.95 -0.53  0.21  0.98  1.53  1.74  1.61  1.18  0.54 -0.22 27041992 00
 -0.87 -1.30 -1.47 -1.24 -0.57  0.30  1.16  1.69  1.81  1.55  0.96  0.16 27041992 12
 -0.65 -1.24 -1.54 -1.54 -1.03 -0.13  0.83  1.58  1.87  1.72  1.14  0.32 28041992 00
 -0.61 -1.37 -1.81 -1.97 -1.63 -0.75  0.40  1.42  2.04  2.11  1.67  0.86 28041992 12
 -0.12 -1.06 -1.68 -1.98 -1.89 -1.21 -0.08  1.09  1.90  2.13  1.79  0.99 29041992 00
 -0.04 -1.14 -1.94 -2.34 -2.33 -1.73 -0.54  0.83  1.89  2.41  2.27  1.57 29041992 12
  0.57 -0.59 -1.58 -2.14 -2.31 -1.89 -0.79  0.65  1.87  2.56  2.57  1.92 30041992 00
  0.86 -0.38 -1.54 -2.26 -2.58 -2.34 -1.32  0.21  1.66  2.62  2.92  2.49 30041992 12
  1.48  0.23 -1.09 -2.00 -2.47 -2.48 -1.72 -0.25  1.36  2.50  2.96  2.65 01051992 00
  1.63  0.37 -1.02 -2.08 -2.67 -2.83 -2.31 -0.89  0.89  2.30  3.06  3.03 01051992 12
  2.18  0.94 -0.51 -1.80 -2.59 -2.95 -2.65 -1.41  0.39  1.94  2.88  3.07 02051992 00
  2.35  1.08 -0.39 -1.85 -2.81 -3.29 -3.19 -2.17 -0.35  1.44  2.67  3.18 02051992 12
  2.78  1.62  0.22 -1.34 -2.50 -3.13 -3.24 -2.53 -0.90  1.04  2.46  3.20 03051992 00
  3.06  2.00  0.61 -0.97 -2.29 -3.08 -3.38 -2.92 -1.45  0.54  2.19  3.14 03051992 12
  3.31  2.51  1.16 -0.38 -1.87 -2.83 -3.31 -3.18 -2.05 -0.12  1.72  2.92 04051992 00
  3.36  2.84  1.57  0.10 -1.49 -2.61 -3.22 -3.30 -2.47 -0.72  1.25  2.64 04051992 12
  3.34  3.15  2.05  0.64 -0.99 -2.30 -3.09 -3.43 -3.03 -1.60  0.38  2.03 05051992 00
  2.97  3.13  2.35  0.99 -0.50 -1.95 -2.87 -3.29 -3.08 -1.91 -0.03  1.73 05051992 12
  2.90  3.34  2.84  1.62  0.18 -1.36 -2.44 -3.06 -3.21 -2.55 -0.96  0.92 06051992 00
  2.33  3.05  2.96  1.99  0.69 -0.78 -2.03 -2.75 -3.03 -2.63 -1.33  0.46 06051992 12
  1.99  2.93  3.13  2.47  1.29 -0.11 -1.49 -2.41 -2.90 -2.89 -2.05 -0.48 07051992 00
  1.20  2.40  2.96  2.70  1.73  0.53 -0.82 -1.87 -2.46 -2.62 -2.11 -0.80 07051992 12
  0.83  2.15  2.90  2.95  2.27  1.16 -0.14 -1.35 -2.09 -2.50 -2.47 -1.68 08051992 00
 -0.25  1.25  2.34  2.77  2.51  1.67  0.60 -0.62 -1.53 -2.03 -2.18 -1.76 08051992 12
 -0.65  0.77  1.95  2.60  2.60  1.99  1.02 -0.15 -1.26 -1.98 -2.39 -2.38 09051992 00
 -1.66 -0.38  0.97  1.96  2.41  2.25  1.58  0.67 -0.40 -1.28 -1.76 -1.96 09051992 12
 -1.66 -0.73  0.53  1.66  2.34  2.45  2.01  1.19  0.14 -0.95 -1.73 -2.22 10051992 00
 -2.37 -1.90 -0.82  0.47  1.52  2.11  2.12  1.66  0.87 -0.09 -1.02 -1.60 10051992 12
 -1.87 -1.75 -1.04  0.11  1.28  2.12  2.41  2.16  1.43  0.45 -0.67 -1.56 11051992 00
 -2.14 -2.43 -2.16 -1.20  0.13  1.33  2.11  2.35  2.07  1.40  0.53 -0.44 11051992 12
 -1.15 -1.53 -1.54 -0.97  0.16  1.37  2.33  2.76  2.63  1.92  0.87 -0.37 12051992 00
 -1.39 -2.10 -2.50 -2.35 -1.43 -0.05  1.28  2.18  2.50  2.21  1.41  0.35 12051992 12
 -0.87 -1.76 -2.25 -2.34 -1.77 -0.52  0.94  2.10  2.70  2.61  1.86  0.75 13051992 00
 -0.56 -1.69 -2.41 -2.78 -2.59 -1.56 -0.01  1.45  2.43  2.76  2.35  1.36 13051992 12
  0.12 -1.20 -2.15 -2.64 -2.66 -1.95 -0.50  1.15  2.36  2.96  2.80  1.95 14051992 00
  0.75 -0.66 -1.86 -2.55 -2.81 -2.41 -1.15  0.57  2.06  2.96  3.12  2.46 14051992 12
  1.28 -0.13 -1.52 -2.43 -2.93 -2.87 -1.90 -0.23  1.48  2.63  3.12  2.74 15051992 00
  1.64  0.29 -1.19 -2.31 -2.94 -3.11 -2.53 -1.05  0.76  2.18  2.93  2.87 15051992 12
  1.93  0.60 -0.89 -2.22 -3.03 -3.38 -3.10 -1.85  0.00  1.67  2.67  2.96 16051992 00
  2.31  1.04 -0.40 -1.87 -2.86 -3.34 -3.24 -2.25 -0.46  1.33  2.57  3.11 16051992 12
  2.75  1.61  0.22 -1.34 -2.53 -3.21 -3.38 -2.76 -1.23  0.68  2.12  2.90 17051992 00
  2.87  1.95  0.61 -0.88 -2.21 -2.99 -3.28 -2.88 -1.53  0.34  1.96  2.92 17051992 12
  3.15  2.46  1.18 -0.30 -1.77 -2.74 -3.24 -3.18 -2.23 -0.48  1.27  2.48 18051992 00
  2.99  2.62  1.50  0.16 -1.33 -2.43 -3.00 -3.04 -2.29 -0.71  1.12  2.44 18051992 12
  3.15  3.02  2.05  0.75 -0.77 -2.04 -2.79 -3.12 -2.81 -1.58  0.19  1.74 19051992 00
  2.66  2.84  2.18  0.98 -0.37 -1.70 -2.55 -2.92 -2.69 -1.64  0.04  1.64 19051992 12
  2.68  3.06  2.60  1.50  0.19 -1.23 -2.24 -2.80 -2.92 -2.35 -0.96  0.67 20051992 00
  1.93  2.57  2.44  1.59  0.43 -0.85 -1.94 -2.53 -2.68 -2.21 -0.98  0.61 20051992 12
  1.91  2.68  2.75  2.08  0.99 -0.31 -1.54 -2.30 -2.68 -2.58 -1.77 -0.37 21051992 00
  1.06  2.03  2.37  2.01  1.11  0.03 -1.12 -1.96 -2.34 -2.29 -1.63 -0.40 21051992 12
  0.99  2.01  2.51  2.35  1.59  0.56 -0.63 -1.61 -2.18 -2.42 -2.16 -1.24 22051992 00
  0.07  1.24  1.96  2.08  1.62  0.78 -0.21 -1.20 -1.83 -2.08 -1.92 -1.20 22051992 12
 -0.05  1.14  1.94  2.21  1.91  1.17  0.23 -0.83 -1.63 -2.08 -2.20 -1.84 23051992 00
 -0.93  0.25  1.22  1.76  1.76  1.31  0.56 -0.30 -1.12 -1.59 -1.75 -1.55 23051992 12
 -0.87  0.16  1.13  1.76  1.91  1.60  0.93  0.09 -0.82 -1.48 -1.85 -1.92 24051992 00
 -1.51 -0.65  0.38  1.23  1.67  1.64  1.24  0.58 -0.21 -0.92 -1.32 -1.46 24051992 12
 -1.29 -0.67  0.22  1.09  1.65  1.77  1.47  0.88  0.10 -0.75 -1.37 -1.71 25051992 00
 -1.78 -1.40 -0.60  0.37  1.16  1.57  1.58  1.23  0.63 -0.12 -0.82 -1.26 25051992 12
 -1.44 -1.34 -0.80  0.03  0.89  1.46  1.59  1.34  0.77  0.01 -0.82 -1.44 26051992 00
 -1.81 -1.91 -1.58 -0.81  0.19  1.03  1.52  1.55  1.23  0.61 -0.16 -0.92 26051992 12
 -1.40 -1.61 -1.52 -0.99 -0.10  0.84  1.48  1.67  1.41  0.80  0.00 -0.91 27051992 00
 -1.63 -2.04 -2.13 -1.75 -0.90  0.22  1.17  1.76  1.83  1.47  0.75 -0.14 27051992 12
 -1.00 -1.54 -1.78 -1.68 -1.05 -0.01  1.06  1.78  1.97  1.66  0.96  0.04 28051992 00
 -1.00 -1.77 -2.18 -2.22 -1.71 -0.64  0.64  1.67  2.24  2.21  1.69  0.83 28051992 12
 -0.22 -1.22 -1.82 -2.08 -1.87 -1.00  0.28  1.47  2.21  2.33  1.86  0.95 29051992 00
 -0.13 -1.26 -2.04 -2.45 -2.41 -1.69 -0.36  1.08  2.13  2.62  2.41  1.61 29051992 12
  0.53 -0.72 -1.74 -2.31 -2.49 -2.06 -0.89  0.64  1.90  2.60  2.60  1.91 30051992 00
  0.80 -0.48 -1.68 -2.43 -2.78 -2.56 -1.53  0.07  1.61  2.60  2.94  2.50 30051992 12
  1.46  0.18 -1.21 -2.20 -2.73 -2.77 -2.06 -0.55  1.14  2.39  2.99  2.80 31051992 00
  1.84  0.56 -0.90 -2.09 -2.77 -3.00 -2.54 -1.15  0.67  2.19  3.08  3.19 31051992 12
  2.44  1.21 -0.27 -1.68 -2.58 -3.04 -2.92 -1.85 -0.04  1.70  2.86  3.30 01061992 00
  2.82  1.64  0.23 -1.31 -2.41 -3.00 -3.07 -2.29 -0.60  1.33  2.73  3.46 01061992 12
  3.32  2.29  0.93 -0.69 -2.02 -2.83 -3.20 -2.86 -1.45  0.52  2.22  3.23 02061992 00
  3.45  2.71  1.41 -0.14 -1.66 -2.64 -3.16 -3.07 -1.98 -0.06  1.82  3.09 02061992 12
  3.61  3.16  1.94  0.46 -1.21 -2.43 -3.16 -3.41 -2.81 -1.18  0.86  2.42 03061992 00
  3.27  3.29  2.35  0.98 -0.59 -1.99 -2.85 -3.23 -2.92 -1.57  0.42  2.18 03061992 12
  3.26  3.55  2.88  1.56  0.00 -1.60 -2.69 -3.34 -3.47 -2.68 -0.90  1.03 04061992 00
  2.44  3.15  2.97  1.92  0.54 -1.00 -2.27 -3.00 -3.22 -2.69 -1.21  0.72 04061992 12
  2.29  3.19  3.31  2.50  1.19 -0.35 -1.83 -2.79 -3.33 -3.31 -2.35 -0.56 05061992 00
  1.22  2.47  3.02  2.70  1.63  0.32 -1.13 -2.24 -2.86 -2.99 -2.38 -0.90 05061992 12
  0.91  2.30  3.06  3.04  2.17  0.91 -0.56 -1.88 -2.73 -3.19 -3.10 -2.12 06061992 00
 -0.44  1.19  2.31  2.76  2.38  1.38  0.17 -1.14 -2.12 -2.61 -2.64 -2.00 06061992 12
 -0.62  1.00  2.24  2.90  2.81  2.00  0.85 -0.52 -1.71 -2.47 -2.88 -2.77 07061992 00
 -1.85 -0.34  1.15  2.17  2.58  2.25  1.37  0.29 -0.90 -1.78 -2.23 -2.27 07061992 12
 -1.70 -0.47  0.98  2.11  2.72  2.66  1.97  0.94 -0.30 -1.42 -2.14 -2.56 08061992 00
 -2.51 -1.73 -0.38  1.00  1.99  2.40  2.17  1.44  0.48 -0.63 -1.51 -1.97 08061992 12
 -2.09 -1.66 -0.63  0.70  1.81  2.45  2.49  1.94  1.02 -0.11 -1.20 -1.93 09061992 00
 -2.38 -2.43 -1.80 -0.61  0.73  1.75  2.24  2.12  1.50  0.60 -0.45 -1.37 09061992 12
 -1.89 -2.10 -1.82 -0.93  0.35  1.50  2.22  2.37  1.94  1.09  0.03 -1.08 10061992 00
 -1.88 -2.35 -2.46 -1.93 -0.80  0.56  1.64  2.22  2.19  1.62  0.70 -0.38 10061992 12
 -1.38 -1.98 -2.25 -2.07 -1.26  0.02  1.26  2.09  2.34  1.98  1.14  0.10 11061992 00
 -1.05 -1.91 -2.39 -2.50 -2.00 -0.85  0.55  1.68  2.31  2.29  1.69  0.71 11061992 12
 -0.43 -1.49 -2.15 -2.46 -2.27 -1.40 -0.04  1.27  2.16  2.43  2.04  1.13 12061992 00
  0.02 -1.18 -2.06 -2.53 -2.58 -1.98 -0.72  0.77  1.92  2.52  2.42  1.69 12061992 12
  0.62 -0.62 -1.71 -2.37 -2.65 -2.38 -1.36  0.12  1.48  2.33  2.52  2.01 13061992 00
  1.00 -0.19 -1.42 -2.25 -2.65 -2.55 -1.73 -0.29  1.23  2.31  2.79  2.53 13061992 12
  1.62  0.43 -0.92 -1.98 -2.58 -2.76 -2.30 -1.05  0.55  1.85  2.58  2.59 14061992 00
  1.87  0.75 -0.53 -1.73 -2.45 -2.74 -2.44 -1.34  0.27  1.76  2.70  2.95 14061992 12
  2.42  1.34  0.03 -1.34 -2.27 -2.78 -2.81 -2.08 -0.62  0.99  2.17  2.70 15061992 00
  2.45  1.48  0.26 -1.10 -2.18 -2.76 -2.85 -2.27 -0.88  0.80  2.12  2.85 15061992 12
  2.82  2.01  0.79 -0.64 -1.92 -2.72 -3.11 -2.91 -1.85 -0.20  1.32  2.29 16061992 00
  2.59  2.06  0.93 -0.35 -1.67 -2.56 -2.97 -2.81 -1.87 -0.28  1.35  2.44 16061992 12
  2.93  2.59  1.54  0.24 -1.20 -2.29 -2.91 -3.10 -2.60 -1.25  0.44  1.79 17061992 00
  2.50  2.46  1.65  0.43 -0.89 -2.07 -2.76 -2.95 -2.51 -1.29  0.39  1.81 17061992 12
  2.68  2.85  2.20  1.04 -0.31 -1.64 -2.54 -3.00 -2.94 -2.11 -0.57  0.99 18061992 00
  2.05  2.50  2.14  1.11 -0.11 -1.42 -2.39 -2.86 -2.81 -2.06 -0.62  0.98 18061992 12
  2.17  2.79  2.64  1.77  0.58 -0.80 -1.95 -2.61 -2.87 -2.55 -1.46  0.10 19061992 00
  1.45  2.27  2.40  1.76  0.67 -0.55 -1.73 -2.46 -2.73 -2.46 -1.49 -0.01 19061992 12
  1.41  2.34  2.65  2.21  1.20 -0.00 -1.28 -2.17 -2.65 -2.71 -2.15 -0.89 20061992 00
  0.58  1.70  2.25  2.09  1.31  0.25 -0.90 -1.86 -2.36 -2.44 -1.96 -0.87 20061992 12
  0.56  1.73  2.40  2.39  1.75  0.71 -0.46 -1.54 -2.20 -2.55 -2.43 -1.67 21061992 00
 -0.38  0.94  1.83  2.12  1.76  0.95 -0.05 -1.09 -1.83 -2.14 -2.06 -1.46 21061992 12
 -0.36  0.90  1.85  2.27  2.06  1.32  0.33 -0.78 -1.68 -2.19 -2.38 -2.08 22061992 00
 -1.17  0.09  1.19  1.86  1.95  1.51  0.72 -0.20 -1.10 -1.66 -1.87 -1.71 22061992 12
 -1.03  0.06  1.16  1.89  2.09  1.76  1.01  0.09 -0.92 -1.65 -2.05 -2.15 23061992 00
 -1.76 -0.84  0.33  1.29  1.81  1.79  1.34  0.61 -0.24 -1.04 -1.51 -1.68 23061992 12
 -1.49 -0.80  0.21  1.19  1.80  1.91  1.55  0.86  0.00 -0.92 -1.57 -1.94 24061992 00
 -2.02 -1.59 -0.67  0.42  1.29  1.74  1.70  1.28  0.60 -0.23 -0.99 -1.44 24061992 12
 -1.60 -1.43 -0.79  0.15  1.08  1.67  1.78  1.45  0.80 -0.03 -0.93 -1.58 25061992 00
 -1.96 -2.03 -1.60 -0.71  0.37  1.26  1.73  1.73  1.36  0.68 -0.15 -0.97 25061992 12
 -1.47 -1.69 -1.57 -0.96 -0.00  0.98  1.65  1.83  1.56  0.90  0.02 -0.94 26061992 00
 -1.67 -2.09 -2.19 -1.80 -0.88  0.31  1.30  1.88  1.93  1.53  0.76 -0.19 26061992 12
 -1.12 -1.72 -1.99 -1.90 -1.25 -0.17  0.96  1.78  2.06  1.78  1.05  0.09 27061992 00
 -0.98 -1.81 -2.27 -2.39 -1.98 -0.94  0.40  1.53  2.20  2.26  1.75  0.83 27061992 12
 -0.27 -1.34 -2.03 -2.37 -2.26 -1.48 -0.18  1.16  2.09  2.42  2.08  1.21 28061992 00
  0.12 -1.10 -2.03 -2.54 -2.64 -2.10 -0.84  0.71  1.94  2.64  2.62  1.93 28061992 12
  0.83 -0.45 -1.65 -2.40 -2.76 -2.56 -1.55  0.03  1.55  2.53  2.84  2.37 29061992 00
  1.32  0.04 -1.33 -2.30 -2.81 -2.84 -2.09 -0.53  1.22  2.51  3.17  3.00 29061992 12
  2.07  0.79 -0.72 -1.99 -2.75 -3.10 -2.78 -1.48  0.36  1.97  2.96  3.18 30061992 00
  2.52  1.27 -0.19 -1.65 -2.60 -3.08 -2.98 -1.95 -0.11  1.73  3.00  3.55 30061992 12
  3.16  1.99  0.54 -1.13 -2.38 -3.13 -3.41 -2.87 -1.30  0.75  2.35  3.24 01071992 00
  3.31  2.42  1.04 -0.56 -2.03 -2.94 -3.38 -3.14 -1.82  0.24  2.11  3.28 01071992 12
  3.67  3.03  1.66  0.05 -1.65 -2.83 -3.52 -3.69 -2.92 -1.05  1.04  2.60 02071992 00
  3.38  3.26  2.18  0.70 -0.95 -2.35 -3.18 -3.47 -2.93 -1.30  0.87  2.62 02071992 12
  3.61  3.78  2.91  1.47 -0.24 -1.88 -2.96 -3.59 -3.62 -2.56 -0.53  1.53 03071992 00
  2.94  3.54  3.19  1.95  0.44 -1.23 -2.49 -3.20 -3.34 -2.58 -0.77  1.39 03071992 12
  2.94  3.77  3.71  2.66  1.21 -0.54 -2.02 -2.98 -3.52 -3.40 -2.18 -0.18 04071992 00
  1.75  2.95  3.37  2.82  1.51  0.03 -1.55 -2.62 -3.18 -3.18 -2.25 -0.43 04071992 12
  1.54  2.92  3.60  3.33  2.17  0.74 -0.93 -2.24 -3.07 -3.49 -3.21 -1.91 05071992 00
  0.01  1.71  2.73  3.00  2.34  1.07 -0.33 -1.75 -2.66 -3.07 -2.92 -1.91 05071992 12
 -0.17  1.56  2.73  3.23  2.85  1.74  0.40 -1.10 -2.23 -2.91 -3.20 -2.80 06071992 00
 -1.49  0.24  1.70  2.54  2.67  2.00  0.86 -0.41 -1.65 -2.42 -2.75 -2.54 06071992 12
 -1.57 -0.04  1.45  2.45  2.83  2.45  1.48  0.28 -1.04 -2.03 -2.60 -2.81 07071992 00
 -2.41 -1.24  0.27  1.51  2.25  2.31  1.72  0.76 -0.35 -1.43 -2.10 -2.38 07071992 12
 -2.21 -1.41 -0.10  1.20  2.10  2.43  2.13  1.33  0.31 -0.83 -1.72 -2.25 08071992 00
 -2.47 -2.15 -1.17  0.15  1.28  1.97  2.06  1.63  0.83 -0.13 -1.11 -1.75 08071992 12
 -2.06 -2.00 -1.39 -0.32  0.84  1.72  2.10  1.94  1.35  0.49 -0.53 -1.40 09071992 00
 -1.92 -2.16 -1.93 -1.12  0.04  1.12  1.84  2.03  1.75  1.09  0.23 -0.72 09071992 12
 -1.41 -1.79 -1.88 -1.45 -0.54  0.59  1.52  2.01  1.98  1.50  0.71 -0.25 10071992 00
 -1.15 -1.72 -2.01 -1.90 -1.21 -0.11  1.00  1.80  2.12  1.92  1.30  0.43 10071992 12
 -0.57 -1.37 -1.82 -1.98 -1.64 -0.73  0.44  1.46  2.05  2.10  1.67  0.91 11071992 00
 -0.05 -1.00 -1.61 -1.91 -1.83 -1.13  0.02  1.21  2.09  2.43  2.22  1.54 11071992 12
  0.60 -0.50 -1.36 -1.87 -2.06 -1.73 -0.78  0.48  1.58  2.20  2.23  1.71 12071992 00
  0.83 -0.22 -1.25 -1.88 -2.15 -1.96 -1.11  0.18  1.46  2.32  2.59  2.26 12071992 12
  1.41  0.33 -0.86 -1.71 -2.19 -2.31 -1.79 -0.60  0.83  1.93  2.47  2.35 13071992 00
  1.63  0.62 -0.55 -1.57 -2.14 -2.32 -1.91 -0.78  0.69  1.95  2.70  2.79 13071992 12
  2.21  1.19 -0.06 -1.28 -2.08 -2.53 -2.50 -1.69 -0.27  1.17  2.15  2.50 14071992 00
  2.14  1.21  0.06 -1.20 -2.13 -2.57 -2.54 -1.80 -0.38  1.19  2.33  2.88 14071992 12
  2.69  1.82  0.63 -0.76 -1.90 -2.58 -2.86 -2.49 -1.28  0.35  1.72  2.53 15071992 00
  2.61  1.93  0.81 -0.47 -1.71 -2.46 -2.75 -2.41 -1.25  0.41  1.92  2.86 15071992 12
  3.10  2.55  1.43  0.08 -1.33 -2.27 -2.79 -2.82 -2.05 -0.52  1.13  2.31 16071992 00
  2.82  2.54  1.55  0.31 -1.07 -2.13 -2.67 -2.71 -2.00 -0.52  1.21  2.50 16071992 12
  3.19  3.08  2.18  0.94 -0.54 -1.78 -2.52 -2.86 -2.56 -1.35  0.36  1.87 17071992 00
  2.77  2.93  2.26  1.09 -0.25 -1.57 -2.38 -2.72 -2.45 -1.35  0.34  1.93 17071992 12
  2.95  3.27  2.77  1.65  0.29 -1.15 -2.14 -2.70 -2.79 -2.08 -0.58  1.11 18071992 00
  2.35  2.92  2.70  1.76  0.54 -0.83 -1.93 -2.50 -2.60 -1.98 -0.58  1.12 18071992 12
  2.43  3.13  3.07  2.24  1.04 -0.40 -1.65 -2.40 -2.75 -2.50 -1.39  0.23 19071992 00
  1.71  2.63  2.83  2.27  1.17 -0.10 -1.38 -2.19 -2.53 -2.34 -1.40  0.10 19071992 12
  1.60  2.62  2.96  2.55  1.53  0.28 -1.08 -2.05 -2.58 -2.68 -2.09 -0.77 20071992 00
  0.81  2.00  2.59  2.45  1.66  0.57 -0.65 -1.69 -2.23 -2.36 -1.90 -0.76 20071992 12
  0.73  1.97  2.67  2.67  2.01  0.95 -0.29 -1.45 -2.15 -2.49 -2.32 -1.45 21071992 00
 -0.07  1.27  2.17  2.46  2.09  1.22  0.15 -0.98 -1.75 -2.08 -2.03 -1.39 21071992 12
 -0.21  1.11  2.07  2.46  2.21  1.40  0.37 -0.78 -1.68 -2.20 -2.38 -2.05 22071992 00
 -1.09  0.21  1.33  1.99  2.05  1.57  0.73 -0.24 -1.19 -1.76 -1.97 -1.78 22071992 12
 -1.04  0.10  1.21  1.96  2.15  1.80  1.04  0.10 -0.91 -1.62 -2.01 -2.08 23071992 00
 -1.61 -0.62  0.56  1.48  1.95  1.91  1.44  0.69 -0.20 -1.00 -1.46 -1.64 23071992 12
 -1.47 -0.79  0.21  1.19  1.82  1.94  1.59  0.91  0.06 -0.85 -1.51 -1.89 24071992 00
 -2.00 -1.62 -0.76  0.31  1.19  1.66  1.66  1.29  0.65 -0.16 -0.94 -1.44 24071992 12
 -1.66 -1.57 -1.00 -0.08  0.90  1.60  1.84  1.66  1.10  0.32 -0.56 -1.27 25071992 00
 -1.70 -1.87 -1.59 -0.80  0.24  1.20  1.80  1.95  1.70  1.11  0.30 -0.58 25071992 12
 -1.23 -1.62 -1.74 -1.32 -0.43  0.64  1.52  1.94  1.92  1.44  0.65 -0.32 26071992 00
 -1.21 -1.77 -2.03 -1.88 -1.17 -0.04  1.13  1.97  2.27  2.07  1.39  0.46 26071992 12
 -0.63 -1.49 -2.02 -2.24 -1.90 -0.94  0.35  1.51  2.21  2.28  1.79  0.89 27071992 00
 -0.20 -1.29 -2.01 -2.38 -2.32 -1.56 -0.23  1.19  2.23  2.66  2.42  1.57 27071992 12
  0.42 -0.89 -1.95 -2.60 -2.89 -2.57 -1.42  0.20  1.61  2.46  2.61  1.99 28071992 00
  0.89 -0.40 -1.69 -2.54 -2.96 -2.82 -1.86 -0.20  1.48  2.62  3.11  2.74 28071992 12
  1.66  0.31 -1.21 -2.37 -3.07 -3.31 -2.80 -1.30  0.61  2.14  2.99  3.07 29071992 00
  2.24  0.93 -0.57 -1.98 -2.86 -3.27 -3.00 -1.70  0.29  2.09  3.24  3.61 29071992 12
  2.99  1.67  0.10 -1.56 -2.74 -3.44 -3.62 -2.85 -0.98  1.11  2.65  3.42 30071992 00
  3.28  2.17  0.68 -1.01 -2.42 -3.27 -3.60 -3.08 -1.43  0.82  2.62  3.64 30071992 12
  3.83  2.94  1.44 -0.32 -2.01 -3.12 -3.78 -3.80 -2.69 -0.57  1.61  3.06 31071992 00
  3.65  3.28  1.94  0.33 -1.43 -2.74 -3.48 -3.63 -2.79 -0.77  1.55  3.21 31071992 12
  4.07  3.99  2.81  1.25 -0.63 -2.19 -3.20 -3.75 -3.52 -2.01  0.26  2.32 01081992 00
  3.53  3.90  3.19  1.70  0.01 -1.73 -2.88 -3.49 -3.49 -2.34 -0.14  2.04 01081992 12
  3.50  4.14  3.74  2.40  0.78 -1.09 -2.47 -3.33 -3.72 -3.23 -1.53  0.74 02081992 00
  2.53  3.51  3.64  2.69  1.20 -0.47 -2.03 -2.99 -3.42 -3.11 -1.64  0.52 02081992 12
  2.46  3.65  4.06  3.45  2.13  0.51 -1.21 -2.37 -3.06 -3.25 -2.47 -0.69 03081992 00
  1.35  2.85  3.59  3.42  2.34  0.97 -0.65 -1.96 -2.72 -3.02 -2.55 -1.07 03081992 12
  0.86  2.45  3.38  3.47  2.67  1.40 -0.13 -1.56 -2.48 -3.01 -3.04 -2.15 04081992 00
 -0.47  1.28  2.48  2.98  2.65  1.63  0.38 -1.01 -2.05 -2.58 -2.65 -1.96 04081992 12
 -0.51  1.17  2.46  3.16  3.13  2.37  1.23 -0.14 -1.31 -2.02 -2.42 -2.36 05081992 00
 -1.51 -0.11  1.29  2.22  2.52  2.18  1.32  0.27 -0.89 -1.71 -2.12 -2.18 05081992 12
 -1.68 -0.58  0.75  1.82  2.36  2.28  1.64  0.70 -0.38 -1.33 -1.93 -2.25 06081992 00
 -2.16 -1.45 -0.31  0.82  1.62  1.90  1.66  1.02  0.19 -0.75 -1.47 -1.85 06081992 12
 -1.97 -1.64 -0.84  0.23  1.14  1.68  1.71  1.36  0.72 -0.11 -0.95 -1.51 07081992 00
 -1.81 -1.80 -1.32 -0.45  0.53  1.29  1.64  1.56  1.13  0.46 -0.35 -1.08 07081992 12
 -1.54 -1.78 -1.70 -1.16 -0.30  0.59  1.24  1.48  1.33  0.85  0.15 -0.63 08081992 00
 -1.27 -1.63 -1.74 -1.46 -0.76  0.21  1.07  1.60  1.70  1.46  0.88  0.11 08081992 12
 -0.71 -1.31 -1.66 -1.73 -1.34 -0.53  0.44  1.25  1.65  1.62  1.23  0.56 09081992 00
 -0.24 -1.00 -1.47 -1.65 -1.47 -0.79  0.21  1.19  1.85  2.05  1.79  1.14 09081992 12
  0.28 -0.69 -1.42 -1.85 -2.00 -1.61 -0.69  0.45  1.40  1.88  1.85  1.35 10081992 00
  0.53 -0.41 -1.28 -1.77 -1.94 -1.64 -0.79  0.42  1.54  2.25  2.41  1.99 10081992 12
  1.14  0.09 -1.01 -1.77 -2.17 -2.16 -1.52 -0.35  0.93  1.89  2.30  2.10 11081992 00
  1.36  0.36 -0.76 -1.64 -2.09 -2.12 -1.54 -0.35  1.05  2.17  2.76  2.70 11081992 12
  1.99  0.94 -0.30 -1.36 -1.98 -2.24 -1.95 -0.90  0.55  1.84  2.62  2.73 12081992 00
  2.16  1.15 -0.06 -1.26 -2.01 -2.36 -2.19 -1.24  0.27  1.75  2.77  3.12 12081992 12
  2.72  1.71  0.43 -0.97 -1.96 -2.53 -2.66 -2.03 -0.63  0.97  2.18  2.75 13081992 00
  2.59  1.71  0.51 -0.84 -1.95 -2.53 -2.64 -2.06 -0.69  1.00  2.35  3.09 13081992 12
  3.03  2.17  0.90 -0.58 -1.88 -2.68 -3.06 -2.80 -1.62  0.13  1.69  2.68 14081992 00
  2.93  2.32  1.12 -0.26 -1.65 -2.55 -2.95 -2.75 -1.68  0.05  1.73  2.81 14081992 12
  3.22  2.75  1.60  0.21 -1.30 -2.36 -2.94 -2.99 -2.22 -0.58  1.25  2.56 15081992 00
  3.19  2.99  1.98  0.66 -0.85 -2.05 -2.71 -2.87 -2.26 -0.77  1.06  2.49 15081992 12
  3.24  3.17  2.23  0.93 -0.60 -1.92 -2.73 -3.10 -2.80 -1.55  0.29  1.89 16081992 00
  2.88  3.10  2.43  1.18 -0.24 -1.65 -2.55 -2.94 -2.73 -1.63  0.14  1.83 16081992 12
  2.92  3.30  2.78  1.60  0.20 -1.30 -2.33 -2.88 -2.91 -2.12 -0.52  1.23 17081992 00
  2.50  3.09  2.85  1.83  0.53 -0.94 -2.09 -2.71 -2.84 -2.26 -0.81  0.95 17081992 12
  2.31  3.04  2.96  2.05  0.79 -0.66 -1.92 -2.65 -2.97 -2.68 -1.52  0.18 18081992 00
  1.69  2.63  2.84  2.23  1.10 -0.20 -1.49 -2.31 -2.66 -2.46 -1.49  0.09 18081992 12
  1.63  2.62  2.94  2.48  1.43  0.17 -1.18 -2.12 -2.62 -2.68 -2.04 -0.68 19081992 00
  0.89  2.06  2.63  2.45  1.62  0.50 -0.76 -1.79 -2.33 -2.45 -1.99 -0.83 19081992 12
  0.67  1.89  2.56  2.55  1.88  0.84 -0.36 -1.47 -2.14 -2.45 -2.28 -1.41 20081992 00
 -0.05  1.27  2.16  2.43  2.06  1.20  0.17 -0.94 -1.69 -2.02 -1.99 -1.39 20081992 12
 -0.26  1.01  1.96  2.37  2.17  1.44  0.49 -0.60 -1.48 -1.98 -2.18 -1.90 21081992 00
 -1.02  0.21  1.29  1.95  2.05  1.63  0.86 -0.04 -0.96 -1.54 -1.81 -1.75 21081992 12
 -1.18 -0.18  0.91  1.71  2.03  1.86  1.30  0.54 -0.39 -1.16 -1.61 -1.79 22081992 00
 -1.53 -0.73  0.34  1.31  1.89  2.01  1.70  1.09  0.31 -0.50 -1.05 -1.36 22081992 12
 -1.45 -1.11 -0.31  0.62  1.43  1.82  1.83  1.44  0.79 -0.06 -0.87 -1.42 23081992 00
 -1.73 -1.71 -1.17 -0.28  0.71  1.46  1.79  1.74  1.32  0.65 -0.18 -0.94 23081992 12
 -1.43 -1.70 -1.63 -1.01 -0.04  0.96  1.67  1.92  1.75  1.18  0.40 -0.51 24081992 00
 -1.26 -1.72 -1.91 -1.60 -0.73  0.41  1.44  2.08  2.21  1.87  1.15  0.19 24081992 12
 -0.84 -1.59 -2.02 -2.05 -1.43 -0.27  1.02  2.03  2.51  2.47  1.87  0.94 25081992 00
 -0.23 -1.23 -1.89 -2.22 -2.03 -1.09  0.32  1.68  2.60  2.85  2.45  1.51 25081992 12
  0.31 -1.01 -1.96 -2.53 -2.69 -2.12 -0.78  0.87  2.20  2.89  2.85  2.08 26081992 00
  0.93 -0.42 -1.63 -2.37 -2.69 -2.37 -1.15  0.62  2.21  3.19  3.43  2.82 26081992 12
  1.62  0.13 -1.39 -2.44 -3.06 -3.13 -2.23 -0.45  1.52  2.93  3.62  3.40 27081992 00
  2.33  0.96 -0.68 -1.98 -2.74 -3.02 -2.45 -0.77  1.34  3.04  4.01  4.09 27081992 12
  3.17  1.77 -0.02 -1.60 -2.65 -3.30 -3.31 -2.15 -0.06  2.00  3.37  3.90 28081992 00
  3.39  2.05  0.45 -1.35 -2.62 -3.35 -3.52 -2.65 -0.62  1.66  3.29  4.13 28081992 12
  3.99  2.75  1.15 -0.77 -2.31 -3.30 -3.82 -3.53 -1.95  0.40  2.45  3.65 29081992 00
  3.99  3.19  1.64 -0.10 -1.85 -2.98 -3.59 -3.51 -2.18  0.15  2.39  3.83 29081992 12
  4.42  3.93  2.49  0.74 -1.19 -2.51 -3.29 -3.57 -2.84 -0.88  1.49  3.25 30081992 00
  4.18  4.15  2.99  1.43 -0.44 -1.99 -2.92 -3.33 -2.95 -1.31  1.05  3.05 30081992 12
  4.21  4.45  3.54  2.05  0.18 -1.57 -2.74 -3.45 -3.56 -2.50 -0.36  1.83 31081992 00
  3.34  4.00  3.65  2.32  0.73 -1.06 -2.35 -3.10 -3.34 -2.63 -0.77  1.46 31081992 12
  3.11  3.98  3.94  2.86  1.41 -0.37 -1.86 -2.78 -3.26 -3.07 -1.75  0.30 01091992 00
  2.15  3.31  3.63  2.94  1.61  0.06 -1.53 -2.57 -3.13 -3.13 -2.16 -0.33 01091992 12
  1.57  2.91  3.57  3.33  2.29  0.98 -0.59 -1.80 -2.48 -2.75 -2.29 -0.93 02091992 00
  0.84  2.29  3.09  3.12  2.35  1.16 -0.23 -1.51 -2.27 -2.63 -2.44 -1.44 02091992 12
  0.11  1.59  2.57  2.86  2.43  1.43  0.24 -1.02 -1.89 -2.35 -2.43 -1.86 03091992 00
 -0.63  0.85  1.98  2.55  2.43  1.71  0.72 -0.42 -1.40 -1.97 -2.22 -2.03 03091992 12
 -1.20  0.04  1.22  1.99  2.17  1.77  1.00  0.11 -0.81 -1.47 -1.83 -1.91 04091992 00
 -1.46 -0.51  0.61  1.49  1.89  1.79  1.26  0.52 -0.35 -1.11 -1.58 -1.83 04091992 12
 -1.76 -1.18 -0.25  0.66  1.29  1.48  1.30  0.84  0.19 -0.58 -1.18 -1.50 05091992 00
 -1.58 -1.30 -0.64  0.19  0.94  1.38  1.47  1.26  0.79  0.13 -0.59 -1.13 05091992 12
 -1.44 -1.54 -1.22 -0.56  0.22  0.90  1.26  1.35  1.15  0.73  0.16 -0.42 06091992 00
 -0.83 -1.04 -0.97 -0.50  0.27  1.06  1.66  1.95  1.92  1.61  1.03  0.26 06091992 12
 -0.45 -0.97 -1.25 -1.17 -0.69  0.01  0.72  1.24  1.47  1.38  0.99  0.39 07091992 00
 -0.31 -0.86 -1.17 -1.23 -0.93 -0.20  0.70  1.48  1.93  1.96  1.57  0.87 07091992 12
 -0.01 -0.85 -1.46 -1.82 -1.81 -1.22 -0.24  0.81  1.61  1.92  1.75  1.16 08091992 00
  0.35 -0.57 -1.30 -1.70 -1.78 -1.36 -0.43  0.72  1.70  2.22  2.21  1.67 08091992 12
  0.80 -0.27 -1.23 -1.82 -2.08 -1.88 -1.04  0.21  1.38  2.12  2.26  1.85 09091992 00
  1.00 -0.04 -1.13 -1.85 -2.15 -2.00 -1.22  0.04  1.35  2.28  2.61  2.28 09091992 12
  1.38  0.24 -1.01 -1.93 -2.42 -2.49 -1.88 -0.60  0.90  2.05  2.64  2.53 10091992 00
  1.79  0.72 -0.53 -1.61 -2.19 -2.36 -1.87 -0.64  0.93  2.23  2.94  2.92 10091992 12
  2.19  1.06 -0.31 -1.56 -2.32 -2.64 -2.34 -1.25  0.37  1.89  2.87  3.12 11091992 00
  2.58  1.45  0.12 -1.24 -2.14 -2.57 -2.47 -1.50  0.18  1.84  2.93  3.30 11091992 12
  2.85  1.72  0.33 -1.19 -2.25 -2.86 -2.98 -2.28 -0.73  1.03  2.34  2.98 12091992 00
  2.81  1.84  0.53 -0.95 -2.17 -2.84 -3.02 -2.44 -0.93  0.94  2.43  3.25 12091992 12
  3.26  2.37  1.05 -0.51 -1.88 -2.73 -3.12 -2.85 -1.59  0.30  1.95  2.97 13091992 00
  3.21  2.53  1.26 -0.20 -1.67 -2.62 -3.05 -2.86 -1.74  0.11  1.87  3.02 13091992 12
  3.44  2.94  1.71  0.27 -1.30 -2.38 -2.96 -3.00 -2.18 -0.48  1.39  2.73 14091992 00
  3.35  3.08  1.96  0.57 -1.00 -2.22 -2.90 -3.08 -2.46 -0.88  1.03  2.51 14091992 12
  3.28  3.22  2.27  0.94 -0.60 -1.91 -2.67 -2.98 -2.55 -1.16  0.77  2.41 15091992 00
  3.38  3.52  2.78  1.51 -0.03 -1.47 -2.35 -2.81 -2.72 -1.71 -0.01  1.68 15091992 12
  2.76  3.11  2.57  1.35 -0.06 -1.55 -2.59 -3.13 -3.13 -2.32 -0.70  1.07 16091992 00
  2.33  2.96  2.73  1.69  0.41 -1.03 -2.17 -2.78 -2.89 -2.33 -0.94  0.79 16091992 12
  2.17  2.92  2.87  2.01  0.78 -0.62 -1.85 -2.56 -2.88 -2.60 -1.48  0.18 17091992 00
  1.67  2.60  2.80  2.22  1.14 -0.11 -1.39 -2.21 -2.59 -2.47 -1.62 -0.16 17091992 12
  1.33  2.35  2.74  2.39  1.45  0.28 -1.00 -1.93 -2.41 -2.51 -2.00 -0.80 18091992 00
  0.67  1.83  2.44  2.36  1.67  0.64 -0.53 -1.55 -2.13 -2.36 -2.09 -1.17 18091992 12
  0.17  1.40  2.18  2.34  1.90  1.03  0.02 -1.04 -1.75 -2.10 -2.10 -1.52 19091992 00
 -0.41  0.84  1.76  2.17  1.99  1.32  0.43 -0.58 -1.41 -1.88 -2.08 -1.84 19091992 12
 -1.06  0.08  1.13  1.79  1.92  1.57  0.88  0.04 -0.84 -1.44 -1.76 -1.81 20091992 00
 -1.39 -0.52  0.53  1.37  1.77  1.70  1.25  0.55 -0.30 -1.08 -1.58 -1.86 20091992 12
 -1.81 -1.25 -0.32  0.64  1.36  1.65  1.54  1.10  0.44 -0.38 -1.09 -1.54 21091992 00
 -1.75 -1.57 -0.91  0.03  0.93  1.54  1.72  1.52  1.00  0.25 -0.61 -1.32 21091992 12
 -1.79 -2.02 -1.76 -0.99  0.09  1.09  1.73  1.90  1.66  1.04  0.20 -0.71 22091992 00
 -1.39 -1.79 -1.88 -1.44 -0.49  0.65  1.61  2.12  2.12  1.62  0.77 -0.28 22091992 12
 -1.29 -1.98 -2.39 -2.35 -1.64 -0.40  0.94  1.94  2.40  2.22  1.51  0.51 23091992 00
 -0.65 -1.61 -2.15 -2.33 -1.93 -0.83  0.66  1.94  2.70  2.78  2.16  1.09 23091992 12
 -0.22 -1.49 -2.35 -2.86 -2.85 -2.01 -0.45  1.21  2.39  2.94  2.70  1.77 24091992 00
  0.54 -0.87 -1.99 -2.62 -2.79 -2.22 -0.77  1.05  2.50  3.31  3.30  2.43 24091992 12
  1.11 -0.48 -1.91 -2.84 -3.36 -3.25 -2.09 -0.17  1.68  2.90  3.36  2.87 25091992 00
  1.63  0.16 -1.45 -2.62 -3.25 -3.33 -2.44 -0.56  1.52  2.98  3.72  3.50 25091992 12
  2.31  0.80 -0.99 -2.42 -3.32 -3.76 -3.40 -1.84  0.40  2.29  3.38  3.66 26091992 00
  2.85  1.33 -0.34 -2.01 -3.09 -3.65 -3.52 -2.22  0.00  2.15  3.51  4.04 26091992 12
  3.50  2.07  0.38 -1.47 -2.79 -3.59 -3.86 -3.12 -1.11  1.22  2.95  3.81 27091992 00
  3.74  2.56  0.94 -0.88 -2.43 -3.37 -3.78 -3.33 -1.62  0.78  2.74  3.85 27091992 12
  4.10  3.19  1.63 -0.18 -1.94 -3.10 -3.75 -3.76 -2.57 -0.35  1.88  3.32 28091992 00
  3.90  3.45  2.01  0.34 -1.50 -2.82 -3.58 -3.77 -2.96 -0.95  1.36  3.04 28091992 12
  3.88  3.78  2.60  1.02 -0.80 -2.33 -3.26 -3.67 -3.22 -1.57  0.71  2.61 29091992 00
  3.68  3.92  3.06  1.57 -0.16 -1.84 -2.91 -3.48 -3.42 -2.23 -0.16  1.85 29091992 12
  3.20  3.74  3.28  1.97  0.45 -1.23 -2.45 -3.13 -3.30 -2.60 -0.90  1.13 30091992 00
  2.61  3.39  3.29  2.23  0.83 -0.77 -2.13 -2.93 -3.27 -2.92 -1.57  0.32 30091992 12
  1.96  2.93  3.17  2.51  1.28 -0.14 -1.57 -2.48 -2.91 -2.80 -1.84 -0.19 01101992 00
  1.47  2.58  3.05  2.69  1.66  0.40 -1.01 -2.03 -2.58 -2.73 -2.23 -0.96 01101992 12
  0.62  1.86  2.55  2.52  1.82  0.75 -0.46 -1.55 -2.18 -2.42 -2.14 -1.17 02101992 00
  0.24  1.52  2.35  2.56  2.14  1.26  0.21 -0.90 -1.63 -2.00 -2.06 -1.56 02101992 12
 -0.51  0.71  1.66  2.09  1.92  1.28  0.43 -0.53 -1.32 -1.75 -1.90 -1.64 03101992 00
 -0.85  0.23  1.19  1.79  1.89  1.55  0.87  0.03 -0.86 -1.48 -1.83 -1.94 03101992 12
 -1.62 -0.87  0.08  0.84  1.25  1.20  0.86  0.31 -0.34 -0.98 -1.34 -1.48 04101992 00
 -1.34 -0.83 -0.04  0.74  1.26  1.42  1.24  0.79  0.18 -0.52 -1.11 -1.51 04101992 12
 -1.72 -1.58 -1.05 -0.29  0.44  0.93  1.09  0.99  0.65  0.11 -0.51 -1.00 05101992 00
 -1.27 -1.34 -1.10 -0.56  0.14  0.79  1.15  1.22  0.99  0.50 -0.15 -0.81 05101992 12
 -1.31 -1.60 -1.66 -1.34 -0.69  0.12  0.80  1.17  1.21  0.94  0.39 -0.29 06101992 00
 -0.94 -1.34 -1.50 -1.38 -0.87 -0.09  0.72  1.32  1.52  1.34  0.81  0.05 06101992 12
 -0.79 -1.44 -1.82 -1.92 -1.60 -0.83  0.18  1.05  1.56  1.57  1.18  0.48 07101992 00
 -0.37 -1.19 -1.69 -1.89 -1.70 -1.01  0.03  1.05  1.74  1.89  1.54  0.80 07101992 12
 -0.15 -1.15 -1.87 -2.26 -2.25 -1.68 -0.59  0.65  1.59  2.01  1.84  1.18 08101992 00
  0.24 -0.82 -1.70 -2.16 -2.24 -1.79 -0.79  0.52  1.62  2.23  2.21  1.58 08101992 12
  0.57 -0.58 -1.64 -2.30 -2.59 -2.36 -1.44 -0.04  1.27  2.10  2.30  1.80 09101992 00
  0.80 -0.36 -1.54 -2.34 -2.69 -2.54 -1.70 -0.27  1.19  2.18  2.56  2.19 09101992 12
  1.20 -0.03 -1.34 -2.33 -2.84 -2.87 -2.20 -0.78  0.84  2.04  2.64  2.47 10101992 00
  1.57  0.36 -0.99 -2.13 -2.76 -2.92 -2.42 -1.09  0.61  1.97  2.72  2.70 10101992 12
  1.87  0.63 -0.78 -2.07 -2.85 -3.16 -2.84 -1.63  0.16  1.74  2.70  2.96 11101992 00
  2.32  1.11 -0.29 -1.70 -2.64 -3.09 -2.95 -1.94 -0.18  1.52  2.64  3.06 11101992 12
  2.57  1.37 -0.04 -1.56 -2.65 -3.23 -3.27 -2.45 -0.76  1.09  2.42  3.08 12101992 00
  2.87  1.82  0.46 -1.09 -2.33 -3.03 -3.22 -2.65 -1.13  0.78  2.27  3.06 12101992 12
  3.04  2.10  0.72 -0.83 -2.20 -3.03 -3.37 -3.04 -1.71  0.20  1.90  2.91 13101992 00
  3.18  2.49  1.20 -0.27 -1.77 -2.75 -3.22 -3.09 -2.01 -0.14  1.65  2.82 13101992 12
  3.26  2.76  1.54  0.12 -1.44 -2.54 -3.13 -3.18 -2.36 -0.65  1.26  2.64 14101992 00
  3.35  3.17  2.14  0.80 -0.77 -2.01 -2.69 -2.92 -2.44 -0.99  0.90  2.42 14101992 12
  3.23  3.21  2.31  1.01 -0.50 -1.87 -2.72 -3.13 -2.88 -1.66  0.18  1.82 15101992 00
  2.87  3.19  2.60  1.39 -0.01 -1.47 -2.43 -2.89 -2.82 -1.93 -0.28  1.45 15101992 12
  2.63  3.16  2.82  1.76  0.49 -0.96 -2.04 -2.61 -2.75 -2.18 -0.77  0.93 16101992 00
  2.27  2.98  2.91  2.06  0.86 -0.54 -1.76 -2.48 -2.79 -2.52 -1.42  0.20 16101992 12
  1.65  2.59  2.82  2.28  1.24  0.03 -1.23 -2.06 -2.44 -2.37 -1.59 -0.19 17101992 00
  1.28  2.35  2.81  2.52  1.65  0.53 -0.72 -1.68 -2.21 -2.41 -2.02 -0.92 17101992 12
  0.53  1.74  2.44  2.50  1.94  1.02 -0.07 -1.12 -1.75 -2.04 -1.93 -1.16 18101992 00
  0.08  1.32  2.19  2.48  2.19  1.42  0.44 -0.67 -1.50 -1.98 -2.18 -1.85 18101992 12
 -0.92  0.32  1.38  2.01  2.08  1.68  0.94  0.04 -0.87 -1.45 -1.73 -1.69 19101992 00
 -1.11 -0.11  0.98  1.79  2.11  1.96  1.37  0.56 -0.42 -1.25 -1.80 -2.12 19101992 12
 -2.01 -1.31 -0.24  0.80  1.53  1.78  1.60  1.07  0.33 -0.55 -1.25 -1.65 20101992 00
 -1.79 -1.48 -0.70  0.33  1.27  1.85  1.93  1.56  0.83 -0.09 -1.05 -1.74 20101992 12
 -2.18 -2.29 -1.86 -0.90  0.31  1.32  1.90  1.94  1.56  0.84 -0.04 -0.93 21101992 00
 -1.52 -1.81 -1.75 -1.09  0.03  1.22  2.09  2.40  2.17  1.44  0.45 -0.70 21101992 12
 -1.63 -2.25 -2.57 -2.33 -1.38  0.00  1.28  2.13  2.38  2.01  1.18  0.13 22101992 00
 -1.01 -1.82 -2.21 -2.18 -1.46 -0.11  1.37  2.48  2.99  2.79  1.93  0.75 22101992 12
 -0.63 -1.75 -2.47 -2.83 -2.56 -1.40  0.27  1.80  2.78  3.07  2.58  1.54 23101992 00
  0.25 -1.12 -2.04 -2.49 -2.45 -1.59  0.03  1.74  2.96  3.45  3.11  2.03 23101992 12
  0.67 -0.89 -2.08 -2.82 -3.15 -2.70 -1.23  0.69  2.31  3.26  3.41  2.65 24101992 00
  1.37 -0.17 -1.62 -2.53 -2.99 -2.83 -1.65  0.29  2.11  3.28  3.69  3.12 24101992 12
  1.83  0.28 -1.40 -2.57 -3.24 -3.33 -2.39 -0.45  1.67  3.19  3.96  3.82 25101992 00
  2.73  1.25 -0.56 -1.99 -2.90 -3.37 -3.09 -1.59  0.52  2.35  3.40  3.63 25101992 12
  2.79  1.34 -0.29 -1.91 -2.96 -3.51 -3.43 -2.23 -0.12  1.91  3.25  3.78 26101992 00
  3.30  1.95  0.37 -1.39 -2.64 -3.35 -3.53 -2.73 -0.80  1.42  3.01  3.84 26101992 12
  3.74  2.61  1.11 -0.66 -2.10 -2.98 -3.38 -2.96 -1.35  0.84  2.69  3.76 27101992 00
  3.98  3.13  1.71  0.03 -1.58 -2.62 -3.18 -3.12 -1.96  0.09  2.09  3.43 27101992 12
  3.96  3.46  2.16  0.62 -1.10 -2.29 -2.96 -3.12 -2.31 -0.47  1.61  3.12 28101992 00
  3.87  3.71  2.61  1.17 -0.55 -1.93 -2.77 -3.17 -2.82 -1.37  0.61  2.30 28101992 12
  3.30  3.49  2.71  1.38 -0.17 -1.66 -2.60 -3.05 -2.91 -1.80  0.07  1.86 29101992 00
  3.05  3.50  3.02  1.82  0.41 -1.14 -2.23 -2.85 -3.02 -2.39 -0.85  0.96 29101992 12
  2.34  3.03  2.91  1.98  0.75 -0.67 -1.87 -2.54 -2.78 -2.36 -1.10  0.60 30101992 00
  2.03  2.89  3.00  2.32  1.20 -0.13 -1.44 -2.27 -2.71 -2.68 -1.87 -0.42 30101992 12
  1.08  2.11  2.51  2.18  1.29  0.18 -1.02 -1.92 -2.35 -2.38 -1.81 -0.60 31101992 00
  0.84  1.95  2.54  2.48  1.83  0.85 -0.31 -1.33 -1.93 -2.21 -2.04 -1.19 31101992 12
  0.07  1.26  2.05  2.27  1.96  1.24  0.33 -0.66 -1.30 -1.60 -1.61 -1.08 01111992 00
 -0.06  1.01  1.83  2.14  1.98  1.36  0.51 -0.49 -1.28 -1.76 -1.98 -1.76 01111992 12
 -1.00  0.09  1.13  1.85  2.08  1.88  1.37  0.69 -0.03 -0.49 -0.70 -0.70 02111992 00
 -0.33  0.45  1.30  1.93  2.16  1.96  1.42  0.66 -0.18 -0.87 -1.39 -1.72 02111992 12
 -1.69 -1.17 -0.40  0.42  1.02  1.29  1.26  0.95  0.38 -0.28 -0.80 -1.03 03111992 00
 -1.05 -0.79 -0.17  0.63  1.31  1.70  1.69  1.34  0.78  0.07 -0.64 -1.17 03111992 12
 -1.51 -1.56 -1.15 -0.43  0.37  1.06  1.39  1.40  1.09  0.54 -0.15 -0.76 04111992 00
 -1.12 -1.26 -1.14 -0.61  0.17  0.97  1.48  1.63  1.44  0.94  0.23 -0.55 04111992 12
 -1.16 -1.53 -1.66 -1.34 -0.58  0.35  1.14  1.56  1.61  1.26  0.63 -0.15 05111992 00
 -0.90 -1.40 -1.62 -1.51 -0.92 -0.02  0.91  1.56  1.75  1.50  0.86  0.01 05111992 12
 -0.92 -1.60 -1.96 -1.99 -1.52 -0.56  0.59  1.52  2.02  1.99  1.51  0.71 06111992 00
 -0.26 -1.14 -1.66 -1.87 -1.66 -0.88  0.23  1.27  1.94  2.04  1.58  0.72 06111992 12
 -0.31 -1.33 -2.00 -2.31 -2.20 -1.47 -0.23  1.06  1.98  2.35  2.09  1.31 07111992 00
  0.29 -0.86 -1.73 -2.20 -2.27 -1.77 -0.66  0.71  1.79  2.33  2.19  1.43 07111992 12
  0.34 -0.87 -1.93 -2.54 -2.74 -2.35 -1.24  0.28  1.60  2.41  2.55  1.99 08111992 00
  0.97 -0.26 -1.49 -2.28 -2.62 -2.41 -1.47  0.03  1.49  2.44  2.73  2.28 08111992 12
  1.22 -0.04 -1.37 -2.29 -2.74 -2.67 -1.84 -0.31  1.36  2.59  3.18  3.01 09111992 00
  2.13  0.88 -0.56 -1.69 -2.34 -2.57 -2.09 -0.75  0.94  2.29  2.99  2.93 09111992 12
  2.08  0.83 -0.62 -1.89 -2.64 -2.94 -2.59 -1.33  0.48  2.09  3.11  3.37 10111992 00
  2.75  1.54  0.10 -1.36 -2.31 -2.80 -2.74 -1.77 -0.03  1.73  2.92  3.38 10111992 12
  2.96  1.82  0.42 -1.11 -2.20 -2.78 -2.85 -2.10 -0.46  1.39  2.76  3.45 11111992 00
  3.30  2.30  0.99 -0.56 -1.83 -2.56 -2.83 -2.36 -0.90  1.03  2.64  3.56 11111992 12
  3.64  2.79  1.48 -0.11 -1.55 -2.45 -2.94 -2.84 -1.74  0.10  1.89  3.06 12111992 00
  3.44  2.91  1.70  0.27 -1.29 -2.37 -2.96 -3.03 -2.23 -0.56  1.32  2.66 12111992 12
  3.33  3.10  2.01  0.64 -0.92 -2.15 -2.87 -3.14 -2.68 -1.23  0.67  2.24 13111992 00
  3.12  3.22  2.40  1.10 -0.42 -1.84 -2.74 -3.18 -3.01 -1.91 -0.09  1.63 13111992 12
  2.77  3.20  2.73  1.58  0.24 -1.22 -2.24 -2.77 -2.80 -2.05 -0.49  1.24 14111992 00
  2.52  3.15  2.94  1.96  0.67 -0.80 -2.01 -2.71 -2.98 -2.56 -1.23  0.52 14111992 12
  1.99  2.89  3.05  2.42  1.31 -0.01 -1.30 -2.13 -2.54 -2.43 -1.52  0.04 15111992 00
  1.63  2.70  3.10  2.71  1.72  0.49 -0.90 -1.92 -2.51 -2.73 -2.30 -1.07 15111992 12
  0.53  1.84  2.59  2.64  2.03  1.03 -0.13 -1.23 -1.87 -2.11 -1.85 -0.86 16111992 00
  0.59  1.91  2.77  3.01  2.55  1.62  0.46 -0.78 -1.67 -2.23 -2.48 -2.07 16111992 12
 -0.96  0.46  1.67  2.35  2.41  1.87  0.98 -0.08 -1.09 -1.71 -1.98 -1.83 17111992 00
 -1.04  0.21  1.46  2.34  2.63  2.31  1.50  0.47 -0.69 -1.56 -2.13 -2.43 17111992 12
 -2.18 -1.25  0.05  1.23  1.99  2.21  1.92  1.25  0.43 -0.44 -1.04 -1.33 18111992 00
 -1.33 -0.84  0.24  1.43  2.36  2.76  2.62  1.95  0.99 -0.14 -1.08 -1.73 18111992 12
 -2.14 -2.08 -1.32 -0.13  1.07  1.98  2.37  2.21  1.54  0.63 -0.38 -1.18 19111992 00
 -1.67 -1.86 -1.54 -0.58  0.66  1.80  2.45  2.49  1.95  1.04 -0.07 -1.16 19111992 12
 -1.93 -2.41 -2.48 -1.87 -0.64  0.77  1.85  2.41  2.37  1.78  0.86 -0.25 20111992 00
 -1.25 -1.86 -2.10 -1.85 -0.90  0.49  1.77  2.57  2.71  2.21  1.24  0.05 20111992 12
 -1.20 -2.08 -2.62 -2.72 -2.11 -0.79  0.75  1.95  2.59  2.54  1.83  0.76 21111992 00
 -0.51 -1.62 -2.27 -2.50 -2.07 -0.82  0.85  2.26  3.13  3.31  2.71  1.65 21111992 12
  0.27 -1.12 -2.07 -2.64 -2.77 -2.06 -0.56  1.14  2.42  3.03  2.87  1.98 22111992 00
  0.76 -0.64 -1.81 -2.47 -2.69 -2.18 -0.82  0.94  2.41  3.28  3.39  2.66 22111992 12
  1.45 -0.02 -1.38 -2.25 -2.69 -2.55 -1.46  0.32  2.06  3.22  3.63  3.22 23111992 00
  2.17  0.83 -0.71 -1.78 -2.37 -2.45 -1.70 -0.12  1.66  3.01  3.63  3.43 23111992 12
  2.42  1.03 -0.63 -1.94 -2.78 -3.20 -2.91 -1.57  0.34  2.05  3.10  3.39 24111992 00
  2.78  1.54  0.05 -1.48 -2.46 -2.94 -2.78 -1.62  0.31  2.26  3.55  4.03 24111992 12
  3.56  2.36  0.88 -0.78 -1.96 -2.65 -2.85 -2.12 -0.44  1.52  3.03  3.84 25111992 00
  3.78  2.82  1.46 -0.19 -1.56 -2.44 -2.92 -2.72 -1.46  0.38  2.08  3.11 25111992 12
  3.37  2.72  1.45 -0.03 -1.54 -2.50 -2.97 -2.84 -1.76  0.09  1.95  3.20 26111992 00
  3.75  3.36  2.22  0.81 -0.79 -1.95 -2.64 -2.92 -2.43 -0.95  0.90  2.36 26111992 12
  3.10  3.02  2.10  0.82 -0.65 -1.91 -2.62 -2.87 -2.39 -1.00  0.84  2.40 27111992 00
  3.34  3.51  2.84  1.69  0.25 -1.15 -2.05 -2.56 -2.56 -1.71 -0.18  1.42 27111992 12
  2.54  2.94  2.54  1.47  0.19 -1.21 -2.23 -2.76 -2.79 -2.08 -0.58  1.12 28111992 00
  2.39  3.03  2.92  2.03  0.79 -0.65 -1.84 -2.55 -2.88 -2.66 -1.58  0.01 28111992 12
  1.44  2.34  2.54  1.97  0.93 -0.26 -1.45 -2.22 -2.53 -2.32 -1.43  0.01 29111992 00
  1.46  2.47  2.88  2.61  1.77  0.68 -0.57 -1.49 -1.96 -2.06 -1.53 -0.36 29111992 12
  0.98  2.04  2.56  2.45  1.76  0.80 -0.34 -1.30 -1.86 -2.06 -1.74 -0.75 30111992 00
  0.61  1.82  2.55  2.71  2.28  1.43  0.37 -0.70 -1.40 -1.78 -1.87 -1.36 30111992 12
 -0.32  0.85  1.78  2.19  2.09  1.51  0.71 -0.22 -0.95 -1.30 -1.33 -0.92 01121992 00
  0.01  1.11  2.02  2.50  2.49  1.98  1.18  0.16 -0.72 -1.33 -1.68 -1.64 01121992 12
 -0.98  0.09  1.13  1.88  2.19  2.05  1.54  0.80 -0.07 -0.66 -0.97 -1.02 02121992 00
 -0.66  0.17  1.17  2.03  2.43  2.28  1.76  0.98  0.06 -0.72 -1.24 -1.52 02121992 12
 -1.46 -0.86  0.06  0.98  1.66  1.92  1.81  1.41  0.81  0.06 -0.53 -0.86 03121992 00
 -0.98 -0.73 -0.03  0.83  1.55  1.96  1.97  1.59  0.96  0.15 -0.62 -1.16 03121992 12
 -1.48 -1.48 -0.96 -0.08  0.84  1.55  1.84  1.80  1.42  0.83  0.09 -0.56 04121992 00
 -0.93 -1.08 -0.90 -0.25  0.64  1.43  1.90  1.96  1.62  1.00  0.21 -0.58 04121992 12
 -1.15 -1.48 -1.47 -0.94 -0.03  0.93  1.68  2.03  1.98  1.53  0.85  0.01 05121992 00
 -0.71 -1.16 -1.35 -1.18 -0.48  0.47  1.38  1.90  1.96  1.57  0.87 -0.03 05121992 12
 -0.94 -1.58 -1.92 -1.88 -1.25 -0.19  0.95  1.82  2.21  2.11  1.57  0.76 06121992 00
 -0.21 -1.02 -1.52 -1.70 -1.35 -0.38  0.80  1.79  2.36  2.41  1.92  1.06 06121992 12
 -0.01 -1.02 -1.67 -1.98 -1.84 -1.03  0.23  1.48  2.36  2.65  2.36  1.59 07121992 00
  0.56 -0.61 -1.49 -2.00 -2.15 -1.66 -0.54  0.79  1.85  2.35  2.21  1.47 07121992 12
  0.41 -0.79 -1.82 -2.44 -2.68 -2.34 -1.26  0.26  1.61  2.46  2.64  2.12 08121992 00
  1.11 -0.12 -1.37 -2.21 -2.62 -2.53 -1.69 -0.22  1.31  2.35  2.75  2.39 08121992 12
  1.39  0.15 -1.19 -2.21 -2.76 -2.84 -2.22 -0.79  0.90  2.19  2.85  2.75 09121992 00
  1.87  0.61 -0.82 -2.07 -2.81 -3.12 -2.80 -1.58  0.18  1.73  2.67  2.88 09121992 12
  2.22  1.00 -0.40 -1.80 -2.73 -3.18 -3.05 -2.04 -0.26  1.49  2.70  3.22 10121992 00
  2.84  1.70  0.32 -1.23 -2.36 -2.99 -3.14 -2.52 -0.95  0.93  2.38  3.15 10121992 12
  3.07  2.10  0.76 -0.78 -2.11 -2.91 -3.27 -2.91 -1.52  0.43  2.13  3.15 11121992 00
  3.41  2.72  1.43 -0.10 -1.63 -2.63 -3.17 -3.17 -2.21 -0.35  1.54  2.85 11121992 12
  3.43  3.07  1.88  0.45 -1.17 -2.37 -3.05 -3.25 -2.61 -0.98  1.01  2.55 12121992 00
  3.38  3.37  2.40  1.02 -0.61 -2.04 -2.92 -3.36 -3.15 -1.89  0.05  1.83 12121992 12
  2.94  3.29  2.68  1.40 -0.05 -1.58 -2.61 -3.10 -3.01 -1.98 -0.12  1.80 13121992 00
  3.11  3.71  3.40  2.25  0.85 -0.80 -2.04 -2.81 -3.16 -2.75 -1.30  0.63 13121992 12
  2.24  3.15  3.26  2.49  1.25 -0.20 -1.57 -2.42 -2.81 -2.59 -1.40  0.45 14121992 00
  2.19  3.32  3.69  3.19  2.04  0.60 -0.95 -2.02 -2.69 -2.95 -2.38 -0.90 14121992 12
  0.92  2.35  3.10  3.06  2.25  1.05 -0.36 -1.59 -2.31 -2.61 -2.25 -1.02 15121992 00
  0.69  2.19  3.11  3.32  2.74  1.63  0.26 -1.14 -2.08 -2.65 -2.78 -2.11 15121992 12
 -0.67  0.99  2.26  2.91  2.83  2.06  0.95 -0.34 -1.43 -2.06 -2.33 -2.03 16121992 00
 -0.95  0.55  1.87  2.68  2.82  2.27  1.26  0.04 -1.20 -2.05 -2.57 -2.67 16121992 12
 -2.08 -0.81  0.64  1.77  2.36  2.28  1.62  0.64 -0.48 -1.46 -2.01 -2.20 17121992 00
 -1.85 -0.82  0.56  1.80  2.62  2.86  2.50  1.69  0.61 -0.55 -1.35 -1.83 17121992 12
 -1.96 -1.38 -0.20  1.12  2.16  2.68  2.65  2.08  1.16  0.06 -0.87 -1.48 18121992 00
 -1.83 -1.80 -1.08  0.12  1.34  2.20  2.50  2.25  1.50  0.50 -0.63 -1.50 18121992 12
 -2.05 -2.32 -2.05 -1.15  0.08  1.20  1.90  2.06  1.68  0.91 -0.04 -1.04 19121992 00
 -1.75 -2.12 -2.12 -1.54 -0.41  0.89  1.88  2.34  2.18  1.50  0.54 -0.59 19121992 12
 -1.57 -2.20 -2.55 -2.41 -1.57 -0.25  1.03  1.90  2.20  1.89  1.12  0.12 20121992 00
 -0.98 -1.83 -2.29 -2.38 -1.90 -0.79  0.57  1.66  2.27  2.22  1.60  0.61 20121992 12
 -0.54 -1.59 -2.26 -2.58 -2.39 -1.50 -0.10  1.26  2.18  2.51  2.19  1.33 21121992 00
  0.22 -1.02 -1.94 -2.44 -2.54 -2.00 -0.80  0.69  1.86  2.48  2.41  1.68 21121992 12
  0.59 -0.66 -1.79 -2.48 -2.79 -2.52 -1.48  0.06  1.47  2.38  2.64  2.16 22121992 00
  1.14 -0.11 -1.42 -2.36 -2.87 -2.90 -2.20 -0.77  0.82  1.99  2.55  2.36 22121992 12
  1.48  0.28 -1.06 -2.18 -2.80 -2.95 -2.44 -1.12  0.56  1.93  2.73  2.81 23121992 00
  2.10  0.92 -0.47 -1.78 -2.63 -3.05 -2.92 -1.95 -0.30  1.31  2.39  2.77 23121992 12
  2.32  1.22 -0.06 -1.45 -2.45 -2.96 -2.94 -2.12 -0.54  1.18  2.41  3.03 24121992 00
  2.83  1.85  0.56 -0.95 -2.17 -2.90 -3.20 -2.82 -1.51  0.25  1.75  2.61 24121992 12
  2.74  2.01  0.78 -0.60 -1.92 -2.74 -3.07 -2.76 -1.59  0.19  1.80  2.86 25121992 00
  3.20  2.65  1.47  0.06 -1.43 -2.48 -3.08 -3.19 -2.49 -0.92  0.86  2.12 25121992 12
  2.71  2.48  1.46  0.16 -1.26 -2.41 -3.04 -3.15 -2.52 -1.06  0.76  2.16 26121992 00
  2.94  2.95  2.08  0.79 -0.70 -2.04 -2.88 -3.28 -3.09 -2.00 -0.29  1.31 26121992 12
  2.31  2.62  2.06  0.89 -0.43 -1.80 -2.74 -3.15 -2.99 -2.02 -0.36  1.30 27121992 00
  2.43  2.93  2.56  1.48  0.17 -1.28 -2.39 -3.01 -3.18 -2.66 -1.31  0.38 27121992 12
  1.69  2.40  2.37  1.55  0.32 -1.00 -2.19 -2.86 -3.02 -2.57 -1.32  0.36 28121992 00
  1.76  2.60  2.73  2.07  0.92 -0.41 -1.72 -2.58 -3.00 -2.91 -2.05 -0.55 28121992 12
  0.95  1.97  2.39  2.02  1.06 -0.09 -1.33 -2.26 -2.68 -2.61 -1.89 -0.53 29121992 00
  0.98  2.08  2.61  2.40  1.54  0.41 -0.87 -1.92 -2.51 -2.72 -2.38 -1.32 29121992 12
  0.14  1.40  2.16  2.24  1.66  0.68 -0.43 -1.51 -2.14 -2.37 -2.11 -1.23 30121992 00
  0.11  1.38  2.21  2.43  2.01  1.12  0.04 -1.10 -1.89 -2.29 -2.31 -1.74 30121992 12
 -0.62  0.66  1.65  2.13  2.00  1.35  0.43 -0.59 -1.45 -1.90 -1.99 -1.61 31121992 00
 -0.69  0.51  1.52  2.10  2.11  1.57  0.70 -0.31 -1.26 -1.86 -2.16 -2.08 31121992 12
