Parameter Z: CS3 Location ( 52, 86) Lat 53.500 Lon -3.417
  3.53  3.48  2.45  1.04 -0.60 -2.03 -2.89 -3.25 -2.87 -1.37  0.73  2.54 01011998 00
  3.63  3.91  3.28  2.12  0.60 -0.90 -1.84 -2.35 -2.30 -1.22  0.62  2.38 01011998 12
  3.57  3.96  3.50  2.38  0.85 -0.82 -2.00 -2.74 -2.98 -2.28 -0.55  1.48 02011998 00
  3.05  3.84  3.77  2.80  1.46 -0.20 -1.60 -2.50 -2.99 -2.84 -1.61  0.30 02011998 12
  2.07  3.21  3.62  3.15  2.04  0.69 -0.74 -1.68 -2.10 -2.00 -1.03  0.72 03011998 00
  2.55  3.90  4.48  4.17  3.17  1.76  0.15 -1.09 -1.99 -2.52 -2.31 -1.06 03011998 12
  0.66  2.23  3.20  3.42  2.81  1.63  0.18 -1.21 -2.07 -2.49 -2.33 -1.16 04011998 00
  0.65  2.34  3.49  3.97  3.61  2.62  1.27 -0.32 -1.51 -2.28 -2.66 -2.35 04011998 12
 -1.12  0.54  2.01  2.86  3.01  2.44  1.43  0.20 -1.02 -1.78 -2.13 -1.99 05011998 00
 -1.12  0.30  1.69  2.65  2.99  2.64  1.73  0.56 -0.76 -1.75 -2.38 -2.67 05011998 12
 -2.32 -1.17  0.37  1.70  2.49  2.62  2.12  1.22  0.14 -0.97 -1.71 -2.08 06011998 00
 -2.04 -1.31  0.00  1.36  2.36  2.81  2.64  1.94  0.97 -0.21 -1.16 -1.74 06011998 12
 -2.03 -1.83 -0.91  0.39  1.62  2.44  2.67  2.34  1.60  0.64 -0.44 -1.20 07011998 00
 -1.64 -1.76 -1.29 -0.22  1.02  2.09  2.66  2.72  2.22  1.36  0.25 -0.79 07011998 12
 -1.49 -1.92 -1.95 -1.27 -0.09  1.12  2.03  2.42  2.31  1.73  0.87 -0.14 08011998 00
 -0.93 -1.37 -1.56 -1.29 -0.40  0.76  1.86  2.54  2.67  2.26  1.46  0.34 08011998 12
 -0.82 -1.63 -2.10 -2.12 -1.40 -0.10  1.26  2.29  2.78  2.73  2.12  1.18 09011998 00
 -0.05 -1.09 -1.78 -2.14 -1.96 -0.99  0.41  1.72  2.57  2.79  2.38  1.49 09011998 12
  0.33 -0.94 -1.82 -2.32 -2.42 -1.77 -0.42  1.09  2.26  2.85  2.76  2.00 10011998 00
  0.90 -0.43 -1.57 -2.26 -2.61 -2.35 -1.24  0.35  1.79  2.70  2.93  2.41 10011998 12
  1.35  0.06 -1.28 -2.18 -2.63 -2.58 -1.72 -0.16  1.49  2.68  3.22  2.97 11011998 00
  2.04  0.79 -0.68 -1.83 -2.49 -2.73 -2.22 -0.85  0.89  2.32  3.12  3.15 11011998 12
  2.37  1.14 -0.30 -1.63 -2.47 -2.88 -2.65 -1.44  0.36  2.03  3.09  3.45 12011998 00
  2.96  1.83  0.41 -1.12 -2.17 -2.78 -2.91 -2.18 -0.56  1.27  2.62  3.25 12011998 12
  3.04  2.01  0.67 -0.84 -2.06 -2.76 -2.99 -2.47 -0.97  0.94  2.49  3.37 13011998 00
  3.44  2.59  1.27 -0.30 -1.72 -2.62 -3.10 -2.97 -1.85  0.01  1.74  2.87 13011998 12
  3.24  2.68  1.44  0.03 -1.46 -2.46 -2.95 -2.90 -1.93 -0.12  1.78  3.08 14011998 00
  3.69  3.38  2.25  0.84 -0.81 -2.04 -2.78 -3.09 -2.64 -1.18  0.70  2.25 14011998 12
  3.11  3.16  2.31  1.04 -0.43 -1.75 -2.52 -2.81 -2.43 -1.10  0.77  2.39 15011998 00
  3.40  3.64  3.00  1.81  0.32 -1.17 -2.14 -2.67 -2.67 -1.75 -0.06  1.68 15011998 12
  2.88  3.33  2.94  1.82  0.44 -1.06 -2.13 -2.72 -2.84 -2.16 -0.60  1.18 16011998 00
  2.52  3.20  3.06  2.09  0.79 -0.72 -1.97 -2.72 -3.05 -2.75 -1.51  0.25 16011998 12
  1.77  2.70  2.87  2.21  1.04 -0.29 -1.59 -2.40 -2.73 -2.48 -1.41  0.24 17011998 00
  1.80  2.83  3.17  2.72  1.67  0.37 -1.03 -2.01 -2.54 -2.64 -2.00 -0.63 17011998 12
  0.95  2.13  2.69  2.51  1.65  0.53 -0.71 -1.71 -2.20 -2.22 -1.61 -0.36 18011998 00
  1.16  2.36  3.04  3.03  2.34  1.31  0.04 -1.10 -1.81 -2.19 -2.12 -1.31 18011998 12
  0.02  1.34  2.22  2.46  2.06  1.18  0.12 -1.03 -1.85 -2.22 -2.17 -1.53 19011998 00
 -0.37  0.93  1.87  2.30  2.08  1.31  0.31 -0.79 -1.68 -2.19 -2.36 -2.03 19011998 12
 -1.09  0.21  1.32  1.96  2.01  1.51  0.66 -0.29 -1.21 -1.78 -2.01 -1.85 20011998 00
 -1.19 -0.12  0.96  1.70  1.91  1.63  0.95  0.09 -0.85 -1.56 -1.92 -1.96 20011998 12
 -1.54 -0.65  0.45  1.31  1.74  1.69  1.25  0.54 -0.27 -1.01 -1.46 -1.65 21011998 00
 -1.48 -0.86  0.04  0.95  1.53  1.66  1.37  0.75 -0.03 -0.84 -1.44 -1.77 21011998 12
 -1.83 -1.46 -0.67  0.28  1.06  1.46  1.45  1.11  0.53 -0.19 -0.88 -1.30 22011998 00
 -1.50 -1.42 -0.90 -0.08  0.78  1.36  1.51  1.29  0.78  0.08 -0.70 -1.33 22011998 12
 -1.70 -1.84 -1.58 -0.90  0.02  0.85  1.37  1.47  1.23  0.69 -0.03 -0.78 23011998 00
 -1.32 -1.60 -1.62 -1.23 -0.47  0.42  1.11  1.39  1.28  0.81  0.10 -0.74 23011998 12
 -1.48 -1.94 -2.14 -1.96 -1.30 -0.26  0.73  1.40  1.61  1.40  0.80 -0.01 24011998 00
 -0.89 -1.58 -1.96 -2.04 -1.67 -0.82  0.28  1.19  1.68  1.61  1.10  0.26 24011998 12
 -0.71 -1.62 -2.19 -2.43 -2.23 -1.45 -0.23  0.95  1.75  2.03  1.72  0.95 25011998 00
 -0.04 -1.11 -1.94 -2.39 -2.46 -1.95 -0.85  0.52  1.58  2.12  1.99  1.28 25011998 12
  0.24 -0.92 -1.95 -2.56 -2.77 -2.43 -1.39  0.10  1.43  2.27  2.46  1.94 26011998 00
  0.91 -0.32 -1.58 -2.45 -2.91 -2.85 -2.04 -0.55  1.04  2.15  2.64  2.35 26011998 12
  1.36  0.11 -1.27 -2.36 -2.96 -3.08 -2.46 -1.00  0.77  2.16  2.93  2.92 27011998 00
  2.07  0.79 -0.70 -2.04 -2.89 -3.28 -3.03 -1.82  0.04  1.74  2.82  3.15 27011998 12
  2.55  1.29 -0.17 -1.70 -2.75 -3.28 -3.25 -2.28 -0.42  1.49  2.84  3.47 28011998 00
  3.16  1.96  0.48 -1.22 -2.53 -3.31 -3.60 -3.06 -1.43  0.71  2.37  3.29 28011998 12
  3.37  2.43  0.95 -0.70 -2.22 -3.16 -3.60 -3.32 -1.92  0.22  2.18  3.36 29011998 00
  3.75  3.08  1.62 -0.04 -1.77 -2.96 -3.65 -3.78 -2.89 -0.87  1.31  2.86 29011998 12
  3.57  3.35  2.11  0.53 -1.22 -2.63 -3.45 -3.71 -3.07 -1.27  1.03  2.79 30011998 00
  3.76  3.84  2.82  1.27 -0.54 -2.17 -3.23 -3.81 -3.70 -2.41 -0.23  1.90 30011998 12
  3.20  3.68  3.14  1.68  0.04 -1.70 -2.90 -3.56 -3.64 -2.68 -0.63  1.58 31011998 00
  3.13  3.87  3.63  2.36  0.77 -1.05 -2.49 -3.39 -3.81 -3.42 -1.84  0.40 31011998 12
  2.24  3.29  3.52  2.69  1.22 -0.40 -2.00 -3.01 -3.51 -3.34 -2.09 -0.01 01021998 00
  1.97  3.26  3.77  3.26  1.93  0.38 -1.33 -2.56 -3.28 -3.54 -2.93 -1.24 01021998 12
  0.84  2.40  3.22  3.21  2.24  0.85 -0.70 -2.07 -2.89 -3.23 -2.89 -1.53 02021998 00
  0.42  2.13  3.17  3.44  2.78  1.53  0.06 -1.45 -2.47 -3.06 -3.19 -2.46 02021998 12
 -0.85  0.96  2.27  2.93  2.76  1.80  0.57 -0.83 -1.98 -2.61 -2.81 -2.36 03021998 00
 -1.07  0.64  2.05  2.92  3.07  2.44  1.37  0.07 -1.22 -2.06 -2.54 -2.58 03021998 12
 -1.86 -0.47  1.05  2.17  2.67  2.46  1.66  0.61 -0.61 -1.58 -2.12 -2.33 04021998 00
 -1.98 -0.94  0.47  1.69  2.44  2.57  2.10  1.20  0.10 -1.00 -1.75 -2.20 04021998 12
 -2.31 -1.79 -0.67  0.63  1.66  2.18  2.11  1.55  0.69 -0.32 -1.23 -1.77 05021998 00
 -2.02 -1.88 -1.14 -0.00  1.13  1.93  2.20  1.96  1.31  0.42 -0.58 -1.34 05021998 12
 -1.81 -2.02 -1.72 -0.83  0.34  1.38  2.02  2.15  1.84  1.18  0.32 -0.60 06021998 00
 -1.25 -1.60 -1.66 -1.15 -0.13  1.02  1.98  2.45  2.44  1.97  1.17  0.10 06021998 12
 -0.85 -1.49 -1.87 -1.85 -1.19 -0.13  0.99  1.82  2.13  1.98  1.36  0.47 07021998 00
 -0.56 -1.39 -1.88 -2.07 -1.79 -0.91  0.28  1.37  2.04  2.13  1.68  0.84 07021998 12
 -0.18 -1.21 -1.91 -2.26 -2.19 -1.45 -0.19  1.16  2.17  2.64  2.49  1.80 08021998 00
  0.80 -0.40 -1.38 -1.98 -2.26 -1.97 -0.96  0.41  1.65  2.41  2.53  2.02 08021998 12
  1.07 -0.09 -1.24 -1.98 -2.34 -2.20 -1.33  0.08  1.49  2.49  2.87  2.56 09021998 00
  1.66  0.47 -0.87 -1.86 -2.43 -2.59 -2.06 -0.77  0.81  2.08  2.76  2.73 09021998 12
  1.99  0.84 -0.50 -1.70 -2.40 -2.68 -2.35 -1.19  0.44  1.90  2.80  2.99 10021998 00
  2.38  1.24 -0.13 -1.51 -2.44 -2.92 -2.88 -1.98 -0.38  1.31  2.46  2.96 10021998 12
  2.64  1.61  0.33 -1.09 -2.14 -2.66 -2.66 -1.86 -0.27  1.52  2.86  3.55 11021998 00
  3.43  2.50  1.21 -0.37 -1.65 -2.45 -2.85 -2.55 -1.26  0.53  2.09  2.98 11021998 12
  3.11  2.37  1.11 -0.35 -1.75 -2.59 -2.95 -2.66 -1.47  0.33  2.02  3.11 12021998 00
  3.46  2.90  1.68  0.20 -1.35 -2.40 -3.00 -3.09 -2.28 -0.60  1.25  2.54 12021998 12
  3.15  2.88  1.78  0.41 -1.14 -2.34 -3.00 -3.13 -2.46 -0.85  1.07  2.53 13021998 00
  3.29  3.22  2.24  0.88 -0.70 -2.06 -2.89 -3.26 -2.95 -1.65  0.23  1.90 13021998 12
  2.88  3.09  2.38  1.09 -0.37 -1.81 -2.73 -3.13 -2.91 -1.75  0.10  1.82 14021998 00
  2.94  3.33  2.81  1.61  0.19 -1.35 -2.43 -3.02 -3.08 -2.30 -0.66  1.17 14021998 12
  2.46  3.06  2.80  1.73  0.38 -1.11 -2.28 -2.92 -3.06 -2.46 -0.97  0.85 15021998 00
  2.28  3.07  3.08  2.23  0.98 -0.48 -1.78 -2.53 -2.81 -2.43 -1.19  0.55 15021998 12
  2.07  2.98  3.16  2.55  1.42  0.06 -1.27 -2.11 -2.51 -2.41 -1.48  0.08 16021998 00
  1.64  2.69  3.01  2.54  1.42  0.09 -1.32 -2.29 -2.83 -2.93 -2.33 -0.98 16021998 12
  0.61  1.83  2.44  2.31  1.48  0.35 -0.90 -1.95 -2.50 -2.61 -2.15 -0.99 17021998 00
  0.55  1.81  2.51  2.50  1.80  0.71 -0.53 -1.68 -2.37 -2.69 -2.53 -1.68 17021998 12
 -0.32  1.02  1.89  2.17  1.77  0.89 -0.16 -1.24 -1.98 -2.29 -2.17 -1.49 18021998 00
 -0.32  0.96  1.87  2.26  2.01  1.25  0.29 -0.80 -1.65 -2.11 -2.24 -1.88 18021998 12
 -0.95  0.29  1.33  1.95  1.99  1.52  0.73 -0.20 -1.11 -1.64 -1.82 -1.63 19021998 00
 -0.94  0.09  1.12  1.80  1.96  1.63  0.94  0.08 -0.83 -1.47 -1.81 -1.86 19021998 12
 -1.45 -0.58  0.48  1.34  1.77  1.76  1.38  0.75 -0.04 -0.76 -1.17 -1.31 20021998 00
 -1.14 -0.53  0.35  1.23  1.82  2.01  1.79  1.27  0.57 -0.18 -0.74 -1.05 20021998 12
 -1.14 -0.90 -0.27  0.52  1.19  1.57  1.59  1.27  0.69 -0.04 -0.71 -1.16 21021998 00
 -1.40 -1.37 -0.91 -0.13  0.75  1.43  1.73  1.68  1.27  0.63 -0.15 -0.85 21021998 12
 -1.32 -1.58 -1.51 -0.93 -0.07  0.83  1.47  1.69  1.51  1.00  0.29 -0.54 22021998 00
 -1.23 -1.66 -1.84 -1.59 -0.85  0.15  1.06  1.61  1.72  1.43  0.79 -0.03 22021998 12
 -0.91 -1.54 -1.89 -1.91 -1.38 -0.36  0.82  1.72  2.12  2.03  1.47  0.60 23021998 00
 -0.45 -1.36 -1.96 -2.27 -2.11 -1.30 -0.05  1.14  1.94  2.16  1.81  0.99 23021998 12
 -0.06 -1.19 -2.02 -2.47 -2.49 -1.87 -0.62  0.84  1.96  2.51  2.37  1.59 24021998 00
  0.46 -0.83 -1.96 -2.64 -2.95 -2.68 -1.59  0.03  1.49  2.41  2.63  2.07 24021998 12
  0.96 -0.35 -1.68 -2.60 -3.07 -2.99 -2.08 -0.42  1.31  2.49  3.04  2.71 25021998 00
  1.62  0.25 -1.28 -2.48 -3.19 -3.42 -2.86 -1.34  0.63  2.19  3.07  3.17 25021998 12
  2.32  0.97 -0.56 -2.00 -2.89 -3.29 -2.99 -1.65  0.40  2.21  3.34  3.68 26021998 00
  3.00  1.62 -0.03 -1.71 -2.87 -3.54 -3.66 -2.73 -0.70  1.47  3.02  3.77 26021998 12
  3.58  2.37  0.83 -0.93 -2.29 -3.07 -3.33 -2.70 -0.87  1.45  3.31  4.32 27021998 00
  4.40  3.36  1.87 -0.03 -1.67 -2.75 -3.42 -3.42 -2.13  0.10  2.24  3.61 27021998 12
  4.11  3.48  1.97  0.23 -1.62 -2.89 -3.63 -3.78 -2.81 -0.62  1.72  3.36 28021998 00
  4.15  3.94  2.62  0.93 -1.01 -2.52 -3.47 -3.91 -3.46 -1.71  0.73  2.74 28021998 12
  3.88  4.13  3.18  1.57 -0.26 -2.00 -3.10 -3.69 -3.58 -2.20  0.14  2.38 01031998 00
  3.77  4.29  3.69  2.19  0.46 -1.40 -2.67 -3.41 -3.63 -2.81 -0.80  1.54 01031998 12
  3.23  4.07  3.95  2.73  1.14 -0.74 -2.24 -3.17 -3.62 -3.24 -1.60  0.69 02031998 00
  2.64  3.75  4.00  3.17  1.73  0.04 -1.64 -2.72 -3.29 -3.23 -2.03  0.06 02031998 12
  2.07  3.40  3.94  3.47  2.20  0.66 -1.08 -2.29 -3.00 -3.19 -2.39 -0.54 03031998 00
  1.60  3.16  3.98  3.88  2.84  1.47 -0.25 -1.68 -2.58 -3.09 -2.94 -1.71 03031998 12
  0.19  1.92  3.05  3.44  2.92  1.79  0.44 -1.03 -2.04 -2.58 -2.64 -1.90 04031998 00
 -0.35  1.39  2.70  3.36  3.24  2.39  1.24 -0.17 -1.31 -2.00 -2.35 -2.13 04031998 12
 -1.08  0.40  1.72  2.56  2.73  2.18  1.19  0.02 -1.17 -1.96 -2.36 -2.35 05031998 00
 -1.66 -0.35  1.05  2.08  2.56  2.39  1.68  0.70 -0.46 -1.40 -1.97 -2.26 05031998 12
 -2.07 -1.22  0.04  1.22  2.02  2.27  2.00  1.32  0.44 -0.55 -1.31 -1.75 06031998 00
 -1.90 -1.53 -0.62  0.50  1.46  2.01  2.08  1.77  1.17  0.39 -0.43 -0.98 06031998 12
 -1.27 -1.26 -0.76  0.19  1.16  1.92  2.21  2.06  1.53  0.79 -0.11 -0.88 07031998 00
 -1.41 -1.71 -1.62 -0.96 -0.01  0.95  1.63  1.91  1.83  1.37  0.64 -0.26 07031998 12
 -1.01 -1.47 -1.68 -1.49 -0.81  0.13  1.05  1.67  1.81  1.54  0.93  0.10 08031998 00
 -0.79 -1.47 -1.87 -1.98 -1.58 -0.70  0.40  1.31  1.81  1.78  1.35  0.59 08031998 12
 -0.33 -1.21 -1.78 -2.05 -1.91 -1.18 -0.04  1.09  1.88  2.15  1.89  1.17 09031998 00
  0.22 -0.87 -1.71 -2.19 -2.34 -1.93 -0.91  0.39  1.47  2.07  2.06  1.52 09031998 12
  0.61 -0.45 -1.46 -2.07 -2.32 -2.03 -1.09  0.25  1.51  2.34  2.58  2.20 10031998 00
  1.33  0.22 -0.95 -1.75 -2.16 -2.15 -1.44 -0.15  1.25  2.31  2.77  2.57 10031998 12
  1.76  0.64 -0.67 -1.72 -2.34 -2.57 -2.20 -1.11  0.39  1.67  2.37  2.34 11031998 00
  1.58  0.42 -0.84 -2.01 -2.72 -2.98 -2.67 -1.57  0.05  1.49  2.41  2.66 11031998 12
  2.09  0.97 -0.34 -1.67 -2.56 -2.97 -2.81 -1.85 -0.21  1.44  2.55  3.01 12031998 00
  2.63  1.55  0.23 -1.24 -2.33 -2.91 -2.99 -2.31 -0.79  0.97  2.27  2.90 12031998 12
  2.71  1.71  0.40 -1.06 -2.28 -2.97 -3.17 -2.63 -1.18  0.65  2.12  2.95 13031998 00
  2.99  2.13  0.81 -0.68 -2.07 -2.93 -3.31 -3.04 -1.82  0.03  1.71  2.74 13031998 12
  3.04  2.39  1.10 -0.36 -1.84 -2.81 -3.27 -3.13 -2.08 -0.26  1.51  2.70 14031998 00
  3.18  2.73  1.51  0.07 -1.51 -2.65 -3.27 -3.35 -2.61 -0.94  0.98  2.35 14031998 12
  3.04  2.85  1.77  0.37 -1.17 -2.43 -3.14 -3.31 -2.73 -1.22  0.72  2.22 15031998 00
  3.04  3.07  2.15  0.78 -0.76 -2.15 -3.00 -3.36 -3.05 -1.77  0.11  1.79 15031998 12
  2.80  3.07  2.39  1.09 -0.36 -1.82 -2.77 -3.21 -3.06 -2.01 -0.20  1.55 16031998 00
  2.71  3.17  2.70  1.49  0.10 -1.41 -2.48 -3.04 -3.09 -2.34 -0.76  1.05 16031998 12
  2.35  2.98  2.76  1.73  0.40 -1.07 -2.25 -2.90 -3.08 -2.55 -1.13  0.65 17031998 00
  2.08  2.86  2.86  2.02  0.78 -0.63 -1.90 -2.65 -2.95 -2.66 -1.54  0.13 17031998 12
  1.63  2.56  2.79  2.18  1.02 -0.30 -1.62 -2.47 -2.86 -2.74 -1.87 -0.35 18031998 00
  1.20  2.22  2.61  2.22  1.19 -0.03 -1.33 -2.29 -2.77 -2.80 -2.20 -0.90 18031998 12
  0.62  1.77  2.36  2.21  1.40  0.28 -0.94 -1.98 -2.55 -2.69 -2.31 -1.25 19031998 00
  0.19  1.40  2.12  2.17  1.56  0.56 -0.57 -1.65 -2.31 -2.59 -2.41 -1.63 19031998 12
 -0.36  0.90  1.74  2.03  1.67  0.85 -0.15 -1.20 -1.97 -2.33 -2.32 -1.79 20031998 00
 -0.75  0.49  1.42  1.88  1.73  1.11  0.22 -0.76 -1.62 -2.09 -2.25 -2.00 20031998 12
 -1.23 -0.11  0.91  1.55  1.66  1.28  0.56 -0.29 -1.17 -1.77 -2.05 -2.00 21031998 00
 -1.50 -0.58  0.46  1.24  1.59  1.43  0.93  0.20 -0.64 -1.37 -1.79 -1.97 21031998 12
 -1.78 -1.15 -0.19  0.71  1.31  1.45  1.21  0.64 -0.10 -0.89 -1.47 -1.80 22031998 00
 -1.88 -1.57 -0.85  0.10  0.91  1.35  1.37  1.07  0.49 -0.26 -1.01 -1.52 22031998 12
 -1.81 -1.80 -1.36 -0.55  0.40  1.14  1.49  1.43  1.03  0.36 -0.46 -1.22 23031998 00
 -1.72 -1.99 -1.90 -1.31 -0.34  0.66  1.39  1.69  1.56  1.04  0.29 -0.59 23031998 12
 -1.34 -1.79 -1.98 -1.72 -0.93  0.20  1.23  1.85  1.96  1.61  0.85 -0.12 24031998 00
 -1.14 -1.87 -2.32 -2.40 -1.88 -0.78  0.55  1.60  2.14  2.08  1.50  0.56 24031998 12
 -0.55 -1.57 -2.20 -2.46 -2.18 -1.19  0.25  1.58  2.45  2.67  2.21  1.25 25031998 00
  0.03 -1.27 -2.20 -2.74 -2.84 -2.19 -0.77  0.89  2.17  2.83  2.74  1.93 25031998 12
  0.77 -0.61 -1.82 -2.53 -2.79 -2.35 -1.00  0.82  2.39  3.34  3.55  2.92 26031998 00
  1.73  0.19 -1.31 -2.30 -2.91 -2.99 -2.10 -0.33  1.58  2.91  3.46  3.12 26031998 12
  1.95  0.50 -1.15 -2.41 -3.14 -3.35 -2.65 -0.90  1.23  2.83  3.70  3.70 27031998 00
  2.69  1.23 -0.53 -2.07 -3.06 -3.58 -3.37 -1.96  0.22  2.26  3.54  3.97 27031998 12
  3.33  1.90  0.22 -1.57 -2.79 -3.48 -3.55 -2.52 -0.38  1.87  3.43  4.16 28031998 00
  3.86  2.54  0.89 -1.04 -2.51 -3.45 -3.89 -3.40 -1.60  0.84  2.78  3.85 28031998 12
  4.03  3.01  1.39 -0.47 -2.20 -3.30 -3.88 -3.71 -2.25  0.15  2.43  3.79 29031998 00
  4.29  3.66  2.08  0.27 -1.65 -2.97 -3.76 -3.98 -3.07 -0.86  1.58  3.35 29031998 12
  4.18  4.03  2.75  1.08 -0.87 -2.42 -3.36 -3.77 -3.26 -1.43  1.03  3.03 30031998 00
  4.13  4.32  3.32  1.73 -0.17 -1.93 -3.07 -3.73 -3.74 -2.49 -0.22  2.03 30031998 12
  3.47  4.01  3.48  2.00  0.29 -1.56 -2.88 -3.64 -3.86 -3.08 -1.06  1.25 31031998 00
  2.95  3.81  3.75  2.60  1.03 -0.76 -2.28 -3.22 -3.66 -3.34 -1.84  0.37 31031998 12
  2.29  3.38  3.66  2.90  1.44 -0.18 -1.81 -2.87 -3.44 -3.42 -2.39 -0.42 01041998 00
  1.58  2.95  3.56  3.23  2.05  0.62 -1.01 -2.25 -2.96 -3.19 -2.65 -1.11 01041998 12
  0.82  2.33  3.16  3.20  2.35  1.08 -0.39 -1.74 -2.57 -2.97 -2.80 -1.72 02041998 00
  0.01  1.62  2.69  3.09  2.66  1.62  0.37 -1.01 -1.98 -2.49 -2.55 -1.86 02041998 12
 -0.43  1.17  2.36  2.98  2.89  2.18  1.16 -0.10 -1.19 -1.82 -2.07 -1.81 03041998 00
 -0.81  0.58  1.82  2.65  2.87  2.51  1.76  0.77 -0.34 -1.13 -1.60 -1.72 03041998 12
 -1.20 -0.13  1.03  1.96  2.40  2.35  1.83  1.07  0.11 -0.75 -1.30 -1.59 04041998 00
 -1.52 -0.86  0.15  1.18  1.92  2.18  2.02  1.50  0.77 -0.10 -0.81 -1.23 04041998 12
 -1.43 -1.23 -0.48  0.46  1.35  1.89  2.02  1.76  1.21  0.44 -0.39 -1.04 05041998 00
 -1.46 -1.62 -1.32 -0.55  0.38  1.23  1.70  1.80  1.54  1.01  0.28 -0.50 05041998 12
 -1.04 -1.36 -1.38 -0.92 -0.10  0.80  1.54  1.87  1.82  1.38  0.70 -0.15 06041998 00
 -0.93 -1.46 -1.74 -1.65 -1.02 -0.06  0.93  1.63  1.88  1.72  1.19  0.45 06041998 12
 -0.43 -1.13 -1.54 -1.65 -1.30 -0.44  0.62  1.53  2.03  2.05  1.59  0.82 07041998 00
 -0.15 -1.08 -1.71 -2.05 -1.98 -1.29 -0.18  0.98  1.81  2.12  1.89  1.22 07041998 12
  0.31 -0.72 -1.52 -1.94 -2.00 -1.49 -0.42  0.85  1.87  2.39  2.32  1.69 08041998 00
  0.74 -0.40 -1.40 -2.01 -2.29 -2.03 -1.08  0.27  1.51  2.30  2.44  1.96 08041998 12
  1.02 -0.12 -1.29 -2.06 -2.43 -2.31 -1.51 -0.16  1.22  2.17  2.52  2.14 09041998 00
  1.18  0.01 -1.26 -2.24 -2.78 -2.87 -2.30 -0.98  0.61  1.84  2.49  2.40 09041998 12
  1.58  0.44 -0.81 -1.92 -2.55 -2.71 -2.26 -1.06  0.58  1.95  2.74  2.78 10041998 00
  2.03  0.84 -0.51 -1.77 -2.57 -2.94 -2.73 -1.67  0.01  1.57  2.58  2.89 10041998 12
  2.32  1.16 -0.18 -1.55 -2.50 -2.96 -2.90 -2.03 -0.39  1.31  2.47  2.98 11041998 00
  2.59  1.47  0.15 -1.31 -2.40 -2.98 -3.06 -2.36 -0.80  1.03  2.38  3.08 11041998 12
  2.93  1.93  0.62 -0.88 -2.12 -2.82 -3.05 -2.57 -1.15  0.71  2.22  3.05 12041998 00
  3.10  2.25  0.95 -0.55 -1.93 -2.77 -3.14 -2.86 -1.62  0.25  1.91  2.95 12041998 12
  3.24  2.60  1.34 -0.11 -1.60 -2.60 -3.08 -2.98 -1.98 -0.20  1.59  2.79 13041998 00
  3.29  2.87  1.69  0.29 -1.27 -2.39 -2.98 -3.03 -2.26 -0.60  1.28  2.65 13041998 12
  3.34  3.16  2.13  0.79 -0.76 -2.02 -2.72 -2.96 -2.46 -1.00  0.87  2.39 14041998 00
  3.22  3.24  2.36  1.07 -0.45 -1.81 -2.62 -2.98 -2.69 -1.46  0.37  2.00 14041998 12
  3.01  3.25  2.58  1.35 -0.07 -1.51 -2.44 -2.91 -2.83 -1.90 -0.21  1.53 15041998 00
  2.69  3.16  2.77  1.66  0.34 -1.11 -2.15 -2.68 -2.73 -2.03 -0.50  1.23 15041998 12
  2.53  3.16  2.99  2.04  0.81 -0.60 -1.74 -2.39 -2.63 -2.22 -0.95  0.74 16041998 00
  2.16  2.96  2.99  2.25  1.09 -0.25 -1.50 -2.25 -2.59 -2.40 -1.40  0.15 16041998 12
  1.64  2.60  2.87  2.37  1.31  0.09 -1.19 -2.07 -2.52 -2.54 -1.89 -0.54 17041998 00
  1.00  2.12  2.65  2.43  1.59  0.49 -0.72 -1.68 -2.17 -2.29 -1.87 -0.79 17041998 12
  0.65  1.83  2.49  2.48  1.84  0.84 -0.31 -1.38 -2.03 -2.31 -2.14 -1.30 18041998 00
  0.00  1.27  2.12  2.38  2.03  1.23  0.23 -0.85 -1.61 -1.98 -2.01 -1.48 18041998 12
 -0.41  0.83  1.79  2.27  2.15  1.55  0.69 -0.34 -1.23 -1.76 -1.99 -1.79 19041998 00
 -1.01  0.13  1.21  1.92  2.11  1.81  1.13  0.27 -0.66 -1.31 -1.64 -1.69 19041998 12
 -1.24 -0.32  0.77  1.65  2.06  2.00  1.49  0.72 -0.20 -1.03 -1.56 -1.86 20041998 00
 -1.80 -1.20 -0.22  0.82  1.58  1.88  1.74  1.24  0.51 -0.37 -1.09 -1.52 20041998 12
 -1.68 -1.45 -0.70  0.33  1.29  1.88  2.01  1.71  1.06  0.20 -0.73 -1.41 21041998 00
 -1.84 -1.99 -1.59 -0.67  0.46  1.43  1.97  2.04  1.69  1.02  0.14 -0.75 21041998 12
 -1.35 -1.68 -1.66 -1.03  0.04  1.17  2.02  2.35  2.17  1.50  0.55 -0.57 22041998 00
 -1.49 -2.09 -2.40 -2.14 -1.20  0.16  1.43  2.26  2.51  2.18  1.38  0.33 22041998 12
 -0.83 -1.67 -2.14 -2.20 -1.58 -0.31  1.15  2.27  2.82  2.69  1.93  0.83 23041998 00
 -0.50 -1.64 -2.38 -2.77 -2.56 -1.48  0.13  1.66  2.65  2.96  2.50  1.46 23041998 12
  0.17 -1.21 -2.20 -2.73 -2.77 -1.98 -0.35  1.44  2.75  3.37  3.18  2.19 24041998 00
  0.85 -0.73 -2.02 -2.80 -3.17 -2.83 -1.43  0.53  2.23  3.27  3.51  2.82 24041998 12
  1.53 -0.02 -1.57 -2.61 -3.17 -3.13 -2.06 -0.10  1.88  3.22  3.79  3.37 25041998 00
  2.11  0.57 -1.18 -2.47 -3.25 -3.53 -2.87 -1.09  1.14  2.84  3.78  3.82 25041998 12
  2.81  1.32 -0.46 -2.03 -3.02 -3.52 -3.29 -1.81  0.44  2.49  3.74  4.13 26041998 00
  3.42  1.95  0.22 -1.59 -2.81 -3.53 -3.68 -2.71 -0.57  1.71  3.32  4.08 26041998 12
  3.83  2.53  0.90 -1.00 -2.48 -3.40 -3.79 -3.25 -1.41  1.02  2.92  3.98 27041998 00
  4.14  3.13  1.55 -0.31 -2.03 -3.12 -3.74 -3.65 -2.30  0.01  2.24  3.63 27041998 12
  4.16  3.60  2.10  0.38 -1.50 -2.81 -3.57 -3.78 -2.92 -0.81  1.54  3.23 28041998 00
  4.06  3.93  2.69  1.09 -0.78 -2.29 -3.23 -3.66 -3.27 -1.61  0.71  2.67 28041998 12
  3.77  4.02  3.13  1.60 -0.16 -1.88 -2.98 -3.59 -3.58 -2.43 -0.30  1.81 29041998 00
  3.22  3.81  3.39  2.06  0.48 -1.28 -2.56 -3.29 -3.49 -2.79 -0.99  1.15 29041998 12
  2.72  3.55  3.50  2.45  0.98 -0.72 -2.18 -3.08 -3.53 -3.30 -2.00 -0.01 30041998 00
  1.81  2.92  3.28  2.69  1.40 -0.05 -1.58 -2.61 -3.13 -3.13 -2.26 -0.56 30041998 12
  1.26  2.54  3.16  2.89  1.83  0.50 -1.01 -2.20 -2.89 -3.16 -2.78 -1.50 01051998 00
  0.23  1.71  2.57  2.74  2.10  0.98 -0.29 -1.55 -2.34 -2.71 -2.57 -1.68 01051998 12
 -0.18  1.30  2.30  2.69  2.35  1.43  0.28 -0.99 -1.95 -2.49 -2.67 -2.29 02051998 00
 -1.20  0.23  1.41  2.10  2.16  1.61  0.69 -0.35 -1.36 -1.98 -2.25 -2.10 02051998 12
 -1.37 -0.18  1.02  1.86  2.15  1.87  1.13  0.20 -0.84 -1.64 -2.10 -2.28 03051998 00
 -2.00 -1.16 -0.00  1.01  1.63  1.73  1.38  0.70 -0.11 -0.94 -1.49 -1.73 03051998 12
 -1.66 -1.14 -0.24  0.75  1.52  1.84  1.71  1.19  0.43 -0.46 -1.20 -1.67 04051998 00
 -1.92 -1.80 -1.18 -0.23  0.71  1.37  1.59  1.41  0.92  0.23 -0.54 -1.14 04051998 12
 -1.46 -1.54 -1.23 -0.50  0.42  1.24  1.68  1.73  1.38  0.76 -0.02 -0.80 05051998 00
 -1.35 -1.65 -1.68 -1.20 -0.32  0.68  1.46  1.81  1.76  1.34  0.69 -0.11 05051998 12
 -0.83 -1.27 -1.44 -1.24 -0.52  0.43  1.34  1.91  2.04  1.72  1.06  0.18 06051998 00
 -0.74 -1.41 -1.79 -1.86 -1.38 -0.43  0.67  1.58  2.03  2.01  1.55  0.81 06051998 12
 -0.10 -0.94 -1.42 -1.58 -1.33 -0.52  0.57  1.59  2.22  2.31  1.87  1.08 07051998 00
  0.09 -0.91 -1.59 -1.94 -1.88 -1.19 -0.03  1.17  2.06  2.40  2.18  1.45 07051998 12
  0.48 -0.62 -1.47 -1.96 -2.12 -1.68 -0.61  0.70  1.76  2.31  2.23  1.57 08051998 00
  0.58 -0.57 -1.60 -2.22 -2.49 -2.21 -1.23  0.19  1.49  2.31  2.49  2.01 08051998 12
  1.05 -0.10 -1.27 -2.04 -2.40 -2.28 -1.46 -0.09  1.32  2.30  2.65  2.29 09051998 00
  1.35  0.17 -1.13 -2.07 -2.56 -2.61 -1.95 -0.59  0.98  2.16  2.75  2.59 09051998 12
  1.75  0.58 -0.76 -1.90 -2.56 -2.79 -2.38 -1.16  0.46  1.80  2.57  2.61 10051998 00
  1.88  0.70 -0.64 -1.90 -2.67 -3.00 -2.73 -1.62  0.07  1.61  2.60  2.90 10051998 12
  2.37  1.22 -0.12 -1.52 -2.47 -2.92 -2.84 -1.95 -0.34  1.32  2.44  2.93 11051998 00
  2.57  1.50  0.18 -1.29 -2.39 -2.97 -3.05 -2.34 -0.80  1.00  2.33  3.03 11051998 12
  2.92  1.98  0.70 -0.78 -2.05 -2.79 -3.05 -2.64 -1.30  0.50  2.01  2.87 12051998 00
  2.97  2.19  0.92 -0.53 -1.90 -2.76 -3.14 -2.89 -1.74  0.08  1.73  2.79 12051998 12
  3.14  2.59  1.39 -0.01 -1.50 -2.52 -3.04 -3.03 -2.19 -0.54  1.25  2.47 13051998 00
  3.03  2.71  1.61  0.27 -1.22 -2.35 -2.97 -3.08 -2.44 -0.93  0.91  2.31 13051998 12
  3.06  3.00  2.09  0.79 -0.69 -1.99 -2.76 -3.08 -2.77 -1.53  0.26  1.81 14051998 00
  2.75  2.93  2.25  1.02 -0.38 -1.75 -2.63 -3.04 -2.88 -1.86 -0.16  1.49 14051998 12
  2.58  3.01  2.56  1.44  0.11 -1.33 -2.37 -2.93 -3.00 -2.34 -0.86  0.85 15051998 00
  2.12  2.76  2.60  1.68  0.45 -0.92 -2.06 -2.70 -2.89 -2.44 -1.17  0.51 15051998 12
  1.89  2.71  2.78  2.07  0.92 -0.43 -1.70 -2.50 -2.89 -2.75 -1.83 -0.29 16051998 00
  1.23  2.23  2.60  2.19  1.19  0.02 -1.25 -2.16 -2.61 -2.60 -1.95 -0.62 16051998 12
  0.91  2.04  2.59  2.43  1.61  0.49 -0.79 -1.86 -2.49 -2.75 -2.47 -1.45 17051998 00
  0.02  1.34  2.15  2.32  1.82  0.88 -0.22 -1.34 -2.07 -2.40 -2.30 -1.56 17051998 12
 -0.29  1.05  2.00  2.39  2.12  1.31  0.27 -0.90 -1.83 -2.37 -2.58 -2.26 18051998 00
 -1.28  0.06  1.23  1.94  2.06  1.60  0.76 -0.23 -1.23 -1.89 -2.19 -2.09 18051998 12
 -1.42 -0.27  0.94  1.81  2.16  1.93  1.22  0.27 -0.82 -1.70 -2.23 -2.48 19051998 00
 -2.25 -1.40 -0.15  1.00  1.75  1.95  1.61  0.88 -0.03 -0.99 -1.68 -2.02 19051998 12
 -2.02 -1.51 -0.50  0.69  1.63  2.10  2.00  1.41  0.52 -0.53 -1.49 -2.11 20051998 00
 -2.45 -2.37 -1.65 -0.45  0.80  1.69  2.06  1.86  1.22  0.34 -0.67 -1.51 20051998 12
 -1.98 -2.15 -1.80 -0.86  0.42  1.53  2.19  2.25  1.74  0.84 -0.27 -1.37 21051998 00
 -2.15 -2.63 -2.69 -2.09 -0.85  0.58  1.69  2.27  2.19  1.55  0.57 -0.58 21051998 12
 -1.61 -2.24 -2.50 -2.24 -1.27  0.18  1.52  2.39  2.60  2.13  1.12 -0.11 22051998 00
 -1.40 -2.34 -2.90 -3.01 -2.40 -1.00  0.65  1.93  2.63  2.60  1.84  0.70 22051998 12
 -0.62 -1.83 -2.58 -2.91 -2.63 -1.50  0.20  1.74  2.74  3.02  2.47  1.33 23051998 00
 -0.07 -1.53 -2.56 -3.17 -3.26 -2.51 -0.88  0.98  2.35  3.07  2.96  2.01 23051998 12
  0.70 -0.83 -2.14 -2.94 -3.26 -2.87 -1.48  0.47  2.16  3.15  3.39  2.66 24051998 00
  1.33 -0.23 -1.79 -2.84 -3.41 -3.41 -2.42 -0.48  1.49  2.88  3.53  3.23 24051998 12
  2.04  0.56 -1.13 -2.45 -3.23 -3.49 -2.90 -1.23  0.92  2.60  3.53  3.61 25051998 00
  2.66  1.21 -0.50 -2.05 -3.03 -3.54 -3.36 -2.03  0.10  2.10  3.37  3.84 25051998 12
  3.25  1.87  0.25 -1.49 -2.72 -3.42 -3.58 -2.74 -0.78  1.40  2.96  3.73 26051998 00
  3.56  2.38  0.85 -0.93 -2.38 -3.27 -3.66 -3.22 -1.59  0.67  2.52  3.57 26051998 12
  3.80  2.94  1.44 -0.27 -1.94 -3.02 -3.63 -3.62 -2.48 -0.38  1.73  3.12 27051998 00
  3.70  3.28  1.95  0.38 -1.37 -2.64 -3.37 -3.54 -2.79 -0.94  1.25  2.84 27051998 12
  3.68  3.61  2.52  1.03 -0.72 -2.20 -3.14 -3.61 -3.35 -1.97  0.14  2.03 28051998 00
  3.17  3.52  2.86  1.48 -0.06 -1.66 -2.73 -3.27 -3.24 -2.22 -0.30  1.65 28051998 12
  2.98  3.59  3.23  2.03  0.58 -1.08 -2.34 -3.09 -3.38 -2.89 -1.38  0.59 29051998 00
  2.16  3.04  3.15  2.33  1.03 -0.44 -1.83 -2.67 -3.04 -2.78 -1.59  0.24 29051998 12
  1.87  2.94  3.28  2.74  1.57  0.17 -1.32 -2.36 -2.94 -3.07 -2.42 -0.93 30051998 00
  0.79  2.07  2.73  2.62  1.76  0.59 -0.73 -1.87 -2.50 -2.71 -2.30 -1.10 30051998 12
  0.51  1.87  2.70  2.83  2.22  1.16 -0.09 -1.34 -2.14 -2.57 -2.53 -1.78 31051998 00
 -0.42  1.02  2.05  2.52  2.31  1.53  0.51 -0.64 -1.56 -2.02 -2.12 -1.66 31051998 12
 -0.58  0.76  1.86  2.47  2.48  1.91  1.00 -0.11 -1.16 -1.82 -2.17 -2.12 01061998 00
 -1.44 -0.29  0.90  1.75  2.07  1.84  1.19  0.33 -0.64 -1.39 -1.77 -1.84 01061998 12
 -1.43 -0.53  0.60  1.53  2.03  2.02  1.54  0.75 -0.20 -1.10 -1.67 -1.98 02061998 00
 -1.94 -1.36 -0.36  0.71  1.51  1.84  1.68  1.17  0.46 -0.37 -1.05 -1.42 02061998 12
 -1.51 -1.22 -0.48  0.48  1.34  1.82  1.85  1.46  0.79 -0.05 -0.89 -1.47 03061998 00
 -1.80 -1.83 -1.37 -0.49  0.51  1.29  1.65  1.57  1.17  0.51 -0.29 -1.00 03061998 12
 -1.41 -1.56 -1.36 -0.71  0.19  1.05  1.59  1.69  1.37  0.75 -0.05 -0.90 04061998 00
 -1.53 -1.88 -1.93 -1.49 -0.61  0.43  1.27  1.70  1.66  1.25  0.56 -0.27 04061998 12
 -1.05 -1.53 -1.73 -1.56 -0.90  0.07  1.02  1.64  1.77  1.46  0.80 -0.05 05061998 00
 -0.98 -1.64 -2.00 -2.00 -1.47 -0.48  0.65  1.53  1.97  1.89  1.38  0.58 05061998 12
 -0.37 -1.22 -1.72 -1.90 -1.63 -0.80  0.34  1.34  1.95  2.03  1.61  0.83 06061998 00
 -0.16 -1.16 -1.82 -2.12 -1.98 -1.23 -0.02  1.21  2.09  2.43  2.19  1.47 06061998 12
  0.50 -0.62 -1.47 -1.93 -2.05 -1.58 -0.51  0.78  1.83  2.36  2.27  1.60 07061998 00
  0.61 -0.55 -1.56 -2.15 -2.37 -2.03 -1.00  0.42  1.69  2.47  2.61  2.10 07061998 12
  1.16 -0.00 -1.19 -1.98 -2.38 -2.32 -1.53 -0.16  1.25  2.23  2.60  2.27 08061998 00
  1.37  0.24 -1.01 -1.92 -2.36 -2.33 -1.65 -0.31  1.22  2.38  2.96  2.82 08061998 12
  2.01  0.87 -0.49 -1.61 -2.25 -2.47 -2.02 -0.76  0.89  2.25  3.04  3.08 09061998 00
  2.35  1.21 -0.18 -1.46 -2.24 -2.61 -2.40 -1.33  0.31  1.86  2.90  3.23 09061998 12
  2.77  1.72  0.40 -1.02 -2.02 -2.56 -2.63 -1.90 -0.37  1.33  2.55  3.09 10061998 00
  2.84  1.84  0.56 -0.89 -2.02 -2.66 -2.84 -2.31 -0.90  0.88  2.28  3.05 10061998 12
  3.04  2.18  0.92 -0.56 -1.89 -2.72 -3.12 -2.91 -1.77  0.01  1.61  2.63 11061998 00
  2.92  2.33  1.12 -0.25 -1.67 -2.62 -3.07 -2.96 -1.98 -0.24  1.50  2.68 11061998 12
  3.22  2.85  1.74  0.37 -1.17 -2.32 -2.98 -3.16 -2.58 -1.08  0.76  2.18 12061998 00
  2.95  2.92  2.01  0.72 -0.74 -2.03 -2.79 -3.06 -2.67 -1.36  0.49  2.08 12061998 12
  3.05  3.25  2.56  1.34 -0.11 -1.55 -2.51 -3.02 -2.99 -2.06 -0.34  1.42 13061998 00
  2.60  3.11  2.74  1.66  0.37 -1.09 -2.17 -2.74 -2.83 -2.15 -0.62  1.15 13061998 12
  2.50  3.19  3.08  2.15  0.88 -0.61 -1.88 -2.66 -3.03 -2.78 -1.61  0.14 14061998 00
  1.70  2.69  2.94  2.35  1.21 -0.11 -1.45 -2.34 -2.76 -2.65 -1.76 -0.16 14061998 12
  1.48  2.60  3.09  2.75  1.71  0.43 -1.00 -2.10 -2.73 -2.96 -2.55 -1.26 15061998 00
  0.41  1.81  2.61  2.68  1.99  0.89 -0.38 -1.57 -2.30 -2.60 -2.37 -1.39 15061998 12
  0.14  1.60  2.56  2.85  2.40  1.38  0.14 -1.19 -2.14 -2.69 -2.84 -2.33 16061998 00
 -1.05  0.50  1.74  2.41  2.38  1.70  0.68 -0.50 -1.58 -2.21 -2.46 -2.19 16061998 12
 -1.23  0.20  1.53  2.40  2.63  2.18  1.23  0.08 -1.16 -2.03 -2.53 -2.66 17061998 00
 -2.17 -0.98  0.46  1.62  2.28  2.28  1.69  0.76 -0.33 -1.35 -1.97 -2.23 17061998 12
 -2.03 -1.17  0.14  1.42  2.28  2.55  2.20  1.36  0.29 -0.89 -1.77 -2.31 18061998 00
 -2.54 -2.16 -1.11  0.29  1.47  2.18  2.27  1.80  0.94 -0.10 -1.16 -1.86 18061998 12
 -2.20 -2.12 -1.41 -0.17  1.14  2.10  2.49  2.25  1.49  0.47 -0.71 -1.68 19061998 00
 -2.29 -2.60 -2.36 -1.40  0.01  1.32  2.17  2.41  2.04  1.19  0.13 -1.01 19061998 12
 -1.83 -2.26 -2.32 -1.73 -0.51  0.93  2.03  2.59  2.47  1.76  0.71 -0.54 20061998 00
 -1.65 -2.37 -2.75 -2.59 -1.64 -0.15  1.30  2.28  2.66  2.34  1.46  0.33 20061998 12
 -0.93 -1.89 -2.41 -2.51 -1.92 -0.61  0.97  2.21  2.88  2.83  2.06  0.92 21061998 00
 -0.45 -1.68 -2.47 -2.89 -2.74 -1.70 -0.05  1.55  2.63  3.04  2.65  1.63 21061998 12
  0.35 -1.08 -2.12 -2.71 -2.86 -2.27 -0.81  0.95  2.32  3.05  2.98  2.11 22061998 00
  0.85 -0.63 -1.93 -2.74 -3.14 -2.90 -1.69  0.16  1.84  2.93  3.29  2.78 22061998 12
  1.62  0.21 -1.31 -2.36 -2.94 -3.00 -2.20 -0.52  1.35  2.71  3.39  3.19 23061998 00
  2.15  0.79 -0.81 -2.12 -2.90 -3.23 -2.80 -1.32  0.66  2.34  3.33  3.54 23061998 12
  2.80  1.49 -0.09 -1.63 -2.63 -3.18 -3.16 -2.13 -0.23  1.67  2.97  3.52 24061998 00
  3.12  1.92  0.46 -1.19 -2.41 -3.09 -3.26 -2.55 -0.83  1.23  2.76  3.59 24061998 12
  3.56  2.54  1.14 -0.55 -2.00 -2.90 -3.37 -3.16 -1.83  0.17  2.00  3.13 25061998 00
  3.49  2.85  1.55  0.04 -1.56 -2.62 -3.16 -3.12 -2.09 -0.19  1.77  3.11 25061998 12
  3.74  3.40  2.21  0.74 -0.97 -2.25 -3.02 -3.35 -2.87 -1.31  0.72  2.36 26061998 00
  3.26  3.36  2.49  1.13 -0.41 -1.84 -2.72 -3.11 -2.82 -1.51  0.45  2.19 26061998 12
  3.31  3.65  3.03  1.79  0.27 -1.32 -2.40 -3.02 -3.13 -2.34 -0.64  1.25 27061998 00
  2.59  3.25  3.03  1.99  0.67 -0.85 -2.07 -2.74 -2.94 -2.39 -0.92  0.92 27061998 12
  2.41  3.25  3.30  2.47  1.22 -0.29 -1.67 -2.53 -3.00 -2.90 -1.89 -0.20 28061998 00
  1.44  2.53  2.92  2.47  1.38  0.12 -1.25 -2.21 -2.67 -2.64 -1.87 -0.38 28061998 12
  1.26  2.45  3.03  2.83  1.91  0.69 -0.72 -1.84 -2.50 -2.80 -2.49 -1.36 29061998 00
  0.21  1.58  2.41  2.54  1.96  0.93 -0.24 -1.40 -2.11 -2.41 -2.22 -1.33 29061998 12
  0.07  1.45  2.38  2.70  2.33  1.41  0.28 -0.96 -1.85 -2.33 -2.47 -2.02 30061998 00
 -0.90  0.50  1.62  2.21  2.15  1.53  0.60 -0.45 -1.40 -1.94 -2.12 -1.84 30061998 12
 -0.96  0.29  1.41  2.11  2.24  1.80  0.97 -0.05 -1.11 -1.82 -2.22 -2.25 01071998 00
 -1.72 -0.67  0.54  1.45  1.88  1.74  1.18  0.37 -0.54 -1.33 -1.75 -1.87 01071998 12
 -1.56 -0.77  0.31  1.25  1.80  1.84  1.42  0.67 -0.22 -1.12 -1.71 -2.03 02071998 00
 -2.01 -1.48 -0.53  0.52  1.31  1.65  1.53  1.04  0.33 -0.49 -1.18 -1.55 02071998 12
 -1.66 -1.41 -0.73  0.22  1.08  1.58  1.63  1.28  0.63 -0.17 -0.98 -1.54 03071998 00
 -1.85 -1.86 -1.40 -0.54  0.45  1.22  1.57  1.49  1.08  0.43 -0.36 -1.05 03071998 12
 -1.45 -1.61 -1.43 -0.82  0.08  0.93  1.45  1.53  1.22  0.61 -0.16 -0.98 04071998 00
 -1.57 -1.89 -1.90 -1.45 -0.57  0.46  1.27  1.68  1.63  1.23  0.56 -0.25 04071998 12
 -1.00 -1.45 -1.63 -1.47 -0.82  0.14  1.06  1.64  1.74  1.42  0.77 -0.07 05071998 00
 -0.95 -1.59 -1.94 -1.95 -1.46 -0.49  0.62  1.51  1.94  1.88  1.38  0.59 05071998 12
 -0.35 -1.20 -1.70 -1.90 -1.68 -0.91  0.20  1.23  1.87  1.95  1.54  0.75 06071998 00
 -0.22 -1.21 -1.88 -2.21 -2.14 -1.47 -0.30  0.96  1.88  2.29  2.10  1.41 06071998 12
  0.45 -0.65 -1.56 -2.07 -2.22 -1.83 -0.82  0.50  1.60  2.21  2.19  1.59 07071998 00
  0.61 -0.52 -1.58 -2.22 -2.50 -2.24 -1.29  0.14  1.48  2.35  2.60  2.19 07071998 12
  1.26  0.11 -1.13 -2.01 -2.46 -2.47 -1.80 -0.47  1.03  2.14  2.65  2.42 08071998 00
  1.55  0.40 -0.90 -1.94 -2.51 -2.65 -2.12 -0.84  0.80  2.15  2.92  2.97 08071998 12
  2.26  1.12 -0.25 -1.52 -2.32 -2.70 -2.53 -1.50  0.11  1.65  2.64  2.91 09071998 00
  2.38  1.26 -0.08 -1.48 -2.44 -2.92 -2.87 -1.98 -0.34  1.40  2.61  3.19 09071998 12
  2.92  1.89  0.57 -0.95 -2.15 -2.83 -3.07 -2.57 -1.11  0.73  2.23  3.05 10071998 00
  3.08  2.23  0.94 -0.54 -1.88 -2.70 -3.04 -2.72 -1.43  0.47  2.15  3.22 10071998 12
  3.52  2.88  1.63  0.11 -1.44 -2.49 -3.07 -3.13 -2.26 -0.52  1.37  2.70 11071998 00
  3.32  3.02  1.90  0.51 -1.05 -2.24 -2.90 -3.06 -2.41 -0.79  1.17  2.70 11071998 12
  3.51  3.48  2.52  1.15 -0.47 -1.89 -2.76 -3.19 -2.91 -1.57  0.44  2.23 12071998 00
  3.37  3.69  3.08  1.85  0.34 -1.22 -2.29 -2.87 -2.93 -2.03 -0.24  1.67 12071998 12
  3.01  3.61  3.30  2.13  0.70 -0.95 -2.19 -2.93 -3.24 -2.77 -1.25  0.72 13071998 00
  2.33  3.22  3.30  2.45  1.14 -0.37 -1.77 -2.62 -3.00 -2.73 -1.50  0.40 13071998 12
  2.12  3.24  3.57  2.95  1.69  0.19 -1.38 -2.45 -3.07 -3.23 -2.54 -0.91 14071998 00
  0.98  2.38  3.10  2.98  2.02  0.74 -0.73 -1.95 -2.64 -2.87 -2.40 -1.04 14071998 12
  0.79  2.30  3.20  3.32  2.57  1.35 -0.13 -1.53 -2.44 -2.97 -2.99 -2.13 15071998 00
 -0.52  1.18  2.37  2.91  2.63  1.66  0.46 -0.91 -1.98 -2.55 -2.68 -2.13 15071998 12
 -0.79  0.88  2.20  2.96  2.97  2.23  1.09 -0.27 -1.52 -2.32 -2.77 -2.73 16071998 00
 -1.89 -0.40  1.13  2.20  2.65  2.38  1.52  0.41 -0.82 -1.76 -2.25 -2.34 16071998 12
 -1.82 -0.60  0.91  2.12  2.80  2.82  2.18  1.16 -0.09 -1.25 -2.00 -2.44 17071998 00
 -2.45 -1.73 -0.42  1.00  2.04  2.48  2.29  1.56  0.59 -0.53 -1.46 -1.97 17071998 12
 -2.15 -1.80 -0.78  0.57  1.75  2.47  2.58  2.11  1.23  0.14 -0.97 -1.73 18071998 00
 -2.20 -2.32 -1.78 -0.63  0.72  1.79  2.32  2.26  1.67  0.75 -0.35 -1.34 18071998 12
 -1.94 -2.23 -2.06 -1.23  0.05  1.30  2.16  2.46  2.17  1.40  0.39 -0.75 19071998 00
 -1.62 -2.13 -2.32 -1.88 -0.78  0.62  1.80  2.50  2.59  2.12  1.27  0.16 19071998 12
 -0.97 -1.72 -2.15 -2.16 -1.44 -0.15  1.21  2.22  2.64  2.44  1.70  0.67 20071998 00
 -0.57 -1.59 -2.20 -2.46 -2.11 -1.00  0.50  1.81  2.64  2.82  2.32  1.36 20071998 12
  0.16 -1.09 -1.93 -2.41 -2.44 -1.71 -0.31  1.22  2.36  2.90  2.73  1.90 21071998 00
  0.77 -0.57 -1.67 -2.31 -2.57 -2.17 -0.93  0.71  2.12  2.98  3.11  2.49 21071998 12
  1.39  0.03 -1.32 -2.22 -2.75 -2.79 -1.96 -0.39  1.28  2.46  2.97  2.70 22071998 00
  1.73  0.47 -0.96 -2.08 -2.69 -2.83 -2.23 -0.75  1.06  2.50  3.32  3.33 22071998 12
  2.51  1.26 -0.27 -1.64 -2.51 -2.97 -2.84 -1.74  0.03  1.72  2.82  3.18 23071998 00
  2.65  1.47  0.09 -1.40 -2.44 -2.98 -2.99 -2.12 -0.41  1.44  2.72  3.36 23071998 12
  3.11  2.02  0.65 -0.95 -2.24 -3.02 -3.36 -2.96 -1.53  0.41  2.04  2.96 24071998 00
  3.11  2.33  1.00 -0.49 -1.93 -2.83 -3.24 -2.99 -1.76  0.15  1.90  3.03 24071998 12
  3.42  2.86  1.60  0.11 -1.50 -2.62 -3.26 -3.38 -2.63 -0.93  1.00  2.40 25071998 00
  3.09  2.92  1.85  0.47 -1.07 -2.33 -3.04 -3.22 -2.62 -1.06  0.91  2.47 25071998 12
  3.34  3.40  2.52  1.20 -0.37 -1.81 -2.72 -3.18 -3.04 -1.89 -0.00  1.75 26071998 00
  2.87  3.23  2.67  1.44  0.03 -1.46 -2.48 -2.98 -2.92 -1.97 -0.22  1.61 26071998 12
  2.85  3.42  3.11  2.00  0.64 -0.95 -2.15 -2.85 -3.11 -2.62 -1.18  0.64 27071998 00
  2.12  2.91  2.93  2.10  0.85 -0.57 -1.85 -2.61 -2.89 -2.53 -1.29  0.48 27071998 12
  2.02  2.98  3.19  2.56  1.39  0.00 -1.40 -2.32 -2.81 -2.80 -1.96 -0.40 28071998 00
  1.24  2.37  2.84  2.52  1.53  0.32 -1.01 -2.02 -2.53 -2.58 -1.95 -0.59 28071998 12
  1.03  2.26  2.90  2.79  1.99  0.86 -0.46 -1.59 -2.24 -2.53 -2.26 -1.21 29071998 00
  0.29  1.63  2.45  2.61  2.08  1.10 -0.04 -1.19 -1.92 -2.24 -2.09 -1.27 29071998 12
  0.07  1.42  2.34  2.66  2.31  1.46  0.39 -0.80 -1.65 -2.12 -2.24 -1.78 30071998 00
 -0.69  0.64  1.70  2.25  2.18  1.57  0.67 -0.36 -1.28 -1.80 -2.00 -1.75 30071998 12
 -0.91  0.29  1.38  2.05  2.13  1.69  0.89 -0.08 -1.06 -1.71 -2.05 -2.05 31071998 00
 -1.50 -0.47  0.67  1.53  1.89  1.73  1.17  0.39 -0.50 -1.24 -1.64 -1.76 31071998 12
 -1.47 -0.71  0.32  1.21  1.70  1.69  1.26  0.56 -0.29 -1.11 -1.64 -1.91 01081998 00
 -1.86 -1.33 -0.42  0.55  1.28  1.57  1.45  0.99  0.32 -0.47 -1.13 -1.49 01081998 12
 -1.61 -1.36 -0.71  0.17  0.95  1.40  1.43  1.10  0.51 -0.22 -0.97 -1.48 02081998 00
 -1.75 -1.74 -1.30 -0.48  0.46  1.20  1.53  1.47  1.10  0.50 -0.22 -0.87 02081998 12
 -1.26 -1.43 -1.30 -0.72  0.14  1.00  1.55  1.68  1.47  0.98  0.31 -0.45 03081998 00
 -1.06 -1.43 -1.55 -1.22 -0.44  0.47  1.26  1.67  1.68  1.29  0.65 -0.16 03081998 12
 -0.95 -1.48 -1.74 -1.66 -1.11 -0.22  0.74  1.44  1.68  1.48  0.90  0.09 04081998 00
 -0.81 -1.52 -1.92 -2.01 -1.64 -0.75  0.42  1.42  2.00  2.05  1.61  0.81 04081998 12
 -0.16 -1.10 -1.73 -2.08 -2.04 -1.40 -0.30  0.87  1.71  2.00  1.73  0.98 05081998 00
  0.00 -1.06 -1.89 -2.33 -2.38 -1.86 -0.75  0.63  1.73  2.34  2.30  1.68 05081998 12
  0.69 -0.46 -1.52 -2.17 -2.44 -2.19 -1.24  0.18  1.51  2.37  2.58  2.10 06081998 00
  1.10 -0.11 -1.37 -2.23 -2.67 -2.63 -1.84 -0.37  1.21  2.34  2.83  2.57 06081998 12
  1.63  0.39 -1.00 -2.11 -2.76 -2.97 -2.49 -1.14  0.58  2.00  2.80  2.83 07081998 00
  2.06  0.83 -0.59 -1.90 -2.71 -3.06 -2.77 -1.56  0.27  1.90  2.96  3.28 07081998 12
  2.70  1.48  0.02 -1.50 -2.56 -3.14 -3.20 -2.36 -0.62  1.29  2.63  3.27 08081998 00
  3.00  1.87  0.46 -1.15 -2.41 -3.14 -3.35 -2.73 -1.09  0.96  2.53  3.40 08081998 12
  3.44  2.48  1.05 -0.62 -2.13 -3.10 -3.60 -3.41 -2.11 -0.05  1.89  3.08 09081998 00
  3.49  2.89  1.52 -0.05 -1.70 -2.82 -3.41 -3.40 -2.37 -0.36  1.70  3.12 09081998 12
  3.79  3.46  2.19  0.62 -1.17 -2.54 -3.38 -3.73 -3.21 -1.53  0.71  2.46 10081998 00
  3.43  3.55  2.62  1.13 -0.54 -2.11 -3.07 -3.53 -3.26 -1.84  0.31  2.28 10081998 12
  3.49  3.88  3.20  1.77  0.10 -1.65 -2.85 -3.54 -3.70 -2.86 -0.90  1.23 11081998 00
  2.78  3.51  3.32  2.15  0.64 -1.06 -2.43 -3.23 -3.49 -2.90 -1.21  0.99 11081998 12
  2.71  3.67  3.78  2.85  1.41 -0.30 -1.86 -2.86 -3.42 -3.37 -2.22 -0.22 12081998 00
  1.70  2.98  3.48  2.99  1.71  0.24 -1.38 -2.52 -3.13 -3.23 -2.45 -0.72 12081998 12
  1.28  2.73  3.48  3.33  2.27  0.88 -0.75 -2.09 -2.92 -3.33 -3.07 -1.77 13081998 00
  0.12  1.83  2.88  3.20  2.61  1.40  0.02 -1.42 -2.38 -2.85 -2.80 -1.89 13081998 12
 -0.22  1.51  2.72  3.26  2.99  1.99  0.73 -0.74 -1.87 -2.54 -2.84 -2.47 14081998 00
 -1.24  0.41  1.82  2.68  2.83  2.23  1.17 -0.08 -1.32 -2.11 -2.51 -2.43 14081998 12
 -1.62 -0.19  1.29  2.34  2.77  2.50  1.65  0.54 -0.72 -1.70 -2.29 -2.57 15081998 00
 -2.28 -1.25  0.18  1.44  2.21  2.36  1.90  1.03 -0.01 -1.08 -1.82 -2.22 15081998 12
 -2.25 -1.66 -0.49  0.82  1.81  2.29  2.17  1.56  0.67 -0.40 -1.33 -1.90 16081998 00
 -2.19 -2.04 -1.26 -0.04  1.15  1.98  2.25  2.01  1.33  0.43 -0.60 -1.38 16081998 12
 -1.83 -2.01 -1.68 -0.78  0.41  1.47  2.12  2.23  1.84  1.08  0.11 -0.90 17081998 00
 -1.60 -2.03 -2.12 -1.60 -0.58  0.62  1.59  2.08  2.05  1.53  0.67 -0.36 17081998 12
 -1.31 -1.91 -2.23 -2.12 -1.41 -0.25  0.94  1.81  2.14  1.91  1.20  0.25 18081998 00
 -0.83 -1.68 -2.17 -2.32 -1.93 -0.91  0.44  1.59  2.28  2.34  1.83  0.91 18081998 12
 -0.21 -1.32 -2.06 -2.47 -2.44 -1.72 -0.44  0.94  1.96  2.41  2.21  1.45 19081998 00
  0.40 -0.79 -1.77 -2.32 -2.46 -1.99 -0.82  0.68  1.93  2.65  2.71  2.08 19081998 12
  1.02 -0.24 -1.46 -2.25 -2.67 -2.58 -1.70 -0.21  1.31  2.38  2.81  2.50 20081998 00
  1.56  0.36 -0.96 -1.95 -2.46 -2.50 -1.81 -0.37  1.29  2.54  3.17  3.05 20081998 12
  2.19  0.97 -0.48 -1.70 -2.45 -2.82 -2.57 -1.40  0.29  1.82  2.77  2.98 21081998 00
  2.36  1.21 -0.15 -1.53 -2.43 -2.84 -2.67 -1.61  0.12  1.82  2.93  3.34 21081998 12
  2.89  1.75  0.35 -1.20 -2.31 -2.95 -3.11 -2.45 -0.87  0.99  2.39  3.11 22081998 00
  3.00  2.03  0.71 -0.81 -2.10 -2.83 -3.08 -2.58 -1.12  0.78  2.34  3.23 22081998 12
  3.35  2.53  1.23 -0.33 -1.79 -2.72 -3.19 -3.04 -1.88  0.02  1.80  2.97 23081998 00
  3.37  2.83  1.60  0.18 -1.34 -2.38 -2.90 -2.86 -1.92 -0.16  1.69  2.95 23081998 12
  3.51  3.17  2.01  0.58 -1.07 -2.32 -3.05 -3.32 -2.78 -1.25  0.68  2.20 24081998 00
  3.02  3.03  2.11  0.75 -0.76 -2.11 -2.91 -3.19 -2.77 -1.39  0.53  2.17 24081998 12
  3.13  3.33  2.58  1.28 -0.24 -1.72 -2.69 -3.18 -3.10 -2.06 -0.23  1.54 25081998 00
  2.72  3.19  2.73  1.55  0.17 -1.33 -2.40 -2.94 -2.94 -2.13 -0.49  1.33 25081998 12
  2.60  3.22  2.98  1.92  0.58 -0.95 -2.17 -2.86 -3.10 -2.65 -1.29  0.48 26081998 00
  1.93  2.74  2.79  1.99  0.75 -0.64 -1.92 -2.68 -2.97 -2.65 -1.51  0.20 26081998 12
  1.70  2.66  2.90  2.30  1.15 -0.18 -1.53 -2.42 -2.86 -2.79 -1.96 -0.46 27081998 00
  1.12  2.20  2.66  2.33  1.36  0.18 -1.12 -2.09 -2.58 -2.62 -2.02 -0.72 27081998 12
  0.82  1.98  2.57  2.43  1.62  0.52 -0.73 -1.80 -2.41 -2.63 -2.30 -1.27 28081998 00
  0.16  1.43  2.18  2.31  1.79  0.83 -0.27 -1.36 -2.04 -2.32 -2.15 -1.38 28081998 12
 -0.13  1.13  1.98  2.25  1.89  1.05  0.04 -1.04 -1.82 -2.21 -2.25 -1.75 29081998 00
 -0.72  0.53  1.50  1.99  1.88  1.30  0.46 -0.50 -1.35 -1.80 -1.95 -1.68 29081998 12
 -0.90  0.20  1.19  1.78  1.85  1.45  0.70 -0.17 -1.06 -1.62 -1.89 -1.84 30081998 00
 -1.31 -0.37  0.66  1.42  1.74  1.60  1.10  0.39 -0.43 -1.09 -1.45 -1.56 30081998 12
 -1.32 -0.65  0.27  1.10  1.57  1.62  1.28  0.68 -0.07 -0.81 -1.29 -1.53 31081998 00
 -1.50 -1.06 -0.29  0.58  1.27  1.58  1.55  1.21  0.63 -0.09 -0.74 -1.14 31081998 12
 -1.33 -1.25 -0.74  0.04  0.85  1.37  1.50  1.30  0.84  0.21 -0.49 -1.05 01091998 00
 -1.39 -1.51 -1.22 -0.53  0.32  1.10  1.54  1.64  1.39  0.87  0.14 -0.63 01091998 12
 -1.20 -1.52 -1.58 -1.18 -0.42  0.47  1.21  1.55  1.52  1.14  0.48 -0.34 02091998 00
 -1.10 -1.60 -1.82 -1.67 -1.00 -0.01  0.98  1.67  1.90  1.69  1.09  0.25 02091998 12
 -0.70 -1.44 -1.88 -2.02 -1.65 -0.74  0.44  1.44  2.00  2.00  1.51  0.68 03091998 00
 -0.32 -1.29 -1.92 -2.21 -2.03 -1.21  0.07  1.32  2.17  2.44  2.11  1.28 03091998 12
  0.20 -0.99 -1.89 -2.40 -2.49 -1.92 -0.67  0.83  2.01  2.63  2.57  1.86 04091998 00
  0.78 -0.50 -1.64 -2.33 -2.59 -2.23 -1.07  0.55  1.99  2.88  3.07  2.50 04091998 12
  1.38  0.02 -1.37 -2.31 -2.82 -2.81 -1.92 -0.28  1.46  2.68  3.22  2.92 05091998 00
  1.85  0.51 -1.02 -2.20 -2.85 -3.02 -2.38 -0.78  1.14  2.63  3.44  3.41 05091998 12
  2.46  1.09 -0.55 -2.00 -2.92 -3.38 -3.13 -1.74  0.33  2.20  3.36  3.74 06091998 00
  3.12  1.82  0.26 -1.40 -2.51 -3.08 -3.05 -1.95  0.05  2.10  3.48  4.11 06091998 12
  3.70  2.44  0.86 -0.98 -2.33 -3.17 -3.53 -2.95 -1.15  1.15  2.94  3.90 07091998 00
  3.96  2.93  1.43 -0.37 -1.97 -2.97 -3.47 -3.19 -1.64  0.67  2.74  3.99 07091998 12
  4.35  3.59  2.11  0.33 -1.49 -2.71 -3.46 -3.63 -2.65 -0.50  1.80  3.40 08091998 00
  4.13  3.83  2.50  0.87 -1.02 -2.43 -3.29 -3.60 -2.93 -1.01  1.42  3.26 08091998 12
  4.23  4.30  3.21  1.66 -0.26 -1.90 -2.96 -3.56 -3.44 -2.01  0.28  2.44 09091998 00
  3.77  4.23  3.58  2.14  0.45 -1.37 -2.59 -3.29 -3.41 -2.42 -0.33  1.92 09091998 12
  3.47  4.21  3.93  2.66  1.08 -0.81 -2.22 -3.09 -3.51 -3.08 -1.46  0.75 10091998 00
  2.59  3.62  3.81  2.93  1.49 -0.18 -1.77 -2.76 -3.26 -3.13 -1.92  0.12 10091998 12
  2.06  3.34  3.83  3.30  2.01  0.49 -1.19 -2.37 -3.06 -3.28 -2.62 -0.95 11091998 00
  1.05  2.55  3.35  3.29  2.31  0.97 -0.58 -1.92 -2.72 -3.09 -2.83 -1.58 11091998 12
  0.27  1.93  3.00  3.33  2.79  1.67  0.32 -1.11 -2.07 -2.60 -2.68 -1.98 12091998 00
 -0.49  1.16  2.37  2.94  2.75  1.87  0.71 -0.62 -1.70 -2.32 -2.58 -2.27 12091998 12
 -1.18  0.34  1.69  2.53  2.69  2.19  1.23  0.08 -1.12 -1.94 -2.40 -2.49 13091998 00
 -1.92 -0.70  0.74  1.84  2.42  2.35  1.73  0.81 -0.26 -1.23 -1.80 -2.09 13091998 12
 -1.97 -1.22 -0.04  1.12  1.93  2.20  1.94  1.26  0.38 -0.62 -1.36 -1.79 14091998 00
 -1.94 -1.60 -0.72  0.42  1.43  2.02  2.10  1.72  1.00  0.09 -0.83 -1.47 14091998 12
 -1.85 -1.94 -1.50 -0.57  0.55  1.49  1.98  1.99  1.60  0.91  0.03 -0.80 15091998 00
 -1.35 -1.64 -1.61 -1.02 -0.04  1.01  1.80  2.11  1.97  1.41  0.59 -0.39 15091998 12
 -1.22 -1.75 -2.01 -1.82 -1.04  0.07  1.16  1.91  2.15  1.90  1.25  0.36 16091998 00
 -0.61 -1.31 -1.70 -1.79 -1.39 -0.44  0.75  1.78  2.30  2.25  1.63  0.72 16091998 12
 -0.37 -1.36 -2.00 -2.36 -2.27 -1.51 -0.24  1.06  1.98  2.33  2.06  1.30 17091998 00
  0.29 -0.83 -1.69 -2.13 -2.19 -1.65 -0.49  0.90  2.00  2.58  2.50  1.80 17091998 12
  0.76 -0.48 -1.58 -2.25 -2.55 -2.30 -1.29  0.18  1.54  2.41  2.63  2.14 18091998 00
  1.14 -0.06 -1.31 -2.16 -2.58 -2.49 -1.67 -0.22  1.30  2.38  2.83  2.52 18091998 12
  1.54  0.30 -1.08 -2.15 -2.77 -2.95 -2.45 -1.12  0.55  1.90  2.64  2.62 19091998 00
  1.82  0.61 -0.75 -1.98 -2.70 -2.95 -2.56 -1.33  0.41  1.89  2.79  2.95 19091998 12
  2.27  1.06 -0.36 -1.76 -2.68 -3.15 -3.06 -2.10 -0.39  1.31  2.46  2.91 20091998 00
  2.47  1.33 -0.03 -1.49 -2.56 -3.11 -3.10 -2.27 -0.62  1.19  2.47  3.10 20091998 12
  2.86  1.78  0.42 -1.13 -2.38 -3.10 -3.33 -2.83 -1.38  0.52  2.04  2.86 21091998 00
  2.91  2.04  0.69 -0.79 -2.17 -3.00 -3.32 -2.95 -1.61  0.30  1.96  2.94 21091998 12
  3.18  2.47  1.15 -0.34 -1.85 -2.84 -3.34 -3.25 -2.22 -0.38  1.43  2.64 22091998 00
  3.12  2.66  1.43  0.01 -1.53 -2.64 -3.21 -3.23 -2.39 -0.67  1.23  2.55 22091998 12
  3.20  2.95  1.84  0.45 -1.12 -2.37 -3.09 -3.31 -2.77 -1.26  0.67  2.19 23091998 00
  3.01  3.04  2.14  0.80 -0.69 -2.05 -2.86 -3.18 -2.83 -1.53  0.34  1.97 23091998 12
  2.94  3.15  2.45  1.17 -0.28 -1.73 -2.67 -3.14 -3.02 -2.01 -0.24  1.48 24091998 00
  2.63  3.08  2.63  1.49  0.15 -1.31 -2.35 -2.87 -2.87 -2.10 -0.53  1.21 24091998 12
  2.45  3.04  2.80  1.79  0.51 -0.94 -2.09 -2.72 -2.90 -2.40 -1.02  0.70 25091998 00
  2.08  2.84  2.84  2.06  0.90 -0.44 -1.65 -2.38 -2.67 -2.38 -1.29  0.30 25091998 12
  1.74  2.62  2.80  2.23  1.15 -0.10 -1.36 -2.18 -2.57 -2.47 -1.64 -0.20 26091998 00
  1.28  2.30  2.69  2.36  1.46  0.35 -0.87 -1.77 -2.21 -2.26 -1.70 -0.51 26091998 12
  0.91  2.00  2.53  2.40  1.67  0.66 -0.49 -1.47 -2.00 -2.18 -1.85 -0.90 27091998 00
  0.41  1.56  2.25  2.34  1.85  0.98 -0.04 -1.05 -1.68 -1.95 -1.87 -1.21 27091998 12
 -0.10  1.07  1.90  2.16  1.87  1.16  0.28 -0.70 -1.42 -1.78 -1.86 -1.47 28091998 00
 -0.57  0.55  1.47  1.93  1.89  1.40  0.66 -0.21 -1.01 -1.48 -1.69 -1.56 28091998 12
 -0.93  0.03  0.98  1.62  1.78  1.53  0.96  0.22 -0.59 -1.18 -1.49 -1.56 29091998 00
 -1.21 -0.44  0.48  1.26  1.66  1.68  1.33  0.73 -0.03 -0.76 -1.24 -1.50 29091998 12
 -1.48 -1.02 -0.24  0.61  1.24  1.47  1.34  0.93  0.32 -0.40 -1.00 -1.38 30091998 00
 -1.55 -1.38 -0.80  0.05  0.88  1.43  1.60  1.43  0.96  0.28 -0.50 -1.14 30091998 12
 -1.54 -1.71 -1.46 -0.78  0.13  0.96  1.46  1.55  1.31  0.76  0.01 -0.80 01101998 00
 -1.40 -1.72 -1.75 -1.28 -0.39  0.65  1.47  1.84  1.76  1.29  0.53 -0.41 01101998 12
 -1.27 -1.85 -2.15 -2.02 -1.29 -0.15  0.98  1.76  2.02  1.77  1.10  0.19 02101998 00
 -0.84 -1.66 -2.11 -2.19 -1.69 -0.59  0.75  1.81  2.36  2.29  1.65  0.65 02101998 12
 -0.54 -1.64 -2.34 -2.69 -2.51 -1.56 -0.08  1.35  2.31  2.64  2.26  1.32 03101998 00
  0.15 -1.15 -2.11 -2.62 -2.65 -1.94 -0.47  1.19  2.42  3.02  2.84  1.91 03101998 12
  0.65 -0.83 -2.06 -2.83 -3.16 -2.81 -1.49  0.36  1.99  2.97  3.20  2.53 04101998 00
  1.28 -0.18 -1.67 -2.66 -3.17 -3.07 -2.00 -0.10  1.77  3.04  3.56  3.09 04101998 12
  1.82  0.30 -1.40 -2.65 -3.40 -3.65 -3.01 -1.23  0.92  2.58  3.47  3.47 05101998 00
  2.43  0.91 -0.79 -2.31 -3.25 -3.69 -3.34 -1.82  0.44  2.40  3.53  3.85 05101998 12
  3.05  1.51 -0.24 -2.00 -3.18 -3.87 -3.95 -2.91 -0.76  1.54  3.10  3.76 06101998 00
  3.47  2.10  0.41 -1.44 -2.87 -3.71 -3.99 -3.31 -1.33  1.09  2.94  3.89 06101998 12
  3.93  2.78  1.12 -0.76 -2.44 -3.51 -4.08 -3.88 -2.40 -0.01  2.21  3.51 07101998 00
  3.94  3.27  1.68 -0.09 -1.95 -3.21 -3.94 -4.04 -2.99 -0.75  1.65  3.26 07101998 12
  3.95  3.68  2.29  0.56 -1.36 -2.86 -3.78 -4.18 -3.68 -1.82  0.60  2.56 08101998 00
  3.61  3.76  2.75  1.11 -0.68 -2.37 -3.45 -4.00 -3.82 -2.43 -0.12  2.09 08101998 12
  3.41  3.90  3.33  1.84  0.18 -1.62 -2.86 -3.59 -3.75 -2.90 -0.84  1.44 09101998 00
  3.07  3.87  3.73  2.52  0.98 -0.80 -2.23 -3.11 -3.51 -3.12 -1.57  0.58 09101998 12
  2.40  3.43  3.66  2.84  1.43 -0.17 -1.75 -2.76 -3.29 -3.26 -2.21 -0.30 10101998 00
  1.59  2.89  3.44  3.03  1.83  0.41 -1.18 -2.35 -3.01 -3.21 -2.64 -1.11 10101998 12
  0.80  2.29  3.13  3.22  2.47  1.30 -0.10 -1.38 -2.17 -2.58 -2.48 -1.53 11101998 00
  0.07  1.62  2.65  2.98  2.54  1.52  0.30 -1.03 -1.95 -2.45 -2.56 -1.99 11101998 12
 -0.70  0.84  2.05  2.68  2.61  1.91  0.91 -0.27 -1.32 -1.98 -2.35 -2.25 12101998 00
 -1.44 -0.12  1.17  2.07  2.37  2.06  1.28  0.29 -0.80 -1.62 -2.09 -2.27 12101998 12
 -1.91 -0.96  0.30  1.36  2.01  2.11  1.74  1.02  0.14 -0.76 -1.32 -1.61 13101998 00
 -1.61 -1.09 -0.13  0.92  1.76  2.13  2.02  1.49  0.70 -0.25 -1.07 -1.62 13101998 12
 -1.92 -1.83 -1.17 -0.15  0.90  1.65  1.92  1.77  1.29  0.58 -0.29 -1.03 14101998 00
 -1.49 -1.70 -1.51 -0.81  0.15  1.09  1.71  1.88  1.64  1.03  0.20 -0.71 14101998 12
 -1.40 -1.82 -1.95 -1.58 -0.72  0.34  1.27  1.79  1.85  1.47  0.76 -0.13 15101998 00
 -1.00 -1.56 -1.84 -1.78 -1.18 -0.18  0.91  1.73  2.04  1.84  1.19  0.28 15101998 12
 -0.76 -1.60 -2.09 -2.26 -1.91 -0.96  0.31  1.41  2.10  2.26  1.97  1.29 16101998 00
  0.37 -0.63 -1.31 -1.60 -1.47 -0.71  0.49  1.67  2.50  2.74  2.39  1.53 16101998 12
  0.42 -0.78 -1.66 -2.21 -2.37 -1.84 -0.66  0.74  1.91  2.54  2.53  1.88 17101998 00
  0.88 -0.32 -1.42 -2.10 -2.43 -2.19 -1.20  0.23  1.53  2.34  2.49  1.94 17101998 12
  0.91 -0.31 -1.53 -2.32 -2.70 -2.56 -1.68 -0.20  1.32  2.36  2.77  2.43 18101998 00
  1.47  0.26 -1.07 -2.05 -2.55 -2.58 -1.90 -0.48  1.15  2.36  2.96  2.77 18101998 12
  1.85  0.62 -0.79 -1.96 -2.62 -2.85 -2.41 -1.12  0.59  2.01  2.84  2.90 19101998 00
  2.14  0.94 -0.44 -1.73 -2.52 -2.86 -2.58 -1.43  0.29  1.85  2.81  3.04 19101998 12
  2.42  1.23 -0.17 -1.62 -2.58 -3.07 -3.00 -2.05 -0.33  1.43  2.61  3.12 20101998 00
  2.76  1.66  0.33 -1.16 -2.24 -2.75 -2.71 -1.81 -0.12  1.74  3.11  3.80 20101998 12
  3.63  2.67  1.35 -0.24 -1.47 -2.22 -2.55 -2.12 -0.71  1.11  2.59  3.38 21101998 00
  3.36  2.49  1.20 -0.34 -1.72 -2.56 -2.93 -2.63 -1.33  0.54  2.19  3.19 21101998 12
  3.43  2.78  1.60  0.17 -1.27 -2.21 -2.70 -2.63 -1.62  0.15  1.91  3.10 22101998 00
  3.54  3.10  1.94  0.51 -1.06 -2.14 -2.72 -2.80 -2.01 -0.35  1.48  2.82 22101998 12
  3.44  3.25  2.28  1.00 -0.51 -1.73 -2.46 -2.76 -2.32 -0.91  0.88  2.33 23101998 00
  3.14  3.16  2.34  1.07 -0.41 -1.77 -2.59 -2.97 -2.71 -1.54  0.21  1.77 23101998 12
  2.76  3.01  2.41  1.23 -0.15 -1.54 -2.42 -2.81 -2.60 -1.47  0.36  2.09 24101998 00
  3.20  3.62  3.25  2.33  1.16 -0.27 -1.28 -1.83 -1.93 -1.27  0.19  1.69 24101998 12
  2.77  3.19  2.92  1.92  0.64 -0.77 -1.78 -2.36 -2.57 -2.12 -0.90  0.69 25101998 00
  2.03  2.81  2.88  2.24  1.17 -0.10 -1.28 -2.01 -2.34 -2.20 -1.33  0.09 25101998 12
  1.49  2.43  2.72  2.29  1.35  0.22 -0.97 -1.77 -2.16 -2.15 -1.52 -0.28 26101998 00
  1.08  2.10  2.57  2.38  1.59  0.55 -0.64 -1.58 -2.09 -2.25 -1.85 -0.78 26101998 12
  0.62  1.81  2.54  2.69  2.29  1.48  0.44 -0.60 -1.22 -1.46 -1.32 -0.61 27101998 00
  0.51  1.61  2.35  2.51  2.17  1.44  0.50 -0.52 -1.25 -1.65 -1.73 -1.28 27101998 12
 -0.33  0.76  1.72  2.25  2.31  1.88  1.17  0.29 -0.51 -1.00 -1.22 -1.12 28101998 00
 -0.52  0.47  1.45  2.12  2.30  2.00  1.35  0.51 -0.36 -1.00 -1.43 -1.63 28101998 12
 -1.37 -0.58  0.38  1.28  1.78  1.83  1.49  0.89  0.11 -0.69 -1.26 -1.55 29101998 00
 -1.55 -1.04 -0.12  0.87  1.63  1.94  1.85  1.37  0.66 -0.22 -1.00 -1.53 29101998 12
 -1.81 -1.72 -1.09 -0.14  0.85  1.58  1.83  1.67  1.14  0.37 -0.52 -1.24 30101998 00
 -1.66 -1.83 -1.54 -0.75  0.31  1.27  1.86  1.95  1.60  0.87 -0.07 -1.04 30101998 12
 -1.73 -2.13 -2.19 -1.66 -0.59  0.67  1.67  2.18  2.13  1.62  0.81 -0.20 31101998 00
 -1.14 -1.72 -2.00 -1.81 -0.94  0.35  1.57  2.36  2.54  2.11  1.23  0.10 31101998 12
 -1.12 -2.01 -2.54 -2.66 -2.08 -0.78  0.81  2.07  2.76  2.74  2.04  0.95 01111998 00
 -0.33 -1.49 -2.21 -2.54 -2.28 -1.18  0.45  1.96  2.91  3.13  2.54  1.39 01111998 12
  0.00 -1.43 -2.42 -3.00 -3.07 -2.24 -0.56  1.31  2.66  3.38  3.25  2.31 02111998 00
  1.03 -0.53 -1.84 -2.61 -2.89 -2.39 -0.90  1.05  2.65  3.58  3.66  2.79 02111998 12
  1.42 -0.26 -1.81 -2.84 -3.44 -3.42 -2.30 -0.27  1.76  3.14  3.71  3.29 03111998 00
  2.00  0.46 -1.28 -2.58 -3.34 -3.55 -2.83 -0.95  1.29  2.93  3.78  3.71 03111998 12
  2.57  1.01 -0.79 -2.32 -3.29 -3.78 -3.48 -1.96  0.35  2.40  3.61  3.97 04111998 00
  3.21  1.67 -0.07 -1.85 -3.04 -3.71 -3.78 -2.71 -0.50  1.82  3.40  4.08 04111998 12
  3.75  2.37  0.70 -1.18 -2.60 -3.45 -3.77 -3.13 -1.23  1.21  3.10  4.14 05111998 00
  4.24  3.17  1.59 -0.29 -1.95 -3.00 -3.58 -3.44 -1.98  0.34  2.46  3.76 05111998 12
  4.19  3.47  1.94  0.15 -1.73 -3.01 -3.78 -3.96 -3.03 -0.89  1.44  3.11 06111998 00
  3.87  3.69  2.41  0.75 -1.11 -2.62 -3.54 -3.93 -3.44 -1.71  0.66  2.56 06111998 12
  3.63  3.86  2.96  1.42 -0.30 -1.97 -3.03 -3.59 -3.49 -2.21 -0.04  2.05 07111998 00
  3.40  3.96  3.50  2.20  0.65 -1.11 -2.37 -3.11 -3.33 -2.58 -0.75  1.39 07111998 12
  2.97  3.81  3.78  2.82  1.49 -0.20 -1.66 -2.56 -3.03 -2.80 -1.48  0.48 08111998 00
  2.22  3.29  3.56  2.86  1.57  0.05 -1.48 -2.49 -3.05 -3.08 -2.17 -0.42 08111998 12
  1.46  2.78  3.45  3.32  2.48  1.36 -0.10 -1.31 -1.99 -2.22 -1.75 -0.38 09111998 00
  1.35  2.77  3.54  3.52  2.67  1.47  0.02 -1.23 -2.07 -2.60 -2.68 -1.92 09111998 12
 -0.52  1.00  2.12  2.64  2.45  1.61  0.49 -0.73 -1.67 -2.15 -2.28 -1.87 10111998 00
 -0.79  0.62  1.81  2.50  2.54  1.95  1.00 -0.10 -1.15 -1.84 -2.28 -2.37 10111998 12
 -1.80 -0.67  0.62  1.58  2.01  1.84  1.24  0.40 -0.57 -1.39 -1.83 -1.97 11111998 00
 -1.65 -0.81  0.33  1.35  2.01  2.17  1.87  1.22  0.35 -0.60 -1.28 -1.69 11111998 12
 -1.86 -1.49 -0.62  0.44  1.36  1.85  1.88  1.52  0.90  0.12 -0.65 -1.13 12111998 00
 -1.35 -1.27 -0.71  0.18  1.13  1.82  2.07  1.90  1.35  0.54 -0.42 -1.21 12111998 12
 -1.73 -1.98 -1.81 -1.12 -0.13  0.85  1.53  1.76  1.56  1.03  0.31 -0.49 13111998 00
 -1.11 -1.42 -1.46 -1.06 -0.22  0.76  1.59  1.99  1.96  1.48  0.71 -0.24 13111998 12
 -1.11 -1.69 -1.99 -1.88 -1.21 -0.16  0.93  1.71  2.02  1.83  1.21  0.36 14111998 00
 -0.59 -1.34 -1.73 -1.82 -1.43 -0.51  0.66  1.63  2.12  2.05  1.45  0.54 14111998 12
 -0.50 -1.45 -2.04 -2.33 -2.17 -1.38 -0.13  1.09  1.92  2.18  1.84  1.04 15111998 00
  0.04 -1.02 -1.79 -2.16 -2.14 -1.54 -0.41  0.87  1.83  2.26  2.03  1.24 15111998 12
  0.20 -0.97 -1.92 -2.45 -2.59 -2.16 -1.06  0.39  1.59  2.28  2.31  1.69 16111998 00
  0.67 -0.50 -1.61 -2.29 -2.57 -2.31 -1.36  0.07  1.40  2.24  2.45  1.95 16111998 12
  0.93 -0.27 -1.51 -2.35 -2.75 -2.64 -1.81 -0.36  1.16  2.22  2.68  2.40 17111998 00
  1.48  0.29 -1.03 -2.05 -2.58 -2.65 -2.06 -0.74  0.84  2.05  2.66  2.52 17111998 12
  1.66  0.44 -0.91 -2.08 -2.74 -2.95 -2.51 -1.24  0.45  1.87  2.72  2.83 18111998 00
  2.14  0.98 -0.39 -1.70 -2.53 -2.89 -2.68 -1.63  0.02  1.58  2.57  2.86 18111998 12
  2.32  1.16 -0.19 -1.59 -2.55 -3.02 -2.94 -2.02 -0.37  1.35  2.53  3.07 19111998 00
  2.76  1.71  0.41 -1.08 -2.21 -2.83 -2.95 -2.33 -0.84  0.92  2.26  2.94 19111998 12
  2.81  1.87  0.57 -0.91 -2.17 -2.90 -3.17 -2.73 -1.37  0.46  2.00  2.91 20111998 00
  3.06  2.34  1.10 -0.34 -1.73 -2.61 -3.03 -2.84 -1.76  0.00  1.67  2.74 20111998 12
  3.08  2.55  1.38  0.02 -1.43 -2.43 -2.93 -2.89 -1.99 -0.31  1.47  2.70 21111998 00
  3.27  2.99  1.96  0.65 -0.86 -2.02 -2.67 -2.87 -2.30 -0.83  0.96  2.33 21111998 12
  3.04  2.97  2.11  0.88 -0.55 -1.81 -2.56 -2.87 -2.52 -1.27  0.47  1.97 22111998 00
  2.88  3.04  2.39  1.21 -0.19 -1.57 -2.45 -2.90 -2.80 -1.87 -0.28  1.33 22111998 12
  2.39  2.80  2.38  1.31  0.04 -1.33 -2.32 -2.82 -2.83 -2.12 -0.65  1.01 23111998 00
  2.24  2.85  2.67  1.78  0.60 -0.76 -1.89 -2.54 -2.77 -2.36 -1.13  0.53 23111998 12
  1.91  2.73  2.84  2.21  1.16 -0.07 -1.28 -2.02 -2.37 -2.22 -1.35  0.07 24111998 00
  1.46  2.39  2.68  2.25  1.25  0.07 -1.19 -2.08 -2.54 -2.58 -1.99 -0.74 24111998 12
  0.74  1.86  2.43  2.30  1.57  0.54 -0.62 -1.60 -2.13 -2.28 -1.90 -0.89 25111998 00
  0.51  1.73  2.46  2.56  2.03  1.08 -0.05 -1.17 -1.90 -2.31 -2.34 -1.74 25111998 12
 -0.58  0.73  1.71  2.15  1.97  1.30  0.41 -0.56 -1.33 -1.69 -1.73 -1.34 26111998 00
 -0.42  0.80  1.84  2.39  2.35  1.73  0.83 -0.25 -1.24 -1.92 -2.35 -2.39 26111998 12
 -1.81 -0.70  0.53  1.46  1.90  1.78  1.23  0.41 -0.52 -1.30 -1.70 -1.81 27111998 00
 -1.50 -0.67  0.46  1.48  2.10  2.20  1.78  1.02  0.06 -0.92 -1.61 -2.03 27111998 12
 -2.13 -1.65 -0.63  0.58  1.56  2.07  2.06  1.62  0.88 -0.07 -0.96 -1.52 28111998 00
 -1.79 -1.70 -1.02  0.07  1.19  1.98  2.22  1.96  1.25  0.30 -0.78 -1.63 28111998 12
 -2.17 -2.42 -2.13 -1.19  0.08  1.22  1.95  2.12  1.75  0.95 -0.06 -1.12 29111998 00
 -1.85 -2.23 -2.22 -1.61 -0.46  0.87  1.89  2.37  2.19  1.46  0.40 -0.82 29111998 12
 -1.87 -2.53 -2.86 -2.64 -1.67 -0.20  1.21  2.15  2.48  2.08  1.15  0.00 30111998 00
 -1.24 -2.15 -2.64 -2.68 -2.06 -0.71  0.88  2.09  2.71  2.57  1.72  0.51 30111998 12
 -0.88 -2.10 -2.86 -3.23 -3.00 -1.86 -0.13  1.48  2.51  2.86  2.36  1.23 01121998 00
 -0.11 -1.55 -2.58 -3.13 -3.16 -2.37 -0.74  1.07  2.39  3.07  2.86  1.82 01121998 12
  0.45 -1.12 -2.43 -3.24 -3.58 -3.21 -1.81  0.21  1.94  2.96  3.23  2.53 02121998 00
  1.18 -0.33 -1.89 -2.94 -3.52 -3.50 -2.44 -0.45  1.53  2.87  3.44  3.09 02121998 12
  1.85  0.32 -1.40 -2.70 -3.49 -3.75 -3.14 -1.38  0.82  2.53  3.48  3.55 03121998 00
  2.58  1.08 -0.63 -2.19 -3.18 -3.69 -3.48 -2.12  0.06  2.09  3.31  3.74 03121998 12
  3.12  1.67  0.01 -1.75 -2.96 -3.66 -3.79 -2.90 -0.85  1.37  2.97  3.74 04121998 00
  3.56  2.33  0.73 -1.08 -2.55 -3.46 -3.85 -3.41 -1.76  0.56  2.45  3.53 04121998 12
  3.76  2.88  1.34 -0.37 -2.04 -3.10 -3.66 -3.55 -2.28 -0.09  2.05  3.41 05121998 00
  3.96  3.47  2.05  0.38 -1.45 -2.76 -3.54 -3.81 -3.16 -1.29  0.94  2.63 05121998 12
  3.51  3.50  2.43  0.88 -0.84 -2.35 -3.27 -3.67 -3.28 -1.76  0.44  2.33 06121998 00
  3.44  3.75  3.00  1.55 -0.10 -1.78 -2.89 -3.53 -3.62 -2.69 -0.74  1.30 06121998 12
  2.74  3.38  3.10  1.92  0.47 -1.16 -2.43 -3.16 -3.35 -2.72 -1.08  0.96 07121998 00
  2.53  3.40  3.46  2.55  1.21 -0.38 -1.83 -2.74 -3.23 -3.11 -2.00 -0.15 07121998 12
  1.59  2.76  3.20  2.76  1.65  0.32 -1.15 -2.19 -2.72 -2.75 -1.96 -0.37 08121998 00
  1.37  2.63  3.24  3.06  2.12  0.86 -0.62 -1.83 -2.56 -2.94 -2.72 -1.61 08121998 12
  0.02  1.47  2.39  2.63  2.11  1.08 -0.10 -1.32 -2.12 -2.48 -2.36 -1.56 09121998 00
 -0.17  1.26  2.28  2.74  2.50  1.68  0.60 -0.66 -1.64 -2.21 -2.46 -2.13 09121998 12
 -1.10  0.29  1.50  2.23  2.36  1.89  1.06  0.07 -0.92 -1.53 -1.76 -1.62 10121998 00
 -0.92  0.20  1.35  2.17  2.46  2.20  1.47  0.53 -0.55 -1.37 -1.89 -2.15 10121998 12
 -1.92 -1.08  0.07  1.12  1.73  1.83  1.49  0.81 -0.02 -0.88 -1.46 -1.71 11121998 00
 -1.62 -1.06 -0.11  0.93  1.72  2.07  1.96  1.44  0.68 -0.22 -0.93 -1.35 11121998 12
 -1.57 -1.43 -0.75  0.18  1.09  1.69  1.84  1.58  1.00  0.21 -0.63 -1.24 12121998 00
 -1.54 -1.59 -1.17 -0.34  0.63  1.43  1.80  1.77  1.35  0.69 -0.11 -0.82 12121998 12
 -1.27 -1.53 -1.51 -0.97 -0.11  0.80  1.49  1.74  1.62  1.11  0.34 -0.53 13121998 00
 -1.19 -1.54 -1.63 -1.29 -0.50  0.48  1.34  1.82  1.89  1.56  0.92  0.08 13121998 12
 -0.75 -1.29 -1.56 -1.49 -0.86  0.14  1.18  1.95  2.24  2.07  1.50  0.69 14121998 00
 -0.25 -0.96 -1.34 -1.44 -1.10 -0.24  0.76  1.63  2.07  2.00  1.43  0.57 14121998 12
 -0.46 -1.38 -1.97 -2.26 -2.07 -1.29 -0.10  1.07  1.88  2.16  1.88  1.15 15121998 00
  0.21 -0.81 -1.56 -1.93 -1.96 -1.44 -0.40  0.83  1.79  2.22  2.03  1.27 15121998 12
  0.26 -0.85 -1.76 -2.28 -2.44 -2.03 -0.95  0.46  1.65  2.39  2.50  1.98 16121998 00
  1.03 -0.11 -1.21 -1.90 -2.19 -2.03 -1.19  0.13  1.42  2.29  2.54  2.14 16121998 12
  1.23  0.11 -1.10 -1.93 -2.31 -2.24 -1.46 -0.07  1.40  2.48  2.97  2.77 17121998 00
  1.93  0.81 -0.51 -1.53 -2.12 -2.30 -1.81 -0.60  0.88  2.11  2.78  2.72 17121998 12
  1.93  0.77 -0.56 -1.74 -2.45 -2.75 -2.44 -1.27  0.39  1.87  2.79  3.02 18121998 00
  2.49  1.43  0.15 -1.18 -2.05 -2.48 -2.43 -1.58 -0.06  1.51  2.60  2.99 18121998 12
  2.55  1.45  0.15 -1.25 -2.26 -2.78 -2.83 -2.09 -0.54  1.22  2.50  3.14 19121998 00
  2.99  2.05  0.78 -0.72 -1.98 -2.71 -3.00 -2.64 -1.35  0.42  1.92  2.81 19121998 12
  2.92  2.17  0.91 -0.54 -1.92 -2.78 -3.17 -2.95 -1.81  0.01  1.67  2.76 20121998 00
  3.13  2.61  1.42  0.04 -1.46 -2.50 -3.05 -3.09 -2.30 -0.68  1.11  2.37 20121998 12
  2.97  2.70  1.64  0.32 -1.16 -2.33 -2.96 -3.07 -2.44 -0.93  0.91  2.36 21121998 00
  3.15  3.15  2.28  1.02 -0.46 -1.78 -2.58 -2.96 -2.73 -1.57  0.21  1.81 21121998 12
  2.79  3.01  2.37  1.14 -0.27 -1.68 -2.61 -3.05 -2.92 -1.91 -0.18  1.54 22121998 00
  2.70  3.21  2.84  1.77  0.46 -1.02 -2.11 -2.70 -2.83 -2.21 -0.73  1.02 22121998 12
  2.34  3.03  2.94  2.04  0.80 -0.64 -1.87 -2.58 -2.86 -2.49 -1.24  0.50 23121998 00
  2.01  2.94  3.13  2.48  1.32 -0.06 -1.44 -2.33 -2.81 -2.80 -1.96 -0.41 23121998 12
  1.22  2.35  2.83  2.52  1.54  0.32 -1.02 -2.02 -2.53 -2.59 -1.97 -0.59 24121998 00
  1.08  2.39  3.11  3.11  2.37  1.24 -0.15 -1.38 -2.13 -2.51 -2.34 -1.35 24121998 12
  0.17  1.61  2.55  2.80  2.36  1.39  0.25 -0.96 -1.77 -2.16 -2.15 -1.44 25121998 00
 -0.10  1.36  2.46  2.94  2.75  1.94  0.85 -0.44 -1.44 -2.05 -2.33 -2.09 25121998 12
 -1.12  0.28  1.57  2.39  2.53  2.05  1.17  0.10 -1.01 -1.75 -2.15 -2.10 26121998 00
 -1.32  0.09  1.58  2.72  3.33  3.35  2.82  1.96  0.80 -0.18 -0.82 -1.23 26121998 12
 -1.20 -0.39  0.93  2.10  2.64  2.57  1.99  1.16  0.11 -0.90 -1.64 -2.11 27121998 00
 -2.17 -1.59 -0.46  0.87  1.98  2.55  2.53  1.99  1.09 -0.02 -1.06 -1.73 27121998 12
 -2.09 -2.01 -1.24  0.01  1.26  2.15  2.51  2.33  1.70  0.80 -0.27 -1.14 28121998 00
 -1.68 -1.93 -1.62 -0.62  0.64  1.77  2.45  2.53  2.03  1.14  0.01 -1.12 28121998 12
 -1.90 -2.35 -2.39 -1.76 -0.51  0.91  2.01  2.58  2.54  1.97  1.07 -0.07 29121998 00
 -1.09 -1.69 -1.95 -1.68 -0.67  0.72  1.98  2.81  3.03  2.64  1.81  0.65 29121998 12
 -0.61 -1.50 -2.05 -2.16 -1.44 -0.06  1.40  2.55  3.17  3.18  2.55  1.46 30121998 00
  0.03 -1.20 -2.01 -2.46 -2.37 -1.39  0.20  1.76  2.79  3.11  2.69  1.67 30121998 12
  0.40 -1.02 -2.06 -2.65 -2.77 -2.09 -0.57  1.22  2.61  3.38  3.36  2.54 31121998 00
  1.31 -0.23 -1.57 -2.42 -2.87 -2.69 -1.50  0.33  2.06  3.15  3.49  2.93 31121998 12
