Parameter Z: CS3 Location ( 52, 86) Lat 53.500 Lon -3.417
  2.23  0.89 -0.70 -2.08 -2.91 -3.27 -2.89 -1.42  0.64  2.44  3.52  3.81 01011995 00
  3.06  1.67  0.03 -1.59 -2.70 -3.37 -3.52 -2.66 -0.73  1.35  2.83  3.52 01011995 12
  3.26  2.04  0.49 -1.24 -2.61 -3.42 -3.69 -3.06 -1.31  0.93  2.66  3.63 02011995 00
  3.72  2.74  1.23 -0.52 -2.13 -3.18 -3.77 -3.70 -2.49 -0.38  1.71  3.02 02011995 12
  3.52  3.02  1.63  0.02 -1.70 -2.92 -3.59 -3.66 -2.73 -0.72  1.45  3.01 03011995 00
  3.78  3.61  2.44  0.91 -0.90 -2.40 -3.35 -3.80 -3.44 -1.90  0.30  2.18 03011995 12
  3.24  3.50  2.73  1.29 -0.32 -1.96 -3.01 -3.52 -3.36 -2.10 -0.00  2.00 04011995 00
  3.30  3.80  3.31  2.00  0.44 -1.31 -2.58 -3.34 -3.60 -2.96 -1.25  0.86 04011995 12
  2.44  3.27  3.27  2.31  0.91 -0.66 -2.05 -2.85 -3.14 -2.66 -1.16  0.89 05011995 00
  2.60  3.63  3.84  3.08  1.79  0.18 -1.36 -2.38 -3.00 -3.13 -2.30 -0.59 05011995 12
  1.27  2.57  3.15  2.86  1.77  0.44 -1.06 -2.20 -2.83 -3.01 -2.45 -0.98 06011995 00
  0.81  2.23  2.98  2.96  2.12  0.89 -0.56 -1.85 -2.66 -3.06 -2.91 -1.91 06011995 12
 -0.27  1.27  2.29  2.63  2.18  1.15 -0.05 -1.33 -2.20 -2.61 -2.53 -1.77 07011995 00
 -0.36  1.18  2.29  2.80  2.58  1.73  0.60 -0.69 -1.72 -2.33 -2.60 -2.33 07011995 12
 -1.34  0.06  1.31  2.06  2.17  1.66  0.75 -0.29 -1.33 -1.99 -2.28 -2.15 08011995 00
 -1.43 -0.24  1.00  1.87  2.20  1.92  1.18  0.24 -0.80 -1.60 -2.06 -2.24 08011995 12
 -1.92 -1.02  0.19  1.20  1.79  1.83  1.41  0.70 -0.12 -0.93 -1.40 -1.56 09011995 00
 -1.38 -0.69  0.35  1.37  2.05  2.29  2.05  1.42  0.59 -0.33 -1.05 -1.52 09011995 12
 -1.76 -1.60 -0.91 -0.01  0.82  1.29  1.35  1.07  0.51 -0.22 -0.95 -1.41 10011995 00
 -1.54 -1.34 -0.72  0.19  1.13  1.80  2.10  1.92  1.40  0.68 -0.16 -0.84 10011995 12
 -1.34 -1.65 -1.61 -1.07 -0.29  0.52  1.07  1.22  1.05  0.58 -0.06 -0.77 11011995 00
 -1.30 -1.52 -1.48 -1.08 -0.35  0.52  1.21  1.51  1.42  0.99  0.33 -0.45 11011995 12
 -1.17 -1.64 -1.91 -1.83 -1.24 -0.32  0.61  1.28  1.54  1.41  0.94  0.24 12011995 00
 -0.58 -1.24 -1.62 -1.76 -1.49 -0.78  0.16  1.01  1.51  1.53  1.16  0.49 12011995 12
 -0.31 -1.10 -1.61 -1.83 -1.70 -1.09 -0.13  0.88  1.61  1.85  1.61  0.98 13011995 00
  0.12 -0.84 -1.59 -1.99 -2.07 -1.64 -0.74  0.42  1.38  1.87  1.81  1.28 13011995 12
  0.43 -0.55 -1.43 -1.94 -2.10 -1.78 -0.90  0.37  1.54  2.29  2.48  2.09 14011995 00
  1.25  0.18 -0.91 -1.67 -2.10 -2.16 -1.57 -0.43  0.85  1.80  2.16  1.89 14011995 12
  1.08  0.03 -1.13 -2.04 -2.51 -2.51 -1.89 -0.65  0.82  1.95  2.57  2.53 15011995 00
  1.87  0.82 -0.42 -1.54 -2.17 -2.40 -2.08 -1.00  0.52  1.89  2.72  2.86 15011995 12
  2.32  1.31  0.08 -1.16 -1.95 -2.31 -2.10 -1.07  0.53  2.06  3.09  3.43 16011995 00
  3.02  2.06  0.77 -0.66 -1.67 -2.30 -2.51 -1.90 -0.49  1.14  2.37  2.92 16011995 12
  2.70  1.76  0.53 -0.88 -2.02 -2.66 -2.81 -2.22 -0.76  1.06  2.48  3.31 17011995 00
  3.39  2.64  1.54  0.16 -1.12 -1.84 -2.11 -1.84 -0.70  1.00  2.55  3.50 17011995 12
  3.67  3.03  1.94  0.59 -0.72 -1.65 -2.23 -2.22 -1.19  0.54  2.22  3.36 18011995 00
  3.71  3.20  1.99  0.48 -1.10 -2.22 -2.94 -3.20 -2.59 -0.96  1.02  2.54 18011995 12
  3.31  3.27  2.33  1.03 -0.49 -1.81 -2.58 -2.87 -2.42 -0.97  0.98  2.57 19011995 00
  3.49  3.58  2.77  1.51  0.02 -1.30 -2.09 -2.50 -2.35 -1.29  0.43  2.07 19011995 12
  3.19  3.56  3.08  1.90  0.41 -1.14 -2.18 -2.74 -2.74 -1.80 -0.02  1.86 20011995 00
  3.17  3.73  3.42  2.34  0.94 -0.71 -1.98 -2.74 -3.06 -2.59 -1.09  0.84 20011995 12
  2.40  3.27  3.30  2.44  1.17 -0.34 -1.72 -2.57 -2.95 -2.67 -1.39  0.51 21011995 00
  2.23  3.39  3.88  3.48  2.39  0.93 -0.61 -1.67 -2.31 -2.46 -1.72 -0.09 21011995 12
  1.66  2.93  3.47  3.20  2.21  0.91 -0.62 -1.72 -2.34 -2.56 -2.05 -0.66 22011995 00
  1.10  2.54  3.32  3.33  2.56  1.39 -0.02 -1.30 -2.09 -2.49 -2.33 -1.27 22011995 12
  0.37  1.92  2.94  3.26  2.86  1.86  0.62 -0.69 -1.56 -2.02 -2.07 -1.33 23011995 00
  0.09  1.61  2.78  3.30  3.12  2.25  1.08 -0.30 -1.38 -2.06 -2.43 -2.23 23011995 12
 -1.24  0.22  1.60  2.46  2.67  2.25  1.41  0.37 -0.77 -1.53 -1.90 -1.92 24011995 00
 -1.32 -0.13  1.21  2.25  2.65  2.39  1.56  0.53 -0.62 -1.53 -2.09 -2.36 24011995 12
 -2.08 -1.11  0.23  1.43  2.22  2.43  2.08  1.29  0.30 -0.75 -1.49 -1.89 25011995 00
 -1.96 -1.44 -0.34  0.94  1.98  2.54  2.55  2.07  1.30  0.30 -0.63 -1.26 25011995 12
 -1.65 -1.70 -1.08  0.01  1.14  1.99  2.29  2.09  1.45  0.56 -0.51 -1.38 26011995 00
 -1.92 -2.18 -1.92 -1.06  0.14  1.26  1.99  2.21  1.90  1.15  0.22 -0.79 26011995 12
 -1.57 -2.06 -2.22 -1.82 -0.78  0.56  1.68  2.31  2.36  1.87  1.03  0.00 27011995 00
 -1.04 -1.75 -2.11 -2.05 -1.29  0.05  1.43  2.43  2.88  2.76  2.13  1.21 27011995 12
 -0.02 -1.07 -1.72 -2.00 -1.71 -0.65  0.77  2.08  2.89  3.05  2.57  1.63 28011995 00
  0.40 -0.87 -1.75 -2.28 -2.39 -1.70 -0.30  1.28  2.51  3.11  3.00  2.20 28011995 12
  1.06 -0.35 -1.54 -2.27 -2.62 -2.33 -1.13  0.57  2.12  3.11  3.37  2.83 29011995 00
  1.71  0.29 -1.18 -2.21 -2.82 -2.94 -2.19 -0.58  1.21  2.54  3.19  3.00 29011995 12
  1.99  0.67 -0.86 -2.14 -2.88 -3.15 -2.68 -1.18  0.78  2.40  3.35  3.50 30011995 00
  2.67  1.33 -0.27 -1.81 -2.82 -3.38 -3.35 -2.27 -0.34  1.58  2.92  3.49 30011995 12
  3.11  1.95  0.52 -1.10 -2.26 -2.83 -2.80 -1.81  0.06  2.09  3.54  4.28 31011995 00
  4.08  2.99  1.50 -0.33 -1.74 -2.68 -3.23 -3.02 -1.58  0.56  2.43  3.54 31011995 12
  3.82  3.06  1.68  0.03 -1.63 -2.72 -3.30 -3.25 -2.08  0.01  2.07  3.45 01021995 00
  4.04  3.57  2.23  0.64 -1.15 -2.43 -3.22 -3.53 -2.92 -1.17  1.03  2.67 01021995 12
  3.52  3.48  2.39  0.85 -0.87 -2.35 -3.26 -3.65 -3.25 -1.70  0.51  2.38 02021995 00
  3.46  3.75  2.98  1.54 -0.10 -1.76 -2.85 -3.44 -3.42 -2.30 -0.25  1.75 02021995 12
  3.10  3.69  3.30  2.08  0.64 -1.03 -2.24 -2.90 -3.03 -2.25 -0.49  1.54 03021995 00
  3.03  3.73  3.55  2.43  0.97 -0.74 -2.11 -2.96 -3.38 -3.06 -1.65  0.32 03021995 12
  2.04  3.02  3.23  2.49  1.15 -0.34 -1.81 -2.73 -3.16 -2.98 -1.85 -0.00 04021995 00
  1.74  2.89  3.33  2.84  1.64  0.23 -1.31 -2.40 -3.00 -3.12 -2.46 -0.93 04021995 12
  0.85  2.16  2.84  2.71  1.80  0.56 -0.84 -2.00 -2.63 -2.80 -2.32 -1.02 05021995 00
  0.69  2.08  2.91  2.99  2.30  1.18 -0.14 -1.38 -2.13 -2.50 -2.39 -1.54 05021995 12
 -0.12  1.30  2.26  2.57  2.17  1.22  0.10 -1.10 -1.93 -2.30 -2.25 -1.57 06021995 00
 -0.31  1.11  2.15  2.62  2.44  1.69  0.69 -0.47 -1.39 -1.90 -2.10 -1.81 06021995 12
 -0.88  0.36  1.46  2.11  2.17  1.69  0.86 -0.12 -1.07 -1.64 -1.88 -1.78 07021995 00
 -1.13 -0.08  1.01  1.76  2.01  1.77  1.13  0.30 -0.63 -1.30 -1.65 -1.74 07021995 12
 -1.37 -0.53  0.50  1.35  1.80  1.79  1.38  0.74 -0.06 -0.80 -1.26 -1.46 08021995 00
 -1.37 -0.82  0.01  0.85  1.42  1.57  1.36  0.88  0.22 -0.52 -1.08 -1.38 08021995 12
 -1.48 -1.20 -0.51  0.33  1.05  1.43  1.48  1.24  0.79  0.16 -0.49 -0.95 09021995 00
 -1.19 -1.21 -0.85 -0.20  0.52  1.09  1.34  1.31  1.01  0.53 -0.11 -0.70 09021995 12
 -1.08 -1.25 -1.14 -0.60  0.13  0.88  1.40  1.60  1.51  1.16  0.61 -0.04 10021995 00
 -0.61 -0.99 -1.18 -1.04 -0.48  0.27  0.97  1.39  1.50  1.30  0.84  0.18 10021995 12
 -0.54 -1.07 -1.35 -1.37 -0.94 -0.14  0.74  1.45  1.81  1.83  1.50  0.95 11021995 00
  0.23 -0.47 -0.92 -1.09 -0.88 -0.16  0.83  1.67  2.19  2.30  1.97  1.34 11021995 12
  0.47 -0.43 -1.12 -1.57 -1.65 -1.15 -0.18  0.88  1.76  2.19  2.20  1.71 12021995 00
  0.90 -0.10 -0.95 -1.44 -1.61 -1.34 -0.47  0.68  1.72  2.35  2.42  1.93 12021995 12
  1.06 -0.03 -1.09 -1.78 -2.13 -1.99 -1.15  0.18  1.51  2.45  2.79  2.50 13021995 00
  1.71  0.64 -0.60 -1.51 -2.00 -2.07 -1.46 -0.21  1.20  2.31  2.85  2.74 13021995 12
  1.96  0.85 -0.45 -1.53 -2.16 -2.39 -1.98 -0.74  0.87  2.23  3.00  3.04 14021995 00
  2.32  1.17 -0.24 -1.53 -2.29 -2.60 -2.29 -1.10  0.65  2.25  3.29  3.60 14021995 12
  3.11  2.05  0.70 -0.73 -1.69 -2.22 -2.27 -1.39  0.27  2.00  3.24  3.71 15021995 00
  3.38  2.31  0.92 -0.65 -1.80 -2.48 -2.73 -2.13 -0.60  1.27  2.77  3.57 15021995 12
  3.54  2.65  1.33 -0.27 -1.62 -2.43 -2.79 -2.41 -0.97  1.04  2.75  3.77 16021995 00
  3.95  3.17  1.83  0.15 -1.41 -2.43 -3.00 -2.94 -1.74  0.25  2.15  3.36 16021995 12
  3.81  3.28  2.02  0.50 -1.18 -2.33 -2.99 -3.11 -2.24 -0.36  1.76  3.24 17021995 00
  3.95  3.70  2.50  1.00 -0.78 -2.15 -3.00 -3.41 -2.99 -1.39  0.74  2.53 17021995 12
  3.52  3.67  2.76  1.30 -0.36 -1.92 -2.88 -3.36 -3.17 -1.85  0.27  2.23 18021995 00
  3.45  3.86  3.23  1.87  0.27 -1.44 -2.58 -3.18 -3.15 -2.03  0.00  2.11 18021995 12
  3.51  4.14  3.80  2.64  1.13 -0.67 -1.99 -2.80 -3.15 -2.66 -1.02  1.09 19021995 00
  2.81  3.72  3.75  2.79  1.38 -0.30 -1.77 -2.68 -3.14 -2.91 -1.61  0.39 19021995 12
  2.19  3.32  3.63  3.00  1.73  0.20 -1.39 -2.44 -3.01 -3.03 -2.08 -0.25 20021995 00
  1.69  3.03  3.65  3.35  2.25  0.85 -0.78 -2.01 -2.74 -3.07 -2.65 -1.23 20021995 12
  0.62  2.16  3.06  3.17  2.41  1.19 -0.22 -1.54 -2.35 -2.71 -2.53 -1.48 21021995 00
  0.20  1.82  2.91  3.26  2.80  1.72  0.41 -0.98 -1.95 -2.49 -2.63 -2.02 21021995 12
 -0.61  1.04  2.32  2.99  2.96  2.24  1.19 -0.07 -1.13 -1.73 -1.99 -1.73 22021995 00
 -0.69  0.75  2.06  2.93  3.12  2.66  1.77  0.58 -0.66 -1.52 -2.06 -2.28 22021995 12
 -1.84 -0.74  0.61  1.77  2.40  2.42  1.88  1.03 -0.01 -0.98 -1.58 -1.90 23021995 00
 -1.87 -1.23 -0.14  1.02  1.88  2.20  2.01  1.38  0.53 -0.44 -1.20 -1.67 23021995 12
 -1.88 -1.62 -0.78  0.36  1.39  2.05  2.19  1.86  1.17  0.28 -0.67 -1.36 24021995 00
 -1.79 -1.95 -1.55 -0.62  0.55  1.55  2.10  2.17  1.80  1.10  0.20 -0.71 24021995 12
 -1.34 -1.72 -1.79 -1.24 -0.21  0.94  1.84  2.25  2.17  1.64  0.84 -0.18 25021995 00
 -1.11 -1.73 -2.09 -2.00 -1.24 -0.05  1.16  2.03  2.37  2.17  1.51  0.57 25021995 12
 -0.53 -1.43 -1.98 -2.23 -1.89 -0.87  0.47  1.66  2.37  2.47  1.98  1.04 26021995 00
 -0.12 -1.29 -2.11 -2.59 -2.63 -1.94 -0.63  0.86  1.98  2.52  2.36  1.60 26021995 12
  0.52 -0.73 -1.81 -2.44 -2.64 -2.18 -0.94  0.70  2.12  2.99  3.13  2.52 27021995 00
  1.41  0.03 -1.31 -2.21 -2.73 -2.74 -1.90 -0.32  1.37  2.58  3.09  2.83 27021995 12
  1.86  0.59 -0.85 -1.96 -2.57 -2.72 -2.09 -0.58  1.25  2.68  3.44  3.39 28021995 00
  2.48  1.16 -0.39 -1.73 -2.57 -2.99 -2.74 -1.44  0.49  2.26  3.35  3.65 28021995 12
  3.08  1.87  0.33 -1.25 -2.28 -2.84 -2.86 -1.88 -0.05  1.86  3.15  3.70 01031995 00
  3.33  2.15  0.67 -1.04 -2.29 -3.03 -3.28 -2.65 -0.97  1.10  2.71  3.57 01031995 12
  3.56  2.55  1.13 -0.53 -1.99 -2.87 -3.27 -2.91 -1.43  0.69  2.52  3.62 02031995 00
  3.88  3.10  1.71  0.04 -1.61 -2.68 -3.28 -3.28 -2.22 -0.21  1.80  3.15 02031995 12
  3.72  3.27  1.99  0.48 -1.23 -2.46 -3.14 -3.27 -2.45 -0.61  1.53  3.06 03031995 00
  3.84  3.70  2.55  1.07 -0.70 -2.11 -2.98 -3.39 -3.04 -1.54  0.53  2.30 03031995 12
  3.29  3.46  2.59  1.15 -0.45 -2.00 -2.96 -3.42 -3.20 -1.92  0.14  2.03 04031995 00
  3.23  3.65  3.07  1.76  0.26 -1.34 -2.41 -2.93 -2.87 -1.90 -0.10  1.80 04031995 12
  3.12  3.69  3.34  2.19  0.77 -0.84 -2.03 -2.72 -2.91 -2.26 -0.61  1.33 05031995 00
  2.83  3.60  3.54  2.58  1.27 -0.30 -1.60 -2.38 -2.77 -2.54 -1.33  0.44 05031995 12
  2.02  2.97  3.15  2.46  1.26 -0.12 -1.49 -2.36 -2.78 -2.64 -1.64  0.03 06031995 00
  1.68  2.79  3.20  2.77  1.70  0.41 -1.01 -2.01 -2.54 -2.63 -2.00 -0.59 06031995 12
  1.02  2.22  2.81  2.66  1.86  0.79 -0.42 -1.42 -1.92 -2.02 -1.54 -0.39 07031995 00
  1.04  2.22  2.87  2.84  2.16  1.15 -0.08 -1.17 -1.84 -2.15 -1.98 -1.09 07031995 12
  0.26  1.55  2.38  2.59  2.22  1.41  0.39 -0.73 -1.48 -1.84 -1.84 -1.28 08031995 00
 -0.24  0.93  1.85  2.26  2.12  1.48  0.61 -0.38 -1.17 -1.61 -1.78 -1.51 08031995 12
 -0.67  0.43  1.37  1.92  1.97  1.56  0.86  0.01 -0.84 -1.37 -1.60 -1.53 09031995 00
 -0.97 -0.06  0.90  1.59  1.82  1.65  1.16  0.52 -0.24 -0.84 -1.17 -1.26 09031995 12
 -0.97 -0.24  0.62  1.36  1.77  1.83  1.53  1.02  0.36 -0.28 -0.70 -0.91 10031995 00
 -0.87 -0.46  0.23  0.92  1.41  1.59  1.48  1.12  0.58 -0.06 -0.61 -0.98 10031995 12
 -1.16 -1.03 -0.50  0.19  0.86  1.32  1.49  1.36  0.99  0.43 -0.20 -0.74 11031995 00
 -1.12 -1.32 -1.23 -0.77 -0.14  0.51  0.93  1.05  0.90  0.51 -0.03 -0.62 11031995 12
 -1.11 -1.39 -1.47 -1.19 -0.55  0.25  0.95  1.31  1.34  1.07  0.54 -0.16 12031995 00
 -0.86 -1.37 -1.66 -1.68 -1.23 -0.42  0.49  1.18  1.48  1.37  0.94  0.26 12031995 12
 -0.56 -1.28 -1.72 -1.88 -1.61 -0.86  0.16  1.08  1.66  1.75  1.42  0.73 13031995 00
 -0.17 -1.09 -1.74 -2.07 -2.03 -1.43 -0.36  0.81  1.67  2.03  1.83  1.18 13031995 12
  0.26 -0.80 -1.65 -2.11 -2.20 -1.73 -0.68  0.65  1.76  2.36  2.34  1.74 14031995 00
  0.75 -0.43 -1.51 -2.18 -2.48 -2.24 -1.26  0.19  1.58  2.50  2.76  2.35 14031995 12
  1.39  0.19 -1.07 -1.93 -2.36 -2.31 -1.49 -0.01  1.55  2.66  3.12  2.84 15031995 00
  1.86  0.58 -0.86 -1.93 -2.54 -2.72 -2.14 -0.70  1.06  2.46  3.19  3.14 15031995 12
  2.28  1.02 -0.47 -1.77 -2.55 -2.88 -2.50 -1.14  0.73  2.35  3.35  3.56 16031995 00
  2.86  1.62  0.07 -1.46 -2.44 -2.94 -2.84 -1.71  0.21  2.12  3.39  3.91 16031995 12
  3.48  2.27  0.76 -0.89 -2.03 -2.66 -2.78 -1.90 -0.02  2.07  3.58  4.31 17031995 00
  4.12  3.03  1.54 -0.25 -1.60 -2.44 -2.79 -2.28 -0.67  1.36  3.07  4.05 17031995 12
  4.13  3.18  1.70 -0.12 -1.68 -2.71 -3.30 -3.22 -1.89  0.29  2.33  3.62 18031995 00
  4.06  3.42  2.01  0.32 -1.47 -2.68 -3.39 -3.53 -2.58 -0.52  1.70  3.25 18031995 12
  3.99  3.72  2.44  0.85 -0.99 -2.39 -3.24 -3.57 -3.01 -1.25  1.06  2.86 19031995 00
  3.84  3.93  2.90  1.36 -0.43 -2.05 -3.06 -3.60 -3.47 -2.14  0.05  2.12 19031995 12
  3.38  3.80  3.15  1.68  0.03 -1.71 -2.88 -3.53 -3.60 -2.65 -0.63  1.53 20031995 00
  3.03  3.73  3.46  2.17  0.60 -1.16 -2.54 -3.38 -3.72 -3.23 -1.60  0.59 20031995 12
  2.31  3.26  3.38  2.46  1.00 -0.62 -2.15 -3.10 -3.56 -3.38 -2.15 -0.15 21031995 00
  1.75  2.95  3.39  2.87  1.59  0.11 -1.50 -2.62 -3.22 -3.32 -2.57 -0.90 21031995 12
  1.02  2.39  3.10  2.94  1.91  0.59 -0.92 -2.17 -2.92 -3.22 -2.87 -1.58 22031995 00
  0.23  1.81  2.75  2.97  2.35  1.20 -0.14 -1.49 -2.38 -2.83 -2.79 -1.99 22031995 12
 -0.49  1.09  2.21  2.72  2.47  1.57  0.41 -0.89 -1.93 -2.52 -2.73 -2.36 23031995 00
 -1.24  0.27  1.58  2.38  2.51  2.01  1.08 -0.03 -1.14 -1.86 -2.20 -2.17 23031995 12
 -1.55 -0.39  0.91  1.88  2.30  2.11  1.43  0.49 -0.59 -1.49 -2.02 -2.26 24031995 00
 -2.04 -1.21  0.02  1.18  1.97  2.25  2.03  1.38  0.51 -0.46 -1.15 -1.54 24031995 12
 -1.70 -1.38 -0.52  0.54  1.48  1.99  2.01  1.56  0.81 -0.16 -1.10 -1.74 25031995 00
 -2.14 -2.21 -1.74 -0.80  0.35  1.33  1.90  1.98  1.65  0.94  0.06 -0.80 25031995 12
 -1.35 -1.65 -1.65 -1.10 -0.09  1.01  1.83  2.12  1.96  1.35  0.50 -0.51 26031995 00
 -1.35 -1.91 -2.20 -2.01 -1.21 -0.00  1.20  2.05  2.34  2.10  1.43  0.53 26031995 12
 -0.51 -1.31 -1.78 -1.94 -1.54 -0.54  0.70  1.73  2.26  2.20  1.55  0.57 27031995 00
 -0.60 -1.69 -2.42 -2.80 -2.66 -1.80 -0.39  1.04  2.05  2.49  2.23  1.41 27031995 12
  0.32 -0.88 -1.82 -2.31 -2.40 -1.83 -0.55  1.01  2.27  2.99  3.01  2.34 28031995 00
  1.26 -0.10 -1.33 -2.09 -2.50 -2.38 -1.41  0.10  1.56  2.49  2.73  2.21 28031995 12
  1.13 -0.14 -1.49 -2.44 -2.91 -2.84 -1.96 -0.36  1.34  2.54  3.12  2.86 29031995 00
  1.83  0.51 -1.00 -2.20 -2.91 -3.17 -2.72 -1.31  0.52  2.02  2.87  2.95 29031995 12
  2.15  0.87 -0.60 -1.97 -2.80 -3.12 -2.78 -1.49  0.39  2.04  3.10  3.39 30031995 00
  2.75  1.49 -0.02 -1.56 -2.60 -3.15 -3.15 -2.21 -0.43  1.44  2.73  3.32 30031995 12
  2.98  1.81  0.40 -1.19 -2.39 -3.05 -3.19 -2.50 -0.84  1.13  2.62  3.39 31031995 00
  3.29  2.24  0.81 -0.84 -2.24 -3.07 -3.44 -3.09 -1.68  0.31  2.05  3.05 31031995 12
  3.27  2.50  1.12 -0.41 -1.93 -2.88 -3.33 -3.15 -1.96 -0.01  1.82  3.01 01041995 00
  3.44  2.89  1.58  0.06 -1.57 -2.69 -3.29 -3.35 -2.49 -0.69  1.28  2.66 01041995 12
  3.30  3.02  1.86  0.43 -1.18 -2.41 -3.10 -3.27 -2.63 -1.03  0.95  2.49 02041995 00
  3.29  3.27  2.32  0.95 -0.65 -2.04 -2.86 -3.21 -2.86 -1.51  0.42  2.09 02041995 12
  3.10  3.31  2.59  1.29 -0.21 -1.68 -2.62 -3.08 -2.97 -1.92 -0.11  1.64 03041995 00
  2.79  3.23  2.76  1.58  0.20 -1.31 -2.36 -2.91 -2.95 -2.17 -0.56  1.24 03041995 12
  2.53  3.13  2.90  1.87  0.58 -0.91 -2.08 -2.74 -2.96 -2.51 -1.17  0.55 04041995 00
  1.95  2.74  2.76  1.97  0.78 -0.57 -1.82 -2.56 -2.84 -2.52 -1.39  0.26 04041995 12
  1.72  2.63  2.87  2.32  1.25  0.00 -1.28 -2.12 -2.53 -2.47 -1.70 -0.29 05041995 00
  1.20  2.24  2.65  2.34  1.43  0.31 -0.93 -1.84 -2.30 -2.36 -1.82 -0.64 05041995 12
  0.77  1.86  2.42  2.31  1.61  0.61 -0.54 -1.56 -2.14 -2.38 -2.13 -1.24 06041995 00
  0.05  1.22  1.95  2.07  1.60  0.75 -0.25 -1.23 -1.85 -2.10 -1.96 -1.28 06041995 12
 -0.18  0.96  1.78  2.09  1.85  1.17  0.28 -0.70 -1.44 -1.84 -1.95 -1.63 07041995 00
 -0.83  0.22  1.12  1.60  1.56  1.10  0.37 -0.46 -1.23 -1.69 -1.86 -1.70 07041995 12
 -1.12 -0.18  0.76  1.39  1.58  1.36  0.81  0.11 -0.68 -1.28 -1.61 -1.71 08041995 00
 -1.43 -0.75  0.14  0.88  1.27  1.27  0.95  0.40 -0.26 -0.92 -1.33 -1.51 08041995 12
 -1.44 -0.99 -0.26  0.52  1.10  1.32  1.22  0.85  0.27 -0.42 -1.02 -1.40 09041995 00
 -1.56 -1.41 -0.86 -0.09  0.67  1.15  1.28  1.13  0.73  0.14 -0.52 -1.04 09041995 12
 -1.34 -1.42 -1.15 -0.52  0.27  0.99  1.37  1.42  1.13  0.57 -0.16 -0.89 10041995 00
 -1.42 -1.71 -1.72 -1.28 -0.48  0.45  1.18  1.52  1.49  1.12  0.48 -0.31 10041995 12
 -1.03 -1.48 -1.66 -1.48 -0.79  0.18  1.11  1.70  1.82  1.51  0.86  0.00 11041995 00
 -0.94 -1.65 -2.06 -2.14 -1.67 -0.67  0.52  1.47  1.96  1.90  1.37  0.51 11041995 12
 -0.51 -1.45 -2.01 -2.25 -2.00 -1.14  0.12  1.30  2.04  2.18  1.71  0.78 12041995 00
 -0.33 -1.48 -2.28 -2.72 -2.68 -1.96 -0.62  0.86  1.93  2.43  2.21  1.40 12041995 12
  0.27 -0.99 -2.05 -2.64 -2.79 -2.30 -1.05  0.56  1.86  2.59  2.58  1.82 13041995 00
  0.62 -0.76 -2.04 -2.86 -3.24 -3.02 -1.92 -0.19  1.45  2.50  2.87  2.36 13041995 12
  1.19 -0.17 -1.63 -2.68 -3.22 -3.20 -2.32 -0.61  1.23  2.52  3.13  2.85 14041995 00
  1.72  0.31 -1.30 -2.58 -3.34 -3.59 -3.06 -1.50  0.58  2.21  3.13  3.24 14041995 12
  2.37  0.94 -0.66 -2.16 -3.11 -3.55 -3.31 -1.99  0.07  2.00  3.18  3.55 15041995 00
  2.89  1.46 -0.17 -1.87 -3.03 -3.68 -3.77 -2.83 -0.81  1.35  2.87  3.57 15041995 12
  3.34  2.10  0.51 -1.25 -2.65 -3.48 -3.77 -3.17 -1.39  0.92  2.71  3.69 16041995 00
  3.78  2.75  1.18 -0.61 -2.23 -3.25 -3.78 -3.59 -2.19  0.07  2.18  3.46 16041995 12
  3.91  3.28  1.81  0.13 -1.66 -2.88 -3.56 -3.65 -2.66 -0.53  1.73  3.32 17041995 00
  4.07  3.81  2.52  0.94 -0.90 -2.29 -3.15 -3.52 -3.01 -1.27  1.04  2.90 17041995 12
  3.92  4.03  3.03  1.49 -0.33 -1.97 -3.01 -3.58 -3.50 -2.23 -0.05  2.06 18041995 00
  3.38  3.87  3.32  1.91  0.30 -1.44 -2.65 -3.33 -3.47 -2.63 -0.70  1.46 18041995 12
  3.00  3.76  3.58  2.41  0.92 -0.82 -2.21 -3.08 -3.49 -3.15 -1.68  0.41 19041995 00
  2.21  3.28  3.56  2.82  1.48 -0.04 -1.59 -2.58 -3.08 -3.03 -2.02 -0.18 19041995 12
  1.68  2.95  3.50  3.11  1.95  0.55 -1.04 -2.21 -2.90 -3.17 -2.70 -1.26 20041995 00
  0.58  2.10  2.95  3.05  2.31  1.12 -0.25 -1.55 -2.35 -2.75 -2.60 -1.62 20041995 12
 -0.02  1.55  2.59  2.98  2.58  1.58  0.33 -1.03 -2.03 -2.61 -2.81 -2.37 21041995 00
 -1.15  0.40  1.68  2.42  2.48  1.88  0.90 -0.25 -1.36 -2.05 -2.38 -2.26 21041995 12
 -1.49 -0.19  1.12  2.04  2.40  2.12  1.32  0.28 -0.88 -1.78 -2.33 -2.58 22041995 00
 -2.33 -1.42 -0.13  1.00  1.72  1.89  1.50  0.72 -0.21 -1.16 -1.83 -2.15 22041995 12
 -2.12 -1.60 -0.59  0.61  1.56  2.06  2.00  1.47  0.63 -0.37 -1.30 -1.90 23041995 00
 -2.23 -2.19 -1.57 -0.51  0.64  1.50  1.88  1.76  1.24  0.46 -0.46 -1.27 23041995 12
 -1.76 -1.97 -1.74 -0.95  0.19  1.22  1.87  2.01  1.67  0.95  0.03 -0.98 24041995 00
 -1.73 -2.19 -2.33 -1.93 -0.95  0.30  1.34  1.95  2.00  1.56  0.77 -0.19 24041995 12
 -1.15 -1.77 -2.08 -1.99 -1.28 -0.11  1.09  1.96  2.29  2.02  1.26  0.26 25041995 00
 -0.87 -1.76 -2.30 -2.50 -2.15 -1.14  0.24  1.43  2.16  2.26  1.77  0.85 25041995 12
 -0.23 -1.33 -2.06 -2.39 -2.23 -1.41 -0.08  1.27  2.21  2.56  2.22  1.34 26041995 00
  0.22 -1.02 -1.98 -2.52 -2.64 -2.11 -0.86  0.69  1.91  2.59  2.54  1.83 26041995 12
  0.75 -0.49 -1.63 -2.32 -2.60 -2.29 -1.22  0.32  1.72  2.61  2.81  2.27 27041995 00
  1.20 -0.09 -1.41 -2.30 -2.76 -2.70 -1.86 -0.34  1.27  2.40  2.88  2.57 27041995 12
  1.59  0.35 -1.04 -2.12 -2.69 -2.79 -2.18 -0.76  0.94  2.25  2.94  2.86 28041995 00
  2.00  0.75 -0.69 -1.93 -2.67 -2.96 -2.61 -1.35  0.42  1.93  2.85  3.02 28041995 12
  2.35  1.16 -0.25 -1.65 -2.55 -2.98 -2.82 -1.78 -0.07  1.59  2.68  3.11 29041995 00
  2.65  1.51  0.14 -1.36 -2.42 -2.97 -3.01 -2.21 -0.57  1.24  2.53  3.18 29041995 12
  2.95  1.92  0.59 -0.93 -2.15 -2.83 -3.04 -2.54 -1.12  0.69  2.17  2.99 30041995 00
  3.02  2.17  0.88 -0.60 -1.95 -2.76 -3.09 -2.75 -1.49  0.36  1.97  2.98 30041995 12
  3.23  2.57  1.32 -0.14 -1.61 -2.57 -3.06 -2.98 -2.02 -0.30  1.43  2.60 01051995 00
  3.08  2.67  1.53  0.18 -1.31 -2.39 -2.95 -2.98 -2.21 -0.61  1.19  2.50 01051995 12
  3.16  2.98  1.98  0.67 -0.84 -2.07 -2.78 -3.04 -2.63 -1.29  0.50  1.98 02051995 00
  2.82  2.88  2.10  0.86 -0.55 -1.86 -2.66 -2.99 -2.71 -1.58  0.16  1.73 02051995 12
  2.73  3.01  2.44  1.28 -0.06 -1.46 -2.40 -2.88 -2.88 -2.10 -0.57  1.08 03051995 00
  2.22  2.72  2.41  1.41  0.19 -1.16 -2.19 -2.70 -2.75 -2.14 -0.77  0.85 03051995 12
  2.10  2.75  2.66  1.85  0.71 -0.61 -1.77 -2.45 -2.73 -2.46 -1.40  0.13 04051995 00
  1.50  2.33  2.49  1.92  0.88 -0.31 -1.48 -2.23 -2.55 -2.37 -1.53 -0.14 04051995 12
  1.25  2.19  2.52  2.16  1.26  0.16 -1.04 -1.93 -2.39 -2.48 -1.97 -0.81 05051995 00
  0.58  1.65  2.19  2.07  1.39  0.42 -0.66 -1.60 -2.11 -2.26 -1.91 -0.97 05051995 12
  0.32  1.44  2.11  2.19  1.70  0.84 -0.19 -1.21 -1.88 -2.21 -2.15 -1.52 06051995 00
 -0.40  0.78  1.63  1.95  1.72  1.07  0.21 -0.73 -1.47 -1.83 -1.87 -1.45 06051995 12
 -0.56  0.56  1.48  1.97  1.93  1.43  0.65 -0.30 -1.16 -1.70 -1.94 -1.82 07051995 00
 -1.18 -0.18  0.84  1.54  1.76  1.55  0.97  0.23 -0.60 -1.21 -1.51 -1.56 07051995 12
 -1.20 -0.40  0.58  1.41  1.81  1.75  1.29  0.58 -0.28 -1.08 -1.60 -1.87 08051995 00
 -1.80 -1.25 -0.34  0.63  1.36  1.66  1.53  1.06  0.37 -0.42 -1.06 -1.42 08051995 12
 -1.54 -1.31 -0.62  0.30  1.15  1.63  1.66  1.30  0.63 -0.20 -1.04 -1.63 09051995 00
 -1.97 -1.98 -1.53 -0.63  0.43  1.28  1.71  1.68  1.27  0.57 -0.28 -1.06 09051995 12
 -1.53 -1.73 -1.59 -0.93  0.08  1.08  1.75  1.91  1.59  0.89 -0.02 -1.00 10051995 00
 -1.74 -2.17 -2.26 -1.83 -0.84  0.41  1.43  2.01  2.02  1.55  0.72 -0.27 10051995 12
 -1.24 -1.84 -2.12 -1.98 -1.21  0.03  1.25  2.09  2.33  1.96  1.11  0.04 11051995 00
 -1.13 -2.00 -2.50 -2.60 -2.06 -0.83  0.66  1.85  2.52  2.49  1.84  0.81 11051995 12
 -0.40 -1.53 -2.24 -2.56 -2.33 -1.32  0.21  1.64  2.57  2.80  2.30  1.24 12051995 00
 -0.05 -1.41 -2.38 -2.93 -2.98 -2.24 -0.72  1.01  2.28  2.93  2.78  1.85 12051995 12
  0.60 -0.85 -2.08 -2.81 -3.08 -2.67 -1.32  0.52  2.09  3.01  3.17  2.42 13051995 00
  1.14 -0.37 -1.85 -2.82 -3.34 -3.27 -2.20 -0.30  1.57  2.86  3.41  3.02 13051995 12
  1.82  0.36 -1.28 -2.50 -3.20 -3.39 -2.71 -1.00  1.08  2.64  3.48  3.45 14051995 00
  2.41  0.96 -0.74 -2.23 -3.15 -3.60 -3.31 -1.88  0.25  2.18  3.34  3.71 14051995 12
  3.03  1.61 -0.03 -1.74 -2.90 -3.55 -3.62 -2.64 -0.59  1.57  3.08  3.76 15051995 00
  3.48  2.21  0.63 -1.17 -2.56 -3.41 -3.73 -3.16 -1.39  0.92  2.70  3.70 15051995 12
  3.82  2.85  1.31 -0.46 -2.10 -3.16 -3.74 -3.62 -2.30 -0.09  2.05  3.37 16051995 00
  3.87  3.34  1.90  0.24 -1.54 -2.79 -3.50 -3.65 -2.78 -0.77  1.48  3.10 16051995 12
  3.91  3.78  2.58  1.01 -0.82 -2.31 -3.25 -3.71 -3.41 -1.91  0.35  2.30 17051995 00
  3.43  3.75  2.98  1.50 -0.13 -1.78 -2.86 -3.43 -3.40 -2.30 -0.21  1.85 17051995 12
  3.26  3.88  3.49  2.19  0.65 -1.12 -2.43 -3.23 -3.58 -3.08 -1.44  0.71 18051995 00
  2.41  3.35  3.48  2.60  1.23 -0.33 -1.81 -2.72 -3.16 -2.96 -1.72  0.25 18051995 12
  2.06  3.24  3.64  3.09  1.85  0.36 -1.27 -2.40 -3.08 -3.32 -2.72 -1.16 19051995 00
  0.75  2.20  3.00  2.99  2.15  0.91 -0.52 -1.80 -2.57 -2.90 -2.58 -1.36 19051995 12
  0.40  1.94  2.93  3.21  2.64  1.53  0.17 -1.26 -2.24 -2.84 -3.01 -2.46 20051995 00
 -1.09  0.54  1.82  2.48  2.45  1.70  0.61 -0.63 -1.74 -2.39 -2.63 -2.32 20051995 12
 -1.30  0.17  1.51  2.37  2.61  2.18  1.22  0.05 -1.18 -2.06 -2.57 -2.71 21051995 00
 -2.24 -1.09  0.34  1.49  2.14  2.16  1.61  0.70 -0.35 -1.34 -1.94 -2.18 21051995 12
 -2.00 -1.21  0.02  1.23  2.06  2.34  2.04  1.27  0.29 -0.81 -1.64 -2.15 22051995 00
 -2.38 -2.08 -1.16  0.09  1.20  1.88  2.02  1.66  0.92  0.00 -0.94 -1.57 22051995 12
 -1.88 -1.85 -1.30 -0.26  0.90  1.80  2.20  2.05  1.45  0.58 -0.46 -1.34 23051995 00
 -1.90 -2.20 -2.05 -1.26 -0.07  1.08  1.86  2.13  1.88  1.23  0.36 -0.62 23051995 12
 -1.36 -1.76 -1.86 -1.42 -0.45  0.73  1.70  2.20  2.15  1.61  0.77 -0.26 24051995 00
 -1.21 -1.84 -2.16 -2.04 -1.27 -0.07  1.14  2.00  2.33  2.09  1.40  0.48 24051995 12
 -0.58 -1.39 -1.83 -1.94 -1.49 -0.46  0.77  1.78  2.31  2.28  1.70  0.79 25051995 00
 -0.31 -1.32 -1.95 -2.27 -2.08 -1.21  0.10  1.35  2.20  2.45  2.12  1.31 25051995 12
  0.28 -0.87 -1.70 -2.13 -2.16 -1.57 -0.40  0.95  1.98  2.47  2.32  1.59 26051995 00
  0.57 -0.62 -1.61 -2.17 -2.36 -1.95 -0.85  0.60  1.83  2.56  2.66  2.11 26051995 12
  1.13 -0.07 -1.25 -2.00 -2.35 -2.21 -1.33  0.08  1.46  2.39  2.71  2.33 27051995 00
  1.41  0.27 -1.00 -1.89 -2.33 -2.30 -1.56 -0.16  1.36  2.48  3.03  2.84 27051995 12
  2.01  0.88 -0.47 -1.56 -2.18 -2.41 -1.97 -0.72  0.85  2.15  2.90  2.92 28051995 00
  2.22  1.11 -0.22 -1.45 -2.19 -2.51 -2.24 -1.15  0.44  1.90  2.85  3.10 28051995 12
  2.60  1.55  0.25 -1.12 -2.04 -2.52 -2.53 -1.75 -0.28  1.32  2.46  2.93 29051995 00
  2.63  1.65  0.40 -1.00 -2.04 -2.59 -2.68 -2.04 -0.62  1.07  2.36  3.04 29051995 12
  2.94  2.08  0.86 -0.58 -1.81 -2.55 -2.88 -2.59 -1.43  0.24  1.71  2.61 30051995 00
  2.76  2.10  0.93 -0.41 -1.72 -2.54 -2.91 -2.70 -1.67 -0.01  1.58  2.63 30051995 12
  3.02  2.57  1.46  0.13 -1.29 -2.31 -2.85 -2.93 -2.26 -0.77  0.92  2.16 31051995 00
  2.74  2.54  1.59  0.35 -1.02 -2.14 -2.75 -2.88 -2.34 -0.99  0.72  2.10 31051995 12
  2.87  2.89  2.11  0.91 -0.49 -1.76 -2.54 -2.90 -2.69 -1.64  0.00  1.53 01061995 00
  2.48  2.75  2.21  1.10 -0.17 -1.48 -2.35 -2.75 -2.62 -1.74 -0.20  1.38 01061995 12
  2.47  2.92  2.59  1.60  0.36 -1.01 -2.06 -2.62 -2.78 -2.27 -0.96  0.65 02061995 00
  1.91  2.59  2.52  1.73  0.61 -0.65 -1.76 -2.39 -2.59 -2.20 -1.07  0.49 02061995 12
  1.84  2.65  2.77  2.17  1.12 -0.12 -1.34 -2.12 -2.51 -2.42 -1.60 -0.18 03061995 00
  1.26  2.25  2.62  2.28  1.39  0.29 -0.92 -1.80 -2.23 -2.25 -1.64 -0.40 03061995 12
  1.03  2.12  2.65  2.51  1.75  0.68 -0.56 -1.60 -2.21 -2.49 -2.24 -1.29 04061995 00
  0.07  1.30  2.07  2.21  1.75  0.86 -0.18 -1.23 -1.91 -2.19 -2.05 -1.31 04061995 12
 -0.10  1.16  2.04  2.35  2.04  1.22  0.19 -0.95 -1.81 -2.29 -2.43 -2.04 05061995 00
 -1.03  0.28  1.37  1.98  1.99  1.48  0.62 -0.35 -1.29 -1.84 -2.04 -1.84 05061995 12
 -1.07  0.10  1.22  1.96  2.15  1.79  1.00  0.02 -1.03 -1.80 -2.23 -2.32 06061995 00
 -1.89 -0.90  0.32  1.32  1.87  1.85  1.37  0.58 -0.33 -1.19 -1.69 -1.87 06061995 12
 -1.66 -0.93  0.16  1.23  1.94  2.11  1.76  1.00  0.04 -0.99 -1.75 -2.19 07061995 00
 -2.32 -1.93 -0.99  0.22  1.26  1.86  1.90  1.47  0.71 -0.21 -1.12 -1.68 07061995 12
 -1.92 -1.79 -1.13 -0.05  1.07  1.86  2.10  1.81  1.06  0.10 -0.95 -1.76 08061995 00
 -2.26 -2.45 -2.13 -1.18  0.12  1.26  1.96  2.09  1.69  0.88 -0.11 -1.11 08061995 12
 -1.78 -2.12 -2.09 -1.46 -0.31  0.97  1.93  2.34  2.11  1.35  0.34 -0.83 09061995 00
 -1.79 -2.37 -2.63 -2.35 -1.34  0.13  1.43  2.25  2.47  2.02  1.10 -0.02 09061995 12
 -1.20 -2.03 -2.46 -2.46 -1.79 -0.47  1.01  2.12  2.64  2.43  1.60  0.46 10061995 00
 -0.85 -1.95 -2.62 -2.91 -2.58 -1.40  0.26  1.73  2.66  2.89  2.35  1.28 10061995 12
 -0.01 -1.36 -2.29 -2.79 -2.78 -1.99 -0.43  1.27  2.49  3.03  2.76  1.75 11061995 00
  0.44 -1.06 -2.26 -2.98 -3.27 -2.84 -1.44  0.45  2.05  2.99  3.19  2.47 11061995 12
  1.20 -0.28 -1.76 -2.75 -3.27 -3.23 -2.23 -0.38  1.48  2.77  3.34  2.96 12061995 00
  1.78  0.34 -1.30 -2.55 -3.27 -3.48 -2.86 -1.19  0.92  2.51  3.40  3.46 12061995 12
  2.53  1.10 -0.57 -2.09 -3.07 -3.60 -3.46 -2.20 -0.14  1.84  3.08  3.54 13061995 00
  3.01  1.64  0.08 -1.62 -2.82 -3.50 -3.63 -2.78 -0.82  1.33  2.90  3.69 13061995 12
  3.55  2.39  0.84 -0.94 -2.42 -3.35 -3.81 -3.50 -2.00  0.22  2.15  3.29 14061995 00
  3.63  2.90  1.42 -0.23 -1.91 -3.02 -3.62 -3.60 -2.48 -0.36  1.78  3.23 14061995 12
  3.87  3.50  2.18  0.58 -1.24 -2.61 -3.46 -3.82 -3.31 -1.61  0.65  2.44 15061995 00
  3.45  3.60  2.67  1.17 -0.49 -2.06 -3.05 -3.53 -3.31 -1.95  0.19  2.18 15061995 12
  3.44  3.88  3.28  1.89  0.27 -1.48 -2.72 -3.45 -3.69 -3.00 -1.16  0.98 16061995 00
  2.58  3.41  3.35  2.31  0.87 -0.75 -2.16 -3.01 -3.34 -2.92 -1.39  0.70 16061995 12
  2.49  3.55  3.82  3.11  1.80  0.22 -1.36 -2.42 -3.05 -3.17 -2.30 -0.53 17061995 00
  1.38  2.71  3.33  3.07  1.99  0.66 -0.89 -2.10 -2.77 -2.97 -2.38 -0.86 17061995 12
  1.02  2.52  3.37  3.42  2.59  1.35 -0.17 -1.56 -2.45 -2.98 -2.99 -2.08 18061995 00
 -0.43  1.26  2.43  2.92  2.59  1.59  0.37 -1.00 -2.02 -2.54 -2.62 -2.00 18061995 12
 -0.61  1.03  2.28  2.98  2.96  2.23  1.12 -0.22 -1.42 -2.19 -2.61 -2.53 19061995 00
 -1.67 -0.24  1.19  2.17  2.52  2.19  1.33  0.26 -0.92 -1.78 -2.20 -2.23 19061995 12
 -1.67 -0.50  0.88  1.96  2.54  2.49  1.84  0.86 -0.32 -1.36 -2.01 -2.37 20061995 00
 -2.30 -1.56 -0.34  0.89  1.77  2.11  1.85  1.16  0.25 -0.77 -1.55 -1.94 20061995 12
 -2.00 -1.57 -0.64  0.54  1.52  2.06  2.04  1.52  0.66 -0.35 -1.30 -1.90 21061995 00
 -2.24 -2.21 -1.62 -0.57  0.57  1.43  1.79  1.63  1.06  0.26 -0.65 -1.42 21061995 12
 -1.84 -1.97 -1.69 -0.93  0.16  1.12  1.69  1.76  1.38  0.63 -0.26 -1.17 22061995 00
 -1.80 -2.15 -2.14 -1.62 -0.64  0.46  1.31  1.73  1.63  1.13  0.36 -0.53 22061995 12
 -1.33 -1.80 -1.99 -1.79 -1.09 -0.05  0.93  1.57  1.70  1.36  0.66 -0.21 23061995 00
 -1.13 -1.79 -2.13 -2.12 -1.59 -0.60  0.54  1.43  1.88  1.77  1.23  0.41 23061995 12
 -0.56 -1.41 -1.92 -2.13 -1.90 -1.15 -0.03  1.01  1.68  1.80  1.41  0.63 24061995 00
 -0.30 -1.27 -1.93 -2.25 -2.16 -1.52 -0.40  0.81  1.71  2.10  1.90  1.22 24061995 12
  0.29 -0.77 -1.64 -2.14 -2.28 -1.92 -0.99  0.27  1.33  1.93  1.93  1.38 25061995 00
  0.46 -0.60 -1.61 -2.22 -2.46 -2.19 -1.30  0.02  1.26  2.07  2.31  1.92 25061995 12
  1.05 -0.03 -1.18 -2.01 -2.44 -2.46 -1.86 -0.66  0.70  1.71  2.18  1.98 26061995 00
  1.20  0.13 -1.05 -2.01 -2.52 -2.58 -2.07 -0.90  0.56  1.74  2.42  2.43 26061995 12
  1.77  0.71 -0.53 -1.69 -2.41 -2.72 -2.51 -1.56 -0.11  1.27  2.14  2.38 27061995 00
  1.89  0.86 -0.33 -1.55 -2.38 -2.75 -2.59 -1.73 -0.26  1.25  2.30  2.76 27061995 12
  2.46  1.51  0.29 -1.07 -2.12 -2.69 -2.83 -2.30 -1.00  0.61  1.87  2.54 28061995 00
  2.46  1.65  0.47 -0.84 -2.00 -2.66 -2.86 -2.41 -1.17  0.50  1.90  2.75 28061995 12
  2.88  2.22  1.07 -0.30 -1.63 -2.48 -2.91 -2.80 -1.86 -0.27  1.33  2.38 29061995 00
  2.77  2.34  1.26 -0.02 -1.39 -2.36 -2.83 -2.77 -1.95 -0.41  1.27  2.48 29061995 12
  3.05  2.82  1.85  0.57 -0.88 -2.04 -2.70 -2.94 -2.50 -1.19  0.54  1.96 30061995 00
  2.75  2.77  1.99  0.78 -0.58 -1.83 -2.58 -2.87 -2.53 -1.36  0.33  1.84 30061995 12
  2.80  3.03  2.40  1.23 -0.15 -1.56 -2.49 -2.99 -2.97 -2.14 -0.56  1.12 01071995 00
  2.28  2.80  2.49  1.47  0.24 -1.13 -2.18 -2.71 -2.75 -2.08 -0.64  1.05 01071995 12
  2.33  2.98  2.84  1.94  0.71 -0.70 -1.91 -2.62 -2.92 -2.61 -1.43  0.25 02071995 00
  1.72  2.62  2.79  2.17  1.07 -0.20 -1.47 -2.26 -2.59 -2.38 -1.40  0.18 02071995 12
  1.71  2.71  3.03  2.57  1.53  0.26 -1.13 -2.10 -2.64 -2.76 -2.18 -0.82 03071995 00
  0.80  2.04  2.66  2.54  1.76  0.64 -0.63 -1.70 -2.28 -2.45 -2.01 -0.82 03071995 12
  0.73  2.03  2.79  2.83  2.16  1.09 -0.19 -1.40 -2.17 -2.58 -2.52 -1.69 04071995 00
 -0.29  1.14  2.14  2.51  2.19  1.32  0.22 -0.98 -1.87 -2.31 -2.33 -1.75 04071995 12
 -0.53  0.91  2.01  2.57  2.45  1.70  0.64 -0.57 -1.63 -2.27 -2.57 -2.36 05071995 00
 -1.44 -0.06  1.26  2.12  2.36  1.97  1.12  0.10 -0.98 -1.73 -2.07 -2.04 05071995 12
 -1.41 -0.23  1.08  2.07  2.50  2.31  1.57  0.56 -0.61 -1.55 -2.13 -2.41 06071995 00
 -2.19 -1.31 -0.02  1.19  1.98  2.19  1.84  1.07  0.10 -0.92 -1.62 -1.96 06071995 12
 -1.94 -1.36 -0.26  0.98  1.95  2.40  2.27  1.62  0.67 -0.45 -1.40 -2.01 07071995 00
 -2.34 -2.21 -1.43 -0.20  1.02  1.88  2.19  1.92  1.21  0.27 -0.78 -1.59 07071995 12
 -2.04 -2.16 -1.74 -0.74  0.55  1.62  2.22  2.22  1.67  0.76 -0.33 -1.38 08071995 00
 -2.07 -2.47 -2.45 -1.76 -0.52  0.83  1.83  2.30  2.13  1.44  0.46 -0.68 08071995 12
 -1.64 -2.21 -2.46 -2.19 -1.23  0.17  1.44  2.25  2.43  1.98  1.04 -0.10 09071995 00
 -1.30 -2.15 -2.64 -2.69 -2.04 -0.71  0.81  1.99  2.60  2.50  1.77  0.67 09071995 12
 -0.61 -1.74 -2.46 -2.82 -2.61 -1.58 -0.00  1.49  2.46  2.77  2.31  1.30 10071995 00
  0.05 -1.31 -2.28 -2.83 -2.89 -2.18 -0.65  1.09  2.40  3.09  2.99  2.13 10071995 12
  0.89 -0.59 -1.89 -2.71 -3.12 -2.90 -1.70  0.14  1.83  2.92  3.27  2.74 11071995 00
  1.56  0.14 -1.38 -2.44 -3.01 -3.06 -2.21 -0.46  1.48  2.87  3.58  3.40 11071995 12
  2.33  0.93 -0.75 -2.11 -2.96 -3.39 -3.08 -1.66  0.36  2.16  3.23  3.53 12071995 00
  2.82  1.47 -0.10 -1.70 -2.76 -3.31 -3.26 -2.15 -0.13  1.88  3.27  3.90 12071995 12
  3.52  2.27  0.73 -1.07 -2.41 -3.24 -3.60 -3.09 -1.42  0.80  2.55  3.53 13071995 00
  3.67  2.75  1.30 -0.39 -1.97 -2.95 -3.43 -3.20 -1.78  0.41  2.40  3.67 13071995 12
  4.11  3.48  2.08  0.40 -1.39 -2.64 -3.40 -3.64 -2.88 -0.95  1.27  2.91 14071995 00
  3.74  3.65  2.54  1.03 -0.71 -2.17 -3.04 -3.39 -2.89 -1.22  1.01  2.85 14071995 12
  3.89  4.09  3.20  1.74 -0.03 -1.71 -2.81 -3.47 -3.54 -2.49 -0.43  1.65 15071995 00
  3.08  3.69  3.33  2.06  0.54 -1.17 -2.44 -3.15 -3.32 -2.57 -0.77  1.38 15071995 12
  2.96  3.81  3.75  2.68  1.24 -0.51 -1.99 -2.93 -3.45 -3.30 -2.03 -0.02 16071995 00
  1.84  3.00  3.38  2.79  1.49  0.03 -1.53 -2.58 -3.11 -3.06 -2.07 -0.23 16071995 12
  1.68  2.97  3.59  3.28  2.17  0.79 -0.84 -2.08 -2.83 -3.17 -2.78 -1.37 17071995 00
  0.48  2.04  2.93  3.06  2.33  1.11 -0.28 -1.61 -2.42 -2.78 -2.53 -1.41 17071995 12
  0.29  1.90  2.93  3.29  2.86  1.84  0.56 -0.87 -1.87 -2.45 -2.64 -2.09 18071995 00
 -0.76  0.81  2.04  2.66  2.57  1.81  0.73 -0.51 -1.59 -2.20 -2.43 -2.10 18071995 12
 -1.07  0.37  1.63  2.42  2.57  2.07  1.12 -0.02 -1.18 -1.95 -2.36 -2.39 19071995 00
 -1.77 -0.58  0.76  1.75  2.22  2.07  1.41  0.49 -0.55 -1.41 -1.87 -2.02 19071995 12
 -1.71 -0.85  0.34  1.39  2.03  2.11  1.67  0.87 -0.08 -1.02 -1.62 -1.94 20071995 00
 -1.95 -1.42 -0.44  0.64  1.48  1.86  1.74  1.23  0.48 -0.40 -1.14 -1.55 20071995 12
 -1.69 -1.46 -0.76  0.21  1.12  1.68  1.76  1.44  0.81  0.00 -0.83 -1.41 21071995 00
 -1.73 -1.77 -1.36 -0.55  0.43  1.24  1.64  1.62  1.24  0.60 -0.16 -0.87 21071995 12
 -1.32 -1.53 -1.45 -0.92 -0.10  0.75  1.33  1.49  1.29  0.77  0.07 -0.71 22071995 00
 -1.32 -1.66 -1.76 -1.43 -0.67  0.29  1.12  1.59  1.64  1.34  0.74 -0.03 22071995 12
 -0.82 -1.35 -1.62 -1.61 -1.13 -0.28  0.65  1.36  1.63  1.50  1.03  0.34 23071995 00
 -0.48 -1.16 -1.56 -1.67 -1.37 -0.60  0.40  1.31  1.84  1.91  1.52  0.80 23071995 12
 -0.10 -1.00 -1.62 -1.96 -1.95 -1.40 -0.43  0.63  1.41  1.72  1.53  0.94 24071995 00
  0.11 -0.83 -1.59 -1.99 -2.03 -1.59 -0.64  0.56  1.55  2.11  2.11  1.60 24071995 12
  0.73 -0.31 -1.29 -1.91 -2.19 -2.04 -1.27 -0.07  1.10  1.88  2.09  1.72 25071995 00
  0.89 -0.13 -1.21 -1.97 -2.31 -2.21 -1.50 -0.26  1.08  2.06  2.50  2.27 25071995 12
  1.49  0.44 -0.76 -1.74 -2.29 -2.47 -2.05 -0.94  0.51  1.70  2.37  2.36 26071995 00
  1.69  0.63 -0.56 -1.66 -2.31 -2.52 -2.14 -1.04  0.50  1.85  2.69  2.87 26071995 12
  2.33  1.28  0.01 -1.29 -2.15 -2.60 -2.58 -1.80 -0.34  1.22  2.32  2.77 27071995 00
  2.43  1.46  0.24 -1.10 -2.11 -2.62 -2.65 -1.94 -0.49  1.17  2.41  3.05 27071995 12
  2.90  1.99  0.74 -0.72 -1.93 -2.65 -2.95 -2.59 -1.33  0.42  1.90  2.79 28071995 00
  2.91  2.18  0.97 -0.43 -1.76 -2.59 -2.94 -2.67 -1.52  0.23  1.85  2.89 28071995 12
  3.21  2.65  1.47  0.04 -1.45 -2.47 -3.03 -3.07 -2.25 -0.60  1.21  2.48 29071995 00
  3.07  2.80  1.73  0.40 -1.11 -2.28 -2.91 -3.02 -2.36 -0.80  1.06  2.48 29071995 12
  3.23  3.15  2.19  0.85 -0.70 -2.04 -2.85 -3.22 -2.93 -1.66  0.20  1.85 30071995 00
  2.85  3.09  2.41  1.14 -0.30 -1.74 -2.66 -3.07 -2.87 -1.78  0.04  1.77 30071995 12
  2.91  3.33  2.82  1.61  0.18 -1.38 -2.49 -3.10 -3.23 -2.52 -0.91  0.97 31071995 00
  2.34  3.04  2.89  1.89  0.57 -0.91 -2.13 -2.81 -2.99 -2.44 -1.00  0.85 31071995 12
  2.34  3.17  3.20  2.34  1.05 -0.46 -1.84 -2.70 -3.14 -3.00 -1.91 -0.13 01081995 00
  1.54  2.63  3.00  2.49  1.33  0.00 -1.42 -2.40 -2.88 -2.81 -1.95 -0.35 01081995 12
  1.36  2.54  3.09  2.79  1.75  0.45 -1.02 -2.16 -2.82 -3.06 -2.65 -1.35 02081995 00
  0.35  1.78  2.60  2.69  1.99  0.83 -0.47 -1.70 -2.45 -2.76 -2.49 -1.45 02081995 12
  0.13  1.62  2.57  2.85  2.36  1.30  0.03 -1.30 -2.22 -2.74 -2.83 -2.24 03081995 00
 -0.90  0.65  1.85  2.46  2.34  1.58  0.50 -0.70 -1.74 -2.33 -2.53 -2.17 03081995 12
 -1.12  0.35  1.63  2.41  2.55  2.03  1.06 -0.08 -1.25 -2.05 -2.49 -2.52 04081995 00
 -1.90 -0.67  0.72  1.76  2.27  2.12  1.45  0.50 -0.59 -1.54 -2.08 -2.29 04081995 12
 -2.00 -1.08  0.23  1.40  2.13  2.29  1.89  1.06  0.05 -1.03 -1.78 -2.21 05081995 00
 -2.30 -1.83 -0.79  0.49  1.51  2.07  2.04  1.53  0.70 -0.30 -1.25 -1.84 05081995 12
 -2.14 -2.04 -1.35 -0.19  0.98  1.83  2.15  1.93  1.27  0.36 -0.69 -1.54 06081995 00
 -2.06 -2.30 -2.05 -1.18  0.08  1.22  1.96  2.14  1.80  1.03  0.05 -1.00 06081995 12
 -1.77 -2.23 -2.35 -1.90 -0.86  0.45  1.52  2.13  2.13  1.61  0.72 -0.35 07081995 00
 -1.39 -2.08 -2.45 -2.36 -1.60 -0.30  1.05  2.04  2.45  2.22  1.45  0.39 07081995 12
 -0.84 -1.85 -2.46 -2.73 -2.42 -1.34  0.17  1.51  2.34  2.51  2.00  1.01 08081995 00
 -0.19 -1.44 -2.31 -2.77 -2.74 -1.95 -0.46  1.16  2.33  2.88  2.67  1.77 08081995 12
  0.55 -0.87 -2.05 -2.77 -3.11 -2.80 -1.56  0.19  1.74  2.70  2.92  2.32 09081995 00
  1.14 -0.24 -1.66 -2.61 -3.10 -3.02 -2.03 -0.26  1.53  2.78  3.36  3.03 09081995 12
  1.92  0.51 -1.12 -2.38 -3.15 -3.47 -3.01 -1.52  0.50  2.15  3.08  3.23 10081995 00
  2.41  1.03 -0.53 -2.03 -2.98 -3.43 -3.21 -1.93  0.11  2.01  3.24  3.69 10081995 12
  3.13  1.79  0.21 -1.52 -2.75 -3.48 -3.69 -2.95 -1.10  1.03  2.61  3.43 11081995 00
  3.33  2.24  0.74 -0.94 -2.39 -3.25 -3.58 -3.07 -1.42  0.82  2.64  3.68 11081995 12
  3.89  3.02  1.54 -0.21 -1.89 -3.00 -3.65 -3.69 -2.60 -0.50  1.64  3.07 12081995 00
  3.66  3.26  1.93  0.33 -1.41 -2.68 -3.39 -3.52 -2.69 -0.74  1.49  3.07 12081995 12
  3.89  3.78  2.61  1.06 -0.78 -2.28 -3.24 -3.74 -3.48 -2.02  0.17  2.12 13081995 00
  3.24  3.55  2.79  1.32 -0.30 -1.94 -3.01 -3.54 -3.44 -2.27 -0.19  1.85 13081995 12
  3.19  3.74  3.30  1.97  0.41 -1.34 -2.61 -3.35 -3.60 -2.96 -1.24  0.87 14081995 00
  2.44  3.26  3.22  2.18  0.73 -0.87 -2.27 -3.09 -3.41 -2.99 -1.54  0.48 14081995 12
  2.19  3.19  3.42  2.67  1.33 -0.20 -1.73 -2.73 -3.25 -3.23 -2.25 -0.46 15081995 00
  1.33  2.55  3.06  2.67  1.52  0.18 -1.29 -2.38 -2.96 -3.03 -2.34 -0.81 15081995 12
  0.97  2.29  2.98  2.86  1.95  0.71 -0.72 -1.93 -2.64 -2.94 -2.65 -1.52 16081995 00
  0.12  1.55  2.44  2.64  2.04  0.97 -0.26 -1.49 -2.28 -2.64 -2.51 -1.68 16081995 12
 -0.27  1.17  2.16  2.54  2.22  1.33  0.23 -0.98 -1.90 -2.38 -2.48 -2.01 17081995 00
 -0.89  0.49  1.58  2.18  2.14  1.54  0.62 -0.43 -1.40 -1.94 -2.15 -1.92 17081995 12
 -1.13  0.06  1.16  1.87  2.04  1.67  0.91 -0.01 -0.99 -1.66 -1.99 -1.99 18081995 00
 -1.50 -0.55  0.55  1.40  1.80  1.70  1.21  0.47 -0.39 -1.14 -1.56 -1.72 18081995 12
 -1.53 -0.88  0.06  0.93  1.47  1.56  1.26  0.68 -0.04 -0.80 -1.33 -1.62 19081995 00
 -1.65 -1.26 -0.51  0.38  1.10  1.45  1.43  1.10  0.54 -0.16 -0.82 -1.23 19081995 12
 -1.43 -1.39 -0.94 -0.23  0.53  1.06  1.23  1.10  0.70  0.12 -0.55 -1.10 20081995 00
 -1.42 -1.53 -1.29 -0.70  0.09  0.82  1.27  1.39  1.22  0.77  0.14 -0.55 20081995 12
 -1.07 -1.39 -1.49 -1.21 -0.58  0.19  0.86  1.20  1.22  0.92  0.39 -0.29 21081995 00
 -0.96 -1.40 -1.59 -1.48 -0.96 -0.15  0.72  1.35  1.59  1.47  1.02  0.34 21081995 12
 -0.47 -1.15 -1.58 -1.75 -1.52 -0.83  0.11  0.97  1.48  1.54  1.22  0.57 22081995 00
 -0.24 -1.06 -1.60 -1.83 -1.70 -1.07 -0.07  0.96  1.71  2.00  1.80  1.19 22081995 12
  0.33 -0.67 -1.47 -1.93 -2.07 -1.68 -0.73  0.47  1.46  1.99  1.95  1.41 23081995 00
  0.54 -0.47 -1.41 -1.97 -2.18 -1.88 -0.98  0.29  1.47  2.23  2.39  1.95 23081995 12
  1.05 -0.06 -1.21 -2.00 -2.41 -2.37 -1.65 -0.35  1.05  2.06  2.50  2.26 24081995 00
  1.46  0.41 -0.78 -1.71 -2.19 -2.24 -1.63 -0.36  1.15  2.32  2.92  2.81 24081995 12
  1.99  0.82 -0.53 -1.65 -2.31 -2.59 -2.24 -1.07  0.56  2.00  2.84  2.96 25081995 00
  2.31  1.18 -0.17 -1.49 -2.33 -2.73 -2.55 -1.53  0.12  1.72  2.76  3.08 25081995 12
  2.57  1.42  0.04 -1.43 -2.47 -3.04 -3.09 -2.29 -0.65  1.17  2.46  3.11 26081995 00
  2.90  1.86  0.54 -0.97 -2.17 -2.82 -2.97 -2.35 -0.81  1.07  2.53  3.30 26081995 12
  3.23  2.25  0.88 -0.73 -2.13 -2.99 -3.39 -3.11 -1.79  0.17  1.95  3.01 27081995 00
  3.30  2.63  1.31 -0.18 -1.69 -2.69 -3.18 -3.07 -1.98 -0.07  1.78  2.99 27081995 12
  3.46  2.94  1.61  0.08 -1.60 -2.78 -3.46 -3.60 -2.86 -1.08  0.96  2.46 28081995 00
  3.22  3.09  2.01  0.54 -1.06 -2.41 -3.18 -3.40 -2.83 -1.25  0.83  2.48 28081995 12
  3.39  3.47  2.55  1.13 -0.51 -2.02 -2.96 -3.43 -3.28 -2.09 -0.11  1.77 29081995 00
  2.96  3.35  2.74  1.38 -0.13 -1.72 -2.81 -3.37 -3.35 -2.38 -0.48  1.46 29081995 12
  2.81  3.42  3.10  1.88  0.40 -1.25 -2.51 -3.25 -3.49 -2.95 -1.39  0.63 30081995 00
  2.19  3.04  3.08  2.17  0.79 -0.74 -2.13 -2.96 -3.31 -2.98 -1.68  0.24 30081995 12
  1.94  2.96  3.25  2.58  1.29 -0.18 -1.69 -2.69 -3.23 -3.25 -2.40 -0.71 31081995 00
  1.07  2.34  2.93  2.66  1.60  0.30 -1.15 -2.29 -2.91 -3.05 -2.49 -1.08 31081995 12
  0.68  2.08  2.85  2.87  2.07  0.87 -0.51 -1.78 -2.56 -2.93 -2.77 -1.79 01091995 00
 -0.19  1.34  2.34  2.69  2.25  1.24  0.04 -1.24 -2.15 -2.62 -2.65 -2.03 01091995 12
 -0.71  0.83  2.00  2.62  2.53  1.79  0.73 -0.48 -1.54 -2.17 -2.47 -2.27 02091995 00
 -1.37 -0.01  1.29  2.14  2.39  2.01  1.16  0.14 -0.96 -1.75 -2.17 -2.23 02091995 12
 -1.74 -0.66  0.65  1.70  2.26  2.22  1.66  0.79 -0.23 -1.17 -1.77 -2.09 03091995 00
 -2.02 -1.35 -0.22  0.94  1.79  2.12  1.93  1.31  0.45 -0.56 -1.40 -1.90 03091995 12
 -2.14 -1.92 -1.12  0.03  1.10  1.82  2.02  1.75  1.11  0.25 -0.70 -1.42 04091995 00
 -1.84 -1.98 -1.60 -0.66  0.52  1.53  2.10  2.15  1.74  0.98  0.02 -0.95 04091995 12
 -1.63 -2.05 -2.11 -1.56 -0.48  0.76  1.74  2.23  2.18  1.66  0.83 -0.20 05091995 00
 -1.14 -1.74 -2.04 -1.91 -1.09  0.17  1.42  2.30  2.59  2.31  1.52  0.46 05091995 12
 -0.74 -1.66 -2.22 -2.45 -2.05 -0.95  0.51  1.77  2.52  2.63  2.11  1.15 06091995 00
 -0.04 -1.23 -2.01 -2.41 -2.31 -1.43  0.08  1.61  2.69  3.11  2.79  1.85 06091995 12
  0.63 -0.78 -1.85 -2.50 -2.76 -2.30 -0.95  0.77  2.18  3.01  3.08  2.36 07091995 00
  1.18 -0.23 -1.55 -2.38 -2.78 -2.59 -1.46  0.32  2.04  3.15  3.54  3.05 07091995 12
  1.88  0.43 -1.14 -2.25 -2.90 -3.07 -2.39 -0.74  1.20  2.67  3.43  3.35 08091995 00
  2.36  1.00 -0.59 -1.95 -2.75 -3.08 -2.66 -1.16  0.87  2.58  3.59  3.77 08091995 12
  2.94  1.57 -0.10 -1.68 -2.73 -3.33 -3.35 -2.28 -0.30  1.69  3.05  3.61 09091995 00
  3.20  1.93  0.41 -1.30 -2.55 -3.25 -3.38 -2.57 -0.72  1.45  3.00  3.80 09091995 12
  3.67  2.53  1.03 -0.76 -2.22 -3.12 -3.57 -3.25 -1.74  0.43  2.32  3.40 10091995 00
  3.67  2.87  1.40 -0.25 -1.89 -2.94 -3.45 -3.32 -2.07  0.07  2.09  3.42 10091995 12
  3.93  3.40  2.03  0.42 -1.34 -2.58 -3.30 -3.49 -2.72 -0.84  1.33  2.87 11091995 00
  3.63  3.48  2.32  0.82 -0.91 -2.30 -3.13 -3.44 -2.92 -1.30  0.86  2.59 11091995 12
  3.56  3.67  2.76  1.33 -0.34 -1.89 -2.86 -3.36 -3.22 -1.99  0.02  1.91 12091995 00
  3.11  3.52  2.92  1.61  0.11 -1.51 -2.60 -3.18 -3.20 -2.30 -0.48  1.48 12091995 12
  2.81  3.44  3.15  1.99  0.59 -1.02 -2.24 -2.94 -3.17 -2.63 -1.12  0.77 13091995 00
  2.27  3.08  3.09  2.21  0.91 -0.56 -1.90 -2.69 -3.02 -2.72 -1.51  0.28 13091995 12
  1.85  2.84  3.09  2.48  1.32 -0.02 -1.40 -2.32 -2.76 -2.70 -1.83 -0.28 14091995 00
  1.32  2.43  2.89  2.57  1.61  0.41 -0.92 -1.93 -2.45 -2.55 -2.01 -0.75 14091995 12
  0.78  1.96  2.57  2.48  1.72  0.64 -0.58 -1.63 -2.23 -2.45 -2.14 -1.16 15091995 00
  0.24  1.49  2.27  2.42  1.94  1.03 -0.04 -1.11 -1.80 -2.11 -2.04 -1.38 15091995 12
 -0.23  0.98  1.84  2.17  1.91  1.19  0.28 -0.72 -1.48 -1.86 -1.93 -1.54 16091995 00
 -0.65  0.48  1.41  1.92  1.90  1.43  0.69 -0.19 -1.02 -1.52 -1.74 -1.64 16091995 12
 -1.05 -0.14  0.80  1.43  1.59  1.34  0.78  0.06 -0.71 -1.27 -1.56 -1.61 17091995 00
 -1.29 -0.58  0.31  1.05  1.43  1.42  1.10  0.54 -0.16 -0.84 -1.28 -1.50 17091995 12
 -1.48 -1.08 -0.40  0.35  0.90  1.09  0.98  0.63  0.10 -0.52 -1.05 -1.36 18091995 00
 -1.47 -1.29 -0.77 -0.04  0.64  1.07  1.18  1.03  0.63  0.05 -0.60 -1.12 18091995 12
 -1.45 -1.60 -1.40 -0.87 -0.14  0.54  0.94  1.03  0.87  0.43 -0.16 -0.77 19091995 00
 -1.22 -1.45 -1.45 -1.09 -0.43  0.37  1.01  1.32  1.30  0.98  0.41 -0.31 19091995 12
 -1.00 -1.48 -1.72 -1.64 -1.10 -0.25  0.63  1.25  1.47  1.31  0.83  0.14 20091995 00
 -0.66 -1.29 -1.64 -1.71 -1.35 -0.55  0.45  1.30  1.75  1.73  1.30  0.57 20091995 12
 -0.34 -1.23 -1.80 -2.07 -1.92 -1.20 -0.10  0.99  1.73  1.95  1.66  0.95 21091995 00
  0.03 -0.99 -1.73 -2.10 -2.06 -1.46 -0.36  0.88  1.81  2.24  2.08  1.38 21091995 12
  0.37 -0.80 -1.78 -2.34 -2.52 -2.11 -1.03  0.40  1.62  2.33  2.39  1.81 22091995 00
  0.79 -0.39 -1.53 -2.24 -2.54 -2.29 -1.32  0.14  1.54  2.44  2.68  2.18 22091995 12
  1.12 -0.15 -1.48 -2.41 -2.91 -2.89 -2.09 -0.56  1.10  2.26  2.81  2.57 23091995 00
  1.60  0.36 -1.04 -2.15 -2.73 -2.81 -2.12 -0.58  1.26  2.66  3.38  3.31 23091995 12
  2.42  1.15 -0.36 -1.65 -2.45 -2.83 -2.52 -1.25  0.54  2.16  3.15  3.34 24091995 00
  2.59  1.27 -0.27 -1.77 -2.73 -3.22 -3.09 -1.95 -0.04  1.77  2.98  3.43 24091995 12
  2.89  1.60  0.09 -1.55 -2.72 -3.37 -3.48 -2.65 -0.78  1.33  2.87  3.68 25091995 00
  3.54  2.42  0.96 -0.74 -2.08 -2.85 -3.12 -2.60 -0.99  1.11  2.81  3.74 25091995 12
  3.76  2.77  1.32 -0.43 -1.99 -2.98 -3.50 -3.35 -2.05  0.05  2.04  3.26 26091995 00
  3.66  3.02  1.60  0.00 -1.68 -2.83 -3.44 -3.45 -2.42 -0.36  1.74  3.19 26091995 12
  3.88  3.57  2.30  0.74 -1.04 -2.36 -3.12 -3.37 -2.76 -1.02  1.17  2.86 27091995 00
  3.76  3.78  2.71  1.23 -0.50 -2.02 -2.97 -3.44 -3.21 -1.82  0.30  2.20 27091995 12
  3.35  3.66  2.92  1.48 -0.14 -1.79 -2.88 -3.46 -3.47 -2.46 -0.47  1.55 28091995 00
  2.94  3.57  3.23  1.99  0.50 -1.18 -2.43 -3.15 -3.38 -2.77 -1.11  0.96 28091995 12
  2.51  3.35  3.36  2.39  1.01 -0.59 -2.01 -2.89 -3.31 -3.08 -1.81  0.10 29091995 00
  1.84  2.93  3.26  2.66  1.42 -0.01 -1.51 -2.52 -3.05 -3.07 -2.23 -0.57 29091995 12
  1.22  2.50  3.13  2.91  1.91  0.66 -0.80 -1.96 -2.63 -2.90 -2.50 -1.24 30091995 00
  0.47  1.90  2.76  2.88  2.22  1.11 -0.19 -1.45 -2.25 -2.65 -2.54 -1.64 30091995 12
 -0.12  1.42  2.50  2.98  2.76  1.95  0.88 -0.38 -1.33 -1.86 -2.04 -1.65 01101995 00
 -0.57  0.80  1.99  2.67  2.72  2.15  1.21  0.04 -1.05 -1.75 -2.17 -2.23 01101995 12
 -1.63 -0.47  0.83  1.82  2.29  2.20  1.63  0.79 -0.22 -1.08 -1.56 -1.76 02101995 00
 -1.54 -0.73  0.42  1.53  2.27  2.47  2.17  1.48  0.55 -0.47 -1.24 -1.75 02101995 12
 -1.99 -1.70 -0.82  0.32  1.37  2.01  2.16  1.86  1.20  0.34 -0.60 -1.26 03101995 00
 -1.64 -1.71 -1.23 -0.25  0.88  1.81  2.27  2.26  1.77  0.98 -0.03 -0.97 03101995 12
 -1.63 -2.02 -1.94 -1.18 -0.01  1.16  2.04  2.44  2.38  1.89  1.06 -0.00 04101995 00
 -0.89 -1.45 -1.72 -1.50 -0.59  0.64  1.79  2.51  2.67  2.27  1.46  0.37 04101995 12
 -0.78 -1.61 -2.14 -2.30 -1.78 -0.60  0.79  1.92  2.53  2.52  1.89  0.88 05101995 00
 -0.32 -1.41 -2.09 -2.40 -2.15 -1.14  0.33  1.72  2.64  2.91  2.48  1.52 05101995 12
  0.28 -1.05 -1.99 -2.53 -2.58 -1.78 -0.26  1.36  2.61  3.28  3.20  2.44 06101995 00
  1.29 -0.16 -1.37 -2.09 -2.39 -1.99 -0.69  1.00  2.45  3.30  3.38  2.64 06101995 12
  1.43 -0.07 -1.51 -2.47 -3.03 -3.03 -2.08 -0.39  1.36  2.58  3.13  2.80 07101995 00
  1.71  0.37 -1.16 -2.32 -2.95 -3.03 -2.26 -0.59  1.33  2.75  3.52  3.43 07101995 12
  2.46  1.10 -0.54 -1.92 -2.75 -3.15 -2.80 -1.39  0.59  2.28  3.32  3.55 08101995 00
  2.84  1.55 -0.02 -1.55 -2.56 -3.08 -2.98 -1.83  0.10  1.98  3.21  3.68 08101995 12
  3.18  1.92  0.42 -1.25 -2.42 -3.07 -3.17 -2.34 -0.56  1.47  2.94  3.68 09101995 00
  3.51  2.40  0.95 -0.77 -2.16 -3.00 -3.38 -2.96 -1.41  0.66  2.37  3.31 09101995 12
  3.44  2.57  1.15 -0.45 -1.97 -2.92 -3.37 -3.15 -1.87  0.15  2.02  3.20 10101995 00
  3.59  2.96  1.62  0.06 -1.57 -2.68 -3.27 -3.31 -2.40 -0.57  1.38  2.73 10101995 12
  3.35  3.03  1.84  0.39 -1.24 -2.50 -3.21 -3.40 -2.76 -1.13  0.91  2.43 11101995 00
  3.24  3.22  2.29  0.94 -0.62 -1.99 -2.79 -3.12 -2.75 -1.38  0.56  2.20 11101995 12
  3.20  3.40  2.68  1.42 -0.07 -1.53 -2.46 -2.93 -2.83 -1.82 -0.09  1.64 12101995 00
  2.76  3.17  2.70  1.54  0.18 -1.30 -2.35 -2.89 -2.95 -2.23 -0.71  1.01 12101995 12
  2.26  2.88  2.70  1.76  0.52 -0.88 -2.02 -2.65 -2.82 -2.33 -1.01  0.68 13101995 00
  2.04  2.83  2.86  2.12  0.98 -0.35 -1.58 -2.32 -2.66 -2.48 -1.55 -0.07 13101995 12
  1.36  2.28  2.56  2.12  1.14 -0.02 -1.22 -2.05 -2.43 -2.35 -1.62 -0.30 14101995 00
  1.13  2.15  2.58  2.35  1.54  0.51 -0.66 -1.57 -2.05 -2.19 -1.80 -0.79 14101995 12
  0.52  1.60  2.21  2.20  1.65  0.77 -0.25 -1.20 -1.74 -1.93 -1.69 -0.90 15101995 00
  0.24  1.33  2.03  2.19  1.83  1.07  0.15 -0.81 -1.47 -1.83 -1.90 -1.47 15101995 12
 -0.56  0.52  1.36  1.74  1.66  1.18  0.47 -0.36 -1.08 -1.45 -1.54 -1.27 16101995 00
 -0.56  0.38  1.26  1.79  1.89  1.60  1.04  0.30 -0.49 -1.04 -1.33 -1.40 16101995 12
 -1.02 -0.25  0.60  1.28  1.58  1.54  1.19  0.65 -0.01 -0.62 -0.99 -1.15 17101995 00
 -1.01 -0.48  0.28  1.05  1.56  1.70  1.47  0.96  0.27 -0.47 -1.05 -1.43 17101995 12
 -1.59 -1.41 -0.87 -0.16  0.55  0.99  1.09  0.92  0.52 -0.04 -0.63 -1.08 18101995 00
 -1.32 -1.32 -0.94 -0.24  0.55  1.20  1.49  1.46  1.12  0.54 -0.17 -0.83 18101995 12
 -1.30 -1.59 -1.56 -1.06 -0.27  0.59  1.25  1.50  1.41  0.97  0.31 -0.45 19101995 00
 -1.10 -1.47 -1.57 -1.30 -0.60  0.30  1.15  1.63  1.69  1.32  0.64 -0.21 19101995 12
 -1.06 -1.65 -1.95 -1.91 -1.35 -0.37  0.71  1.52  1.86  1.71  1.12  0.28 20101995 00
 -0.71 -1.54 -2.00 -2.11 -1.72 -0.79  0.42  1.44  2.00  1.98  1.41  0.48 20101995 12
 -0.61 -1.65 -2.30 -2.61 -2.41 -1.55 -0.19  1.14  2.03  2.34  1.99  1.13 21101995 00
  0.05 -1.14 -2.02 -2.46 -2.44 -1.76 -0.45  1.03  2.11  2.63  2.43  1.59 21101995 12
  0.44 -0.87 -1.96 -2.56 -2.73 -2.23 -0.94  0.72  2.08  2.87  2.95  2.27 22101995 00
  1.12 -0.27 -1.58 -2.39 -2.77 -2.53 -1.40  0.31  1.90  2.93  3.22  2.68 22101995 12
  1.52  0.07 -1.44 -2.48 -3.04 -3.05 -2.15 -0.42  1.43  2.75  3.40  3.16 23101995 00
  2.11  0.74 -0.87 -2.13 -2.84 -3.05 -2.42 -0.77  1.24  2.82  3.63  3.59 23101995 12
  2.63  1.26 -0.42 -1.89 -2.80 -3.23 -2.88 -1.40  0.66  2.46  3.61  3.94 24101995 00
  3.31  2.05  0.38 -1.34 -2.47 -3.06 -3.03 -1.92  0.08  2.19  3.60  4.22 24101995 12
  3.81  2.54  0.92 -0.93 -2.26 -3.09 -3.44 -2.84 -1.06  1.17  2.93  3.85 25101995 00
  3.90  2.87  1.38 -0.41 -1.97 -2.91 -3.36 -3.04 -1.51  0.69  2.61  3.78 25101995 12
  4.10  3.36  1.99  0.27 -1.44 -2.55 -3.17 -3.20 -2.11 -0.09  2.02  3.42 26101995 00
  4.05  3.67  2.40  0.81 -1.03 -2.37 -3.18 -3.50 -2.88 -1.11  1.15  2.88 26101995 12
  3.80  3.83  2.80  1.31 -0.44 -1.98 -2.93 -3.42 -3.21 -1.83  0.30  2.24 27101995 00
  3.45  3.85  3.18  1.78  0.16 -1.53 -2.66 -3.30 -3.42 -2.56 -0.69  1.37 27101995 12
  2.82  3.52  3.29  2.14  0.70 -0.97 -2.28 -3.06 -3.37 -2.90 -1.38  0.64 28101995 00
  2.30  3.24  3.39  2.57  1.22 -0.32 -1.80 -2.75 -3.27 -3.21 -2.20 -0.38 28101995 12
  1.42  2.65  3.17  2.81  1.71  0.40 -1.07 -2.17 -2.76 -2.91 -2.33 -0.87 29101995 00
  0.90  2.30  3.04  3.01  2.19  0.99 -0.42 -1.68 -2.47 -2.89 -2.78 -1.81 29101995 12
 -0.23  1.31  2.33  2.74  2.39  1.46  0.33 -0.94 -1.88 -2.36 -2.45 -1.90 30101995 00
 -0.65  0.85  2.02  2.66  2.62  1.96  0.95 -0.27 -1.38 -2.09 -2.50 -2.48 30101995 12
 -1.75 -0.49  0.84  1.81  2.22  2.02  1.33  0.39 -0.67 -1.55 -2.03 -2.20 31101995 00
 -1.85 -0.93  0.32  1.42  2.09  2.20  1.77  0.94 -0.07 -1.10 -1.83 -2.30 31101995 12
 -2.44 -2.02 -1.02  0.22  1.25  1.83  1.85  1.44  0.67 -0.25 -1.15 -1.73 01111995 00
 -2.00 -1.90 -1.26 -0.18  0.94  1.76  2.09  1.90  1.24  0.33 -0.73 -1.61 01111995 12
 -2.17 -2.46 -2.28 -1.48 -0.24  0.94  1.75  2.04  1.80  1.13  0.22 -0.78 02111995 00
 -1.55 -1.95 -2.04 -1.60 -0.61  0.64  1.67  2.25  2.23  1.66  0.73 -0.37 02111995 12
 -1.41 -2.11 -2.50 -2.43 -1.68 -0.40  0.95  1.91  2.32  2.08  1.33  0.33 03111995 00
 -0.80 -1.72 -2.23 -2.35 -1.91 -0.80  0.63  1.80  2.47  2.48  1.84  0.79 03111995 12
 -0.45 -1.62 -2.38 -2.78 -2.66 -1.78 -0.32  1.15  2.15  2.55  2.21  1.30 04111995 00
  0.15 -1.13 -2.11 -2.61 -2.67 -2.06 -0.73  0.85  2.05  2.68  2.57  1.75 04111995 12
  0.56 -0.81 -2.00 -2.71 -3.01 -2.69 -1.52  0.16  1.64  2.58  2.82  2.25 05111995 00
  1.15 -0.16 -1.51 -2.41 -2.84 -2.71 -1.76 -0.15  1.46  2.56  3.01  2.63 05111995 12
  1.56  0.22 -1.25 -2.33 -2.93 -3.06 -2.42 -0.89  0.90  2.27  2.99  2.92 06111995 00
  2.00  0.72 -0.74 -2.02 -2.78 -3.08 -2.71 -1.40  0.43  1.98  2.89  3.04 06111995 12
  2.31  1.04 -0.41 -1.82 -2.73 -3.17 -3.00 -1.91 -0.10  1.61  2.75  3.18 07111995 00
  2.70  1.52  0.11 -1.43 -2.52 -3.10 -3.15 -2.35 -0.70  1.14  2.44  3.08 07111995 12
  2.86  1.80  0.45 -1.07 -2.30 -3.00 -3.18 -2.61 -1.10  0.80  2.31  3.13 08111995 00
  3.16  2.27  0.94 -0.59 -1.97 -2.81 -3.19 -2.92 -1.69  0.15  1.80  2.82 08111995 12
  3.09  2.46  1.21 -0.22 -1.69 -2.65 -3.11 -2.98 -1.95 -0.16  1.60  2.77 09111995 00
  3.27  2.86  1.72  0.36 -1.19 -2.31 -2.92 -3.04 -2.38 -0.83  0.98  2.34 09111995 12
  3.02  2.88  1.90  0.61 -0.84 -2.06 -2.74 -2.94 -2.45 -1.07  0.73  2.20 10111995 00
  3.05  3.13  2.35  1.13 -0.30 -1.65 -2.48 -2.88 -2.71 -1.68 -0.01  1.57 10111995 12
  2.58  2.90  2.37  1.25 -0.05 -1.42 -2.34 -2.78 -2.72 -1.90 -0.36  1.26 11111995 00
  2.40  2.93  2.66  1.71  0.49 -0.88 -1.94 -2.49 -2.64 -2.14 -0.88  0.68 11111995 12
  1.90  2.54  2.49  1.77  0.68 -0.56 -1.66 -2.29 -2.50 -2.15 -1.08  0.42 12111995 00
  1.75  2.59  2.75  2.23  1.25  0.06 -1.16 -1.97 -2.37 -2.34 -1.63 -0.36 12111995 12
  0.99  1.94  2.34  2.07  1.28  0.28 -0.84 -1.70 -2.12 -2.15 -1.63 -0.55 13111995 00
  0.77  1.81  2.35  2.28  1.64  0.70 -0.38 -1.34 -1.91 -2.19 -2.03 -1.25 13111995 12
 -0.06  1.07  1.82  2.00  1.63  0.88 -0.02 -0.96 -1.59 -1.85 -1.76 -1.18 14111995 00
 -0.16  0.98  1.83  2.19  2.03  1.42  0.59 -0.38 -1.15 -1.60 -1.78 -1.54 14111995 12
 -0.75  0.31  1.27  1.86  1.96  1.63  1.01  0.22 -0.58 -1.08 -1.31 -1.27 15111995 00
 -0.75  0.14  1.07  1.73  1.96  1.78  1.25  0.51 -0.34 -1.00 -1.41 -1.60 15111995 12
 -1.38 -0.64  0.28  1.12  1.62  1.72  1.48  0.96  0.23 -0.56 -1.10 -1.36 16111995 00
 -1.37 -0.96 -0.19  0.68  1.38  1.66  1.55  1.10  0.43 -0.37 -1.09 -1.56 16111995 12
 -1.81 -1.68 -1.07 -0.15  0.78  1.43  1.66  1.52  1.06  0.38 -0.42 -1.06 17111995 00
 -1.42 -1.51 -1.22 -0.51  0.41  1.21  1.61  1.58  1.13  0.42 -0.45 -1.30 17111995 12
 -1.89 -2.21 -2.14 -1.53 -0.47  0.65  1.48  1.86  1.73  1.18  0.38 -0.54 18111995 00
 -1.32 -1.76 -1.91 -1.62 -0.81  0.34  1.36  1.96  2.00  1.51  0.67 -0.34 18111995 12
 -1.35 -2.04 -2.40 -2.33 -1.62 -0.40  0.90  1.86  2.29  2.10  1.38  0.39 19111995 00
 -0.75 -1.67 -2.19 -2.35 -1.94 -0.87  0.56  1.74  2.40  2.39  1.73  0.66 19111995 12
 -0.58 -1.74 -2.47 -2.84 -2.66 -1.69 -0.13  1.39  2.42  2.82  2.46  1.53 20111995 00
  0.35 -1.00 -2.02 -2.56 -2.61 -1.91 -0.45  1.22  2.47  3.09  2.92  2.03 20111995 12
  0.79 -0.69 -1.93 -2.63 -2.88 -2.39 -1.00  0.81  2.31  3.21  3.33  2.64 21111995 00
  1.44 -0.07 -1.53 -2.49 -3.04 -2.98 -1.92 -0.07  1.78  3.01  3.51  3.08 21111995 12
  1.89  0.45 -1.19 -2.38 -3.08 -3.29 -2.63 -0.96  1.09  2.65  3.48  3.43 22111995 00
  2.39  0.95 -0.73 -2.18 -3.09 -3.54 -3.27 -1.86  0.25  2.15  3.31  3.66 22111995 12
  2.98  1.60  0.01 -1.65 -2.75 -3.34 -3.34 -2.27 -0.23  1.90  3.37  4.04 23111995 00
  3.70  2.43  0.86 -0.97 -2.32 -3.15 -3.48 -2.88 -1.10  1.14  2.91  3.88 23111995 12
  3.98  3.02  1.57 -0.20 -1.77 -2.76 -3.26 -3.03 -1.62  0.56  2.53  3.78 24111995 00
  4.19  3.51  2.13  0.42 -1.38 -2.59 -3.31 -3.49 -2.60 -0.59  1.62  3.18 24111995 12
  3.94  3.74  2.54  1.03 -0.77 -2.19 -3.05 -3.44 -2.98 -1.32  0.89  2.74 25111995 00
  3.76  3.94  3.03  1.58 -0.16 -1.81 -2.90 -3.52 -3.54 -2.44 -0.38  1.69 25111995 12
  3.11  3.71  3.35  2.12  0.64 -1.05 -2.30 -3.00 -3.17 -2.45 -0.68  1.40 26111995 00
  2.96  3.80  3.75  2.73  1.33 -0.38 -1.84 -2.78 -3.31 -3.17 -1.93  0.03 26111995 12
  1.85  3.03  3.45  2.93  1.75  0.35 -1.18 -2.26 -2.82 -2.88 -2.08 -0.40 27111995 00
  1.46  2.80  3.48  3.31  2.34  1.04 -0.52 -1.81 -2.61 -3.04 -2.81 -1.62 27111995 12
  0.11  1.64  2.65  2.93  2.40  1.33  0.06 -1.28 -2.19 -2.65 -2.61 -1.81 28111995 00
 -0.32  1.28  2.45  3.00  2.80  1.95  0.80 -0.57 -1.72 -2.43 -2.81 -2.64 28111995 12
 -1.67 -0.18  1.23  2.16  2.48  2.09  1.22  0.18 -0.95 -1.78 -2.19 -2.20 29111995 00
 -1.59 -0.41  0.94  1.97  2.49  2.39  1.73  0.75 -0.42 -1.46 -2.12 -2.51 29111995 12
 -2.43 -1.63 -0.33  0.94  1.81  2.14  1.88  1.19  0.30 -0.72 -1.52 -1.95 30111995 00
 -2.07 -1.66 -0.68  0.56  1.58  2.16  2.19  1.73  0.94 -0.07 -1.09 -1.77 30111995 12
 -2.18 -2.22 -1.65 -0.57  0.64  1.58  2.04  1.93  1.41  0.62 -0.33 -1.19 01121995 00
 -1.70 -1.90 -1.66 -0.84  0.33  1.42  2.13  2.29  1.92  1.16  0.18 -0.89 01121995 12
 -1.70 -2.20 -2.38 -1.97 -0.96  0.31  1.38  2.00  2.06  1.62  0.81 -0.15 02121995 00
 -1.10 -1.73 -2.03 -1.91 -1.19 -0.02  1.17  2.00  2.29  2.01  1.26  0.26 02121995 12
 -0.86 -1.72 -2.23 -2.37 -1.94 -0.88  0.47  1.61  2.27  2.33  1.84  0.98 03121995 00
 -0.08 -1.13 -1.81 -2.15 -2.07 -1.34 -0.11  1.17  2.05  2.31  1.92  1.01 03121995 12
 -0.10 -1.31 -2.20 -2.68 -2.74 -2.20 -1.01  0.44  1.59  2.23  2.16  1.43 04121995 00
  0.34 -0.85 -1.91 -2.54 -2.76 -2.46 -1.47  0.01  1.34  2.18  2.36  1.82 04121995 12
  0.79 -0.42 -1.64 -2.46 -2.83 -2.68 -1.83 -0.38  1.10  2.12  2.56  2.24 05121995 00
  1.29  0.10 -1.20 -2.22 -2.76 -2.83 -2.24 -0.90  0.67  1.88  2.51  2.40 05121995 12
  1.58  0.41 -0.91 -2.07 -2.73 -2.92 -2.49 -1.27  0.38  1.77  2.62  2.75 06121995 00
  2.09  0.95 -0.40 -1.70 -2.54 -2.95 -2.80 -1.84 -0.25  1.30  2.33  2.71 06121995 12
  2.27  1.17 -0.11 -1.47 -2.44 -2.90 -2.83 -1.99 -0.42  1.27  2.46  3.03 07121995 00
  2.79  1.81  0.55 -0.89 -2.04 -2.69 -2.91 -2.45 -1.11  0.62  2.02  2.79 07121995 12
  2.79  1.97  0.75 -0.65 -1.90 -2.64 -2.91 -2.53 -1.29  0.47  2.00  2.95 08121995 00
  3.17  2.54  1.36 -0.04 -1.46 -2.40 -2.90 -2.87 -2.00 -0.40  1.27  2.38 08121995 12
  2.83  2.44  1.35  0.04 -1.36 -2.41 -2.94 -2.95 -2.19 -0.66  1.06  2.32 09121995 00
  2.97  2.81  1.86  0.59 -0.87 -2.09 -2.80 -3.08 -2.72 -1.49  0.22  1.67 09121995 12
  2.51  2.60  1.88  0.68 -0.66 -1.93 -2.73 -3.04 -2.76 -1.66  0.03  1.55 10121995 00
  2.53  2.84  2.32  1.21 -0.10 -1.48 -2.44 -2.95 -2.96 -2.24 -0.79  0.84 10121995 12
  2.00  2.55  2.30  1.36  0.15 -1.17 -2.22 -2.77 -2.84 -2.26 -0.93  0.69 11121995 00
  1.96  2.66  2.61  1.83  0.67 -0.66 -1.86 -2.57 -2.88 -2.66 -1.66 -0.14 11121995 12
  1.26  2.15  2.37  1.84  0.80 -0.37 -1.55 -2.34 -2.67 -2.51 -1.70 -0.32 12121995 00
  1.09  2.08  2.47  2.14  1.22  0.07 -1.18 -2.13 -2.66 -2.78 -2.34 -1.20 12121995 12
  0.23  1.37  2.00  1.95  1.27  0.27 -0.82 -1.81 -2.37 -2.51 -2.15 -1.22 13121995 00
  0.11  1.30  2.03  2.15  1.64  0.68 -0.42 -1.51 -2.24 -2.62 -2.57 -1.95 13121995 12
 -0.78  0.50  1.42  1.84  1.61  0.91 -0.02 -1.01 -1.81 -2.22 -2.25 -1.82 14121995 00
 -0.88  0.35  1.35  1.90  1.84  1.27  0.37 -0.65 -1.60 -2.18 -2.44 -2.31 14121995 12
 -1.65 -0.52  0.63  1.42  1.68  1.40  0.74 -0.10 -1.01 -1.71 -2.04 -2.02 15121995 00
 -1.55 -0.67  0.43  1.29  1.73  1.62  1.09  0.27 -0.67 -1.51 -2.03 -2.29 15121995 12
 -2.17 -1.52 -0.45  0.63  1.38  1.66  1.46  0.88  0.10 -0.78 -1.49 -1.85 16121995 00
 -1.88 -1.49 -0.66  0.40  1.25  1.71  1.69  1.23  0.46 -0.46 -1.32 -1.88 16121995 12
 -2.20 -2.13 -1.51 -0.43  0.70  1.52  1.89  1.74  1.21  0.42 -0.50 -1.27 17121995 00
 -1.70 -1.84 -1.53 -0.73  0.38  1.38  1.99  2.05  1.62  0.83 -0.14 -1.13 17121995 12
 -1.82 -2.23 -2.26 -1.69 -0.58  0.69  1.67  2.15  2.05  1.47  0.59 -0.45 18121995 00
 -1.38 -1.94 -2.18 -1.94 -1.08  0.22  1.42  2.19  2.35  1.92  1.03 -0.07 18121995 12
 -1.23 -2.06 -2.54 -2.61 -2.01 -0.73  0.76  1.92  2.54  2.45  1.76  0.71 19121995 00
 -0.53 -1.63 -2.30 -2.60 -2.34 -1.31  0.22  1.64  2.55  2.78  2.27  1.22 19121995 12
 -0.06 -1.40 -2.34 -2.86 -2.91 -2.17 -0.66  1.04  2.28  2.92  2.76  1.84 20121995 00
  0.60 -0.84 -2.07 -2.81 -3.12 -2.76 -1.45  0.39  1.99  2.95  3.14  2.44 20121995 12
  1.20 -0.27 -1.74 -2.73 -3.26 -3.22 -2.20 -0.33  1.54  2.85  3.43  3.10 21121995 00
  1.99  0.58 -1.08 -2.35 -3.11 -3.39 -2.82 -1.20  0.88  2.55  3.48  3.57 21121995 12
  2.67  1.27 -0.37 -1.88 -2.83 -3.30 -3.04 -1.62  0.53  2.47  3.70  4.13 22121995 00
  3.52  2.19  0.53 -1.23 -2.46 -3.20 -3.44 -2.65 -0.74  1.49  3.11  3.91 22121995 12
  3.79  2.64  1.12 -0.68 -2.14 -3.05 -3.47 -3.06 -1.41  0.85  2.78  3.89 23121995 00
  4.12  3.26  1.78  0.01 -1.71 -2.85 -3.53 -3.62 -2.57 -0.43  1.77  3.29 23121995 12
  3.95  3.61  2.28  0.68 -1.12 -2.47 -3.27 -3.53 -2.82 -0.93  1.41  3.15 24121995 00
  4.08  4.12  3.03  1.50 -0.36 -1.95 -2.98 -3.59 -3.51 -2.19  0.02  2.13 24121995 12
  3.45  3.92  3.34  1.96  0.36 -1.39 -2.58 -3.25 -3.37 -2.47 -0.48  1.70 25121995 00
  3.21  3.96  3.72  2.48  0.94 -0.87 -2.29 -3.20 -3.69 -3.42 -1.98  0.16 25121995 12
  2.04  3.14  3.45  2.74  1.36 -0.18 -1.74 -2.74 -3.23 -3.12 -2.00 -0.05 26121995 00
  1.87  3.16  3.72  3.29  2.06  0.58 -1.10 -2.33 -3.08 -3.42 -2.98 -1.51 26121995 12
  0.44  2.02  2.93  3.06  2.26  0.97 -0.46 -1.82 -2.65 -3.01 -2.76 -1.61 27121995 00
  0.17  1.80  2.88  3.26  2.75  1.63  0.28 -1.19 -2.22 -2.83 -3.02 -2.49 27121995 12
 -1.10  0.58  1.91  2.63  2.61  1.86  0.75 -0.52 -1.66 -2.34 -2.61 -2.32 28121995 00
 -1.28  0.24  1.63  2.52  2.77  2.31  1.34  0.16 -1.09 -1.97 -2.48 -2.63 28121995 12
 -2.14 -0.96  0.47  1.61  2.23  2.19  1.60  0.67 -0.40 -1.37 -1.93 -2.16 29121995 00
 -1.94 -1.11  0.14  1.30  2.09  2.32  1.99  1.21  0.22 -0.84 -1.63 -2.12 29121995 12
 -2.28 -1.87 -0.88  0.35  1.33  1.88  1.90  1.49  0.77 -0.13 -1.03 -1.58 30121995 00
 -1.80 -1.66 -1.03 -0.02  1.02  1.81  2.13  1.94  1.37  0.55 -0.41 -1.19 30121995 12
 -1.67 -1.90 -1.64 -0.83  0.26  1.22  1.82  1.96  1.71  1.13  0.34 -0.55 31121995 00
 -1.19 -1.53 -1.57 -1.10 -0.21  0.82  1.64  2.01  1.94  1.44  0.70 -0.21 31121995 12
