Parameter Z: CS3 Location ( 52, 86) Lat 53.500 Lon -3.417
 -1.04 -1.56 -1.83 -1.68 -0.95  0.10  1.12  1.84  2.11  1.92  1.33  0.50 01011996 00
 -0.48 -1.25 -1.69 -1.81 -1.42 -0.48  0.64  1.59  2.08  2.08  1.59  0.78 01011996 12
 -0.20 -1.12 -1.71 -2.00 -1.84 -1.08  0.07  1.22  2.03  2.28  2.01  1.29 02011996 00
  0.33 -0.75 -1.54 -1.98 -2.08 -1.61 -0.59  0.66  1.66  2.17  2.09  1.47 02011996 12
  0.54 -0.53 -1.48 -2.03 -2.22 -1.88 -0.91  0.43  1.63  2.40  2.56  2.10 03011996 00
  1.22  0.12 -1.00 -1.76 -2.15 -2.09 -1.34 -0.05  1.26  2.18  2.52  2.23 03011996 12
  1.40  0.34 -0.85 -1.75 -2.23 -2.28 -1.67 -0.41  1.08  2.23  2.83  2.76 04011996 00
  2.06  0.97 -0.35 -1.47 -2.14 -2.41 -2.11 -1.06  0.43  1.78  2.59  2.72 04011996 12
  2.14  1.10 -0.12 -1.35 -2.13 -2.46 -2.21 -1.16  0.43  1.92  2.89  3.18 05011996 00
  2.73  1.70  0.42 -0.96 -1.94 -2.48 -2.56 -1.85 -0.40  1.23  2.44  2.99 05011996 12
  2.78  1.86  0.66 -0.73 -1.84 -2.45 -2.59 -1.99 -0.55  1.21  2.60  3.35 06011996 00
  3.33  2.53  1.35 -0.13 -1.46 -2.28 -2.66 -2.41 -1.26  0.43  1.95  2.89 06011996 12
  3.11  2.54  1.43  0.10 -1.29 -2.18 -2.56 -2.28 -1.11  0.64  2.25  3.33 07011996 00
  3.72  3.31  2.29  0.92 -0.60 -1.68 -2.33 -2.55 -1.92 -0.39  1.36  2.68 07011996 12
  3.28  3.07  2.08  0.79 -0.70 -1.89 -2.58 -2.81 -2.27 -0.82  1.04  2.54 08011996 00
  3.41  3.53  2.84  1.71  0.26 -1.12 -1.99 -2.42 -2.20 -1.02  0.68  2.20 08011996 12
  3.17  3.42  2.86  1.76  0.37 -1.05 -1.96 -2.44 -2.39 -1.43  0.24  1.93 09011996 00
  3.10  3.55  3.19  2.15  0.82 -0.69 -1.78 -2.43 -2.65 -2.10 -0.67  1.04 09011996 12
  2.38  3.06  2.98  2.12  0.91 -0.49 -1.69 -2.37 -2.61 -2.20 -0.94  0.77 10011996 00
  2.23  3.08  3.19  2.47  1.28 -0.12 -1.45 -2.29 -2.74 -2.67 -1.76 -0.20 10011996 12
  1.40  2.47  2.87  2.51  1.54  0.33 -0.99 -1.93 -2.35 -2.26 -1.41  0.07 11011996 00
  1.62  2.74  3.27  3.02  2.11  0.94 -0.44 -1.52 -2.17 -2.45 -2.04 -0.79 11011996 12
  0.79  2.10  2.85  2.92  2.31  1.32  0.12 -1.04 -1.74 -2.03 -1.84 -0.89 12011996 00
  0.53  1.87  2.74  2.96  2.52  1.60  0.45 -0.79 -1.63 -2.10 -2.17 -1.52 12011996 12
 -0.24  1.18  2.26  2.75  2.62  1.90  0.92 -0.27 -1.23 -1.77 -1.98 -1.66 13011996 00
 -0.65  0.67  1.83  2.52  2.61  2.12  1.27  0.19 -0.90 -1.61 -2.01 -2.03 13011996 12
 -1.38 -0.20  1.04  1.96  2.35  2.18  1.54  0.67 -0.35 -1.18 -1.64 -1.78 14011996 00
 -1.44 -0.52  0.64  1.64  2.23  2.28  1.81  1.00  0.00 -0.98 -1.66 -2.05 14011996 12
 -2.09 -1.53 -0.48  0.69  1.58  2.00  1.90  1.37  0.58 -0.38 -1.22 -1.73 15011996 00
 -1.95 -1.73 -0.95  0.17  1.23  1.93  2.09  1.75  1.02  0.08 -0.93 -1.67 15011996 12
 -2.14 -2.30 -1.93 -0.99  0.24  1.27  1.86  1.91  1.51  0.75 -0.19 -1.13 16011996 00
 -1.76 -2.10 -2.08 -1.49 -0.40  0.82  1.74  2.14  1.97  1.33  0.41 -0.67 16011996 12
 -1.60 -2.18 -2.46 -2.21 -1.29  0.06  1.31  2.13  2.37  2.03  1.24  0.20 17011996 00
 -0.95 -1.80 -2.30 -2.42 -1.91 -0.72  0.74  1.91  2.53  2.49  1.83  0.78 17011996 12
 -0.46 -1.60 -2.32 -2.69 -2.52 -1.54  0.01  1.50  2.52  2.91  2.56  1.61 18011996 00
  0.38 -1.00 -2.04 -2.64 -2.81 -2.26 -0.87  0.85  2.21  2.96  2.95  2.16 18011996 12
  0.93 -0.52 -1.85 -2.69 -3.10 -2.89 -1.72  0.12  1.82  2.96  3.36  2.86 19011996 00
  1.69  0.26 -1.31 -2.44 -3.12 -3.30 -2.58 -0.89  1.08  2.56  3.34  3.27 19011996 12
  2.29  0.91 -0.74 -2.14 -3.00 -3.37 -2.99 -1.50  0.59  2.42  3.50  3.79 20011996 00
  3.05  1.67  0.00 -1.70 -2.85 -3.54 -3.66 -2.72 -0.70  1.43  2.94  3.61 20011996 12
  3.34  2.09  0.54 -1.21 -2.61 -3.44 -3.73 -3.13 -1.34  0.97  2.75  3.74 21011996 00
  3.86  2.86  1.29 -0.53 -2.22 -3.31 -3.93 -3.87 -2.63 -0.41  1.80  3.16 21011996 12
  3.68  3.18  1.72  0.06 -1.73 -3.02 -3.75 -3.89 -2.97 -0.86  1.47  3.12 22011996 00
  3.92  3.79  2.54  0.90 -0.97 -2.52 -3.50 -3.99 -3.67 -2.09  0.26  2.28 22011996 12
  3.42  3.74  2.96  1.42 -0.28 -2.00 -3.12 -3.71 -3.62 -2.38 -0.18  2.00 23011996 00
  3.41  3.99  3.53  2.10  0.44 -1.42 -2.77 -3.60 -3.92 -3.32 -1.48  0.75 23011996 12
  2.47  3.37  3.42  2.40  0.86 -0.81 -2.33 -3.25 -3.66 -3.32 -1.87  0.33 24011996 00
  2.25  3.37  3.71  2.99  1.55 -0.06 -1.72 -2.85 -3.51 -3.62 -2.76 -0.88 24011996 12
  1.10  2.51  3.16  2.95  1.84  0.40 -1.17 -2.45 -3.17 -3.35 -2.76 -1.24 25011996 00
  0.73  2.25  3.10  3.15  2.31  1.01 -0.49 -1.89 -2.78 -3.23 -3.11 -2.09 25011996 12
 -0.37  1.28  2.39  2.81  2.36  1.26 -0.01 -1.38 -2.37 -2.88 -2.91 -2.22 26011996 00
 -0.79  0.84  2.05  2.68  2.55  1.70  0.53 -0.80 -1.92 -2.60 -2.90 -2.70 26011996 12
 -1.75 -0.28  1.07  1.96  2.21  1.75  0.79 -0.31 -1.42 -2.18 -2.53 -2.44 27011996 00
 -1.79 -0.59  0.73  1.69  2.15  1.98  1.32  0.39 -0.68 -1.59 -2.11 -2.31 27011996 12
 -2.06 -1.25 -0.07  1.01  1.69  1.82  1.43  0.70 -0.18 -1.09 -1.72 -2.02 28011996 00
 -1.98 -1.46 -0.51  0.54  1.32  1.67  1.51  0.98  0.23 -0.62 -1.37 -1.84 28011996 12
 -2.05 -1.87 -1.22 -0.23  0.69  1.32  1.52  1.33  0.82  0.12 -0.65 -1.23 29011996 00
 -1.55 -1.65 -1.37 -0.70  0.20  0.98  1.40  1.40  1.09  0.52 -0.21 -0.95 29011996 12
 -1.45 -1.72 -1.70 -1.25 -0.44  0.45  1.15  1.47  1.40  1.02  0.37 -0.40 30011996 00
 -1.08 -1.52 -1.73 -1.62 -1.07 -0.21  0.64  1.22  1.38  1.18  0.66 -0.06 30011996 12
 -0.86 -1.47 -1.80 -1.84 -1.45 -0.66  0.33  1.15  1.61  1.61  1.24  0.56 31011996 00
 -0.26 -1.07 -1.62 -1.90 -1.84 -1.26 -0.29  0.71  1.43  1.66  1.41  0.79 31011996 12
 -0.05 -0.97 -1.67 -2.01 -2.02 -1.55 -0.60  0.55  1.48  1.99  1.94  1.43 01021996 00
  0.60 -0.40 -1.32 -1.89 -2.15 -1.97 -1.19 -0.01  1.12  1.85  2.01  1.62 01021996 12
  0.80 -0.20 -1.24 -1.94 -2.25 -2.11 -1.37 -0.15  1.14  2.07  2.45  2.19 02021996 00
  1.40  0.35 -0.85 -1.79 -2.31 -2.45 -1.98 -0.85  0.57  1.71  2.31  2.25 02021996 12
  1.55  0.49 -0.70 -1.78 -2.41 -2.60 -2.21 -1.10  0.42  1.73  2.52  2.67 03021996 00
  2.09  1.01 -0.26 -1.53 -2.36 -2.77 -2.65 -1.76 -0.25  1.27  2.29  2.65 03021996 12
  2.24  1.20 -0.05 -1.37 -2.34 -2.80 -2.75 -1.95 -0.43  1.22  2.41  2.98 04021996 00
  2.76  1.80  0.52 -0.93 -2.09 -2.75 -2.95 -2.45 -1.07  0.70  2.13  2.91 04021996 12
  2.93  2.13  0.91 -0.51 -1.78 -2.51 -2.75 -2.28 -0.92  0.89  2.42  3.35 05021996 00
  3.53  2.84  1.63  0.10 -1.40 -2.38 -2.91 -2.85 -1.85 -0.12  1.64  2.81 05021996 12
  3.26  2.82  1.68  0.32 -1.16 -2.23 -2.76 -2.76 -1.93 -0.27  1.53  2.83 06021996 00
  3.41  3.13  2.03  0.62 -0.97 -2.20 -2.92 -3.18 -2.68 -1.16  0.76  2.34 06021996 12
  3.19  3.23  2.36  1.03 -0.48 -1.86 -2.67 -2.99 -2.61 -1.22  0.76  2.44 07021996 00
  3.44  3.61  2.81  1.49 -0.10 -1.65 -2.67 -3.25 -3.26 -2.29 -0.41  1.49 07021996 12
  2.78  3.34  2.96  1.79  0.41 -1.12 -2.23 -2.81 -2.86 -2.10 -0.45  1.40 08021996 00
  2.73  3.35  3.11  2.03  0.65 -0.94 -2.20 -2.95 -3.25 -2.82 -1.39  0.47 08021996 12
  2.04  2.93  3.06  2.31  1.10 -0.30 -1.64 -2.43 -2.68 -2.21 -0.91  0.88 09021996 00
  2.43  3.41  3.66  3.10  1.98  0.55 -0.93 -1.92 -2.47 -2.50 -1.63 -0.05 09021996 12
  1.61  2.79  3.28  3.00  2.04  0.80 -0.62 -1.69 -2.28 -2.44 -1.86 -0.47 10021996 00
  1.18  2.49  3.17  3.09  2.27  1.11 -0.29 -1.50 -2.24 -2.60 -2.39 -1.34 10021996 12
  0.21  1.65  2.57  2.81  2.32  1.33  0.14 -1.12 -1.94 -2.33 -2.28 -1.52 11021996 00
 -0.15  1.31  2.37  2.82  2.56  1.69  0.57 -0.72 -1.71 -2.29 -2.51 -2.12 11021996 12
 -0.99  0.52  1.84  2.66  2.80  2.30  1.39  0.27 -0.86 -1.58 -1.96 -1.95 12021996 00
 -1.28 -0.13  1.09  1.99  2.29  1.95  1.11  0.09 -1.01 -1.86 -2.34 -2.49 12021996 12
 -2.12 -1.13  0.20  1.33  2.04  2.16  1.75  0.96 -0.00 -0.99 -1.67 -2.03 13021996 00
 -2.08 -1.59 -0.59  0.57  1.48  1.91  1.76  1.19  0.37 -0.59 -1.43 -1.95 13021996 12
 -2.21 -2.07 -1.38 -0.26  0.84  1.61  1.88  1.65  1.03  0.19 -0.77 -1.55 14021996 00
 -2.02 -2.22 -1.97 -1.19 -0.04  1.02  1.70  1.85  1.53  0.81 -0.10 -1.05 14021996 12
 -1.76 -2.19 -2.29 -1.86 -0.87  0.39  1.43  2.01  2.01  1.54  0.71 -0.30 15021996 00
 -1.30 -1.98 -2.37 -2.35 -1.68 -0.47  0.86  1.84  2.27  2.09  1.37  0.37 15021996 12
 -0.78 -1.75 -2.35 -2.58 -2.24 -1.19  0.31  1.66  2.53  2.76  2.30  1.30 16021996 00
  0.07 -1.20 -2.07 -2.57 -2.66 -1.97 -0.53  1.11  2.35  2.99  2.87  2.03 16021996 12
  0.85 -0.52 -1.68 -2.42 -2.81 -2.57 -1.36  0.40  1.96  2.89  3.10  2.47 17021996 00
  1.27 -0.18 -1.66 -2.67 -3.24 -3.27 -2.38 -0.63  1.28  2.72  3.51  3.40 17021996 12
  2.44  1.14 -0.40 -1.63 -2.39 -2.69 -2.20 -0.68  1.29  2.92  3.81  3.82 18021996 00
  2.87  1.45 -0.29 -1.83 -2.86 -3.45 -3.39 -2.20 -0.15  1.84  3.10  3.55 18021996 12
  3.02  1.62  0.01 -1.71 -2.97 -3.73 -3.95 -3.22 -1.26  1.05  2.78  3.63 19021996 00
  3.59  2.44  0.83 -0.95 -2.52 -3.53 -4.04 -3.77 -2.27  0.03  2.06  3.22 19021996 12
  3.51  2.71  1.11 -0.62 -2.34 -3.49 -4.11 -4.04 -2.85 -0.61  1.69  3.14 20021996 00
  3.76  3.37  1.91  0.19 -1.65 -3.04 -3.88 -4.20 -3.61 -1.72  0.61  2.46 20021996 12
  3.38  3.42  2.34  0.69 -1.05 -2.63 -3.59 -4.01 -3.60 -2.00  0.35  2.36 21021996 00
  3.52  3.85  3.06  1.52 -0.21 -1.97 -3.13 -3.79 -3.83 -2.78 -0.68  1.53 21021996 12
  3.01  3.62  3.29  1.96  0.36 -1.37 -2.69 -3.45 -3.64 -2.91 -1.06  1.16 22021996 00
  2.79  3.63  3.57  2.47  0.95 -0.78 -2.26 -3.18 -3.61 -3.32 -1.91  0.18 22021996 12
  2.04  3.13  3.45  2.77  1.39 -0.15 -1.72 -2.73 -3.22 -3.10 -1.99 -0.05 23021996 00
  1.85  3.13  3.67  3.27  2.10  0.70 -0.91 -2.07 -2.74 -2.97 -2.39 -0.85 23021996 12
  1.01  2.46  3.21  3.17  2.30  1.06 -0.39 -1.64 -2.37 -2.66 -2.33 -1.12 24021996 00
  0.58  2.07  2.99  3.19  2.62  1.56  0.28 -1.03 -1.87 -2.30 -2.28 -1.51 24021996 12
 -0.09  1.39  2.45  2.88  2.60  1.72  0.63 -0.63 -1.56 -2.06 -2.20 -1.75 25021996 00
 -0.61  0.79  1.92  2.53  2.51  1.89  0.97 -0.12 -1.12 -1.72 -1.99 -1.85 25021996 12
 -1.08  0.10  1.24  2.01  2.22  1.91  1.20  0.31 -0.67 -1.36 -1.71 -1.77 26021996 00
 -1.33 -0.42  0.65  1.51  1.91  1.83  1.33  0.60 -0.26 -1.01 -1.47 -1.68 26021996 12
 -1.54 -0.92 -0.01  0.89  1.50  1.68  1.49  0.98  0.29 -0.49 -1.07 -1.39 27021996 00
 -1.49 -1.23 -0.58  0.22  0.94  1.31  1.34  1.06  0.55 -0.11 -0.76 -1.20 27021996 12
 -1.43 -1.44 -1.05 -0.35  0.43  1.05  1.32  1.29  0.98  0.44 -0.21 -0.81 28021996 00
 -1.21 -1.43 -1.40 -0.98 -0.33  0.38  0.90  1.09  1.00  0.64  0.08 -0.58 28021996 12
 -1.13 -1.46 -1.58 -1.35 -0.77  0.01  0.76  1.22  1.34  1.15  0.66 -0.02 29021996 00
 -0.76 -1.32 -1.66 -1.77 -1.48 -0.82  0.06  0.83  1.22  1.21  0.87  0.24 29021996 12
 -0.52 -1.25 -1.70 -1.89 -1.71 -1.10 -0.15  0.78  1.43  1.62  1.38  0.76 01031996 00
 -0.08 -0.99 -1.70 -2.10 -2.16 -1.75 -0.86  0.26  1.15  1.61  1.52  0.99 01031996 12
  0.17 -0.77 -1.63 -2.12 -2.25 -1.91 -1.05  0.16  1.25  1.93  2.03  1.59 02031996 00
  0.71 -0.35 -1.40 -2.12 -2.47 -2.36 -1.62 -0.38  0.93  1.84  2.18  1.86 02031996 12
  1.01 -0.07 -1.23 -2.10 -2.53 -2.52 -1.89 -0.64  0.80  1.89  2.45  2.28 03031996 00
  1.49  0.38 -0.90 -1.99 -2.62 -2.82 -2.41 -1.22  0.36  1.68  2.46  2.51 03031996 12
  1.81  0.68 -0.61 -1.84 -2.61 -2.91 -2.60 -1.50  0.15  1.64  2.59  2.85 04031996 00
  2.29  1.15 -0.21 -1.61 -2.57 -3.06 -3.00 -2.11 -0.48  1.22  2.38  2.89 04031996 12
  2.54  1.45  0.13 -1.33 -2.44 -3.03 -3.09 -2.35 -0.77  1.06  2.39  3.08 05031996 00
  2.94  1.92  0.54 -1.02 -2.32 -3.09 -3.37 -2.91 -1.48  0.43  2.03  2.92 05031996 12
  3.05  2.24  0.89 -0.63 -2.08 -2.98 -3.37 -3.09 -1.80  0.13  1.89  2.97 06031996 00
  3.30  2.65  1.31 -0.22 -1.81 -2.89 -3.46 -3.45 -2.48 -0.59  1.33  2.67 06031996 12
  3.26  2.92  1.69  0.21 -1.42 -2.64 -3.32 -3.42 -2.65 -0.91  1.14  2.60 07031996 00
  3.34  3.21  2.12  0.66 -1.00 -2.40 -3.25 -3.59 -3.18 -1.71  0.36  2.09 07031996 12
  3.07  3.25  2.41  0.98 -0.58 -2.09 -3.04 -3.47 -3.24 -1.99 -0.01  1.86 08031996 00
  3.04  3.44  2.84  1.48 -0.05 -1.67 -2.80 -3.42 -3.47 -2.58 -0.69  1.28 08031996 12
  2.64  3.27  3.01  1.86  0.42 -1.19 -2.45 -3.13 -3.27 -2.61 -1.00  0.99 09031996 00
  2.51  3.32  3.29  2.33  0.97 -0.62 -2.01 -2.86 -3.27 -3.03 -1.77  0.11 09031996 12
  1.79  2.82  3.09  2.43  1.17 -0.25 -1.71 -2.68 -3.15 -3.08 -2.12 -0.37 10031996 00
  1.39  2.59  3.11  2.74  1.63  0.31 -1.17 -2.28 -2.89 -3.07 -2.54 -1.14 10031996 12
  0.61  1.99  2.73  2.72  1.92  0.75 -0.59 -1.80 -2.52 -2.81 -2.50 -1.39 11031996 00
  0.23  1.70  2.63  2.89  2.38  1.36  0.13 -1.16 -2.03 -2.49 -2.51 -1.82 11031996 12
 -0.47  1.03  2.14  2.66  2.50  1.73  0.68 -0.55 -1.54 -2.10 -2.34 -2.01 12031996 00
 -0.97  0.42  1.62  2.33  2.43  1.97  1.11  0.04 -1.07 -1.81 -2.22 -2.25 12031996 12
 -1.66 -0.54  0.70  1.64  2.11  2.02  1.46  0.61 -0.41 -1.32 -1.88 -2.16 13031996 00
 -1.97 -1.19 -0.01  1.11  1.87  2.10  1.84  1.17  0.32 -0.64 -1.36 -1.79 13031996 12
 -1.96 -1.64 -0.77  0.37  1.35  1.93  2.02  1.70  1.03  0.14 -0.81 -1.48 14031996 00
 -1.88 -1.98 -1.54 -0.60  0.53  1.46  1.97  1.98  1.58  0.86 -0.04 -0.95 14031996 12
 -1.57 -1.93 -1.91 -1.29 -0.21  0.95  1.84  2.24  2.13  1.55  0.66 -0.41 15031996 00
 -1.34 -1.95 -2.29 -2.15 -1.33 -0.07  1.19  2.04  2.34  2.07  1.34  0.36 15031996 12
 -0.76 -1.64 -2.16 -2.31 -1.84 -0.72  0.70  1.88  2.55  2.58  1.98  0.97 16031996 00
 -0.28 -1.48 -2.28 -2.72 -2.66 -1.82 -0.34  1.19  2.29  2.77  2.52  1.65 16031996 12
  0.47 -0.89 -1.97 -2.58 -2.75 -2.23 -0.86  0.86  2.24  3.03  3.06  2.27 17031996 00
  1.05 -0.44 -1.82 -2.72 -3.21 -3.10 -2.01 -0.20  1.52  2.68  3.14  2.71 17031996 12
  1.57  0.18 -1.37 -2.52 -3.15 -3.22 -2.41 -0.67  1.30  2.72  3.47  3.33 18031996 00
  2.26  0.84 -0.85 -2.27 -3.15 -3.57 -3.24 -1.83  0.25  2.08  3.17  3.47 18031996 12
  2.75  1.34 -0.25 -1.87 -2.93 -3.49 -3.42 -2.26 -0.18  1.85  3.21  3.79 19031996 00
  3.36  2.03  0.43 -1.36 -2.69 -3.48 -3.74 -3.08 -1.24  0.99  2.68  3.57 19031996 12
  3.56  2.47  0.91 -0.85 -2.38 -3.31 -3.72 -3.32 -1.74  0.54  2.48  3.60 20031996 00
  3.89  3.05  1.52 -0.22 -1.95 -3.08 -3.72 -3.75 -2.66 -0.54  1.63  3.08 20031996 12
  3.66  3.27  1.87  0.23 -1.54 -2.84 -3.57 -3.70 -2.89 -0.90  1.35  2.99 21031996 00
  3.83  3.75  2.58  1.02 -0.78 -2.27 -3.18 -3.60 -3.25 -1.71  0.51  2.40 21031996 12
  3.46  3.69  2.84  1.36 -0.30 -1.94 -2.99 -3.52 -3.42 -2.21 -0.12  1.88 22031996 00
  3.18  3.69  3.19  1.86  0.31 -1.38 -2.57 -3.23 -3.36 -2.58 -0.78  1.28 22031996 12
  2.73  3.45  3.27  2.16  0.73 -0.90 -2.22 -2.99 -3.29 -2.83 -1.34  0.64 23031996 00
  2.27  3.17  3.29  2.47  1.14 -0.36 -1.79 -2.68 -3.11 -2.95 -1.85 -0.05 23031996 12
  1.63  2.73  3.10  2.57  1.39  0.03 -1.42 -2.42 -2.93 -2.96 -2.23 -0.72 24031996 00
  0.98  2.19  2.78  2.55  1.59  0.38 -0.96 -2.05 -2.65 -2.82 -2.37 -1.14 24031996 12
  0.46  1.75  2.50  2.53  1.84  0.78 -0.45 -1.60 -2.28 -2.57 -2.36 -1.48 25031996 00
 -0.10  1.21  2.07  2.34  1.95  1.08  0.04 -1.07 -1.86 -2.22 -2.19 -1.61 25031996 12
 -0.50  0.76  1.70  2.14  1.98  1.33  0.41 -0.62 -1.49 -1.97 -2.17 -1.91 26031996 00
 -1.09  0.06  1.05  1.64  1.71  1.31  0.59 -0.26 -1.12 -1.68 -1.91 -1.82 26031996 12
 -1.27 -0.35  0.63  1.35  1.65  1.49  0.99  0.29 -0.52 -1.19 -1.57 -1.71 27031996 00
 -1.50 -0.88 -0.00  0.79  1.26  1.33  1.07  0.57 -0.07 -0.75 -1.20 -1.40 27031996 12
 -1.38 -1.00 -0.31  0.49  1.13  1.42  1.42  1.12  0.60 -0.06 -0.70 -1.11 28031996 00
 -1.33 -1.30 -0.90 -0.25  0.46  0.98  1.18  1.11  0.78  0.25 -0.38 -0.92 28031996 12
 -1.23 -1.33 -1.16 -0.62  0.10  0.83  1.28  1.42  1.24  0.79  0.15 -0.54 29031996 00
 -1.09 -1.43 -1.55 -1.30 -0.68  0.10  0.82  1.24  1.31  1.07  0.55 -0.14 29031996 12
 -0.83 -1.31 -1.53 -1.48 -1.00 -0.22  0.66  1.33  1.59  1.48  1.01  0.29 30031996 00
 -0.55 -1.27 -1.71 -1.88 -1.62 -0.86  0.17  1.11  1.66  1.72  1.38  0.69 30031996 12
 -0.17 -1.05 -1.63 -1.90 -1.79 -1.14 -0.09  0.99  1.78  2.06  1.81  1.11 31031996 00
  0.18 -0.87 -1.69 -2.14 -2.23 -1.76 -0.70  0.60  1.65  2.20  2.14  1.53 31031996 12
  0.58 -0.52 -1.52 -2.10 -2.31 -1.98 -0.99  0.39  1.61  2.36  2.46  1.92 01041996 00
  0.92 -0.27 -1.47 -2.25 -2.63 -2.50 -1.63 -0.18  1.29  2.29  2.68  2.32 01041996 12
  1.36  0.15 -1.16 -2.13 -2.63 -2.65 -1.96 -0.55  1.06  2.25  2.83  2.63 02041996 00
  1.70  0.44 -0.97 -2.14 -2.82 -3.04 -2.59 -1.25  0.50  1.96  2.80  2.88 02041996 12
  2.12  0.86 -0.58 -1.93 -2.76 -3.12 -2.83 -1.64  0.17  1.80  2.82  3.10 03041996 00
  2.47  1.21 -0.26 -1.77 -2.79 -3.33 -3.30 -2.34 -0.52  1.33  2.63  3.21 03041996 12
  2.86  1.68  0.25 -1.35 -2.56 -3.23 -3.33 -2.59 -0.90  1.11  2.57  3.33 04041996 00
  3.21  2.14  0.69 -0.97 -2.37 -3.21 -3.55 -3.11 -1.62  0.45  2.18  3.17 04041996 12
  3.38  2.57  1.15 -0.44 -2.01 -3.00 -3.47 -3.28 -2.03  0.01  1.94  3.16 05041996 00
  3.58  2.99  1.60  0.03 -1.65 -2.82 -3.47 -3.56 -2.69 -0.77  1.30  2.79 05041996 12
  3.49  3.26  2.06  0.54 -1.16 -2.51 -3.30 -3.55 -2.95 -1.29  0.89  2.55 06041996 00
  3.46  3.52  2.54  1.07 -0.60 -2.11 -3.04 -3.50 -3.27 -1.95  0.11  2.01 06041996 12
  3.18  3.54  2.88  1.49 -0.08 -1.71 -2.81 -3.38 -3.40 -2.43 -0.50  1.48 07041996 00
  2.85  3.47  3.14  1.94  0.47 -1.17 -2.42 -3.14 -3.37 -2.80 -1.22  0.79 07041996 12
  2.35  3.20  3.23  2.31  0.95 -0.61 -2.02 -2.87 -3.25 -2.97 -1.70  0.21 08041996 00
  1.94  3.03  3.36  2.76  1.54  0.12 -1.37 -2.38 -2.93 -3.00 -2.22 -0.62 08041996 12
  1.15  2.42  3.02  2.80  1.79  0.51 -0.94 -2.12 -2.78 -3.02 -2.61 -1.32 09041996 00
  0.39  1.84  2.70  2.83  2.19  1.10 -0.17 -1.42 -2.22 -2.60 -2.50 -1.65 09041996 12
 -0.19  1.31  2.35  2.77  2.47  1.57  0.44 -0.84 -1.81 -2.36 -2.56 -2.18 10041996 00
 -1.08  0.39  1.62  2.34  2.41  1.87  0.95 -0.14 -1.23 -1.91 -2.25 -2.18 10041996 12
 -1.48 -0.27  1.01  1.94  2.33  2.11  1.40  0.44 -0.67 -1.57 -2.11 -2.37 11041996 00
 -2.14 -1.29 -0.04  1.11  1.87  2.08  1.78  1.08  0.19 -0.78 -1.50 -1.89 11041996 12
 -1.98 -1.54 -0.58  0.59  1.54  2.05  2.03  1.57  0.78 -0.21 -1.19 -1.85 12041996 00
 -2.26 -2.28 -1.70 -0.63  0.56  1.48  1.94  1.87  1.40  0.62 -0.32 -1.20 12041996 12
 -1.75 -2.04 -1.91 -1.19 -0.04  1.11  1.91  2.18  1.91  1.20  0.25 -0.84 13041996 00
 -1.70 -2.25 -2.48 -2.17 -1.21  0.12  1.31  2.05  2.21  1.83  1.01 -0.01 13041996 12
 -1.10 -1.88 -2.29 -2.30 -1.64 -0.40  1.00  2.04  2.54  2.38  1.65  0.60 14041996 00
 -0.65 -1.72 -2.37 -2.70 -2.46 -1.43  0.08  1.47  2.37  2.63  2.18  1.21 14041996 12
  0.01 -1.28 -2.19 -2.67 -2.68 -1.92 -0.45  1.18  2.37  2.93  2.71  1.78 15041996 00
  0.54 -0.89 -2.06 -2.77 -3.06 -2.71 -1.41  0.36  1.90  2.84  3.03  2.39 15041996 12
  1.22 -0.17 -1.56 -2.48 -2.93 -2.81 -1.76  0.02  1.79  2.96  3.44  3.03 16041996 00
  1.88  0.46 -1.13 -2.29 -2.97 -3.16 -2.52 -0.89  1.04  2.52  3.31  3.27 16041996 12
  2.32  0.96 -0.64 -2.02 -2.85 -3.21 -2.83 -1.39  0.63  2.38  3.42  3.66 17041996 00
  2.91  1.57 -0.03 -1.62 -2.66 -3.22 -3.19 -2.12 -0.17  1.77  3.10  3.66 17041996 12
  3.24  2.01  0.50 -1.20 -2.43 -3.08 -3.17 -2.30 -0.47  1.59  3.07  3.83 18041996 00
  3.67  2.60  1.16 -0.61 -2.04 -2.91 -3.33 -2.95 -1.42  0.66  2.43  3.46 18041996 12
  3.67  2.86  1.46 -0.18 -1.76 -2.78 -3.30 -3.19 -2.00  0.02  1.94  3.20 19041996 00
  3.68  3.16  1.87  0.35 -1.33 -2.51 -3.17 -3.29 -2.47 -0.66  1.39  2.83 19041996 12
  3.55  3.34  2.20  0.76 -0.91 -2.24 -3.03 -3.34 -2.86 -1.31  0.71  2.36 20041996 00
  3.28  3.40  2.54  1.17 -0.40 -1.86 -2.75 -3.14 -2.89 -1.63  0.30  2.04 20041996 12
  3.16  3.50  2.89  1.63  0.15 -1.40 -2.44 -3.00 -3.04 -2.19 -0.47  1.38 21041996 00
  2.67  3.27  2.99  1.91  0.59 -0.90 -2.03 -2.63 -2.75 -2.11 -0.58  1.24 21041996 12
  2.61  3.36  3.33  2.50  1.32 -0.15 -1.43 -2.21 -2.58 -2.36 -1.22  0.40 22041996 00
  1.84  2.73  2.89  2.31  1.23 -0.05 -1.35 -2.19 -2.58 -2.44 -1.53 -0.03 22041996 12
  1.47  2.49  2.91  2.59  1.67  0.53 -0.78 -1.74 -2.26 -2.40 -1.91 -0.71 23041996 00
  0.76  1.93  2.54  2.48  1.80  0.81 -0.33 -1.34 -1.91 -2.11 -1.82 -0.87 23041996 12
  0.46  1.65  2.38  2.51  2.05  1.18  0.12 -0.96 -1.65 -2.01 -2.02 -1.44 24041996 00
 -0.36  0.84  1.73  2.09  1.89  1.22  0.36 -0.61 -1.37 -1.77 -1.88 -1.53 24041996 12
 -0.66  0.46  1.38  1.88  1.88  1.42  0.67 -0.22 -1.06 -1.60 -1.88 -1.84 25041996 00
 -1.29 -0.36  0.63  1.35  1.60  1.43  0.92  0.23 -0.55 -1.16 -1.48 -1.55 25041996 12
 -1.25 -0.52  0.38  1.16  1.57  1.59  1.23  0.61 -0.16 -0.89 -1.39 -1.66 26041996 00
 -1.65 -1.21 -0.44  0.42  1.08  1.37  1.32  0.97  0.39 -0.30 -0.90 -1.24 26041996 12
 -1.34 -1.16 -0.59  0.17  0.93  1.38  1.48  1.24  0.75  0.06 -0.67 -1.23 27041996 00
 -1.57 -1.69 -1.38 -0.68  0.18  0.94  1.36  1.41  1.14  0.60 -0.10 -0.79 27041996 12
 -1.25 -1.46 -1.40 -0.90 -0.13  0.72  1.34  1.56  1.41  0.91  0.18 -0.66 28041996 00
 -1.34 -1.77 -1.94 -1.68 -0.95  0.08  1.02  1.61  1.72  1.42  0.78 -0.02 28041996 12
 -0.86 -1.44 -1.72 -1.67 -1.12 -0.17  0.89  1.68  2.00  1.82  1.19  0.32 29041996 00
 -0.68 -1.49 -1.95 -2.11 -1.76 -0.82  0.45  1.53  2.16  2.23  1.76  0.93 29041996 12
 -0.09 -1.10 -1.76 -2.06 -1.93 -1.14  0.10  1.34  2.18  2.43  2.07  1.22 30041996 00
  0.14 -1.04 -1.91 -2.37 -2.40 -1.76 -0.46  1.03  2.15  2.71  2.58  1.83 30041996 12
  0.76 -0.50 -1.58 -2.20 -2.42 -2.03 -0.87  0.67  1.99  2.76  2.82  2.14 01051996 00
  1.00 -0.35 -1.64 -2.47 -2.89 -2.73 -1.71 -0.07  1.52  2.57  2.97  2.53 01051996 12
  1.43  0.11 -1.32 -2.36 -2.91 -2.95 -2.20 -0.62  1.17  2.46  3.07  2.84 02051996 00
  1.80  0.46 -1.06 -2.30 -3.02 -3.26 -2.76 -1.28  0.66  2.22  3.12  3.25 02051996 12
  2.44  1.12 -0.41 -1.86 -2.77 -3.19 -2.98 -1.76  0.19  1.99  3.13  3.49 03051996 00
  2.88  1.57  0.05 -1.57 -2.69 -3.31 -3.37 -2.46 -0.57  1.43  2.84  3.54 03051996 12
  3.29  2.12  0.64 -1.07 -2.40 -3.19 -3.47 -2.90 -1.27  0.86  2.54  3.45 04051996 00
  3.52  2.56  1.10 -0.58 -2.12 -3.07 -3.55 -3.33 -1.99  0.11  2.07  3.27 04051996 12
  3.67  3.04  1.64  0.04 -1.66 -2.81 -3.45 -3.54 -2.63 -0.67  1.42  2.90 05051996 00
  3.60  3.34  2.12  0.60 -1.12 -2.48 -3.28 -3.56 -3.00 -1.35  0.83  2.53 05051996 12
  3.47  3.57  2.63  1.17 -0.51 -2.06 -3.04 -3.55 -3.41 -2.17 -0.13  1.82 06051996 00
  3.06  3.51  2.97  1.64  0.10 -1.54 -2.68 -3.30 -3.38 -2.55 -0.73  1.30 06051996 12
  2.73  3.44  3.24  2.12  0.67 -0.98 -2.32 -3.14 -3.50 -3.15 -1.76  0.23 07051996 00
  1.95  2.95  3.20  2.50  1.19 -0.27 -1.75 -2.70 -3.17 -3.10 -2.11 -0.34 07051996 12
  1.44  2.66  3.18  2.79  1.67  0.31 -1.21 -2.35 -3.03 -3.27 -2.82 -1.45 08051996 00
  0.36  1.82  2.66  2.76  2.04  0.85 -0.48 -1.76 -2.56 -2.92 -2.75 -1.79 08051996 12
 -0.19  1.35  2.38  2.78  2.38  1.35  0.12 -1.22 -2.23 -2.80 -2.99 -2.55 09051996 00
 -1.32  0.24  1.53  2.26  2.33  1.72  0.70 -0.46 -1.57 -2.28 -2.60 -2.44 09051996 12
 -1.61 -0.24  1.12  2.07  2.45  2.16  1.33  0.25 -0.95 -1.89 -2.44 -2.67 10051996 00
 -2.36 -1.38 -0.01  1.20  1.96  2.14  1.74  0.93 -0.05 -1.08 -1.78 -2.12 10051996 12
 -2.09 -1.52 -0.42  0.83  1.79  2.27  2.15  1.52  0.60 -0.50 -1.48 -2.09 11051996 00
 -2.43 -2.33 -1.58 -0.36  0.87  1.75  2.10  1.89  1.23  0.34 -0.67 -1.50 11051996 12
 -1.96 -2.12 -1.77 -0.83  0.43  1.52  2.17  2.24  1.78  0.91 -0.16 -1.24 12051996 00
 -1.98 -2.43 -2.49 -1.92 -0.77  0.57  1.62  2.17  2.11  1.53  0.61 -0.47 12051996 12
 -1.46 -2.05 -2.31 -2.09 -1.21  0.10  1.35  2.19  2.41  2.00  1.10 -0.00 13051996 00
 -1.19 -2.06 -2.58 -2.70 -2.19 -0.97  0.53  1.71  2.37  2.35  1.70  0.68 13051996 12
 -0.51 -1.62 -2.31 -2.61 -2.37 -1.39  0.09  1.47  2.37  2.62  2.17  1.17 14051996 00
 -0.05 -1.34 -2.27 -2.80 -2.87 -2.22 -0.80  0.82  2.06  2.69  2.57  1.74 14051996 12
  0.56 -0.78 -1.94 -2.62 -2.87 -2.50 -1.31  0.35  1.77  2.66  2.81  2.15 15051996 00
  1.00 -0.36 -1.71 -2.60 -3.06 -2.95 -2.01 -0.34  1.32  2.46  2.96  2.60 15051996 12
  1.54  0.24 -1.21 -2.32 -2.93 -3.05 -2.41 -0.91  0.88  2.24  2.96  2.88 16051996 00
  1.97  0.68 -0.80 -2.09 -2.86 -3.16 -2.80 -1.48  0.36  1.95  2.91  3.13 16051996 12
  2.45  1.20 -0.24 -1.69 -2.64 -3.12 -3.03 -2.03 -0.26  1.49  2.67  3.16 17051996 00
  2.75  1.59  0.22 -1.31 -2.43 -3.02 -3.08 -2.32 -0.68  1.20  2.56  3.27 17051996 12
  3.11  2.09  0.75 -0.81 -2.10 -2.86 -3.16 -2.76 -1.38  0.51  2.10  3.02 18051996 00
  3.18  2.42  1.14 -0.34 -1.75 -2.63 -3.03 -2.82 -1.65  0.21  1.91  3.02 18051996 12
  3.39  2.83  1.61  0.17 -1.36 -2.41 -2.99 -3.07 -2.31 -0.67  1.17  2.49 19051996 00
  3.13  2.91  1.87  0.56 -0.91 -2.07 -2.69 -2.82 -2.20 -0.70  1.15  2.60 19051996 12
  3.40  3.38  2.51  1.24 -0.29 -1.61 -2.43 -2.84 -2.65 -1.51  0.22  1.83 20051996 00
  2.82  3.08  2.49  1.33 -0.02 -1.41 -2.30 -2.71 -2.58 -1.63  0.01  1.66 20051996 12
  2.77  3.20  2.83  1.80  0.52 -0.93 -2.01 -2.62 -2.80 -2.26 -0.89  0.77 21051996 00
  2.07  2.74  2.66  1.86  0.71 -0.59 -1.72 -2.35 -2.56 -2.15 -0.98  0.60 21051996 12
  1.96  2.77  2.89  2.28  1.22 -0.04 -1.28 -2.06 -2.45 -2.35 -1.48 -0.03 22051996 00
  1.39  2.36  2.71  2.40  1.54  0.44 -0.78 -1.66 -2.08 -2.11 -1.49 -0.26 22051996 12
  1.14  2.21  2.71  2.56  1.81  0.78 -0.44 -1.46 -2.08 -2.37 -2.12 -1.19 23051996 00
  0.15  1.35  2.10  2.25  1.82  0.99  0.03 -0.96 -1.59 -1.84 -1.70 -0.98 23051996 12
  0.18  1.35  2.16  2.43  2.14  1.39  0.41 -0.67 -1.46 -1.92 -2.08 -1.72 24051996 00
 -0.77  0.43  1.43  1.98  1.98  1.52  0.77 -0.13 -0.98 -1.47 -1.64 -1.47 24051996 12
 -0.78  0.25  1.28  1.95  2.10  1.76  1.08  0.21 -0.73 -1.40 -1.77 -1.86 25051996 00
 -1.45 -0.57  0.49  1.36  1.80  1.79  1.36  0.68 -0.13 -0.89 -1.34 -1.52 25051996 12
 -1.37 -0.74  0.17  1.10  1.70  1.84  1.55  0.95  0.16 -0.69 -1.31 -1.65 26051996 00
 -1.72 -1.30 -0.45  0.56  1.40  1.85  1.88  1.53  0.92  0.14 -0.60 -1.06 26051996 12
 -1.26 -1.19 -0.65  0.22  1.11  1.70  1.83  1.53  0.89  0.05 -0.86 -1.57 27051996 00
 -2.00 -2.14 -1.82 -1.00  0.10  1.05  1.63  1.73  1.45  0.81 -0.00 -0.84 27051996 12
 -1.40 -1.68 -1.66 -1.14 -0.20  0.82  1.58  1.85  1.65  1.05  0.22 -0.73 28051996 00
 -1.51 -1.96 -2.09 -1.71 -0.77  0.45  1.50  2.13  2.22  1.84  1.08  0.11 28051996 12
 -0.88 -1.53 -1.86 -1.82 -1.18 -0.07  1.11  1.96  2.25  1.98  1.22  0.21 29051996 00
 -0.93 -1.81 -2.33 -2.48 -2.05 -0.95  0.47  1.64  2.33  2.39  1.84  0.90 29051996 12
 -0.23 -1.34 -2.04 -2.38 -2.21 -1.32  0.10  1.50  2.43  2.71  2.30  1.35 30051996 00
  0.16 -1.15 -2.11 -2.62 -2.66 -1.93 -0.44  1.23  2.51  3.21  3.15  2.41 30051996 12
  1.33 -0.06 -1.27 -2.01 -2.34 -2.04 -0.82  0.87  2.34  3.20  3.30  2.61 31051996 00
  1.43 -0.01 -1.38 -2.29 -2.81 -2.80 -1.86 -0.17  1.58  2.82  3.35  3.02 31051996 12
  1.94  0.55 -1.02 -2.19 -2.87 -3.08 -2.48 -0.91  1.00  2.51  3.31  3.28 01061996 00
  2.34  0.98 -0.60 -2.00 -2.87 -3.31 -3.05 -1.72  0.29  2.10  3.23  3.58 01061996 12
  2.95  1.63  0.06 -1.58 -2.70 -3.34 -3.43 -2.54 -0.64  1.39  2.82  3.50 02061996 00
  3.25  2.07  0.58 -1.12 -2.46 -3.26 -3.56 -3.01 -1.35  0.83  2.55  3.51 02061996 12
  3.64  2.72  1.26 -0.44 -2.02 -3.04 -3.58 -3.47 -2.22 -0.13  1.90  3.22 03061996 00
  3.75  3.29  1.99  0.45 -1.27 -2.49 -3.18 -3.33 -2.52 -0.66  1.50  3.05 03061996 12
  3.83  3.67  2.51  1.00 -0.80 -2.25 -3.17 -3.63 -3.35 -1.89  0.25  2.15 04061996 00
  3.25  3.56  2.83  1.42 -0.17 -1.80 -2.86 -3.42 -3.40 -2.32 -0.30  1.72 04061996 12
  3.10  3.71  3.33  2.08  0.56 -1.16 -2.46 -3.24 -3.56 -3.05 -1.43  0.70 05061996 00
  2.37  3.31  3.44  2.59  1.22 -0.34 -1.82 -2.74 -3.19 -3.02 -1.80  0.16 05061996 12
  1.96  3.13  3.54  3.00  1.75  0.27 -1.35 -2.49 -3.18 -3.42 -2.83 -1.26 06061996 00
  0.67  2.15  2.96  2.97  2.10  0.83 -0.61 -1.91 -2.68 -2.99 -2.65 -1.41 06061996 12
  0.41  2.00  3.02  3.30  2.72  1.57  0.18 -1.28 -2.28 -2.88 -3.06 -2.45 07061996 00
 -0.99  0.72  2.04  2.74  2.68  1.90  0.78 -0.52 -1.68 -2.36 -2.62 -2.29 07061996 12
 -1.19  0.38  1.80  2.70  2.93  2.42  1.38  0.14 -1.16 -2.06 -2.61 -2.77 08061996 00
 -2.26 -1.01  0.50  1.70  2.36  2.35  1.73  0.75 -0.40 -1.46 -2.08 -2.32 08061996 12
 -2.09 -1.19  0.17  1.46  2.33  2.60  2.26  1.42  0.35 -0.83 -1.70 -2.24 09061996 00
 -2.44 -2.04 -0.98  0.39  1.54  2.22  2.29  1.83  1.00 -0.01 -1.02 -1.69 09061996 12
 -2.00 -1.92 -1.20 -0.01  1.22  2.13  2.49  2.27  1.56  0.59 -0.55 -1.47 10061996 00
 -2.05 -2.36 -2.15 -1.26  0.02  1.21  1.99  2.21  1.88  1.12  0.16 -0.88 10061996 12
 -1.63 -2.02 -2.05 -1.51 -0.42  0.84  1.84  2.35  2.28  1.68  0.76 -0.34 11061996 00
 -1.33 -1.96 -2.29 -2.12 -1.25  0.06  1.32  2.20  2.48  2.17  1.39  0.36 11061996 12
 -0.80 -1.66 -2.14 -2.26 -1.78 -0.70  0.63  1.71  2.26  2.18  1.54  0.56 12061996 00
 -0.58 -1.63 -2.29 -2.61 -2.43 -1.55 -0.19  1.15  2.05  2.34  1.98  1.10 12061996 12
 -0.00 -1.18 -2.05 -2.51 -2.56 -2.00 -0.80  0.64  1.74  2.30  2.16  1.41 13061996 00
  0.33 -0.89 -1.95 -2.57 -2.80 -2.45 -1.37  0.14  1.46  2.29  2.47  1.93 13061996 12
  0.91 -0.30 -1.54 -2.37 -2.78 -2.69 -1.89 -0.47  1.02  2.04  2.47  2.15 14061996 00
  1.21  0.03 -1.25 -2.25 -2.77 -2.83 -2.23 -0.88  0.72  1.96  2.64  2.58 14061996 12
  1.79  0.62 -0.73 -1.93 -2.65 -2.95 -2.65 -1.54  0.07  1.49  2.38  2.57 15061996 00
  1.98  0.87 -0.41 -1.71 -2.57 -2.95 -2.76 -1.80 -0.20  1.38  2.44  2.89 15061996 12
  2.51  1.47  0.18 -1.24 -2.30 -2.87 -2.97 -2.35 -0.93  0.74  2.02  2.68 16061996 00
  2.55  1.65  0.42 -0.96 -2.14 -2.79 -2.96 -2.46 -1.13  0.60  2.04  2.90 16061996 12
  3.00  2.28  1.08 -0.33 -1.67 -2.52 -2.93 -2.79 -1.79 -0.14  1.46  2.50 17061996 00
  2.86  2.37  1.25 -0.07 -1.46 -2.43 -2.89 -2.82 -1.96 -0.36  1.36  2.55 17061996 12
  3.12  2.85  1.83  0.53 -0.95 -2.10 -2.75 -2.98 -2.53 -1.19  0.53  1.94 18061996 00
  2.71  2.72  1.91  0.69 -0.69 -1.93 -2.66 -2.91 -2.53 -1.33  0.39  1.90 18061996 12
  2.85  3.06  2.44  1.28 -0.09 -1.47 -2.38 -2.86 -2.83 -1.99 -0.43  1.21 19061996 00
  2.33  2.80  2.46  1.45  0.21 -1.14 -2.15 -2.65 -2.67 -2.00 -0.56  1.09 19061996 12
  2.32  2.95  2.81  1.94  0.74 -0.65 -1.83 -2.52 -2.80 -2.48 -1.33  0.29 20061996 00
  1.69  2.54  2.68  2.06  0.98 -0.25 -1.46 -2.21 -2.53 -2.31 -1.35  0.16 20061996 12
  1.61  2.56  2.85  2.41  1.41  0.19 -1.12 -2.04 -2.55 -2.63 -2.05 -0.75 21061996 00
  0.77  1.91  2.47  2.32  1.54  0.49 -0.68 -1.68 -2.22 -2.34 -1.90 -0.80 21061996 12
  0.64  1.84  2.51  2.52  1.88  0.86 -0.33 -1.45 -2.14 -2.48 -2.37 -1.59 22061996 00
 -0.28  1.05  1.96  2.27  1.93  1.10  0.10 -0.98 -1.77 -2.14 -2.11 -1.52 22061996 12
 -0.40  0.88  1.83  2.27  2.09  1.36  0.38 -0.73 -1.66 -2.21 -2.43 -2.16 23061996 00
 -1.28 -0.03  1.09  1.80  1.94  1.54  0.75 -0.20 -1.15 -1.79 -2.04 -1.91 23061996 12
 -1.27 -0.21  0.92  1.73  2.02  1.74  1.03  0.11 -0.91 -1.71 -2.15 -2.30 24061996 00
 -1.97 -1.10  0.09  1.10  1.70  1.76  1.35  0.61 -0.27 -1.14 -1.68 -1.90 24061996 12
 -1.77 -1.14 -0.12  0.93  1.66  1.89  1.62  0.96  0.10 -0.86 -1.61 -2.05 25061996 00
 -2.20 -1.88 -1.02  0.14  1.13  1.73  1.81  1.45  0.75 -0.11 -0.98 -1.55 25061996 12
 -1.80 -1.70 -1.12 -0.15  0.90  1.66  1.94  1.71  1.06  0.19 -0.80 -1.59 26061996 00
 -2.07 -2.27 -1.99 -1.15  0.03  1.10  1.79  1.93  1.60  0.88 -0.02 -0.98 26061996 12
 -1.64 -1.98 -1.97 -1.43 -0.40  0.77  1.68  2.08  1.91  1.25  0.32 -0.74 27061996 00
 -1.65 -2.21 -2.46 -2.21 -1.30  0.03  1.25  2.05  2.27  1.92  1.12  0.12 27061996 12
 -0.98 -1.77 -2.20 -2.23 -1.64 -0.42  0.98  2.04  2.54  2.40  1.69  0.67 28061996 00
 -0.54 -1.59 -2.24 -2.54 -2.25 -1.18  0.34  1.71  2.57  2.77  2.28  1.29 28061996 12
  0.09 -1.18 -2.06 -2.56 -2.61 -1.89 -0.44  1.19  2.40  2.98  2.78  1.89 29061996 00
  0.68 -0.75 -1.92 -2.65 -2.98 -2.65 -1.39  0.38  1.91  2.87  3.09  2.45 29061996 12
  1.28 -0.13 -1.56 -2.51 -3.03 -2.99 -2.03 -0.28  1.53  2.79  3.36  3.04 30061996 00
  1.93  0.54 -1.05 -2.26 -2.98 -3.23 -2.66 -1.07  0.94  2.54  3.43  3.52 30061996 12
  2.65  1.31 -0.32 -1.82 -2.79 -3.31 -3.19 -1.99  0.02  1.93  3.21  3.69 01071996 00
  3.18  1.90  0.37 -1.31 -2.49 -3.16 -3.30 -2.47 -0.62  1.50  3.03  3.82 01071996 12
  3.67  2.53  1.04 -0.75 -2.22 -3.16 -3.64 -3.35 -1.86  0.34  2.27  3.41 02071996 00
  3.75  3.03  1.59 -0.05 -1.74 -2.85 -3.44 -3.42 -2.28 -0.15  1.97  3.42 02071996 12
  4.07  3.69  2.40  0.81 -1.04 -2.40 -3.23 -3.57 -3.00 -1.24  1.04  2.83 03071996 00
  3.81  3.92  2.95  1.48 -0.27 -1.85 -2.82 -3.32 -3.11 -1.69  0.52  2.53 03071996 12
  3.81  4.25  3.61  2.25  0.55 -1.24 -2.46 -3.23 -3.49 -2.73 -0.88  1.30 04071996 00
  2.91  3.75  3.68  2.60  1.14 -0.60 -2.03 -2.90 -3.28 -2.89 -1.33  0.80 04071996 12
  2.61  3.67  3.89  3.07  1.69  0.01 -1.63 -2.71 -3.37 -3.49 -2.60 -0.70 05071996 00
  1.30  2.73  3.40  3.16  2.04  0.63 -0.96 -2.20 -2.91 -3.13 -2.57 -0.99 05071996 12
  0.98  2.56  3.43  3.50  2.63  1.33 -0.25 -1.69 -2.62 -3.15 -3.14 -2.16 06071996 00
 -0.38  1.38  2.61  3.12  2.75  1.68  0.41 -1.03 -2.10 -2.66 -2.77 -2.15 06071996 12
 -0.68  1.06  2.40  3.12  3.06  2.24  1.07 -0.35 -1.60 -2.40 -2.84 -2.75 07071996 00
 -1.82 -0.27  1.26  2.29  2.68  2.33  1.40  0.27 -0.97 -1.88 -2.35 -2.42 07071996 12
 -1.87 -0.63  0.85  2.00  2.61  2.55  1.85  0.82 -0.39 -1.50 -2.19 -2.57 08071996 00
 -2.48 -1.68 -0.36  0.98  1.91  2.27  2.00  1.25  0.29 -0.80 -1.64 -2.07 08071996 12
 -2.17 -1.73 -0.71  0.57  1.61  2.21  2.23  1.71  0.85 -0.19 -1.20 -1.85 09071996 00
 -2.22 -2.22 -1.61 -0.52  0.67  1.57  1.97  1.82  1.23  0.38 -0.60 -1.43 09071996 12
 -1.89 -2.07 -1.80 -1.01  0.11  1.13  1.80  1.94  1.59  0.85 -0.07 -1.03 10071996 00
 -1.71 -2.09 -2.15 -1.68 -0.71  0.46  1.42  1.93  1.89  1.41  0.62 -0.32 10071996 12
 -1.18 -1.72 -1.96 -1.83 -1.16 -0.09  0.99  1.75  1.98  1.70  1.00  0.10 11071996 00
 -0.89 -1.63 -2.03 -2.12 -1.71 -0.75  0.48  1.50  2.06  2.05  1.56  0.74 11071996 12
 -0.25 -1.20 -1.80 -2.10 -1.99 -1.29 -0.15  1.02  1.84  2.09  1.79  1.04 12071996 00
  0.08 -0.97 -1.77 -2.18 -2.21 -1.67 -0.57  0.73  1.75  2.29  2.21  1.60 12071996 12
  0.67 -0.44 -1.44 -2.04 -2.30 -2.07 -1.18  0.14  1.38  2.17  2.35  1.92 13071996 00
  1.03 -0.04 -1.16 -1.92 -2.28 -2.19 -1.44 -0.14  1.22  2.19  2.58  2.29 13071996 12
  1.44  0.34 -0.90 -1.86 -2.41 -2.58 -2.14 -1.01  0.45  1.63  2.28  2.26 14071996 00
  1.57  0.50 -0.71 -1.81 -2.46 -2.67 -2.31 -1.22  0.31  1.66  2.50  2.68 14071996 12
  2.12  1.06 -0.21 -1.50 -2.37 -2.83 -2.80 -2.02 -0.58  0.96  2.02  2.45 15071996 00
  2.13  1.15 -0.06 -1.37 -2.38 -2.89 -2.87 -2.15 -0.71  0.90  2.11  2.74 15071996 12
  2.60  1.71  0.48 -0.93 -2.13 -2.83 -3.09 -2.72 -1.50  0.18  1.62  2.47 16071996 00
  2.59  1.89  0.70 -0.63 -1.92 -2.73 -3.04 -2.74 -1.63  0.07  1.60  2.62 16071996 12
  2.96  2.44  1.29 -0.06 -1.50 -2.50 -3.03 -3.04 -2.27 -0.72  0.98  2.18 17071996 00
  2.74  2.47  1.44  0.16 -1.25 -2.36 -2.95 -3.02 -2.36 -0.88  0.89  2.24 17071996 12
  2.97  2.90  2.01  0.74 -0.72 -2.01 -2.79 -3.13 -2.84 -1.65  0.10  1.65 18071996 00
  2.59  2.80  2.14  0.94 -0.41 -1.76 -2.63 -3.00 -2.79 -1.74 -0.03  1.59 18071996 12
  2.66  3.05  2.58  1.45  0.11 -1.36 -2.40 -2.96 -3.04 -2.35 -0.84  0.89 19071996 00
  2.15  2.77  2.59  1.63  0.38 -1.00 -2.13 -2.74 -2.88 -2.33 -0.97  0.75 19071996 12
  2.11  2.87  2.86  2.05  0.85 -0.56 -1.84 -2.62 -2.98 -2.77 -1.72 -0.07 20071996 00
  1.44  2.41  2.69  2.16  1.08 -0.17 -1.47 -2.34 -2.72 -2.58 -1.72 -0.21 20071996 12
  1.35  2.40  2.82  2.47  1.47  0.24 -1.11 -2.12 -2.67 -2.80 -2.28 -0.99 21071996 00
  0.60  1.85  2.52  2.46  1.71  0.62 -0.61 -1.69 -2.30 -2.49 -2.12 -1.03 21071996 12
  0.47  1.77  2.53  2.63  2.04  1.01 -0.20 -1.40 -2.17 -2.56 -2.49 -1.73 22071996 00
 -0.37  1.05  2.03  2.42  2.13  1.30  0.26 -0.88 -1.74 -2.16 -2.18 -1.63 22071996 12
 -0.49  0.88  1.94  2.47  2.36  1.66  0.66 -0.50 -1.50 -2.09 -2.37 -2.17 23071996 00
 -1.30  0.00  1.22  2.01  2.21  1.84  1.06  0.10 -0.93 -1.63 -1.94 -1.91 23071996 12
 -1.32 -0.23  1.00  1.90  2.28  2.07  1.36  0.43 -0.64 -1.51 -2.04 -2.28 24071996 00
 -2.06 -1.23 -0.01  1.10  1.81  1.97  1.61  0.88 -0.02 -0.96 -1.61 -1.92 24071996 12
 -1.90 -1.38 -0.40  0.74  1.62  2.01  1.88  1.30  0.45 -0.54 -1.39 -1.93 25071996 00
 -2.20 -2.03 -1.28 -0.14  0.96  1.72  1.97  1.71  1.07  0.21 -0.74 -1.47 25071996 12
 -1.88 -2.00 -1.63 -0.73  0.43  1.42  1.96  1.97  1.52  0.71 -0.27 -1.22 26071996 00
 -1.85 -2.22 -2.20 -1.57 -0.45  0.78  1.71  2.13  1.98  1.39  0.50 -0.55 26071996 12
 -1.46 -2.01 -2.27 -2.02 -1.14  0.15  1.35  2.12  2.30  1.90  1.05 -0.01 27071996 00
 -1.15 -1.98 -2.45 -2.53 -1.97 -0.74  0.72  1.88  2.49  2.44  1.78  0.76 27071996 12
 -0.46 -1.58 -2.30 -2.66 -2.49 -1.54 -0.03  1.43  2.42  2.75  2.36  1.41 28071996 00
  0.20 -1.13 -2.11 -2.66 -2.77 -2.14 -0.69  1.02  2.34  3.05  2.98  2.16 28071996 12
  0.95 -0.51 -1.81 -2.64 -3.06 -2.88 -1.74  0.07  1.74  2.83  3.20  2.67 29071996 00
  1.50  0.10 -1.41 -2.48 -3.08 -3.15 -2.33 -0.60  1.34  2.75  3.48  3.31 29071996 12
  2.24  0.83 -0.85 -2.23 -3.10 -3.52 -3.21 -1.77  0.31  2.15  3.24  3.56 30071996 00
  2.87  1.51 -0.05 -1.67 -2.74 -3.30 -3.25 -2.12 -0.06  2.00  3.39  3.99 30071996 12
  3.57  2.26  0.66 -1.18 -2.54 -3.40 -3.79 -3.27 -1.53  0.77  2.57  3.57 31071996 00
  3.71  2.77  1.26 -0.46 -2.07 -3.07 -3.57 -3.33 -1.88  0.40  2.50  3.78 31071996 12
  4.23  3.56  2.09  0.35 -1.49 -2.76 -3.55 -3.82 -3.05 -1.03  1.28  2.99 01081996 00
  3.82  3.70  2.50  0.89 -0.94 -2.44 -3.35 -3.73 -3.24 -1.52  0.86  2.77 01081996 12
  3.84  4.06  3.13  1.58 -0.22 -1.96 -3.10 -3.78 -3.85 -2.76 -0.62  1.61 02081996 00
  3.08  3.68  3.31  1.93  0.31 -1.47 -2.79 -3.53 -3.72 -2.97 -1.04  1.21 02081996 12
  2.87  3.74  3.70  2.59  1.05 -0.74 -2.28 -3.26 -3.78 -3.60 -2.26 -0.13 03081996 00
  1.84  3.02  3.41  2.79  1.39 -0.17 -1.80 -2.90 -3.48 -3.46 -2.46 -0.52 03081996 12
  1.47  2.85  3.50  3.22  2.05  0.60 -1.06 -2.36 -3.15 -3.48 -3.07 -1.63 04081996 00
  0.34  1.97  2.90  3.07  2.33  1.03 -0.40 -1.80 -2.67 -3.06 -2.86 -1.75 04081996 12
  0.03  1.69  2.79  3.22  2.79  1.70  0.40 -1.05 -2.10 -2.70 -2.88 -2.35 05081996 00
 -0.96  0.70  2.01  2.71  2.68  1.92  0.82 -0.45 -1.60 -2.27 -2.55 -2.29 05081996 12
 -1.29  0.20  1.57  2.45  2.70  2.26  1.32  0.20 -0.99 -1.83 -2.28 -2.37 06081996 00
 -1.84 -0.68  0.69  1.75  2.30  2.22  1.61  0.68 -0.37 -1.30 -1.82 -2.05 06081996 12
 -1.84 -1.04  0.15  1.26  1.98  2.17  1.82  1.10  0.17 -0.84 -1.55 -1.95 07081996 00
 -2.07 -1.66 -0.75  0.38  1.32  1.83  1.84  1.42  0.70 -0.17 -1.00 -1.51 07081996 12
 -1.75 -1.68 -1.12 -0.19  0.80  1.52  1.79  1.63  1.12  0.42 -0.41 -1.10 08081996 00
 -1.50 -1.64 -1.37 -0.60  0.38  1.24  1.77  1.89  1.61  1.04  0.27 -0.55 08081996 12
 -1.16 -1.53 -1.64 -1.26 -0.45  0.48  1.27  1.64  1.64  1.26  0.62 -0.18 09081996 00
 -0.94 -1.44 -1.67 -1.53 -0.88  0.06  1.03  1.72  1.97  1.81  1.31  0.56 09081996 12
 -0.32 -1.03 -1.45 -1.62 -1.35 -0.56  0.44  1.35  1.86  1.92  1.54  0.87 10081996 00
 -0.00 -0.88 -1.44 -1.68 -1.55 -0.86  0.19  1.25  1.99  2.24  2.03  1.37 10081996 12
  0.47 -0.56 -1.36 -1.85 -2.02 -1.65 -0.69  0.50  1.50  2.03  2.02  1.49 11081996 00
  0.62 -0.39 -1.35 -1.92 -2.13 -1.85 -0.96  0.32  1.51  2.27  2.46  2.05 11081996 12
  1.18  0.10 -1.06 -1.86 -2.29 -2.31 -1.68 -0.46  0.90  1.89  2.34  2.12 12081996 00
  1.32  0.27 -0.91 -1.85 -2.34 -2.39 -1.82 -0.62  0.84  2.00  2.64  2.59 12081996 12
  1.86  0.76 -0.53 -1.68 -2.37 -2.67 -2.41 -1.37  0.15  1.53  2.39  2.57 13081996 00
  2.02  0.95 -0.29 -1.55 -2.37 -2.72 -2.52 -1.56 -0.01  1.53  2.56  2.94 13081996 12
  2.53  1.47  0.17 -1.24 -2.26 -2.81 -2.89 -2.23 -0.76  0.92  2.17  2.78 14081996 00
  2.59  1.65  0.40 -1.00 -2.17 -2.80 -2.94 -2.38 -0.97  0.79  2.20  2.99 14081996 12
  2.99  2.15  0.88 -0.59 -1.93 -2.75 -3.12 -2.86 -1.69  0.11  1.71  2.71 15081996 00
  2.98  2.36  1.14 -0.26 -1.68 -2.62 -3.05 -2.89 -1.85 -0.09  1.63  2.78 15081996 12
  3.24  2.79  1.62  0.22 -1.32 -2.44 -3.05 -3.16 -2.46 -0.85  1.01  2.37 16081996 00
  3.04  2.87  1.85  0.51 -1.00 -2.23 -2.92 -3.11 -2.55 -1.06  0.82  2.32 16081996 12
  3.14  3.16  2.27  0.95 -0.58 -1.97 -2.82 -3.21 -2.97 -1.77  0.09  1.77 17081996 00
  2.81  3.10  2.49  1.25 -0.17 -1.62 -2.58 -3.03 -2.89 -1.88 -0.11  1.65 17081996 12
  2.81  3.28  2.84  1.68  0.29 -1.24 -2.33 -2.93 -3.05 -2.37 -0.82  1.01 18081996 00
  2.37  3.05  2.91  1.95  0.67 -0.80 -2.02 -2.69 -2.89 -2.40 -1.02  0.79 18081996 12
  2.24  3.07  3.09  2.27  1.04 -0.41 -1.74 -2.57 -2.98 -2.80 -1.74 -0.04 19081996 00
  1.56  2.60  2.94  2.45  1.35  0.06 -1.31 -2.24 -2.68 -2.61 -1.78 -0.25 19081996 12
  1.37  2.50  2.98  2.67  1.69  0.45 -0.95 -2.01 -2.60 -2.78 -2.30 -1.02 20081996 00
  0.60  1.90  2.62  2.62  1.91  0.82 -0.43 -1.58 -2.26 -2.52 -2.23 -1.19 20081996 12
  0.31  1.68  2.52  2.72  2.21  1.21  0.03 -1.19 -2.01 -2.44 -2.45 -1.79 21081996 00
 -0.50  0.92  1.97  2.46  2.27  1.53  0.53 -0.62 -1.57 -2.07 -2.22 -1.83 21081996 12
 -0.80  0.54  1.68  2.34  2.39  1.85  0.95 -0.11 -1.15 -1.80 -2.15 -2.11 22081996 00
 -1.42 -0.22  1.05  1.96  2.31  2.08  1.41  0.53 -0.52 -1.33 -1.77 -1.91 22081996 12
 -1.56 -0.68  0.48  1.52  2.15  2.25  1.85  1.10  0.16 -0.80 -1.45 -1.82 23081996 00
 -1.87 -1.36 -0.36  0.77  1.68  2.12  2.05  1.56  0.79 -0.15 -1.00 -1.52 23081996 12
 -1.79 -1.69 -1.02  0.04  1.12  1.88  2.15  1.95  1.36  0.54 -0.43 -1.21 24081996 00
 -1.70 -1.92 -1.65 -0.79  0.35  1.40  2.07  2.23  1.93  1.25  0.32 -0.69 24081996 12
 -1.44 -1.91 -2.07 -1.63 -0.61  0.64  1.68  2.24  2.24  1.74  0.90 -0.14 25081996 00
 -1.16 -1.83 -2.21 -2.16 -1.42 -0.15  1.20  2.19  2.59  2.37  1.61  0.58 25081996 12
 -0.66 -1.67 -2.29 -2.57 -2.25 -1.16  0.34  1.69  2.53  2.71  2.20  1.19 26081996 00
 -0.04 -1.31 -2.18 -2.65 -2.63 -1.82 -0.29  1.33  2.51  3.05  2.81  1.86 26081996 12
  0.59 -0.89 -2.09 -2.83 -3.17 -2.82 -1.50  0.32  1.91  2.86  3.08  2.41 27081996 00
  1.17 -0.27 -1.72 -2.69 -3.19 -3.09 -2.04 -0.18  1.67  2.94  3.50  3.10 27081996 12
  1.88  0.40 -1.28 -2.56 -3.34 -3.64 -3.11 -1.47  0.66  2.32  3.26  3.35 28081996 00
  2.44  0.98 -0.65 -2.19 -3.16 -3.62 -3.36 -1.96  0.21  2.19  3.41  3.83 28081996 12
  3.18  1.73  0.06 -1.72 -2.95 -3.69 -3.88 -3.05 -1.03  1.24  2.89  3.67 29081996 00
  3.53  2.32  0.72 -1.05 -2.53 -3.42 -3.77 -3.21 -1.44  0.96  2.84  3.89 29081996 12
  4.08  3.10  1.52 -0.33 -2.07 -3.19 -3.84 -3.83 -2.61 -0.39  1.87  3.31 30081996 00
  3.87  3.39  1.91  0.21 -1.63 -2.94 -3.69 -3.86 -3.01 -0.91  1.44  3.13 30081996 12
  3.95  3.83  2.59  0.94 -0.95 -2.51 -3.49 -3.98 -3.66 -2.10  0.24  2.25 31081996 00
  3.39  3.69  2.88  1.31 -0.41 -2.13 -3.24 -3.82 -3.73 -2.49 -0.30  1.88 31081996 12
  3.26  3.82  3.38  1.98  0.35 -1.45 -2.76 -3.53 -3.78 -3.13 -1.30  0.90 01091996 00
  2.56  3.41  3.38  2.31  0.80 -0.87 -2.33 -3.21 -3.59 -3.22 -1.76  0.36 01091996 12
  2.18  3.23  3.51  2.78  1.40 -0.17 -1.75 -2.79 -3.35 -3.37 -2.43 -0.58 02091996 00
  1.28  2.57  3.14  2.80  1.65  0.27 -1.26 -2.42 -3.07 -3.22 -2.62 -1.13 02091996 12
  0.72  2.13  2.92  2.93  2.08  0.83 -0.60 -1.88 -2.66 -3.01 -2.79 -1.74 03091996 00
 -0.09  1.41  2.38  2.68  2.18  1.13 -0.08 -1.36 -2.25 -2.68 -2.67 -1.99 03091996 12
 -0.65  0.84  1.93  2.45  2.26  1.47  0.42 -0.76 -1.74 -2.29 -2.49 -2.18 04091996 00
 -1.21  0.13  1.30  2.01  2.13  1.67  0.81 -0.19 -1.22 -1.89 -2.20 -2.14 04091996 12
 -1.55 -0.49  0.68  1.53  1.90  1.71  1.10  0.27 -0.66 -1.42 -1.83 -1.97 05091996 00
 -1.71 -0.97  0.09  1.02  1.58  1.67  1.36  0.74 -0.04 -0.86 -1.42 -1.72 05091996 12
 -1.76 -1.36 -0.58  0.34  1.08  1.42  1.35  0.98  0.39 -0.34 -1.01 -1.42 06091996 00
 -1.60 -1.49 -0.96 -0.15  0.66  1.24  1.45  1.31  0.87  0.24 -0.50 -1.09 06091996 12
 -1.47 -1.65 -1.48 -0.90 -0.09  0.66  1.14  1.27  1.09  0.63 -0.00 -0.71 07091996 00
 -1.25 -1.54 -1.57 -1.21 -0.52  0.32  1.03  1.40  1.43  1.12  0.53 -0.22 07091996 12
 -0.97 -1.49 -1.77 -1.75 -1.29 -0.49  0.41  1.09  1.37  1.24  0.77  0.09 08091996 00
 -0.71 -1.39 -1.77 -1.85 -1.54 -0.81  0.21  1.10  1.63  1.69  1.32  0.59 08091996 12
 -0.31 -1.20 -1.82 -2.14 -2.09 -1.52 -0.50  0.60  1.40  1.73  1.52  0.89 09091996 00
  0.02 -0.94 -1.71 -2.11 -2.13 -1.67 -0.69  0.53  1.52  2.07  2.00  1.42 09091996 12
  0.49 -0.60 -1.58 -2.18 -2.43 -2.18 -1.31 -0.01  1.21  1.99  2.16  1.71 10091996 00
  0.80 -0.28 -1.40 -2.15 -2.48 -2.32 -1.50 -0.16  1.21  2.15  2.51  2.17 10091996 12
  1.26  0.11 -1.15 -2.10 -2.60 -2.66 -2.06 -0.77  0.77  1.96  2.57  2.44 11091996 00
  1.63  0.48 -0.80 -1.90 -2.50 -2.65 -2.16 -0.91  0.71  2.07  2.83  2.85 11091996 12
  2.09  0.90 -0.47 -1.75 -2.56 -2.94 -2.72 -1.64  0.03  1.59  2.58  2.88 12091996 00
  2.33  1.16 -0.19 -1.59 -2.53 -2.98 -2.85 -1.87 -0.18  1.53  2.67  3.17 12091996 12
  2.77  1.64  0.27 -1.26 -2.39 -3.01 -3.13 -2.45 -0.86  1.00  2.38  3.09 13091996 00
  2.95  1.95  0.61 -0.91 -2.19 -2.92 -3.15 -2.63 -1.16  0.75  2.30  3.16 13091996 12
  3.21  2.33  0.99 -0.57 -2.01 -2.91 -3.34 -3.10 -1.86  0.06  1.82  2.90 14091996 00
  3.24  2.62  1.32 -0.16 -1.70 -2.72 -3.22 -3.13 -2.10 -0.25  1.61  2.86 14091996 12
  3.38  2.93  1.68  0.22 -1.40 -2.58 -3.24 -3.38 -2.67 -0.98  1.02  2.47 15091996 00
  3.22  3.09  2.05  0.64 -0.95 -2.27 -3.03 -3.28 -2.77 -1.27  0.71  2.32 15091996 12
  3.20  3.29  2.41  1.03 -0.53 -1.99 -2.89 -3.32 -3.11 -1.89  0.03  1.80 16091996 00
  2.92  3.29  2.69  1.42 -0.03 -1.56 -2.59 -3.09 -3.04 -2.10 -0.32  1.52 16091996 12
  2.77  3.34  2.98  1.82  0.43 -1.15 -2.33 -2.99 -3.16 -2.57 -1.06  0.80 17091996 00
  2.24  3.00  2.97  2.07  0.77 -0.70 -1.99 -2.74 -3.03 -2.66 -1.40  0.40 17091996 12
  1.94  2.88  3.06  2.38  1.16 -0.25 -1.64 -2.54 -2.99 -2.91 -2.00 -0.40 18091996 00
  1.23  2.35  2.83  2.48  1.45  0.22 -1.14 -2.17 -2.70 -2.76 -2.16 -0.79 18091996 12
  0.83  2.07  2.73  2.63  1.81  0.66 -0.65 -1.78 -2.43 -2.72 -2.48 -1.49 19091996 00
  0.00  1.39  2.27  2.51  2.01  1.04 -0.11 -1.29 -2.09 -2.48 -2.45 -1.80 19091996 12
 -0.54  0.85  1.88  2.37  2.18  1.44  0.45 -0.66 -1.60 -2.13 -2.34 -2.06 20091996 00
 -1.15  0.17  1.33  2.07  2.21  1.80  0.98 -0.02 -1.05 -1.75 -2.13 -2.15 20091996 12
 -1.64 -0.60  0.62  1.57  2.04  1.95  1.41  0.60 -0.34 -1.21 -1.75 -2.02 21091996 00
 -1.89 -1.21 -0.11  0.97  1.73  2.00  1.77  1.14  0.29 -0.67 -1.43 -1.91 21091996 12
 -2.12 -1.87 -1.08  0.05  1.08  1.75  1.92  1.64  0.99  0.14 -0.77 -1.44 22091996 00
 -1.84 -1.95 -1.55 -0.62  0.53  1.50  2.03  2.05  1.62  0.84 -0.13 -1.09 22091996 12
 -1.76 -2.17 -2.21 -1.63 -0.53  0.73  1.71  2.18  2.10  1.56  0.70 -0.35 23091996 00
 -1.29 -1.87 -2.15 -1.93 -1.04  0.28  1.53  2.36  2.59  2.23  1.39  0.28 23091996 12
 -0.95 -1.87 -2.44 -2.63 -2.15 -0.92  0.61  1.87  2.59  2.63  2.03  1.00 24091996 00
 -0.23 -1.42 -2.17 -2.53 -2.32 -1.29  0.31  1.85  2.88  3.23  2.85  1.84 24091996 12
  0.51 -0.98 -2.06 -2.72 -2.95 -2.40 -0.92  0.87  2.32  3.10  3.09  2.24 25091996 00
  0.98 -0.51 -1.85 -2.68 -3.06 -2.77 -1.47  0.46  2.16  3.25  3.57  2.94 25091996 12
  1.66  0.10 -1.51 -2.62 -3.27 -3.36 -2.48 -0.61  1.42  2.89  3.65  3.49 26091996 00
  2.42  1.00 -0.70 -2.06 -2.85 -3.12 -2.50 -0.80  1.34  3.07  4.03  4.10 26091996 12
  3.13  1.68 -0.13 -1.73 -2.79 -3.43 -3.43 -2.24 -0.11  1.95  3.31  3.83 27091996 00
  3.30  1.91  0.30 -1.47 -2.72 -3.42 -3.53 -2.57 -0.49  1.78  3.36  4.17 27091996 12
  3.97  2.72  1.14 -0.77 -2.25 -3.19 -3.66 -3.28 -1.65  0.64  2.59  3.68 28091996 00
  3.90  3.01  1.46 -0.30 -2.00 -3.07 -3.63 -3.48 -2.08  0.21  2.40  3.83 28091996 12
  4.42  3.96  2.66  0.99 -0.90 -2.22 -3.02 -3.33 -2.59 -0.69  1.51  3.12 29091996 00
  3.88  3.71  2.49  0.95 -0.86 -2.30 -3.13 -3.45 -2.93 -1.25  0.93  2.73 29091996 12
  3.74  3.89  2.96  1.51 -0.22 -1.84 -2.87 -3.42 -3.32 -2.09  0.01  1.98 30091996 00
  3.26  3.75  3.20  1.86  0.31 -1.37 -2.54 -3.19 -3.33 -2.53 -0.72  1.33 30091996 12
  2.78  3.51  3.34  2.23  0.83 -0.81 -2.12 -2.89 -3.18 -2.74 -1.28  0.67 01101996 00
  2.28  3.20  3.33  2.53  1.25 -0.24 -1.66 -2.54 -2.97 -2.83 -1.76 -0.02 01101996 12
  1.63  2.71  3.09  2.60  1.46  0.13 -1.30 -2.29 -2.81 -2.86 -2.17 -0.69 02101996 00
  0.95  2.17  2.78  2.62  1.77  0.63 -0.70 -1.81 -2.43 -2.68 -2.34 -1.22 02101996 12
  0.30  1.61  2.41  2.56  2.04  1.11  0.02 -1.08 -1.76 -2.02 -1.87 -1.07 03101996 00
  0.19  1.44  2.35  2.68  2.37  1.58  0.58 -0.54 -1.36 -1.86 -2.06 -1.73 03101996 12
 -0.81  0.35  1.34  1.89  1.94  1.51  0.78 -0.08 -0.91 -1.38 -1.56 -1.42 04101996 00
 -0.77  0.20  1.19  1.86  2.06  1.82  1.19  0.38 -0.50 -1.15 -1.54 -1.74 04101996 12
 -1.53 -0.85  0.04  0.82  1.25  1.27  0.97  0.41 -0.28 -0.97 -1.40 -1.58 05101996 00
 -1.49 -1.02 -0.23  0.58  1.17  1.42  1.33  0.94  0.35 -0.36 -0.97 -1.38 05101996 12
 -1.59 -1.50 -0.98 -0.20  0.57  1.11  1.30  1.20  0.82  0.25 -0.40 -0.91 06101996 00
 -1.20 -1.29 -1.07 -0.49  0.23  0.93  1.32  1.40  1.16  0.65 -0.04 -0.74 06101996 12
 -1.25 -1.54 -1.57 -1.17 -0.45  0.39  1.07  1.40  1.41  1.10  0.51 -0.22 07101996 00
 -0.90 -1.34 -1.52 -1.39 -0.81  0.05  0.93  1.52  1.69  1.46  0.90  0.11 07101996 12
 -0.76 -1.44 -1.83 -1.93 -1.54 -0.72  0.30  1.17  1.64  1.64  1.22  0.49 08101996 00
 -0.40 -1.24 -1.75 -1.94 -1.71 -0.95  0.17  1.21  1.87  2.01  1.64  0.87 08101996 12
 -0.10 -1.12 -1.84 -2.20 -2.17 -1.56 -0.44  0.81  1.76  2.19  2.01  1.32 09101996 00
  0.35 -0.75 -1.67 -2.16 -2.27 -1.80 -0.74  0.62  1.72  2.31  2.25  1.58 09101996 12
  0.54 -0.66 -1.76 -2.42 -2.69 -2.41 -1.40  0.09  1.45  2.31  2.52  2.03 10101996 00
  1.01 -0.20 -1.44 -2.28 -2.68 -2.55 -1.67 -0.18  1.33  2.35  2.75  2.37 10101996 12
  1.36  0.10 -1.27 -2.28 -2.82 -2.85 -2.13 -0.65  1.04  2.32  2.98  2.86 11101996 00
  1.99  0.77 -0.64 -1.80 -2.44 -2.59 -2.02 -0.60  1.16  2.56  3.34  3.35 11101996 12
  2.53  1.27 -0.27 -1.62 -2.46 -2.88 -2.64 -1.41  0.40  2.07  3.11  3.39 12101996 00
  2.80  1.59  0.13 -1.37 -2.36 -2.87 -2.77 -1.70  0.11  1.92  3.12  3.61 12101996 12
  3.20  2.05  0.62 -1.01 -2.20 -2.86 -2.99 -2.21 -0.47  1.47  2.89  3.61 13101996 00
  3.47  2.44  1.05 -0.62 -1.96 -2.74 -3.06 -2.58 -1.03  0.99  2.64  3.56 13101996 12
  3.63  2.74  1.38 -0.26 -1.77 -2.71 -3.18 -2.99 -1.71  0.30  2.13  3.31 14101996 00
  3.69  3.08  1.78  0.24 -1.39 -2.48 -3.05 -3.06 -2.11 -0.25  1.74  3.09 14101996 12
  3.71  3.36  2.15  0.68 -1.01 -2.26 -2.97 -3.19 -2.54 -0.84  1.21  2.80 15101996 00
  3.64  3.62  2.64  1.24 -0.42 -1.84 -2.68 -3.07 -2.74 -1.34  0.66  2.38 15101996 12
  3.44  3.68  2.97  1.70  0.14 -1.41 -2.43 -2.98 -2.93 -1.84  0.02  1.90 16101996 00
  3.14  3.65  3.24  2.09  0.64 -0.99 -2.17 -2.84 -3.06 -2.47 -0.90  0.99 16101996 12
  2.47  3.21  3.14  2.21  0.93 -0.55 -1.85 -2.62 -2.97 -2.66 -1.39  0.42 17101996 00
  1.98  2.96  3.18  2.54  1.37 -0.01 -1.41 -2.32 -2.78 -2.74 -1.87 -0.27 17101996 12
  1.40  2.59  3.16  2.94  2.06  0.90 -0.46 -1.54 -2.13 -2.35 -1.94 -0.70 18101996 00
  0.89  2.22  2.99  3.05  2.40  1.37  0.11 -1.07 -1.79 -2.13 -2.04 -1.20 18101996 12
  0.16  1.51  2.45  2.75  2.41  1.54  0.45 -0.74 -1.59 -2.10 -2.29 -1.86 19101996 00
 -0.76  0.63  1.78  2.41  2.42  1.86  0.93 -0.18 -1.24 -1.91 -2.28 -2.25 19101996 12
 -1.57 -0.41  0.84  1.79  2.22  2.08  1.50  0.66 -0.34 -1.18 -1.66 -1.83 20101996 00
 -1.53 -0.64  0.54  1.63  2.33  2.50  2.15  1.42  0.46 -0.57 -1.32 -1.81 20101996 12
 -2.06 -1.76 -0.89  0.25  1.26  1.84  1.91  1.55  0.84 -0.07 -1.00 -1.63 21101996 00
 -1.97 -1.96 -1.40 -0.36  0.82  1.73  2.14  2.02  1.43  0.56 -0.48 -1.41 21101996 12
 -2.03 -2.38 -2.27 -1.50 -0.27  0.97  1.87  2.22  2.04  1.39  0.46 -0.61 22101996 00
 -1.48 -1.97 -2.12 -1.71 -0.67  0.67  1.82  2.49  2.56  2.03  1.10 -0.08 22101996 12
 -1.23 -2.02 -2.50 -2.51 -1.78 -0.42  1.06  2.16  2.68  2.51  1.77  0.72 23101996 00
 -0.53 -1.60 -2.23 -2.48 -2.12 -0.94  0.67  2.06  2.89  3.02  2.41  1.31 23101996 12
 -0.04 -1.39 -2.29 -2.81 -2.82 -1.97 -0.37  1.32  2.54  3.11  2.89  1.94 24101996 00
  0.69 -0.78 -1.96 -2.64 -2.88 -2.37 -0.91  0.95  2.43  3.28  3.34  2.55 24101996 12
  1.31 -0.22 -1.63 -2.52 -2.98 -2.81 -1.66  0.16  1.92  3.09  3.52  3.03 25101996 00
  1.84  0.37 -1.25 -2.38 -3.00 -3.09 -2.22 -0.40  1.62  3.06  3.78  3.59 25101996 12
  2.50  1.05 -0.68 -2.06 -2.91 -3.31 -2.94 -1.42  0.66  2.43  3.45  3.62 26101996 00
  2.77  1.36 -0.30 -1.88 -2.91 -3.44 -3.33 -2.08  0.02  1.99  3.30  3.83 26101996 12
  3.36  2.12  0.64 -1.04 -2.24 -2.87 -2.94 -2.03 -0.14  1.91  3.42  4.15 27101996 00
  3.96  2.84  1.32 -0.51 -1.92 -2.82 -3.27 -2.90 -1.33  0.80  2.63  3.67 27101996 12
  3.89  3.08  1.70  0.04 -1.56 -2.55 -2.98 -2.69 -1.28  0.81  2.71  3.94 28101996 00
  4.36  3.80  2.61  0.99 -0.69 -1.77 -2.42 -2.59 -1.75  0.00  1.86  3.18 28101996 12
  3.70  3.23  1.94  0.38 -1.35 -2.65 -3.45 -3.74 -3.18 -1.50  0.62  2.29 29101996 00
  3.25  3.43  2.61  1.22 -0.34 -1.85 -2.81 -3.28 -3.15 -2.03 -0.13  1.67 29101996 12
  2.83  3.24  2.69  1.44  0.03 -1.47 -2.50 -3.01 -2.97 -2.06 -0.35  1.46 30101996 00
  2.70  3.30  3.03  1.96  0.62 -0.92 -2.11 -2.78 -3.02 -2.55 -1.14  0.64 30101996 12
  2.09  2.90  2.95  2.19  1.03 -0.31 -1.55 -2.26 -2.51 -2.15 -1.01  0.62 31101996 00
  2.09  3.03  3.27  2.75  1.72  0.46 -0.85 -1.73 -2.23 -2.33 -1.72 -0.49 31101996 12
  0.89  1.97  2.44  2.18  1.32  0.23 -0.95 -1.89 -2.39 -2.49 -1.98 -0.81 01111996 00
  0.66  1.84  2.53  2.59  2.04  1.13  0.02 -1.02 -1.63 -1.90 -1.79 -1.05 01111996 12
  0.14  1.33  2.13  2.34  2.01  1.26  0.34 -0.65 -1.33 -1.67 -1.69 -1.18 02111996 00
 -0.18  0.93  1.82  2.20  2.10  1.52  0.70 -0.28 -1.10 -1.60 -1.84 -1.67 02111996 12
 -0.95  0.09  1.11  1.80  2.01  1.78  1.22  0.47 -0.32 -0.83 -1.09 -1.13 03111996 00
 -0.76  0.05  0.96  1.67  1.98  1.87  1.43  0.75 -0.09 -0.81 -1.30 -1.58 03111996 12
 -1.55 -1.00 -0.15  0.74  1.42  1.73  1.69  1.35  0.79  0.08 -0.49 -0.80 04111996 00
 -0.89 -0.63  0.05  0.88  1.58  2.02  2.06  1.76  1.23  0.50 -0.23 -0.77 04111996 12
 -1.09 -1.17 -0.84 -0.14  0.65  1.26  1.58  1.56  1.18  0.55 -0.22 -0.86 05111996 00
 -1.26 -1.43 -1.30 -0.74  0.08  0.90  1.41  1.59  1.50  1.19  0.71  0.07 05111996 12
 -0.50 -0.75 -0.58 -0.05  0.66  1.46  2.20  2.64  2.66  2.27  1.56  0.65 06111996 00
 -0.23 -0.93 -1.32 -1.26 -0.69  0.21  1.15  1.79  1.98  1.72  1.06  0.16 06111996 12
 -0.78 -1.46 -1.82 -1.85 -1.35 -0.39  0.74  1.65  2.12  2.11  1.61  0.79 07111996 00
 -0.23 -1.14 -1.70 -1.93 -1.71 -0.85  0.34  1.44  2.12  2.19  1.71  0.81 07111996 12
 -0.27 -1.37 -2.11 -2.49 -2.40 -1.63 -0.32  1.06  2.07  2.50  2.28  1.51 08111996 00
  0.46 -0.73 -1.66 -2.14 -2.23 -1.69 -0.49  0.97  2.11  2.69  2.58  1.79 08111996 12
  0.66 -0.65 -1.78 -2.45 -2.72 -2.39 -1.26  0.34  1.78  2.66  2.83  2.23 09111996 00
  1.11 -0.20 -1.51 -2.39 -2.82 -2.72 -1.80 -0.22  1.39  2.48  2.90  2.49 09111996 12
  1.39  0.05 -1.39 -2.45 -3.01 -3.07 -2.35 -0.76  1.07  2.43  3.14  3.01 10111996 00
  2.04  0.75 -0.76 -2.02 -2.75 -3.01 -2.55 -1.13  0.76  2.32  3.21  3.28 10111996 12
  2.45  1.14 -0.40 -1.83 -2.74 -3.19 -2.99 -1.79  0.15  1.95  3.12  3.52 11111996 00
  2.97  1.70  0.18 -1.42 -2.53 -3.15 -3.24 -2.41 -0.62  1.35  2.73  3.40 11111996 12
  3.09  1.82  0.32 -1.31 -2.59 -3.36 -3.64 -3.15 -1.57  0.52  2.19  3.13 12111996 00
  3.25  2.32  0.81 -0.78 -2.26 -3.16 -3.58 -3.34 -2.04  0.04  1.95  3.09 12111996 12
  3.47  2.82  1.42 -0.13 -1.75 -2.85 -3.43 -3.45 -2.48 -0.53  1.50  2.92 13111996 00
  3.57  3.26  2.02  0.51 -1.19 -2.49 -3.25 -3.52 -2.97 -1.35  0.76  2.40 13111996 12
  3.30  3.35  2.42  1.00 -0.61 -2.08 -2.99 -3.41 -3.15 -1.84  0.18  2.01 14111996 00
  3.14  3.49  2.86  1.53  0.00 -1.61 -2.71 -3.32 -3.42 -2.60 -0.81  1.13 14111996 12
  2.52  3.19  2.98  1.90  0.52 -1.04 -2.30 -3.02 -3.25 -2.75 -1.27  0.66 15111996 00
  2.23  3.11  3.21  2.40  1.09 -0.41 -1.83 -2.74 -3.23 -3.16 -2.18 -0.44 15111996 12
  1.29  2.48  2.97  2.59  1.51  0.22 -1.20 -2.26 -2.82 -2.91 -2.27 -0.82 16111996 00
  0.91  2.26  3.00  2.94  2.12  0.96 -0.42 -1.64 -2.39 -2.77 -2.63 -1.65 16111996 12
 -0.08  1.44  2.43  2.77  2.35  1.40  0.26 -1.01 -1.91 -2.39 -2.50 -2.00 17111996 00
 -0.79  0.72  1.90  2.53  2.47  1.75  0.68 -0.53 -1.63 -2.31 -2.65 -2.52 17111996 12
 -1.68 -0.32  1.05  2.00  2.36  2.09  1.33  0.33 -0.77 -1.62 -2.07 -2.19 18111996 00
 -1.75 -0.70  0.65  1.76  2.40  2.43  1.90  1.01 -0.08 -1.14 -1.85 -2.28 18111996 12
 -2.32 -1.68 -0.47  0.88  1.91  2.42  2.33  1.77  0.90 -0.21 -1.21 -1.76 19111996 00
 -1.98 -1.81 -1.10  0.10  1.30  2.10  2.33  1.98  1.20  0.25 -0.84 -1.70 19111996 12
 -2.24 -2.45 -2.07 -1.03  0.31  1.45  2.15  2.28  1.84  1.03  0.05 -0.94 20111996 00
 -1.63 -1.99 -1.97 -1.34 -0.15  1.17  2.18  2.61  2.42  1.67  0.65 -0.54 20111996 12
 -1.53 -2.17 -2.52 -2.31 -1.34  0.09  1.42  2.30  2.57  2.20  1.35  0.28 21111996 00
 -0.89 -1.74 -2.19 -2.24 -1.61 -0.32  1.17  2.30  2.86  2.72  1.95  0.87 21111996 12
 -0.43 -1.54 -2.23 -2.57 -2.31 -1.24  0.31  1.76  2.69  2.93  2.44  1.44 22111996 00
  0.20 -1.12 -2.04 -2.55 -2.59 -1.85 -0.36  1.28  2.46  3.02  2.80  1.86 22111996 12
  0.61 -0.83 -2.00 -2.69 -2.97 -2.59 -1.29  0.48  1.99  2.90  3.07  2.41 23111996 00
  1.25 -0.14 -1.51 -2.40 -2.83 -2.71 -1.71 -0.01  1.66  2.76  3.17  2.72 23111996 12
  1.57  0.17 -1.35 -2.45 -3.07 -3.19 -2.50 -0.91  0.98  2.40  3.17  3.10 24111996 00
  2.17  0.91 -0.56 -1.79 -2.47 -2.68 -2.18 -0.80  1.06  2.60  3.46  3.52 24111996 12
  2.70  1.41 -0.17 -1.62 -2.56 -3.08 -2.99 -1.89  0.00  1.88  3.12  3.61 25111996 00
  3.16  1.95  0.49 -1.14 -2.31 -2.99 -3.20 -2.58 -1.00  0.93  2.35  3.09 25111996 12
  3.00  2.00  0.62 -0.91 -2.23 -3.00 -3.27 -2.79 -1.31  0.67  2.31  3.25 26111996 00
  3.40  2.58  1.24 -0.32 -1.82 -2.77 -3.25 -3.14 -2.03 -0.15  1.64  2.84 26111996 12
  3.28  2.79  1.58  0.18 -1.37 -2.46 -3.03 -3.06 -2.20 -0.48  1.41  2.72 27111996 00
  3.38  3.15  2.07  0.70 -0.89 -2.16 -2.90 -3.20 -2.78 -1.38  0.48  2.03 27111996 12
  2.88  2.98  2.18  0.89 -0.55 -1.91 -2.75 -3.09 -2.79 -1.59  0.22  1.83 28111996 00
  2.86  3.17  2.61  1.43  0.03 -1.43 -2.42 -2.93 -2.91 -2.01 -0.31  1.49 28111996 12
  2.74  3.29  3.00  2.01  0.75 -0.70 -1.79 -2.40 -2.57 -1.99 -0.58  1.12 29111996 00
  2.44  3.14  3.10  2.31  1.15 -0.24 -1.44 -2.14 -2.47 -2.27 -1.25  0.30 29111996 12
  1.75  2.67  2.90  2.41  1.42  0.25 -0.98 -1.77 -2.15 -2.13 -1.39 -0.04 30111996 00
  1.39  2.40  2.76  2.40  1.46  0.32 -0.96 -1.90 -2.45 -2.61 -2.18 -1.05 30111996 12
  0.40  1.59  2.27  2.31  1.75  0.83 -0.23 -1.22 -1.75 -1.89 -1.61 -0.73 01121996 00
  0.57  1.78  2.53  2.68  2.19  1.33  0.29 -0.78 -1.47 -1.85 -1.91 -1.36 01121996 12
 -0.28  0.90  1.83  2.22  2.08  1.45  0.60 -0.34 -1.07 -1.47 -1.57 -1.27 02121996 00
 -0.44  0.61  1.58  2.10  2.12  1.63  0.81 -0.18 -1.10 -1.70 -2.03 -2.00 02121996 12
 -1.41 -0.40  0.68  1.49  1.83  1.70  1.23  0.58 -0.14 -0.65 -0.84 -0.83 03121996 00
 -0.53  0.14  0.97  1.70  2.11  2.07  1.66  0.99  0.14 -0.64 -1.18 -1.51 03121996 12
 -1.48 -0.90  0.01  0.91  1.55  1.78  1.65  1.21  0.56 -0.25 -0.87 -1.20 04121996 00
 -1.28 -0.99 -0.29  0.54  1.31  1.72  1.74  1.35  0.71 -0.11 -0.90 -1.47 04121996 12
 -1.81 -1.84 -1.37 -0.51  0.47  1.24  1.59  1.55  1.17  0.53 -0.25 -0.96 05121996 00
 -1.38 -1.54 -1.38 -0.75  0.16  1.04  1.60  1.68  1.34  0.71 -0.11 -0.98 05121996 12
 -1.62 -1.98 -2.04 -1.58 -0.66  0.45  1.34  1.80  1.76  1.32  0.59 -0.29 06121996 00
 -1.13 -1.64 -1.85 -1.69 -0.98  0.08  1.11  1.77  1.90  1.55  0.81 -0.12 06121996 12
 -1.13 -1.86 -2.26 -2.28 -1.71 -0.60  0.67  1.67  2.17  2.08  1.51  0.62 07121996 00
 -0.45 -1.40 -1.95 -2.16 -1.87 -0.94  0.37  1.53  2.23  2.31  1.80  0.85 07121996 12
 -0.29 -1.44 -2.21 -2.61 -2.53 -1.75 -0.38  1.07  2.11  2.57  2.33  1.48 08121996 00
  0.36 -0.90 -1.91 -2.47 -2.61 -2.10 -0.85  0.73  1.98  2.66  2.62  1.85 08121996 12
  0.69 -0.66 -1.88 -2.63 -2.96 -2.70 -1.58  0.12  1.68  2.69  3.00  2.49 09121996 00
  1.38  0.03 -1.39 -2.39 -2.91 -2.91 -2.08 -0.47  1.28  2.51  3.08  2.81 09121996 12
  1.75  0.41 -1.12 -2.32 -3.02 -3.24 -2.68 -1.17  0.76  2.31  3.17  3.25 10121996 00
  2.41  1.08 -0.48 -1.94 -2.86 -3.31 -3.12 -1.90  0.04  1.84  2.99  3.37 10121996 12
  2.78  1.48 -0.04 -1.66 -2.77 -3.38 -3.42 -2.52 -0.62  1.38  2.80  3.51 11121996 00
  3.30  2.14  0.66 -1.04 -2.40 -3.23 -3.55 -3.07 -1.49  0.66  2.40  3.36 11121996 12
  3.52  2.64  1.20 -0.44 -2.00 -2.98 -3.49 -3.32 -2.05  0.04  2.03  3.31 12121996 00
  3.79  3.24  1.87  0.27 -1.47 -2.69 -3.40 -3.60 -2.86 -1.00  1.16  2.74 12121996 12
  3.53  3.40  2.28  0.78 -0.92 -2.34 -3.21 -3.56 -3.12 -1.55  0.64  2.46 13121996 00
  3.50  3.73  2.91  1.46 -0.21 -1.85 -2.91 -3.51 -3.53 -2.49 -0.47  1.57 13121996 12
  2.96  3.56  3.21  1.98  0.51 -1.15 -2.39 -3.07 -3.22 -2.50 -0.75  1.34 14121996 00
  2.91  3.75  3.73  2.73  1.35 -0.34 -1.79 -2.72 -3.23 -3.10 -1.87  0.10 14121996 12
  1.91  3.09  3.48  2.93  1.70  0.25 -1.31 -2.38 -2.94 -2.98 -2.15 -0.46 15121996 00
  1.41  2.76  3.44  3.24  2.20  0.86 -0.74 -2.02 -2.81 -3.21 -2.94 -1.69 15121996 12
  0.11  1.73  2.74  3.03  2.45  1.31  0.00 -1.36 -2.27 -2.72 -2.66 -1.80 16121996 00
 -0.21  1.45  2.63  3.15  2.89  1.93  0.70 -0.72 -1.84 -2.53 -2.86 -2.58 16121996 12
 -1.45  0.14  1.55  2.45  2.67  2.16  1.18  0.01 -1.19 -1.99 -2.37 -2.30 17121996 00
 -1.54 -0.16  1.29  2.34  2.82  2.62  1.83  0.77 -0.49 -1.51 -2.13 -2.46 17121996 12
 -2.25 -1.29  0.11  1.42  2.27  2.53  2.18  1.37  0.36 -0.74 -1.52 -1.91 18121996 00
 -1.97 -1.43 -0.30  1.01  2.06  2.58  2.51  1.89  0.96 -0.17 -1.18 -1.84 18121996 12
 -2.24 -2.22 -1.52 -0.33  0.91  1.83  2.22  2.05  1.41  0.52 -0.52 -1.38 19121996 00
 -1.87 -2.04 -1.70 -0.78  0.46  1.54  2.22  2.31  1.86  1.03  0.01 -1.05 19121996 12
 -1.81 -2.28 -2.38 -1.84 -0.71  0.60  1.63  2.17  2.10  1.53  0.64 -0.39 20121996 00
 -1.34 -1.93 -2.21 -2.03 -1.23  0.03  1.22  2.01  2.25  1.90  1.07  0.03 20121996 12
 -1.10 -1.96 -2.45 -2.55 -2.03 -0.86  0.55  1.68  2.32  2.30  1.72  0.77 21121996 00
 -0.36 -1.43 -2.13 -2.49 -2.36 -1.52 -0.15  1.19  2.08  2.38  2.01  1.12 21121996 12
  0.00 -1.21 -2.13 -2.63 -2.68 -2.10 -0.83  0.68  1.87  2.52  2.46  1.74 22121996 00
  0.66 -0.59 -1.73 -2.42 -2.71 -2.45 -1.44  0.05  1.44  2.33  2.56  2.06 22121996 12
  1.04 -0.19 -1.46 -2.34 -2.78 -2.70 -1.87 -0.37  1.22  2.35  2.86  2.59 23121996 00
  1.64  0.41 -0.96 -2.06 -2.69 -2.88 -2.41 -1.09  0.58  1.93  2.70  2.71 23121996 12
  1.94  0.75 -0.59 -1.84 -2.60 -2.91 -2.61 -1.45  0.28  1.81  2.78  3.05 24121996 00
  2.47  1.32 -0.05 -1.46 -2.42 -2.93 -2.94 -2.13 -0.56  1.14  2.33  2.89 24121996 12
  2.58  1.53  0.24 -1.19 -2.29 -2.88 -2.96 -2.31 -0.80  0.99  2.36  3.09 25121996 00
  3.02  2.11  0.82 -0.68 -1.98 -2.77 -3.14 -2.89 -1.72  0.04  1.63  2.60 25121996 12
  2.81  2.15  0.91 -0.48 -1.87 -2.78 -3.18 -2.97 -1.88 -0.10  1.58  2.70 26121996 00
  3.14  2.68  1.54  0.17 -1.36 -2.46 -3.07 -3.19 -2.51 -0.98  0.81  2.12 26121996 12
  2.80  2.66  1.69  0.40 -1.04 -2.25 -2.93 -3.12 -2.57 -1.14  0.66  2.12 27121996 00
  2.95  3.02  2.20  0.92 -0.56 -1.93 -2.79 -3.20 -3.04 -1.98 -0.24  1.38 27121996 12
  2.43  2.78  2.25  1.07 -0.27 -1.66 -2.61 -3.05 -2.92 -1.99 -0.35  1.33 28121996 00
  2.48  3.01  2.68  1.62  0.32 -1.15 -2.27 -2.90 -3.09 -2.59 -1.22  0.48 28121996 12
  1.85  2.57  2.55  1.72  0.51 -0.82 -2.02 -2.71 -2.91 -2.50 -1.30  0.37 29121996 00
  1.79  2.67  2.84  2.20  1.05 -0.27 -1.58 -2.42 -2.84 -2.77 -1.96 -0.50 29121996 12
  1.04  2.08  2.51  2.16  1.18  0.01 -1.23 -2.15 -2.59 -2.54 -1.87 -0.55 30121996 00
  0.97  2.09  2.65  2.49  1.65  0.50 -0.78 -1.85 -2.46 -2.71 -2.43 -1.42 30121996 12
  0.02  1.29  2.06  2.18  1.62  0.64 -0.47 -1.55 -2.22 -2.47 -2.23 -1.40 31121996 00
 -0.10  1.18  2.02  2.28  1.87  0.97 -0.10 -1.23 -2.04 -2.47 -2.53 -2.04 31121996 12
