Parameter Z: CS3X Location (100, 86) Lat 53.500 Lon -3.417
  2.67  1.25 -0.32 -1.71 -2.66 -3.24 -3.17 -1.96  0.06  2.00  3.35  3.94 01012010 00
  3.50  2.11  0.43 -1.19 -2.37 -3.24 -3.63 -3.05 -1.31  0.85  2.56  3.52 01012010 12
  3.61  2.61  0.99 -0.69 -2.05 -2.97 -3.49 -3.21 -1.65  0.57  2.52  3.75 02012010 00
  4.13  3.38  1.77 -0.01 -1.63 -2.80 -3.65 -3.92 -3.08 -1.10  1.07  2.73 02012010 12
  3.53  3.42  2.21  0.47 -1.23 -2.53 -3.39 -3.78 -3.19 -1.35  0.95  2.76 03012010 00
  3.81  4.01  3.06  1.37 -0.43 -1.95 -3.04 -3.78 -3.80 -2.60 -0.48  1.65 03012010 12
  3.10  3.70  3.35  1.94  0.24 -1.40 -2.55 -3.32 -3.54 -2.68 -0.69  1.49 04012010 00
  3.07  3.92  3.87  2.67  1.00 -0.74 -2.08 -3.08 -3.68 -3.47 -2.06  0.04 04012010 12
  1.97  3.22  3.64  3.05  1.56 -0.08 -1.55 -2.53 -3.18 -3.22 -2.16 -0.21 05012010 00
  1.75  3.13  3.77  3.44  2.13  0.50 -1.11 -2.32 -3.21 -3.70 -3.33 -1.86 05012010 12
  0.13  1.80  2.84  3.09  2.36  0.89 -0.63 -1.91 -2.72 -3.22 -3.12 -2.01 06012010 00
 -0.22  1.49  2.67  3.16  2.72  1.46 -0.02 -1.41 -2.40 -3.08 -3.35 -2.83 06012010 12
 -1.39  0.37  1.79  2.66  2.76  1.99  0.72 -0.63 -1.69 -2.38 -2.73 -2.49 07012010 00
 -1.41  0.14  1.57  2.54  2.88  2.41  1.34  0.04 -1.16 -2.04 -2.64 -2.85 07012010 12
 -2.33 -1.08  0.37  1.60  2.30  2.31  1.61  0.54 -0.61 -1.52 -2.14 -2.46 08012010 00
 -2.28 -1.39 -0.06  1.18  2.04  2.33  1.95  1.04 -0.06 -1.09 -1.86 -2.39 08012010 12
 -2.59 -2.22 -1.23  0.00  1.10  1.77  1.87  1.37  0.47 -0.53 -1.35 -1.92 09012010 00
 -2.25 -2.22 -1.58 -0.47  0.66  1.52  1.91  1.73  1.05  0.11 -0.83 -1.57 09012010 12
 -2.09 -2.35 -2.17 -1.37 -0.26  0.79  1.54  1.78  1.47  0.72 -0.22 -1.09 10012010 00
 -1.73 -2.11 -2.18 -1.76 -0.82  0.27  1.19  1.73  1.74  1.23  0.36 -0.60 10012010 12
 -1.39 -1.92 -2.22 -2.12 -1.42 -0.32  0.77  1.59  1.94  1.73  1.04  0.10 11012010 00
 -0.85 -1.59 -2.08 -2.23 -1.85 -0.88  0.29  1.31  1.94  2.04  1.55  0.69 11012010 12
 -0.32 -1.20 -1.82 -2.16 -2.06 -1.28 -0.05  1.16  2.06  2.43  2.17  1.38 12012010 00
  0.36 -0.64 -1.43 -1.93 -2.07 -1.62 -0.58  0.63  1.64  2.27  2.32  1.73 12012010 12
  0.78 -0.32 -1.22 -1.84 -2.13 -1.84 -0.82  0.58  1.83  2.64  2.84  2.36 13012010 00
  1.36  0.13 -0.99 -1.85 -2.44 -2.59 -1.99 -0.70  0.75  1.93  2.52  2.41 13012010 12
  1.61  0.46 -0.72 -1.62 -2.20 -2.40 -1.92 -0.64  0.90  2.18  2.93  2.97 14012010 00
  2.23  1.02 -0.32 -1.42 -2.21 -2.68 -2.58 -1.60 -0.06  1.44  2.48  2.82 14012010 12
  2.36  1.26 -0.06 -1.26 -2.08 -2.56 -2.51 -1.55  0.08  1.69  2.87  3.41 15012010 00
  3.13  2.10  0.68 -0.73 -1.81 -2.57 -2.88 -2.35 -0.94  0.76  2.16  2.95 15012010 12
  2.98  2.20  0.99 -0.34 -1.40 -2.09 -2.34 -1.82 -0.43  1.25  2.65  3.55 16012010 00
  3.68  2.93  1.60  0.08 -1.24 -2.20 -2.78 -2.74 -1.74 -0.08  1.61  2.78 16012010 12
  3.19  2.72  1.53  0.11 -1.17 -2.09 -2.66 -2.73 -1.91 -0.28  1.47  2.77 17012010 00
  3.39  3.14  2.02  0.54 -0.92 -2.02 -2.78 -3.14 -2.72 -1.30  0.51  2.06 17012010 12
  2.95  3.03  2.18  0.79 -0.69 -1.86 -2.61 -2.95 -2.59 -1.25  0.57  2.12 18012010 00
  3.11  3.35  2.62  1.28 -0.26 -1.60 -2.53 -3.13 -3.15 -2.22 -0.52  1.18 18012010 12
  2.43  2.96  2.61  1.44  0.00 -1.38 -2.33 -2.89 -2.92 -2.05 -0.37  1.38 19012010 00
  2.65  3.30  3.12  2.05  0.62 -0.85 -1.98 -2.75 -3.11 -2.69 -1.29  0.45 19012010 12
  1.91  2.77  2.89  2.11  0.82 -0.60 -1.75 -2.48 -2.82 -2.49 -1.22  0.52 20012010 00
  2.02  2.98  3.22  2.56  1.32 -0.13 -1.40 -2.29 -2.87 -2.93 -2.12 -0.62 20012010 12
  0.96  2.13  2.67  2.42  1.39  0.08 -1.18 -2.06 -2.57 -2.65 -1.98 -0.56 21012010 00
  0.99  2.17  2.81  2.71  1.87  0.62 -0.69 -1.71 -2.36 -2.62 -2.23 -1.01 21012010 12
  0.50  1.81  2.65  2.82  2.21  1.13 -0.09 -1.12 -1.83 -2.23 -2.12 -1.25 22012010 00
  0.10  1.42  2.34  2.64  2.21  1.21  0.00 -1.10 -1.88 -2.39 -2.51 -1.96 22012010 12
 -0.79  0.51  1.57  2.15  2.09  1.39  0.38 -0.67 -1.47 -1.98 -2.19 -1.90 23012010 00
 -0.97  0.27  1.38  2.10  2.23  1.71  0.78 -0.29 -1.20 -1.83 -2.21 -2.22 23012010 12
 -1.63 -0.56  0.59  1.51  1.96  1.81  1.16  0.26 -0.66 -1.34 -1.77 -1.95 24012010 00
 -1.66 -0.84  0.24  1.21  1.83  1.91  1.47  0.67 -0.27 -1.07 -1.64 -2.01 24012010 12
 -2.06 -1.58 -0.65  0.37  1.20  1.63  1.57  1.05  0.25 -0.61 -1.31 -1.80 25012010 00
 -2.06 -1.94 -1.29 -0.30  0.66  1.36  1.61  1.37  0.73 -0.10 -0.90 -1.53 25012010 12
 -1.97 -2.14 -1.86 -1.05 -0.01  0.94  1.57  1.73  1.38  0.67 -0.21 -1.03 26012010 00
 -1.66 -2.09 -2.19 -1.75 -0.79  0.30  1.23  1.74  1.73  1.21  0.35 -0.61 26012010 12
 -1.42 -2.02 -2.39 -2.32 -1.60 -0.40  0.83  1.77  2.17  1.97  1.22  0.18 27012010 00
 -0.86 -1.69 -2.26 -2.49 -2.14 -1.09  0.27  1.49  2.28  2.45  1.91  0.88 27012010 12
 -0.33 -1.41 -2.19 -2.68 -2.68 -1.91 -0.50  0.98  2.17  2.78  2.62  1.66 28012010 00
  0.34 -0.98 -1.97 -2.64 -2.97 -2.61 -1.31  0.41  1.93  2.89  3.10  2.42 28012010 12
  1.16 -0.28 -1.50 -2.35 -2.85 -2.77 -1.70  0.08  1.82  3.03  3.50  3.01 29012010 00
  1.72  0.14 -1.35 -2.46 -3.31 -3.75 -3.26 -1.62  0.48  2.23  3.27  3.43 29012010 12
  2.56  0.99 -0.62 -1.95 -2.86 -3.42 -3.25 -1.90  0.20  2.13  3.37  3.81 30012010 00
  3.18  1.64 -0.09 -1.68 -2.80 -3.59 -3.84 -2.98 -0.97  1.24  2.91  3.75 30012010 12
  3.67  2.44  0.72 -1.01 -2.33 -3.23 -3.66 -3.10 -1.27  1.10  2.97  4.08 31012010 00
  4.28  3.26  1.52 -0.35 -1.91 -3.04 -3.84 -3.93 -2.72 -0.48  1.83  3.40 31012010 12
  4.01  3.62  2.08  0.25 -1.49 -2.71 -3.55 -3.84 -2.94 -0.77  1.61  3.35 01022010 00
  4.22  4.15  2.83  1.00 -0.87 -2.32 -3.39 -4.04 -3.76 -2.12  0.29  2.41 01022010 12
  3.72  4.10  3.38  1.68 -0.13 -1.74 -2.82 -3.55 -3.56 -2.23  0.08  2.30 02022010 00
  3.80  4.42  3.98  2.42  0.58 -1.18 -2.48 -3.44 -3.90 -3.32 -1.48  0.80 02022010 12
  2.61  3.63  3.71  2.67  0.94 -0.80 -2.19 -3.12 -3.65 -3.31 -1.70  0.56 03022010 00
  2.50  3.67  4.05  3.33  1.74  0.00 -1.56 -2.64 -3.40 -3.57 -2.63 -0.66 03022010 12
  1.39  2.89  3.59  3.38  2.15  0.53 -1.05 -2.18 -2.94 -3.24 -2.62 -0.93 04022010 00
  1.07  2.64  3.54  3.63  2.70  1.26 -0.31 -1.56 -2.44 -2.96 -2.80 -1.62 04022010 12
  0.13  1.74  2.86  3.28  2.79  1.65  0.28 -0.99 -1.88 -2.47 -2.56 -1.79 05022010 00
 -0.24  1.39  2.62  3.25  3.10  2.18  0.92 -0.38 -1.38 -2.10 -2.49 -2.27 05022010 12
 -1.25  0.16  1.47  2.34  2.53  1.98  0.95 -0.23 -1.24 -1.95 -2.39 -2.41 06022010 00
 -1.75 -0.51  0.78  1.77  2.25  2.08  1.32  0.28 -0.75 -1.52 -2.05 -2.31 06022010 12
 -2.09 -1.26 -0.15  0.91  1.64  1.83  1.48  0.73 -0.19 -0.99 -1.56 -1.90 07022010 00
 -1.93 -1.45 -0.54  0.45  1.26  1.68  1.63  1.17  0.45 -0.34 -1.00 -1.47 07022010 12
 -1.72 -1.61 -1.02 -0.12  0.77  1.44  1.71  1.53  0.99  0.27 -0.45 -1.01 08022010 00
 -1.42 -1.63 -1.46 -0.81  0.05  0.84  1.38  1.55  1.32  0.78  0.08 -0.58 08022010 12
 -1.12 -1.49 -1.61 -1.31 -0.58  0.29  1.09  1.56  1.62  1.26  0.59 -0.18 09022010 00
 -0.88 -1.44 -1.81 -1.86 -1.42 -0.58  0.36  1.15  1.57  1.54  1.07  0.34 09022010 12
 -0.45 -1.10 -1.55 -1.76 -1.58 -0.86  0.17  1.13  1.79  1.97  1.62  0.83 10022010 00
 -0.13 -1.02 -1.70 -2.15 -2.26 -1.82 -0.82  0.33  1.30  1.84  1.81  1.23 10022010 12
  0.32 -0.67 -1.47 -1.99 -2.21 -1.90 -0.95  0.33  1.45  2.16  2.29  1.76 11022010 00
  0.77 -0.38 -1.38 -2.11 -2.55 -2.55 -1.85 -0.59  0.75  1.78  2.24  2.00 11022010 12
  1.11 -0.06 -1.18 -1.98 -2.45 -2.51 -1.88 -0.58  0.87  1.99  2.58  2.46 12022010 00
  1.60  0.35 -0.94 -1.96 -2.66 -3.00 -2.72 -1.59 -0.03  1.35  2.25  2.45 12022010 12
  1.82  0.62 -0.70 -1.83 -2.56 -2.91 -2.66 -1.54  0.12  1.62  2.61  2.95 13022010 00
  2.41  1.21 -0.21 -1.52 -2.46 -3.04 -3.11 -2.31 -0.72  0.97  2.23  2.84 13022010 12
  2.61  1.52  0.11 -1.29 -2.30 -2.91 -3.04 -2.33 -0.74  1.06  2.44  3.19 14022010 00
  3.11  2.08  0.63 -0.87 -2.05 -2.86 -3.27 -2.94 -1.58  0.27  1.90  2.91 14022010 12
  3.12  2.36  0.95 -0.56 -1.84 -2.67 -3.10 -2.86 -1.58  0.35  2.07  3.20 15022010 00
  3.56  2.94  1.59  0.01 -1.41 -2.41 -3.05 -3.11 -2.17 -0.38  1.50  2.85 15022010 12
  3.48  3.16  1.91  0.38 -1.13 -2.19 -2.86 -3.04 -2.26 -0.52  1.41  2.87 16022010 00
  3.61  3.47  2.34  0.80 -0.79 -2.00 -2.82 -3.22 -2.81 -1.31  0.63  2.29 16022010 12
  3.28  3.44  2.59  1.13 -0.44 -1.73 -2.57 -3.02 -2.75 -1.41  0.53  2.24 17022010 00
  3.34  3.65  2.94  1.54 -0.06 -1.46 -2.44 -3.05 -3.08 -2.07 -0.27  1.55 17022010 12
  2.87  3.46  3.09  1.84  0.33 -1.13 -2.14 -2.78 -2.92 -2.13 -0.43  1.40 18022010 00
  2.77  3.45  3.26  2.14  0.65 -0.86 -1.98 -2.74 -3.08 -2.64 -1.20  0.62 18022010 12
  2.17  3.08  3.22  2.40  1.04 -0.43 -1.61 -2.39 -2.80 -2.54 -1.32  0.42 19022010 00
  1.98  2.98  3.27  2.66  1.42 -0.04 -1.31 -2.19 -2.73 -2.74 -1.87 -0.29 19022010 12
  1.32  2.51  3.03  2.75  1.70  0.36 -0.92 -1.83 -2.40 -2.55 -1.94 -0.54 20022010 00
  1.02  2.24  2.92  2.84  1.99  0.76 -0.53 -1.53 -2.19 -2.51 -2.21 -1.10 20022010 12
  0.38  1.71  2.57  2.76  2.21  1.16 -0.04 -1.05 -1.75 -2.15 -2.07 -1.27 21022010 00
  0.04  1.34  2.30  2.70  2.42  1.56  0.45 -0.61 -1.38 -1.89 -2.05 -1.62 21022010 12
 -0.55  0.71  1.76  2.37  2.38  1.80  0.89 -0.11 -0.93 -1.49 -1.81 -1.69 22022010 00
 -0.94  0.17  1.24  2.04  2.33  2.04  1.32  0.40 -0.47 -1.11 -1.55 -1.72 22022010 12
 -1.38 -0.51  0.54  1.47  2.03  2.11  1.71  0.98  0.15 -0.57 -1.11 -1.48 23022010 00
 -1.54 -1.08 -0.21  0.74  1.52  1.91  1.85  1.39  0.68 -0.10 -0.76 -1.27 23022010 12
 -1.57 -1.46 -0.80  0.15  1.09  1.81  2.17  2.06  1.57  0.81 -0.00 -0.71 24022010 00
 -1.26 -1.58 -1.47 -0.80  0.16  1.13  1.84  2.13  1.94  1.37  0.54 -0.32 24022010 12
 -1.05 -1.58 -1.82 -1.50 -0.59  0.53  1.56  2.23  2.39  2.00  1.19  0.18 25022010 00
 -0.78 -1.54 -2.08 -2.22 -1.69 -0.52  0.84  2.02  2.67  2.68  2.04  1.01 25022010 12
 -0.14 -1.11 -1.82 -2.21 -2.03 -1.04  0.41  1.79  2.77  3.10  2.64  1.58 26022010 00
  0.23 -1.06 -2.05 -2.74 -2.96 -2.34 -0.85  0.85  2.27  3.08  3.11  2.28 26022010 12
  0.99 -0.44 -1.64 -2.48 -2.92 -2.64 -1.31  0.56  2.20  3.30  3.63  2.97 27022010 00
  1.63  0.02 -1.44 -2.52 -3.27 -3.42 -2.52 -0.64  1.36  2.89  3.69  3.56 27022010 12
  2.39  0.82 -0.82 -2.06 -2.93 -3.33 -2.78 -1.03  1.17  2.96  3.99  4.18 28022010 00
  3.18  1.54 -0.26 -1.75 -2.83 -3.58 -3.60 -2.38 -0.22  1.93  3.43  4.04 28022010 12
  3.62  2.11  0.31 -1.40 -2.62 -3.46 -3.73 -2.82 -0.68  1.67  3.40  4.28 01032010 00
  4.18  2.82  0.98 -0.89 -2.34 -3.40 -4.02 -3.69 -2.00  0.42  2.51  3.79 01032010 12
  4.13  3.33  1.56 -0.33 -1.98 -3.09 -3.83 -3.81 -2.42 -0.06  2.25  3.73 02032010 00
  4.32  3.85  2.19  0.28 -1.53 -2.84 -3.80 -4.23 -3.53 -1.47  0.95  2.84 02032010 12
  3.80  3.83  2.65  0.77 -1.06 -2.52 -3.49 -4.00 -3.56 -1.74  0.72  2.75 03032010 00
  3.95  4.25  3.38  1.61 -0.25 -1.88 -3.02 -3.83 -3.93 -2.77 -0.59  1.66 03032010 12
  3.19  3.80  3.45  1.94  0.12 -1.59 -2.80 -3.61 -3.90 -3.10 -1.09  1.14 04032010 00
  2.81  3.68  3.66  2.49  0.77 -0.95 -2.30 -3.22 -3.76 -3.47 -1.99  0.14 04032010 12
  1.99  3.12  3.43  2.72  1.16 -0.48 -1.93 -2.87 -3.46 -3.42 -2.29 -0.36 05032010 00
  1.50  2.77  3.35  3.02  1.76  0.24 -1.25 -2.31 -3.03 -3.28 -2.66 -1.10 05032010 12
  0.72  2.10  2.88  2.90  1.96  0.58 -0.86 -1.99 -2.72 -3.08 -2.79 -1.59 06032010 00
  0.06  1.51  2.49  2.78  2.23  1.07 -0.24 -1.39 -2.18 -2.65 -2.66 -1.92 06032010 12
 -0.56  0.83  1.88  2.38  2.17  1.30  0.15 -0.98 -1.81 -2.34 -2.53 -2.14 07032010 00
 -1.09  0.19  1.29  1.97  2.07  1.54  0.63 -0.38 -1.22 -1.77 -2.06 -1.98 07032010 12
 -1.34 -0.30  0.74  1.52  1.84  1.60  0.91  0.03 -0.79 -1.40 -1.79 -1.95 08032010 00
 -1.70 -0.99 -0.06  0.79  1.33  1.42  1.08  0.45 -0.27 -0.88 -1.29 -1.52 08032010 12
 -1.53 -1.15 -0.43  0.35  1.00  1.34  1.30  0.90  0.27 -0.40 -0.95 -1.35 09032010 00
 -1.60 -1.61 -1.21 -0.52  0.22  0.82  1.10  1.02  0.66  0.11 -0.46 -0.92 09032010 12
 -1.25 -1.44 -1.35 -0.87 -0.18  0.52  1.06  1.29  1.14  0.67  0.02 -0.65 10032010 00
 -1.21 -1.63 -1.85 -1.72 -1.14 -0.33  0.46  1.02  1.24  1.06  0.55 -0.13 10032010 12
 -0.77 -1.28 -1.60 -1.67 -1.32 -0.53  0.40  1.19  1.63  1.60  1.11  0.33 11032010 00
 -0.54 -1.27 -1.80 -2.10 -2.00 -1.34 -0.30  0.75  1.51  1.81  1.58  0.88 11032010 12
 -0.02 -0.89 -1.52 -1.88 -1.89 -1.35 -0.28  0.87  1.79  2.24  2.06  1.31 12032010 00
  0.26 -0.83 -1.69 -2.29 -2.58 -2.32 -1.37 -0.07  1.14  1.92  2.09  1.56 12032010 12
  0.57 -0.57 -1.53 -2.17 -2.48 -2.28 -1.34  0.07  1.39  2.28  2.57  2.10 13032010 00
  1.04 -0.24 -1.41 -2.26 -2.79 -2.86 -2.16 -0.75  0.77  1.96  2.54  2.38 13032010 12
  1.44  0.16 -1.13 -2.07 -2.65 -2.79 -2.19 -0.77  0.86  2.14  2.85  2.80 14032010 00
  1.89  0.56 -0.86 -1.99 -2.76 -3.15 -2.86 -1.62  0.10  1.63  2.62  2.86 14032010 12
  2.19  0.88 -0.57 -1.81 -2.65 -3.10 -2.91 -1.73  0.10  1.75  2.87  3.26 15032010 00
  2.71  1.39 -0.13 -1.53 -2.53 -3.17 -3.27 -2.43 -0.71  1.11  2.46  3.12 15032010 12
  2.88  1.71  0.19 -1.32 -2.41 -3.10 -3.29 -2.56 -0.87  1.09  2.55  3.35 16032010 00
  3.30  2.22  0.69 -0.90 -2.14 -2.98 -3.40 -3.01 -1.51  0.48  2.18  3.21 16032010 12
  3.43  2.63  1.14 -0.46 -1.82 -2.71 -3.18 -2.94 -1.59  0.40  2.17  3.33 17032010 00
  3.70  3.02  1.58 -0.06 -1.52 -2.56 -3.25 -3.33 -2.35 -0.46  1.48  2.88 17032010 12
  3.52  3.22  1.95  0.37 -1.19 -2.30 -3.02 -3.22 -2.43 -0.63  1.37  2.84 18032010 00
  3.63  3.53  2.41  0.90 -0.69 -1.90 -2.72 -3.10 -2.62 -1.05  0.93  2.58 18032010 12
  3.58  3.72  2.85  1.42 -0.17 -1.47 -2.37 -2.91 -2.76 -1.52  0.35  2.10 19032010 00
  3.25  3.59  2.90  1.46 -0.17 -1.57 -2.55 -3.18 -3.22 -2.22 -0.38  1.45 19032010 12
  2.79  3.42  3.17  2.01  0.55 -0.91 -1.94 -2.62 -2.84 -2.20 -0.62  1.19 20032010 00
  2.59  3.33  3.24  2.22  0.78 -0.71 -1.85 -2.62 -2.99 -2.66 -1.36  0.39 20032010 12
  1.92  2.91  3.13  2.44  1.16 -0.28 -1.49 -2.31 -2.78 -2.69 -1.71 -0.11 21032010 00
  1.45  2.55  3.00  2.63  1.54  0.19 -1.06 -1.93 -2.48 -2.60 -1.96 -0.60 21032010 12
  0.91  2.12  2.76  2.70  1.91  0.74 -0.49 -1.44 -2.05 -2.32 -1.99 -0.88 22032010 00
  0.58  1.83  2.60  2.73  2.17  1.18  0.06 -0.91 -1.61 -2.05 -2.09 -1.47 22032010 12
 -0.33  0.91  1.90  2.36  2.15  1.37  0.33 -0.72 -1.51 -2.04 -2.27 -1.99 23032010 00
 -1.05  0.15  1.22  1.93  2.12  1.75  1.00  0.11 -0.65 -1.20 -1.55 -1.59 23032010 12
 -1.07 -0.09  0.94  1.79  2.21  2.12  1.56  0.72 -0.17 -0.90 -1.45 -1.79 24032010 00
 -1.73 -1.11 -0.18  0.80  1.57  1.90  1.80  1.31  0.57 -0.21 -0.86 -1.34 24032010 12
 -1.58 -1.40 -0.68  0.31  1.26  1.92  2.13  1.87  1.26  0.43 -0.40 -1.11 25032010 00
 -1.65 -1.90 -1.63 -0.80  0.25  1.26  1.95  2.18  1.91  1.26  0.40 -0.44 25032010 12
 -1.12 -1.55 -1.64 -1.13 -0.03  1.19  2.16  2.72  2.70  2.11  1.16  0.08 26032010 00
 -0.90 -1.67 -2.20 -2.21 -1.43 -0.14  1.21  2.25  2.73  2.53  1.74  0.63 26032010 12
 -0.50 -1.41 -2.05 -2.30 -1.85 -0.63  0.89  2.20  2.99  3.07  2.35  1.14 27032010 00
 -0.23 -1.41 -2.31 -2.91 -2.94 -2.05 -0.43  1.29  2.57  3.17  2.94  1.86 27032010 12
  0.46 -0.91 -1.95 -2.67 -2.95 -2.38 -0.80  1.09  2.62  3.50  3.55  2.60 28032010 00
  1.11 -0.50 -1.81 -2.77 -3.38 -3.30 -2.09 -0.12  1.77  3.09  3.60  3.11 28032010 12
  1.73  0.10 -1.44 -2.52 -3.23 -3.36 -2.40 -0.42  1.67  3.20  3.98  3.80 29032010 00
  2.55  0.88 -0.86 -2.18 -3.15 -3.66 -3.21 -1.54  0.70  2.59  3.76  4.04 29032010 12
  3.20  1.55 -0.22 -1.75 -2.79 -3.45 -3.35 -1.95  0.32  2.41  3.79  4.29 30032010 00
  3.68  2.09  0.28 -1.41 -2.63 -3.52 -3.85 -3.01 -0.95  1.36  3.14  4.04 30032010 12
  3.97  2.69  0.87 -0.93 -2.30 -3.28 -3.83 -3.45 -1.75  0.64  2.64  3.84 31032010 00
  4.10  3.19  1.45 -0.33 -1.88 -2.95 -3.66 -3.68 -2.40 -0.14  2.09  3.54 31032010 12
  4.11  3.66  2.11  0.32 -1.41 -2.60 -3.43 -3.69 -2.80 -0.74  1.54  3.22 01042010 00
  4.08  3.97  2.67  0.94 -0.83 -2.16 -3.11 -3.62 -3.21 -1.54  0.68  2.54 01042010 12
  3.64  3.87  2.97  1.33 -0.40 -1.87 -2.85 -3.47 -3.35 -1.99  0.13  2.08 02042010 00
  3.37  3.86  3.34  1.92  0.29 -1.25 -2.34 -3.07 -3.25 -2.39 -0.56  1.44 02042010 12
  2.90  3.64  3.47  2.29  0.75 -0.82 -1.99 -2.79 -3.18 -2.75 -1.24  0.64 03042010 00
  2.24  3.19  3.35  2.55  1.19 -0.32 -1.55 -2.39 -2.87 -2.74 -1.64  0.07 03042010 12
  1.66  2.74  3.13  2.63  1.43  0.04 -1.24 -2.14 -2.74 -2.88 -2.23 -0.79 04042010 00
  0.78  2.02  2.66  2.57  1.70  0.49 -0.74 -1.65 -2.21 -2.45 -2.08 -0.95 04042010 12
  0.48  1.70  2.47  2.59  2.04  1.08 -0.03 -0.98 -1.62 -1.99 -1.91 -1.18 05042010 00
 -0.00  1.18  2.08  2.43  2.17  1.41  0.46 -0.46 -1.15 -1.58 -1.64 -1.14 05042010 12
 -0.15  0.95  1.86  2.37  2.34  1.81  0.99  0.08 -0.70 -1.27 -1.61 -1.56 06042010 00
 -0.96 -0.01  0.92  1.57  1.79  1.56  1.01  0.30 -0.38 -0.89 -1.23 -1.35 06042010 12
 -1.07 -0.37  0.46  1.19  1.61  1.63  1.27  0.63 -0.11 -0.76 -1.26 -1.62 07042010 00
 -1.73 -1.41 -0.74  0.05  0.73  1.11  1.13  0.85  0.35 -0.22 -0.71 -1.07 07042010 12
 -1.29 -1.25 -0.82 -0.11  0.62  1.16  1.39  1.27  0.82  0.17 -0.50 -1.07 08042010 00
 -1.51 -1.77 -1.69 -1.16 -0.39  0.41  1.00  1.24  1.11  0.67  0.03 -0.61 08042010 12
 -1.12 -1.46 -1.56 -1.28 -0.57  0.28  1.05  1.51  1.54  1.15  0.45 -0.38 09042010 00
 -1.12 -1.68 -2.03 -2.03 -1.50 -0.56  0.46  1.27  1.63  1.50  0.93  0.10 09042010 12
 -0.74 -1.41 -1.83 -1.96 -1.60 -0.70  0.41  1.36  1.90  1.90  1.35  0.42 10042010 00
 -0.61 -1.48 -2.10 -2.45 -2.33 -1.55 -0.33  0.88  1.77  2.09  1.77  0.92 10042010 12
 -0.16 -1.16 -1.89 -2.31 -2.33 -1.69 -0.45  0.88  1.89  2.37  2.17  1.31 11042010 00
  0.14 -1.05 -1.97 -2.58 -2.82 -2.42 -1.25  0.24  1.52  2.30  2.38  1.70 11042010 12
  0.55 -0.72 -1.77 -2.45 -2.78 -2.52 -1.43  0.12  1.53  2.45  2.72  2.14 12042010 00
  0.95 -0.43 -1.66 -2.52 -3.03 -3.02 -2.16 -0.58  1.04  2.23  2.78  2.49 12042010 12
  1.38 -0.00 -1.37 -2.35 -2.95 -3.09 -2.38 -0.83  0.91  2.21  2.91  2.80 13042010 00
  1.78  0.35 -1.13 -2.27 -3.02 -3.36 -2.95 -1.55  0.29  1.85  2.80  3.00 13042010 12
  2.21  0.79 -0.73 -2.01 -2.86 -3.31 -3.10 -1.85  0.02  1.73  2.83  3.21 14042010 00
  2.61  1.23 -0.34 -1.78 -2.76 -3.38 -3.43 -2.48 -0.63  1.24  2.59  3.22 14042010 12
  2.94  1.70  0.13 -1.41 -2.50 -3.22 -3.45 -2.76 -1.06  0.92  2.41  3.21 15042010 00
  3.15  2.07  0.50 -1.11 -2.35 -3.17 -3.59 -3.20 -1.74  0.28  1.97  3.01 15042010 12
  3.26  2.49  0.96 -0.66 -2.05 -2.96 -3.49 -3.36 -2.12 -0.17  1.68  2.89 16042010 00
  3.34  2.82  1.42 -0.19 -1.70 -2.73 -3.39 -3.50 -2.60 -0.74  1.19  2.60 16042010 12
  3.29  3.10  1.92  0.36 -1.21 -2.36 -3.13 -3.42 -2.85 -1.24  0.74  2.28 17042010 00
  3.18  3.26  2.32  0.82 -0.75 -2.01 -2.83 -3.27 -3.02 -1.69  0.22  1.93 17042010 12
  3.03  3.36  2.72  1.34 -0.22 -1.59 -2.53 -3.12 -3.18 -2.25 -0.50  1.28 18042010 00
  2.57  3.17  2.89  1.72  0.26 -1.17 -2.18 -2.85 -3.07 -2.48 -0.96  0.81 18042010 12
  2.21  2.99  2.99  2.08  0.71 -0.73 -1.87 -2.63 -3.05 -2.83 -1.69 -0.01 19042010 00
  1.49  2.54  2.88  2.36  1.19 -0.15 -1.36 -2.19 -2.68 -2.68 -1.87 -0.35 19042010 12
  1.20  2.36  2.92  2.71  1.75  0.46 -0.80 -1.74 -2.40 -2.72 -2.41 -1.29 20042010 00
  0.18  1.49  2.33  2.49  1.91  0.86 -0.31 -1.30 -1.96 -2.33 -2.25 -1.46 20042010 12
 -0.17  1.09  2.04  2.49  2.22  1.35  0.25 -0.84 -1.67 -2.25 -2.52 -2.24 21042010 00
 -1.27  0.01  1.19  1.95  2.14  1.70  0.84 -0.16 -1.02 -1.65 -2.04 -2.06 21042010 12
 -1.47 -0.38  0.77  1.69  2.17  2.06  1.41  0.47 -0.51 -1.31 -1.90 -2.25 22042010 00
 -2.16 -1.45 -0.33  0.79  1.64  2.00  1.82  1.17  0.29 -0.59 -1.28 -1.76 22042010 12
 -1.94 -1.62 -0.72  0.40  1.42  2.07  2.21  1.79  0.96 -0.04 -0.96 -1.69 23042010 00
 -2.22 -2.39 -1.93 -0.88  0.37  1.46  2.09  2.18  1.68  0.82 -0.18 -1.03 23042010 12
 -1.66 -2.04 -1.97 -1.21  0.02  1.26  2.19  2.56  2.27  1.42  0.29 -0.83 24042010 00
 -1.73 -2.40 -2.72 -2.41 -1.32  0.12  1.46  2.34  2.62  2.17  1.19 -0.01 24042010 12
 -1.08 -1.86 -2.34 -2.35 -1.56 -0.12  1.37  2.49  3.02  2.77  1.82  0.50 25042010 00
 -0.84 -1.90 -2.66 -3.05 -2.73 -1.48  0.22  1.76  2.76  3.03  2.43  1.21 25042010 12
 -0.20 -1.44 -2.34 -2.89 -2.87 -1.90 -0.20  1.53  2.75  3.30  2.97  1.79 26042010 00
  0.27 -1.21 -2.33 -3.12 -3.47 -2.96 -1.44  0.49  2.09  3.05  3.20  2.37 26042010 12
  0.91 -0.67 -1.98 -2.87 -3.39 -3.19 -1.86  0.11  1.92  3.13  3.57  3.02 27042010 00
  1.61 -0.03 -1.57 -2.67 -3.43 -3.64 -2.80 -0.92  1.12  2.67  3.48  3.40 27042010 12
  2.25  0.63 -1.01 -2.25 -3.09 -3.50 -3.00 -1.33  0.81  2.57  3.61  3.82 28042010 00
  2.92  1.34 -0.37 -1.82 -2.83 -3.48 -3.42 -2.15 -0.06  1.93  3.29  3.83 28042010 12
  3.35  1.89  0.20 -1.41 -2.54 -3.33 -3.55 -2.68 -0.75  1.38  2.93  3.72 29042010 00
  3.59  2.36  0.70 -0.98 -2.24 -3.12 -3.55 -3.10 -1.46  0.71  2.51  3.58 29042010 12
  3.80  2.91  1.32 -0.39 -1.82 -2.80 -3.42 -3.34 -2.07 -0.02  1.93  3.26 30042010 00
  3.77  3.26  1.84  0.20 -1.34 -2.41 -3.13 -3.31 -2.44 -0.58  1.43  2.90 30042010 12
  3.64  3.46  2.24  0.66 -0.96 -2.17 -3.01 -3.43 -3.00 -1.46  0.52  2.18 01052010 00
  3.17  3.36  2.55  1.10 -0.44 -1.74 -2.59 -3.10 -2.96 -1.77  0.09  1.79 01052010 12
  2.94  3.33  2.77  1.45 -0.08 -1.49 -2.48 -3.14 -3.31 -2.58 -0.97  0.79 02052010 00
  2.12  2.81  2.70  1.69  0.32 -1.06 -2.07 -2.71 -2.96 -2.48 -1.12  0.56 02052010 12
  1.94  2.75  2.84  2.05  0.77 -0.63 -1.79 -2.57 -3.03 -2.95 -2.04 -0.53 03052010 00
  0.91  1.96  2.40  2.04  1.02 -0.18 -1.32 -2.07 -2.50 -2.51 -1.82 -0.49 03052010 12
  0.91  1.95  2.49  2.33  1.50  0.33 -0.86 -1.77 -2.38 -2.67 -2.43 -1.49 04052010 00
 -0.20  1.00  1.80  2.00  1.54  0.62 -0.43 -1.31 -1.89 -2.17 -2.07 -1.38 04052010 12
 -0.24  0.89  1.71  2.06  1.82  1.05  0.04 -0.92 -1.64 -2.11 -2.30 -2.02 05052010 00
 -1.17 -0.09  0.89  1.51  1.61  1.18  0.43 -0.44 -1.14 -1.59 -1.80 -1.69 05052010 12
 -1.09 -0.12  0.83  1.52  1.79  1.58  0.95  0.11 -0.71 -1.34 -1.77 -1.97 06052010 00
 -1.75 -1.06 -0.15  0.71  1.28  1.39  1.07  0.46 -0.26 -0.89 -1.32 -1.52 06052010 12
 -1.44 -0.92 -0.07  0.77  1.39  1.67  1.53  1.01  0.25 -0.54 -1.20 -1.68 07052010 00
 -1.95 -1.82 -1.19 -0.31  0.57  1.19  1.42  1.23  0.71  0.02 -0.64 -1.15 07052010 12
 -1.46 -1.50 -1.14 -0.36  0.51  1.23  1.61  1.57  1.10  0.37 -0.47 -1.19 08052010 00
 -1.73 -2.04 -1.96 -1.37 -0.41  0.59  1.36  1.69  1.52  0.94  0.13 -0.68 08052010 12
 -1.29 -1.68 -1.77 -1.43 -0.57  0.46  1.34  1.87  1.90  1.39  0.53 -0.44 09052010 00
 -1.26 -1.85 -2.17 -2.07 -1.36 -0.24  0.91  1.76  2.10  1.85  1.10  0.12 09052010 12
 -0.82 -1.52 -1.93 -1.99 -1.50 -0.43  0.78  1.77  2.29  2.17  1.44  0.36 10052010 00
 -0.77 -1.67 -2.26 -2.54 -2.27 -1.28  0.09  1.37  2.21  2.42  1.92  0.91 10052010 12
 -0.26 -1.30 -2.02 -2.42 -2.36 -1.58 -0.23  1.14  2.17  2.59  2.27  1.30 11052010 00
  0.02 -1.19 -2.07 -2.62 -2.75 -2.16 -0.82  0.73  2.00  2.72  2.70  1.88 11052010 12
  0.64 -0.68 -1.71 -2.39 -2.71 -2.40 -1.22  0.39  1.81  2.71  2.88  2.18 12052010 00
  0.93 -0.48 -1.68 -2.51 -3.00 -2.90 -1.90 -0.23  1.39  2.56  3.07  2.71 12052010 12
  1.55  0.13 -1.23 -2.21 -2.84 -2.98 -2.27 -0.68  1.08  2.44  3.14  3.01 13052010 00
  1.98  0.55 -0.92 -2.04 -2.78 -3.11 -2.66 -1.19  0.67  2.26  3.21  3.38 13052010 12
  2.60  1.24 -0.30 -1.60 -2.50 -3.04 -2.92 -1.77  0.05  1.77  2.96  3.37 14052010 00
  2.83  1.50 -0.06 -1.49 -2.50 -3.15 -3.26 -2.38 -0.59  1.30  2.70  3.41 14052010 12
  3.22  2.06  0.54 -1.02 -2.19 -3.00 -3.39 -2.94 -1.41  0.56  2.20  3.16 15052010 00
  3.32  2.46  0.97 -0.61 -1.91 -2.78 -3.28 -3.10 -1.80  0.15  1.92  3.10 15052010 12
  3.53  2.97  1.63  0.06 -1.39 -2.42 -3.11 -3.27 -2.44 -0.68  1.25  2.65 16052010 00
  3.35  3.16  2.00  0.48 -1.07 -2.21 -2.98 -3.32 -2.81 -1.26  0.67  2.27 16052010 12
  3.21  3.36  2.50  1.04 -0.54 -1.86 -2.78 -3.34 -3.29 -2.18 -0.35  1.42 17052010 00
  2.66  3.15  2.73  1.46 -0.02 -1.43 -2.40 -3.03 -3.16 -2.39 -0.73  1.09 17052010 12
  2.43  3.16  3.04  1.99  0.55 -0.95 -2.09 -2.89 -3.33 -3.06 -1.79 -0.03 18052010 00
  1.57  2.60  2.91  2.34  1.09 -0.31 -1.55 -2.39 -2.89 -2.86 -1.92 -0.29 18052010 12
  1.34  2.50  3.04  2.77  1.72  0.36 -1.00 -2.03 -2.74 -3.08 -2.73 -1.48 19052010 00
  0.13  1.54  2.44  2.62  2.00  0.85 -0.44 -1.52 -2.26 -2.69 -2.60 -1.69 19052010 12
 -0.20  1.25  2.29  2.73  2.42  1.45  0.19 -1.05 -2.00 -2.66 -2.98 -2.65 20052010 00
 -1.51 -0.04  1.26  2.11  2.31  1.79  0.78 -0.38 -1.37 -2.07 -2.46 -2.40 20052010 12
 -1.62 -0.31  1.03  2.02  2.47  2.24  1.39  0.23 -0.92 -1.83 -2.49 -2.83 21052010 00
 -2.62 -1.67 -0.33  0.96  1.86  2.17  1.81  0.93 -0.14 -1.13 -1.83 -2.27 21052010 12
 -2.32 -1.74 -0.56  0.75  1.80  2.37  2.30  1.58  0.50 -0.65 -1.59 -2.29 22052010 00
 -2.73 -2.68 -1.89 -0.59  0.74  1.76  2.22  2.02  1.24  0.18 -0.87 -1.66 22052010 12
 -2.18 -2.36 -1.96 -0.85  0.51  1.67  2.39  2.48  1.87  0.82 -0.39 -1.42 23052010 00
 -2.21 -2.72 -2.77 -2.08 -0.75  0.70  1.86  2.45  2.36  1.59  0.46 -0.71 23052010 12
 -1.62 -2.23 -2.50 -2.16 -1.03  0.45  1.75  2.58  2.76  2.17  1.05 -0.25 24052010 00
 -1.40 -2.26 -2.83 -2.90 -2.18 -0.73  0.84  2.09  2.74  2.65  1.76  0.50 24052010 12
 -0.79 -1.79 -2.46 -2.77 -2.42 -1.18  0.45  1.87  2.78  2.95  2.27  1.05 25052010 00
 -0.37 -1.58 -2.44 -3.00 -3.02 -2.15 -0.56  1.11  2.38  2.99  2.74  1.67 25052010 12
  0.28 -1.10 -2.11 -2.79 -3.05 -2.52 -1.05  0.72  2.20  3.06  3.14  2.29 26052010 00
  0.93 -0.55 -1.76 -2.61 -3.11 -2.98 -1.84 -0.02  1.67  2.85  3.28  2.80 26052010 12
  1.54  0.05 -1.33 -2.32 -2.97 -3.13 -2.36 -0.69  1.16  2.55  3.29  3.17 27052010 00
  2.11  0.65 -0.85 -1.98 -2.75 -3.12 -2.69 -1.24  0.64  2.25  3.24  3.43 27052010 12
  2.65  1.25 -0.32 -1.64 -2.57 -3.15 -3.12 -2.06 -0.23  1.53  2.79  3.31 28052010 00
  2.89  1.64  0.14 -1.30 -2.31 -2.96 -3.11 -2.32 -0.62  1.24  2.63  3.38 28052010 12
  3.26  2.19  0.71 -0.84 -2.03 -2.85 -3.28 -2.90 -1.47  0.40  2.05  3.07 29052010 00
  3.30  2.57  1.22 -0.27 -1.53 -2.37 -2.87 -2.75 -1.60  0.21  1.91  3.06 29052010 12
  3.51  3.01  1.75  0.23 -1.19 -2.22 -2.92 -3.15 -2.51 -0.95  0.85  2.26 30052010 00
  3.00  2.93  1.93  0.53 -0.89 -1.96 -2.66 -2.97 -2.54 -1.12  0.67  2.14 30052010 12
  3.04  3.17  2.36  1.02 -0.47 -1.71 -2.58 -3.12 -3.09 -2.13 -0.48  1.14 31052010 00
  2.32  2.81  2.43  1.30 -0.05 -1.34 -2.21 -2.72 -2.75 -1.96 -0.41  1.21 31052010 12
  2.41  3.03  2.87  1.90  0.57 -0.78 -1.83 -2.53 -2.88 -2.56 -1.37  0.20 01062010 00
  1.58  2.45  2.61  1.96  0.80 -0.48 -1.54 -2.22 -2.56 -2.35 -1.36  0.14 01062010 12
  1.52  2.47  2.80  2.37  1.33  0.04 -1.14 -2.00 -2.57 -2.73 -2.21 -0.97 02062010 00
  0.46  1.62  2.24  2.18  1.43  0.33 -0.80 -1.65 -2.17 -2.36 -1.97 -0.89 02062010 12
  0.48  1.64  2.36  2.46  1.88  0.85 -0.32 -1.32 -2.03 -2.46 -2.45 -1.76 03062010 00
 -0.57  0.67  1.63  2.05  1.84  1.07  0.06 -0.90 -1.59 -1.99 -2.04 -1.55 03062010 12
 -0.48  0.73  1.69  2.24  2.19  1.56  0.59 -0.45 -1.31 -1.89 -2.22 -2.10 04062010 00
 -1.36 -0.26  0.84  1.63  1.90  1.61  0.90 -0.01 -0.84 -1.43 -1.75 -1.74 04062010 12
 -1.21 -0.23  0.82  1.64  2.04  1.91  1.28  0.36 -0.57 -1.31 -1.83 -2.10 05062010 00
 -1.94 -1.21 -0.19  0.82  1.53  1.76  1.48  0.81 -0.04 -0.81 -1.36 -1.66 05062010 12
 -1.65 -1.15 -0.22  0.76  1.53  1.91  1.79  1.20  0.35 -0.54 -1.24 -1.75 06062010 00
 -2.02 -1.85 -1.13 -0.11  0.89  1.59  1.82  1.54  0.87  0.03 -0.74 -1.30 06062010 12
 -1.64 -1.67 -1.22 -0.32  0.68  1.49  1.91  1.81  1.24  0.40 -0.49 -1.23 07062010 00
 -1.74 -2.00 -1.82 -1.06  0.03  1.09  1.84  2.08  1.79  1.09  0.18 -0.67 07062010 12
 -1.30 -1.70 -1.77 -1.27 -0.27  0.83  1.72  2.17  2.06  1.42  0.49 -0.49 08062010 00
 -1.30 -1.86 -2.14 -1.92 -1.04  0.18  1.33  2.12  2.35  1.97  1.13  0.09 08062010 12
 -0.87 -1.57 -2.00 -2.04 -1.45 -0.30  0.93  1.90  2.38  2.20  1.43  0.35 09062010 00
 -0.76 -1.64 -2.24 -2.51 -2.16 -1.07  0.32  1.56  2.36  2.52  1.96  0.93 09062010 12
 -0.26 -1.30 -2.04 -2.49 -2.46 -1.67 -0.29  1.12  2.15  2.56  2.23  1.23 10062010 00
 -0.02 -1.23 -2.12 -2.70 -2.84 -2.26 -0.92  0.65  1.96  2.71  2.74  1.96 10062010 12
  0.72 -0.62 -1.69 -2.44 -2.84 -2.64 -1.52  0.13  1.66  2.67  2.98  2.43 11062010 00
  1.25 -0.15 -1.39 -2.27 -2.81 -2.84 -1.97 -0.35  1.37  2.65  3.26  3.05 11062010 12
  1.99  0.56 -0.88 -1.97 -2.71 -3.06 -2.67 -1.27  0.51  2.03  2.95  3.10 12062010 00
  2.28  0.90 -0.61 -1.85 -2.69 -3.17 -3.01 -1.81  0.06  1.79  2.99  3.44 12062010 12
  2.94  1.64  0.09 -1.38 -2.43 -3.15 -3.35 -2.59 -0.88  1.05  2.53  3.33 13062010 00
  3.26  2.18  0.68 -0.88 -2.06 -2.87 -3.26 -2.84 -1.32  0.66  2.34  3.34 13062010 12
  3.55  2.72  1.20 -0.47 -1.89 -2.91 -3.60 -3.68 -2.68 -0.79  1.16  2.57 14062010 00
  3.17  2.89  1.64  0.04 -1.49 -2.58 -3.30 -3.55 -2.85 -1.10  0.94  2.48 14062010 12
  3.33  3.33  2.29  0.71 -0.95 -2.26 -3.18 -3.74 -3.57 -2.29 -0.28  1.57 15062010 00
  2.79  3.23  2.73  1.32 -0.26 -1.73 -2.72 -3.34 -3.41 -2.43 -0.55  1.37 15062010 12
  2.76  3.43  3.20  1.99  0.41 -1.19 -2.40 -3.26 -3.71 -3.34 -1.89  0.10 16062010 00
  1.79  2.86  3.12  2.43  1.00 -0.53 -1.86 -2.74 -3.27 -3.17 -2.02 -0.14 16062010 12
  1.63  2.85  3.36  2.94  1.67  0.13 -1.36 -2.45 -3.22 -3.56 -3.04 -1.54 17062010 00
  0.34  1.88  2.79  2.91  2.11  0.74 -0.70 -1.87 -2.64 -3.05 -2.82 -1.60 17062010 12
  0.19  1.76  2.84  3.22  2.71  1.48  0.01 -1.35 -2.34 -3.02 -3.26 -2.67 18062010 00
 -1.24  0.46  1.84  2.63  2.68  1.88  0.63 -0.68 -1.72 -2.41 -2.76 -2.48 18062010 12
 -1.31  0.30  1.73  2.67  2.94  2.41  1.28 -0.09 -1.33 -2.23 -2.86 -3.05 19062010 00
 -2.50 -1.18  0.37  1.66  2.41  2.46  1.75  0.63 -0.57 -1.53 -2.16 -2.49 19062010 12
 -2.28 -1.29  0.16  1.49  2.40  2.70  2.27  1.26  0.03 -1.10 -1.96 -2.56 20062010 00
 -2.78 -2.32 -1.14  0.28  1.52  2.27  2.38  1.78  0.76 -0.38 -1.32 -1.97 20062010 12
 -2.34 -2.23 -1.40 -0.09  1.19  2.12  2.50  2.20  1.32  0.18 -0.92 -1.78 21062010 00
 -2.39 -2.66 -2.33 -1.28  0.08  1.32  2.12  2.32  1.84  0.89 -0.22 -1.19 21062010 12
 -1.88 -2.30 -2.30 -1.60 -0.34  0.97  1.98  2.47  2.29  1.50  0.39 -0.74 22062010 00
 -1.63 -2.27 -2.59 -2.35 -1.37  0.01  1.30  2.18  2.44  2.01  1.06 -0.09 22062010 12
 -1.13 -1.89 -2.38 -2.46 -1.84 -0.57  0.82  1.93  2.50  2.40  1.62  0.50 23062010 00
 -0.67 -1.60 -2.25 -2.60 -2.35 -1.31  0.13  1.47  2.37  2.64  2.16  1.13 23062010 12
 -0.11 -1.21 -2.02 -2.55 -2.63 -1.95 -0.59  0.89  2.04  2.61  2.47  1.62 24062010 00
  0.41 -0.83 -1.78 -2.43 -2.72 -2.36 -1.18  0.37  1.73  2.59  2.77  2.14 24062010 12
  0.99 -0.34 -1.49 -2.31 -2.82 -2.81 -1.95 -0.43  1.11  2.24  2.75  2.47 25062010 00
  1.46  0.17 -1.10 -2.03 -2.61 -2.77 -2.18 -0.77  0.87  2.17  2.91  2.89 25062010 12
  2.04  0.74 -0.66 -1.78 -2.56 -2.99 -2.79 -1.66 -0.00  1.52  2.55  2.88 26062010 00
  2.35  1.17 -0.19 -1.42 -2.26 -2.75 -2.70 -1.76 -0.13  1.49  2.65  3.17 26062010 12
  2.85  1.76  0.35 -1.03 -2.07 -2.79 -3.07 -2.56 -1.14  0.58  2.02  2.84 27062010 00
  2.89  2.05  0.73 -0.67 -1.77 -2.50 -2.84 -2.48 -1.18  0.57  2.08  3.06 27062010 12
  3.30  2.61  1.31 -0.18 -1.48 -2.40 -3.02 -3.09 -2.26 -0.65  1.05  2.30 28062010 00
  2.88  2.62  1.54  0.17 -1.17 -2.11 -2.68 -2.79 -2.05 -0.47  1.26  2.57 28062010 12
  3.26  3.15  2.17  0.77 -0.68 -1.83 -2.64 -3.09 -2.84 -1.63  0.07  1.60 29062010 00
  2.61  2.84  2.19  0.92 -0.48 -1.68 -2.46 -2.88 -2.70 -1.59  0.12  1.70 29062010 12
  2.77  3.17  2.68  1.50  0.06 -1.29 -2.26 -2.91 -3.09 -2.45 -0.96  0.71 30062010 00
  2.03  2.71  2.62  1.69  0.38 -0.96 -1.94 -2.54 -2.74 -2.21 -0.82  0.86 30062010 12
  2.20  2.99  3.05  2.26  1.02 -0.36 -1.50 -2.29 -2.73 -2.55 -1.49  0.08 01072010 00
  1.55  2.56  2.91  2.46  1.39  0.08 -1.09 -1.92 -2.39 -2.36 -1.54 -0.05 01072010 12
  1.46  2.57  3.03  2.73  1.75  0.46 -0.79 -1.72 -2.35 -2.60 -2.16 -0.95 02072010 00
  0.52  1.79  2.54  2.58  1.91  0.82 -0.37 -1.32 -1.93 -2.21 -1.91 -0.87 02072010 12
  0.54  1.78  2.59  2.76  2.19  1.11 -0.12 -1.19 -1.95 -2.44 -2.48 -1.80 03072010 00
 -0.56  0.77  1.82  2.31  2.13  1.33  0.24 -0.81 -1.57 -2.03 -2.15 -1.69 03072010 12
 -0.58  0.69  1.75  2.36  2.33  1.68  0.65 -0.45 -1.32 -1.89 -2.16 -1.92 04072010 00
 -1.01  0.25  1.42  2.23  2.49  2.14  1.32  0.32 -0.58 -1.26 -1.73 -1.86 04072010 12
 -1.39 -0.41  0.67  1.58  2.03  1.88  1.19  0.23 -0.74 -1.46 -1.94 -2.16 05072010 00
 -1.92 -1.09  0.01  1.03  1.70  1.85  1.47  0.72 -0.18 -0.98 -1.53 -1.85 05072010 12
 -1.83 -1.30 -0.33  0.70  1.51  1.88  1.70  1.04  0.13 -0.77 -1.47 -1.94 06072010 00
 -2.15 -1.89 -1.09 -0.03  0.96  1.64  1.86  1.58  0.93  0.12 -0.64 -1.19 06072010 12
 -1.48 -1.46 -0.96 -0.02  0.95  1.71  2.06  1.91  1.29  0.42 -0.48 -1.20 07072010 00
 -1.74 -2.04 -1.89 -1.14 -0.06  1.04  1.82  2.10  1.84  1.15  0.23 -0.61 07072010 12
 -1.25 -1.70 -1.85 -1.47 -0.55  0.54  1.47  1.98  1.97  1.42  0.53 -0.45 08072010 00
 -1.26 -1.84 -2.17 -2.06 -1.28 -0.08  1.11  1.98  2.32  2.05  1.27  0.23 08072010 12
 -0.77 -1.55 -2.08 -2.29 -1.88 -0.80  0.51  1.64  2.31  2.36  1.76  0.76 09072010 00
 -0.37 -1.32 -2.00 -2.39 -2.27 -1.38 -0.02  1.33  2.32  2.73  2.41  1.48 09072010 12
  0.25 -0.93 -1.83 -2.44 -2.65 -2.14 -0.84  0.70  1.99  2.72  2.74  1.98 10072010 00
  0.77 -0.56 -1.64 -2.40 -2.80 -2.56 -1.41  0.25  1.80  2.86  3.25  2.76 10072010 12
  1.60  0.16 -1.18 -2.17 -2.82 -2.99 -2.25 -0.64  1.13  2.52  3.24  3.13 11072010 00
  2.12  0.68 -0.79 -1.95 -2.76 -3.17 -2.80 -1.36  0.53  2.17  3.20  3.44 11072010 12
  2.69  1.26 -0.36 -1.75 -2.75 -3.41 -3.46 -2.44 -0.54  1.36  2.76  3.41 12072010 00
  3.15  1.90  0.32 -1.24 -2.37 -3.13 -3.40 -2.70 -0.92  1.18  2.79  3.71 12072010 12
  3.74  2.66  1.05 -0.68 -2.06 -3.07 -3.71 -3.58 -2.26 -0.16  1.84  3.16 13072010 00
  3.64  3.12  1.63 -0.05 -1.62 -2.68 -3.39 -3.50 -2.46 -0.38  1.75  3.28 13072010 12
  4.03  3.82  2.49  0.78 -0.97 -2.29 -3.27 -3.77 -3.35 -1.72  0.50  2.38 14072010 00
  3.54  3.83  3.03  1.41 -0.31 -1.79 -2.77 -3.36 -3.23 -1.82  0.36  2.37 14072010 12
  3.71  4.23  3.65  2.16  0.42 -1.23 -2.43 -3.32 -3.67 -2.97 -1.14  1.06 15072010 00
  2.76  3.70  3.73  2.66  1.04 -0.63 -1.92 -2.83 -3.34 -2.98 -1.37  0.79 15072010 12
  2.61  3.74  4.06  3.32  1.88  0.20 -1.29 -2.40 -3.18 -3.33 -2.36 -0.53 16072010 00
  1.43  2.84  3.52  3.28  2.07  0.53 -1.02 -2.15 -2.93 -3.23 -2.64 -0.96 16072010 12
  1.03  2.64  3.55  3.64  2.67  1.19 -0.40 -1.70 -2.65 -3.27 -3.26 -2.20 17072010 00
 -0.41  1.34  2.63  3.16  2.79  1.59  0.14 -1.24 -2.20 -2.81 -2.97 -2.27 17072010 12
 -0.70  1.04  2.41  3.16  3.14  2.26  0.95 -0.48 -1.60 -2.40 -2.87 -2.71 18072010 00
 -1.64 -0.05  1.46  2.49  2.86  2.44  1.39  0.10 -1.08 -1.90 -2.43 -2.52 18072010 12
 -1.85 -0.51  0.95  2.11  2.73  2.64  1.86  0.71 -0.52 -1.50 -2.19 -2.58 19072010 00
 -2.41 -1.45 -0.10  1.21  2.12  2.45  2.11  1.25  0.15 -0.86 -1.60 -2.08 19072010 12
 -2.20 -1.71 -0.61  0.66  1.72  2.34  2.34  1.73  0.78 -0.27 -1.14 -1.79 20072010 00
 -2.20 -2.17 -1.48 -0.33  0.85  1.76  2.16  1.98  1.29  0.35 -0.57 -1.27 20072010 12
 -1.76 -1.99 -1.70 -0.80  0.34  1.39  2.07  2.23  1.83  1.03  0.07 -0.80 21072010 00
 -1.46 -1.92 -2.01 -1.53 -0.53  0.61  1.58  2.09  2.06  1.50  0.62 -0.34 21072010 12
 -1.14 -1.74 -2.09 -2.01 -1.29 -0.18  0.92  1.74  2.04  1.77  1.04  0.09 22072010 00
 -0.85 -1.57 -2.06 -2.23 -1.85 -0.84  0.37  1.41  2.05  2.11  1.57  0.66 22072010 12
 -0.41 -1.33 -2.00 -2.40 -2.37 -1.66 -0.45  0.80  1.75  2.17  1.95  1.17 23072010 00
  0.14 -0.90 -1.69 -2.21 -2.36 -1.91 -0.77  0.58  1.72  2.39  2.41  1.75 23072010 12
  0.68 -0.50 -1.51 -2.22 -2.64 -2.53 -1.65 -0.27  1.11  2.10  2.48  2.14 24072010 00
  1.20  0.02 -1.09 -1.89 -2.37 -2.41 -1.72 -0.35  1.11  2.23  2.79  2.61 24072010 12
  1.72  0.47 -0.81 -1.83 -2.54 -2.88 -2.57 -1.41  0.16  1.56  2.46  2.65 25072010 00
  2.00  0.84 -0.46 -1.55 -2.29 -2.68 -2.49 -1.43  0.19  1.70  2.71  3.05 25072010 12
  2.55  1.38 -0.03 -1.32 -2.26 -2.89 -3.05 -2.37 -0.86  0.81  2.11  2.76 26072010 00
  2.64  1.66  0.33 -1.03 -2.04 -2.66 -2.86 -2.28 -0.79  0.97  2.37  3.17 26072010 12
  3.19  2.29  0.91 -0.58 -1.78 -2.63 -3.12 -2.96 -1.82 -0.08  1.53  2.64 27072010 00
  2.97  2.40  1.12 -0.33 -1.61 -2.46 -2.93 -2.82 -1.74  0.03  1.72  2.88 27072010 12
  3.37  2.94  1.73  0.23 -1.20 -2.24 -2.95 -3.19 -2.57 -1.02  0.80  2.23 28072010 00
  2.97  2.91  1.89  0.46 -0.98 -2.08 -2.77 -3.03 -2.51 -1.01  0.82  2.31 28072010 12
  3.18  3.26  2.37  0.96 -0.58 -1.83 -2.70 -3.22 -3.09 -1.94 -0.15  1.53 29072010 00
  2.67  3.04  2.50  1.21 -0.26 -1.59 -2.48 -2.98 -2.91 -1.91 -0.16  1.55 29072010 12
  2.73  3.26  2.90  1.70  0.23 -1.21 -2.24 -2.92 -3.14 -2.51 -0.98  0.78 30072010 00
  2.17  2.94  2.92  2.00  0.65 -0.76 -1.81 -2.47 -2.73 -2.28 -0.93  0.78 30072010 12
  2.20  3.04  3.13  2.32  1.00 -0.44 -1.63 -2.45 -2.92 -2.77 -1.71 -0.09 31072010 00
  1.46  2.53  2.92  2.46  1.32 -0.03 -1.25 -2.09 -2.57 -2.54 -1.71 -0.19 31072010 12
  1.34  2.45  2.94  2.64  1.62  0.29 -1.00 -1.95 -2.55 -2.77 -2.28 -1.00 01082010 00
  0.53  1.79  2.53  2.55  1.78  0.62 -0.62 -1.59 -2.21 -2.48 -2.18 -1.10 01082010 12
  0.36  1.63  2.44  2.60  2.01  0.92 -0.32 -1.37 -2.09 -2.51 -2.48 -1.72 02082010 00
 -0.42  0.90  1.90  2.34  2.09  1.23  0.13 -0.91 -1.66 -2.11 -2.21 -1.71 02082010 12
 -0.60  0.67  1.70  2.26  2.19  1.51  0.49 -0.57 -1.39 -1.93 -2.18 -1.97 03082010 00
 -1.15  0.01  1.11  1.88  2.10  1.73  0.92 -0.06 -0.93 -1.52 -1.86 -1.88 03082010 12
 -1.35 -0.32  0.78  1.63  2.05  1.91  1.28  0.41 -0.47 -1.16 -1.63 -1.87 04082010 00
 -1.69 -0.98  0.02  0.98  1.64  1.83  1.53  0.85  0.03 -0.72 -1.29 -1.65 04082010 12
 -1.72 -1.30 -0.43  0.52  1.30  1.71  1.67  1.19  0.45 -0.36 -1.04 -1.55 05082010 00
 -1.85 -1.77 -1.15 -0.19  0.76  1.49  1.80  1.66  1.11  0.34 -0.46 -1.12 05082010 12
 -1.59 -1.83 -1.63 -0.91  0.08  1.03  1.67  1.86  1.58  0.92  0.09 -0.69 06082010 00
 -1.29 -1.69 -1.79 -1.39 -0.46  0.63  1.58  2.13  2.16  1.68  0.84 -0.14 06082010 12
 -1.00 -1.65 -2.06 -2.05 -1.38 -0.26  0.93  1.84  2.23  2.04  1.32  0.31 07082010 00
 -0.72 -1.56 -2.14 -2.40 -2.07 -1.02  0.35  1.60  2.38  2.53  1.98  0.95 07082010 12
 -0.26 -1.35 -2.18 -2.72 -2.79 -2.08 -0.67  0.85  2.04  2.62  2.48  1.58 08082010 00
  0.32 -0.96 -1.94 -2.60 -2.87 -2.44 -1.10  0.60  2.05  2.95  3.10  2.38 08082010 12
  1.09 -0.37 -1.63 -2.56 -3.15 -3.14 -2.13 -0.35  1.42  2.73  3.33  3.03 09082010 00
  1.84  0.34 -1.14 -2.21 -2.94 -3.20 -2.52 -0.83  1.15  2.72  3.59  3.60 09082010 12
  2.55  0.99 -0.68 -2.01 -2.99 -3.59 -3.44 -2.10 -0.02  1.96  3.28  3.75 10082010 00
  3.21  1.72  0.03 -1.53 -2.62 -3.34 -3.46 -2.43 -0.36  1.79  3.32  4.05 10082010 12
  3.77  2.39  0.64 -1.13 -2.46 -3.43 -3.95 -3.50 -1.78  0.54  2.47  3.63 11082010 00
  3.88  2.99  1.29 -0.51 -2.03 -3.07 -3.71 -3.57 -2.11  0.21  2.37  3.75 11082010 12
  4.27  3.67  2.02  0.18 -1.56 -2.81 -3.74 -4.14 -3.36 -1.30  1.07  2.89 12082010 00
  3.80  3.77  2.54  0.69 -1.11 -2.51 -3.42 -3.90 -3.43 -1.62  0.79  2.75 12082010 12
  3.91  4.18  3.23  1.44 -0.43 -2.04 -3.18 -3.98 -4.08 -2.92 -0.75  1.53 13082010 00
  3.06  3.70  3.40  1.93  0.10 -1.61 -2.82 -3.61 -3.89 -3.08 -1.03  1.26 13082010 12
  2.97  3.85  3.82  2.62  0.86 -0.92 -2.31 -3.31 -3.91 -3.70 -2.28 -0.10 14082010 00
  1.87  3.11  3.49  2.88  1.32 -0.38 -1.91 -2.91 -3.55 -3.59 -2.50 -0.50 14082010 12
  1.51  2.91  3.54  3.27  1.96  0.33 -1.27 -2.42 -3.24 -3.63 -3.15 -1.60 15082010 00
  0.40  1.99  2.94  3.09  2.27  0.83 -0.67 -1.92 -2.74 -3.19 -3.01 -1.79 15082010 12
  0.03  1.68  2.79  3.21  2.72  1.51  0.09 -1.23 -2.18 -2.83 -3.01 -2.38 16082010 00
 -0.93  0.69  1.98  2.69  2.67  1.83  0.61 -0.67 -1.65 -2.29 -2.60 -2.31 16082010 12
 -1.21  0.28  1.60  2.49  2.75  2.27  1.27  0.09 -0.95 -1.70 -2.20 -2.30 17082010 00
 -1.75 -0.61  0.65  1.69  2.23  2.15  1.48  0.50 -0.52 -1.31 -1.85 -2.12 17082010 12
 -1.94 -1.13  0.03  1.11  1.88  2.13  1.82  1.09  0.19 -0.65 -1.26 -1.67 18082010 00
 -1.81 -1.45 -0.57  0.46  1.37  1.91  1.96  1.52  0.79 -0.05 -0.78 -1.32 18082010 12
 -1.66 -1.67 -1.18 -0.31  0.64  1.41  1.79  1.73  1.28  0.57 -0.19 -0.83 19082010 00
 -1.31 -1.59 -1.48 -0.84  0.08  0.99  1.67  1.93  1.75  1.20  0.44 -0.33 19082010 12
 -0.97 -1.45 -1.68 -1.44 -0.68  0.31  1.23  1.84  2.01  1.74  1.15  0.37 20082010 00
 -0.40 -1.00 -1.39 -1.44 -0.94  0.00  1.02  1.85  2.26  2.16  1.59  0.72 20082010 12
 -0.22 -1.04 -1.68 -2.09 -2.03 -1.33 -0.25  0.88  1.71  2.03  1.77  1.04 21082010 00
  0.07 -0.84 -1.52 -1.92 -1.94 -1.36 -0.21  1.02  1.99  2.48  2.36  1.65 21082010 12
  0.58 -0.54 -1.46 -2.10 -2.44 -2.23 -1.28  0.08  1.37  2.22  2.43  1.94 22082010 00
  0.94 -0.22 -1.24 -1.95 -2.33 -2.21 -1.32  0.09  1.46  2.44  2.84  2.47 22082010 12
  1.48  0.21 -1.01 -1.92 -2.52 -2.70 -2.12 -0.76  0.80  2.08  2.78  2.72 23082010 00
  1.89  0.67 -0.60 -1.59 -2.21 -2.44 -1.95 -0.63  1.02  2.37  3.18  3.25 23082010 12
  2.47  1.18 -0.23 -1.40 -2.25 -2.76 -2.65 -1.61  0.05  1.67  2.81  3.17 24082010 00
  2.67  1.45  0.02 -1.24 -2.11 -2.62 -2.61 -1.73 -0.07  1.60  2.78  3.29 24082010 12
  2.91  1.74  0.26 -1.19 -2.26 -2.99 -3.25 -2.63 -1.07  0.77  2.23  3.05 25082010 00
  3.05  2.08  0.64 -0.85 -1.99 -2.73 -3.03 -2.56 -1.06  0.82  2.36  3.29 25082010 12
  3.40  2.51  1.06 -0.53 -1.83 -2.73 -3.27 -3.15 -1.97 -0.11  1.66  2.86 26082010 00
  3.27  2.71  1.35 -0.19 -1.59 -2.53 -3.08 -3.04 -1.99 -0.12  1.71  2.97 26082010 12
  3.53  3.13  1.83  0.27 -1.25 -2.34 -3.08 -3.32 -2.63 -0.98  0.95  2.43 27082010 00
  3.21  3.14  2.08  0.57 -0.96 -2.10 -2.84 -3.14 -2.63 -1.07  0.85  2.41 27082010 12
  3.31  3.40  2.47  1.01 -0.57 -1.85 -2.72 -3.22 -3.04 -1.79  0.08  1.77 28082010 00
  2.90  3.25  2.67  1.34 -0.17 -1.52 -2.44 -3.00 -2.95 -1.88 -0.09  1.62 28082010 12
  2.80  3.32  2.95  1.72  0.23 -1.18 -2.17 -2.80 -2.96 -2.23 -0.63  1.09 29082010 00
  2.40  3.09  2.97  1.93  0.52 -0.93 -2.03 -2.75 -3.04 -2.60 -1.26  0.42 29082010 12
  1.84  2.70  2.82  2.03  0.70 -0.72 -1.88 -2.62 -2.99 -2.78 -1.67 -0.02 30082010 00
  1.46  2.47  2.80  2.28  1.12 -0.22 -1.44 -2.25 -2.71 -2.68 -1.86 -0.37 30082010 12
  1.12  2.20  2.68  2.40  1.40  0.12 -1.12 -2.01 -2.55 -2.69 -2.14 -0.88 31082010 00
  0.58  1.76  2.43  2.43  1.70  0.58 -0.61 -1.54 -2.13 -2.40 -2.13 -1.14 31082010 12
  0.20  1.40  2.18  2.37  1.86  0.88 -0.26 -1.24 -1.90 -2.27 -2.23 -1.56 01092010 00
 -0.39  0.82  1.75  2.17  1.98  1.24  0.26 -0.70 -1.41 -1.86 -2.02 -1.69 01092010 12
 -0.79  0.33  1.31  1.91  1.96  1.46  0.63 -0.31 -1.09 -1.63 -1.94 -1.91 02092010 00
 -1.32 -0.33  0.68  1.46  1.81  1.66  1.10  0.30 -0.52 -1.16 -1.60 -1.82 02092010 12
 -1.62 -0.93  0.01  0.88  1.47  1.64  1.35  0.75 -0.02 -0.73 -1.27 -1.65 03092010 00
 -1.75 -1.40 -0.60  0.32  1.13  1.61  1.67  1.32  0.67 -0.12 -0.83 -1.39 03092010 12
 -1.76 -1.85 -1.43 -0.60  0.36  1.18  1.64  1.67  1.27  0.58 -0.23 -0.94 04092010 00
 -1.49 -1.83 -1.79 -1.17 -0.16  0.87  1.67  2.04  1.89  1.27  0.38 -0.57 04092010 12
 -1.36 -1.96 -2.29 -2.14 -1.33 -0.15  1.02  1.84  2.11  1.79  0.99 -0.05 05092010 00
 -1.03 -1.79 -2.29 -2.40 -1.85 -0.62  0.78  1.92  2.53  2.48  1.74  0.62 05092010 12
 -0.61 -1.65 -2.41 -2.87 -2.77 -1.79 -0.27  1.22  2.27  2.70  2.39  1.41 06092010 00
  0.12 -1.14 -2.07 -2.67 -2.78 -2.06 -0.47  1.31  2.63  3.28  3.15  2.14 06092010 12
  0.72 -0.75 -1.94 -2.83 -3.34 -3.08 -1.73  0.18  1.94  3.09  3.46  2.85 07092010 00
  1.49 -0.07 -1.49 -2.49 -3.13 -3.13 -2.03 -0.05  1.91  3.29  3.94  3.58 07092010 12
  2.24  0.57 -1.10 -2.36 -3.28 -3.72 -3.18 -1.44  0.79  2.59  3.64  3.81 08092010 00
  2.87  1.21 -0.54 -1.99 -3.00 -3.60 -3.39 -1.86  0.43  2.52  3.83  4.28 08092010 12
  3.59  1.93  0.08 -1.62 -2.84 -3.73 -4.01 -3.10 -0.97  1.37  3.13  3.96 09092010 00
  3.84  2.51  0.65 -1.17 -2.55 -3.49 -3.95 -3.36 -1.41  1.06  3.01  4.13 09092010 12
  4.31  3.27  1.44 -0.48 -2.07 -3.19 -3.93 -3.86 -2.40 -0.06  2.23  3.72 10092010 00
  4.30  3.79  2.15  0.28 -1.49 -2.72 -3.60 -3.86 -2.89 -0.68  1.71  3.44 10092010 12
  4.28  4.13  2.74  0.89 -0.97 -2.37 -3.39 -3.95 -3.51 -1.75  0.64  2.62 11092010 00
  3.79  4.06  3.15  1.39 -0.43 -1.99 -3.05 -3.74 -3.66 -2.26  0.01  2.17 11092010 12
  3.56  4.10  3.59  2.02  0.23 -1.47 -2.65 -3.50 -3.82 -3.07 -1.16  1.00 12092010 00
  2.65  3.50  3.45  2.30  0.60 -1.08 -2.37 -3.23 -3.67 -3.27 -1.69  0.45 12092010 12
  2.23  3.32  3.60  2.82  1.32 -0.29 -1.69 -2.62 -3.21 -3.18 -2.07 -0.21 13092010 00
  1.59  2.87  3.43  3.07  1.85  0.37 -1.05 -2.02 -2.64 -2.83 -2.19 -0.73 13092010 12
  0.97  2.35  3.15  3.14  2.28  0.97 -0.41 -1.47 -2.20 -2.59 -2.35 -1.25 14092010 00
  0.30  1.73  2.69  2.98  2.48  1.40  0.12 -0.97 -1.72 -2.20 -2.27 -1.73 14092010 12
 -0.61  0.75  1.93  2.55  2.47  1.73  0.70 -0.30 -1.05 -1.56 -1.82 -1.59 15092010 00
 -0.72  0.47  1.53  2.22  2.35  1.89  0.99 -0.05 -0.94 -1.56 -1.94 -2.01 15092010 12
 -1.56 -0.65  0.42  1.33  1.79  1.76  1.27  0.51 -0.29 -0.91 -1.35 -1.57 16092010 00
 -1.46 -0.86  0.06  0.95  1.59  1.83  1.60  0.99  0.23 -0.48 -1.05 -1.49 16092010 12
 -1.73 -1.57 -0.94 -0.09  0.74  1.29  1.47  1.27  0.78  0.13 -0.49 -0.99 17092010 00
 -1.33 -1.43 -1.12 -0.42  0.39  1.09  1.52  1.58  1.25  0.64 -0.09 -0.79 17092010 12
 -1.35 -1.73 -1.80 -1.39 -0.58  0.34  1.12  1.55  1.60  1.23  0.57 -0.18 18092010 00
 -0.84 -1.32 -1.57 -1.48 -0.87  0.08  1.02  1.71  1.99  1.79  1.17  0.30 18092010 12
 -0.58 -1.30 -1.80 -1.98 -1.63 -0.73  0.39  1.39  1.99  2.06  1.61  0.81 19092010 00
 -0.14 -0.95 -1.51 -1.81 -1.66 -0.88  0.29  1.43  2.23  2.49  2.13  1.26 19092010 12
  0.15 -0.89 -1.68 -2.20 -2.33 -1.77 -0.58  0.77  1.89  2.47  2.38  1.65 20092010 00
  0.58 -0.55 -1.43 -2.01 -2.25 -1.87 -0.77  0.64  1.85  2.58  2.64  1.95 20092010 12
  0.81 -0.47 -1.56 -2.32 -2.75 -2.62 -1.64 -0.13  1.33  2.35  2.72  2.30 21092010 00
  1.23 -0.08 -1.27 -2.10 -2.57 -2.53 -1.65 -0.10  1.46  2.58  3.09  2.77 21092010 12
  1.70  0.31 -1.04 -2.05 -2.72 -2.95 -2.38 -0.92  0.78  2.17  2.95  2.93 22092010 00
  2.03  0.68 -0.74 -1.84 -2.55 -2.84 -2.39 -1.00  0.78  2.27  3.18  3.30 22092010 12
  2.48  1.12 -0.39 -1.65 -2.54 -3.07 -2.92 -1.75  0.07  1.75  2.91  3.29 23092010 00
  2.73  1.42 -0.10 -1.48 -2.44 -3.02 -3.02 -2.01 -0.21  1.57  2.83  3.41 23092010 12
  3.03  1.75  0.21 -1.31 -2.41 -3.17 -3.47 -2.85 -1.17  0.77  2.23  3.00 24092010 00
  2.94  1.90  0.37 -1.17 -2.36 -3.12 -3.45 -2.94 -1.39  0.61  2.20  3.13 24092010 12
  3.28  2.38  0.86 -0.75 -2.08 -2.96 -3.45 -3.25 -1.95 -0.01  1.79  2.96 25092010 00
  3.36  2.73  1.29 -0.30 -1.74 -2.69 -3.27 -3.25 -2.19 -0.31  1.52  2.81 25092010 12
  3.37  2.96  1.66  0.10 -1.42 -2.48 -3.17 -3.35 -2.58 -0.86  1.07  2.50 26092010 00
  3.27  3.17  2.06  0.56 -0.99 -2.15 -2.91 -3.23 -2.74 -1.21  0.69  2.24 26092010 12
  3.14  3.26  2.37  0.91 -0.63 -1.90 -2.74 -3.19 -2.96 -1.70  0.15  1.80 27092010 00
  2.90  3.23  2.62  1.30 -0.20 -1.53 -2.43 -2.97 -2.96 -2.00 -0.30  1.40 27092010 12
  2.59  3.12  2.77  1.60  0.18 -1.20 -2.17 -2.77 -2.92 -2.25 -0.73  0.96 28092010 00
  2.28  2.98  2.91  1.99  0.67 -0.71 -1.76 -2.44 -2.75 -2.41 -1.20  0.39 28092010 12
  1.78  2.65  2.80  2.13  0.95 -0.36 -1.46 -2.20 -2.60 -2.45 -1.51 -0.04 29092010 00
  1.38  2.38  2.77  2.39  1.40  0.15 -0.99 -1.80 -2.32 -2.44 -1.88 -0.66 29092010 12
  0.71  1.82  2.41  2.32  1.57  0.48 -0.64 -1.50 -2.05 -2.29 -2.00 -1.03 30092010 00
  0.25  1.40  2.16  2.34  1.88  1.00 -0.03 -0.95 -1.61 -2.02 -2.06 -1.47 30092010 12
 -0.39  0.75  1.65  2.10  1.98  1.39  0.55 -0.35 -1.06 -1.53 -1.72 -1.43 01102010 00
 -0.57  0.50  1.49  2.18  2.34  2.01  1.31  0.42 -0.41 -1.05 -1.50 -1.66 01102010 12
 -1.33 -0.52  0.45  1.29  1.77  1.80  1.43  0.81  0.05 -0.62 -1.15 -1.48 02102010 00
 -1.46 -0.92 -0.04  0.89  1.64  1.99  1.92  1.43  0.68 -0.15 -0.86 -1.41 02102010 12
 -1.76 -1.68 -1.02 -0.03  0.97  1.73  2.05  1.95  1.50  0.73 -0.09 -0.80 03102010 00
 -1.34 -1.62 -1.39 -0.56  0.54  1.59  2.28  2.45  2.05  1.27  0.26 -0.70 03102010 12
 -1.48 -2.06 -2.27 -1.85 -0.80  0.47  1.63  2.33  2.45  1.95  1.03 -0.05 04102010 00
 -1.00 -1.70 -2.10 -1.97 -1.06  0.35  1.75  2.79  3.23  2.93  2.02  0.78 04102010 12
 -0.45 -1.46 -2.22 -2.58 -2.16 -0.88  0.76  2.22  3.09  3.22  2.53  1.31 05102010 00
 -0.06 -1.20 -2.02 -2.49 -2.34 -1.22  0.49  2.13  3.28  3.69  3.17  1.92 05102010 12
  0.38 -1.05 -2.14 -2.92 -3.20 -2.54 -0.87  1.09  2.69  3.57  3.63  2.65 06102010 00
  1.16 -0.43 -1.68 -2.56 -3.04 -2.72 -1.26  0.79  2.59  3.73  4.00  3.18 06102010 12
  1.65 -0.10 -1.62 -2.75 -3.54 -3.70 -2.70 -0.66  1.46  3.05  3.80  3.59 07102010 00
  2.27  0.54 -1.19 -2.45 -3.33 -3.70 -3.06 -1.18  1.12  2.90  3.92  4.03 07102010 12
  2.96  1.23 -0.62 -2.13 -3.19 -3.86 -3.72 -2.28 -0.02  2.11  3.48  3.96 08102010 00
  3.39  1.76 -0.07 -1.76 -2.92 -3.72 -3.89 -2.79 -0.55  1.78  3.41  4.16 08102010 12
  3.95  2.52  0.67 -1.16 -2.53 -3.51 -4.02 -3.53 -1.71  0.66  2.59  3.71 09102010 00
  3.91  2.93  1.13 -0.71 -2.25 -3.29 -3.95 -3.78 -2.28  0.08  2.24  3.59 09102010 12
  4.10  3.54  1.88  0.06 -1.65 -2.84 -3.68 -3.92 -3.00 -0.90  1.36  3.01 10102010 00
  3.80  3.65  2.33  0.54 -1.21 -2.53 -3.43 -3.87 -3.36 -1.61  0.65  2.47 10102010 12
  3.54  3.74  2.84  1.16 -0.58 -2.04 -3.02 -3.63 -3.53 -2.25 -0.19  1.77 11102010 00
  3.05  3.53  3.03  1.58 -0.07 -1.62 -2.69 -3.40 -3.60 -2.79 -0.96  1.02 11102010 12
  2.49  3.26  3.16  2.07  0.54 -0.99 -2.13 -2.89 -3.24 -2.81 -1.34  0.52 12102010 00
  2.07  3.00  3.19  2.42  1.05 -0.44 -1.71 -2.57 -3.09 -3.05 -2.07 -0.42 12102010 12
  1.16  2.31  2.81  2.49  1.41  0.10 -1.16 -2.02 -2.56 -2.68 -2.07 -0.72 13102010 00
  0.80  1.99  2.65  2.59  1.79  0.60 -0.65 -1.63 -2.30 -2.67 -2.51 -1.60 13102010 12
 -0.26  1.02  1.91  2.19  1.80  0.90 -0.17 -1.10 -1.73 -2.10 -2.10 -1.51 14102010 00
 -0.41  0.75  1.67  2.14  2.00  1.32  0.37 -0.61 -1.38 -1.92 -2.21 -2.07 14102010 12
 -1.35 -0.31  0.71  1.44  1.68  1.40  0.75 -0.05 -0.76 -1.25 -1.54 -1.57 15102010 00
 -1.17 -0.35  0.57  1.34  1.76  1.71  1.24  0.49 -0.29 -0.94 -1.45 -1.83 15102010 12
 -1.88 -1.45 -0.66  0.21  0.89  1.20  1.14  0.74  0.13 -0.51 -1.01 -1.35 16102010 00
 -1.49 -1.31 -0.68  0.15  0.90  1.42  1.58  1.32  0.74 -0.01 -0.74 -1.33 16102010 12
 -1.76 -1.95 -1.73 -1.05 -0.17  0.66  1.22  1.40  1.17  0.64 -0.04 -0.68 17102010 00
 -1.17 -1.44 -1.42 -0.97 -0.14  0.74  1.43  1.79  1.69  1.14  0.34 -0.50 17102010 12
 -1.21 -1.72 -2.00 -1.85 -1.15 -0.13  0.90  1.62  1.85  1.60  0.91  0.03 18102010 00
 -0.79 -1.40 -1.74 -1.74 -1.19 -0.11  1.05  1.94  2.34  2.14  1.39  0.36 18102010 12
 -0.65 -1.44 -2.00 -2.29 -2.05 -1.13  0.11  1.27  2.02  2.19  1.70  0.76 19102010 00
 -0.32 -1.24 -1.84 -2.13 -1.99 -1.18  0.12  1.37  2.22  2.49  2.05  1.04 19102010 12
 -0.20 -1.35 -2.20 -2.72 -2.82 -2.21 -0.89  0.57  1.79  2.45  2.36  1.52 20102010 00
  0.33 -0.92 -1.85 -2.42 -2.60 -2.13 -0.88  0.65  1.92  2.69  2.74  1.99 20102010 12
  0.77 -0.57 -1.66 -2.38 -2.75 -2.53 -1.44  0.15  1.64  2.67  2.99  2.43 21102010 00
  1.23 -0.16 -1.39 -2.23 -2.72 -2.67 -1.74 -0.13  1.50  2.67  3.17  2.79 21102010 12
  1.63  0.17 -1.20 -2.20 -2.84 -3.01 -2.33 -0.75  1.04  2.46  3.20  3.12 22102010 00
  2.13  0.72 -0.72 -1.82 -2.55 -2.84 -2.34 -0.86  0.98  2.51  3.42  3.54 22102010 12
  2.67  1.19 -0.39 -1.64 -2.52 -3.05 -2.90 -1.70  0.15  1.86  3.00  3.37 23102010 00
  2.76  1.40 -0.15 -1.54 -2.50 -3.09 -3.12 -2.15 -0.36  1.45  2.71  3.27 23102010 12
  2.88  1.60  0.06 -1.43 -2.48 -3.17 -3.38 -2.67 -0.97  0.98  2.46  3.27 24102010 00
  3.21  2.13  0.61 -0.95 -2.15 -2.95 -3.34 -2.94 -1.46  0.48  2.10  3.06 24102010 12
  3.25  2.42  0.94 -0.64 -1.97 -2.85 -3.35 -3.17 -1.89  0.03  1.78  2.92 25102010 00
  3.34  2.79  1.45 -0.08 -1.51 -2.50 -3.11 -3.17 -2.24 -0.46  1.38  2.71 25102010 12
  3.37  3.12  1.98  0.52 -0.95 -2.01 -2.65 -2.79 -2.08 -0.49  1.31  2.72 26102010 00
  3.51  3.44  2.45  1.01 -0.50 -1.69 -2.52 -2.98 -2.69 -1.41  0.37  2.01 26102010 12
  3.11  3.46  2.87  1.63  0.16 -1.12 -2.01 -2.59 -2.62 -1.71 -0.10  1.55 27102010 00
  2.72  3.18  2.81  1.70  0.32 -0.99 -1.94 -2.56 -2.72 -2.07 -0.62  1.02 27102010 12
  2.35  3.05  2.98  2.12  0.86 -0.46 -1.49 -2.19 -2.56 -2.30 -1.15  0.42 28102010 00
  1.82  2.74  2.99  2.45  1.37  0.08 -1.05 -1.84 -2.33 -2.35 -1.54 -0.13 28102010 12
  1.31  2.39  2.91  2.73  1.92  0.83 -0.26 -1.06 -1.60 -1.82 -1.37 -0.19 29102010 00
  1.21  2.44  3.16  3.12  2.49  1.49  0.33 -0.61 -1.37 -1.98 -2.09 -1.39 29102010 12
 -0.20  1.01  1.95  2.40  2.22  1.52  0.58 -0.35 -1.07 -1.55 -1.75 -1.41 30102010 00
 -0.42  0.77  1.82  2.45  2.54  2.06  1.20  0.20 -0.69 -1.38 -1.86 -1.96 30102010 12
 -1.43 -0.41  0.72  1.68  2.19  2.17  1.66  0.84 -0.05 -0.80 -1.36 -1.66 31102010 00
 -1.53 -0.78  0.30  1.35  2.10  2.35  2.04  1.31  0.36 -0.58 -1.35 -1.93 31102010 12
 -2.23 -1.98 -1.09  0.07  1.18  1.92  2.15  1.84  1.10  0.17 -0.70 -1.39 01112010 00
 -1.86 -1.95 -1.42 -0.32  0.90  1.90  2.48  2.51  1.99  1.09  0.07 -0.83 01112010 12
 -1.57 -2.11 -2.12 -1.37 -0.09  1.26  2.28  2.73  2.56  1.77  0.63 -0.44 02112010 00
 -1.25 -1.79 -2.00 -1.55 -0.35  1.08  2.32  3.11  3.24  2.59  1.39  0.04 02112010 12
 -1.06 -1.90 -2.51 -2.59 -1.80 -0.34  1.24  2.46  3.00  2.77  1.81  0.49 03112010 00
 -0.80 -1.79 -2.48 -2.75 -2.22 -0.78  0.96  2.41  3.27  3.33  2.48  1.15 03112010 12
 -0.32 -1.53 -2.42 -2.98 -2.89 -1.76  0.03  1.79  3.04  3.58  3.20  2.03 04112010 00
  0.51 -0.96 -2.04 -2.74 -2.93 -2.19 -0.50  1.44  2.97  3.80  3.73  2.64 04112010 12
  1.10 -0.52 -1.83 -2.82 -3.41 -3.25 -1.92  0.08  1.95  3.17  3.57  2.96 05112010 00
  1.50 -0.14 -1.62 -2.66 -3.32 -3.37 -2.31 -0.32  1.71  3.16  3.84  3.52 05112010 12
  2.18  0.52 -1.15 -2.39 -3.29 -3.73 -3.23 -1.54  0.67  2.46  3.50  3.65 06112010 00
  2.70  1.04 -0.69 -2.11 -3.08 -3.69 -3.53 -2.12  0.06  2.09  3.37  3.82 06112010 12
  3.24  1.68 -0.05 -1.67 -2.81 -3.60 -3.83 -2.97 -1.00  1.14  2.73  3.49 07112010 00
  3.34  2.09  0.37 -1.32 -2.59 -3.45 -3.86 -3.29 -1.48  0.76  2.53  3.61 07112010 12
  3.87  3.10  1.67  0.06 -1.32 -2.26 -2.89 -2.84 -1.63  0.31  2.19  3.45 08112010 00
  3.85  3.20  1.74  0.02 -1.51 -2.59 -3.35 -3.53 -2.64 -0.75  1.27  2.77 08112010 12
  3.49  3.31  2.13  0.55 -1.04 -2.23 -3.06 -3.46 -3.02 -1.52  0.47  2.11 09112010 00
  3.08  3.27  2.46  0.96 -0.63 -1.99 -2.92 -3.47 -3.39 -2.29 -0.46  1.33 09112010 12
  2.57  3.11  2.78  1.56  0.09 -1.29 -2.22 -2.78 -2.83 -2.00 -0.36  1.38 10112010 00
  2.65  3.32  3.16  2.15  0.76 -0.68 -1.78 -2.54 -2.92 -2.58 -1.30  0.36 10112010 12
  1.82  2.79  3.06  2.47  1.37  0.12 -0.92 -1.53 -1.76 -1.44 -0.33  1.18 11112010 00
  2.47  3.40  3.67  3.23  2.29  1.15  0.11 -0.75 -1.34 -1.45 -0.90  0.24 11112010 12
  1.56  2.66  3.21  3.08  2.35  1.24  0.14 -0.70 -1.35 -1.75 -1.56 -0.66 12112010 00
  0.58  1.73  2.52  2.73  2.31  1.41  0.32 -0.62 -1.33 -1.85 -2.03 -1.58 12112010 12
 -0.56  0.63  1.67  2.22  2.20  1.67  0.85 -0.06 -0.74 -1.17 -1.34 -1.11 13112010 00
 -0.31  0.75  1.70  2.29  2.37  1.92  1.12  0.20 -0.62 -1.24 -1.68 -1.78 13112010 12
 -1.33 -0.44  0.56  1.42  1.88  1.87  1.46  0.77  0.00 -0.62 -1.04 -1.21 14112010 00
 -1.03 -0.38  0.51  1.36  1.93  2.07  1.76  1.11  0.31 -0.45 -1.06 -1.53 14112010 12
 -1.72 -1.43 -0.68  0.24  1.07  1.58  1.66  1.32  0.70 -0.03 -0.67 -1.13 15112010 00
 -1.39 -1.32 -0.77  0.11  0.99  1.66  1.93  1.74  1.16  0.36 -0.46 -1.13 15112010 12
 -1.64 -1.89 -1.70 -0.99 -0.04  0.87  1.50  1.69  1.41  0.78 -0.01 -0.74 16112010 00
 -1.27 -1.56 -1.53 -0.99 -0.04  0.95  1.70  2.04  1.87  1.26  0.38 -0.52 16112010 12
 -1.25 -1.74 -1.94 -1.62 -0.71  0.37  1.34  1.99  2.07  1.63  0.87 -0.06 17112010 00
 -0.87 -1.46 -1.77 -1.66 -0.95  0.19  1.34  2.16  2.42  2.08  1.27  0.22 17112010 12
 -0.83 -1.68 -2.25 -2.43 -1.95 -0.86  0.40  1.51  2.15  2.20  1.62  0.67 18112010 00
 -0.40 -1.29 -1.90 -2.21 -1.97 -0.99  0.38  1.65  2.48  2.69  2.18  1.16 18112010 12
 -0.06 -1.15 -1.95 -2.46 -2.51 -1.79 -0.44  1.02  2.14  2.67  2.47  1.58 19112010 00
  0.37 -0.83 -1.74 -2.34 -2.53 -2.02 -0.72  0.81  2.05  2.74  2.70  1.88 19112010 12
  0.64 -0.70 -1.77 -2.49 -2.84 -2.54 -1.35  0.30  1.78  2.76  3.05  2.49 20112010 00
  1.31 -0.09 -1.32 -2.18 -2.70 -2.67 -1.76 -0.18  1.42  2.56  3.03  2.66 20112010 12
  1.54  0.12 -1.24 -2.22 -2.86 -3.01 -2.34 -0.79  0.97  2.36  3.12  3.06 21112010 00
  2.09  0.69 -0.78 -1.92 -2.70 -3.09 -2.77 -1.44  0.35  1.92  2.90  3.10 21112010 12
  2.37  0.99 -0.51 -1.79 -2.67 -3.17 -3.05 -1.91 -0.06  1.67  2.86  3.34 22112010 00
  2.88  1.61  0.09 -1.35 -2.38 -3.06 -3.22 -2.46 -0.80  1.06  2.45  3.18 22112010 12
  3.06  1.96  0.47 -1.05 -2.18 -2.93 -3.24 -2.74 -1.20  0.72  2.30  3.24 23112010 00
  3.41  2.55  1.11 -0.46 -1.77 -2.68 -3.23 -3.13 -1.98 -0.11  1.63  2.84 23112010 12
  3.29  2.79  1.48 -0.04 -1.46 -2.43 -3.05 -3.12 -2.21 -0.44  1.41  2.75 24112010 00
  3.42  3.21  2.06  0.58 -0.96 -2.11 -2.92 -3.31 -2.89 -1.45  0.40  1.98 24112010 12
  2.94  3.12  2.34  0.92 -0.58 -1.84 -2.66 -3.14 -2.98 -1.81 -0.00  1.64 25112010 00
  2.76  3.16  2.64  1.35 -0.14 -1.54 -2.53 -3.20 -3.40 -2.72 -1.12  0.68 25112010 12
  2.08  2.85  2.83  1.90  0.53 -0.87 -1.93 -2.61 -2.92 -2.52 -1.23  0.46 26112010 00
  1.88  2.79  2.99  2.27  0.99 -0.46 -1.69 -2.56 -3.12 -3.15 -2.31 -0.74 26112010 12
  0.86  2.08  2.68  2.47  1.48  0.20 -1.09 -2.04 -2.64 -2.80 -2.25 -0.93 27112010 00
  0.64  1.92  2.67  2.73  2.00  0.79 -0.56 -1.66 -2.44 -2.91 -2.86 -2.00 27112010 12
 -0.56  0.90  2.01  2.53  2.30  1.40  0.26 -0.88 -1.68 -2.18 -2.32 -1.82 28112010 00
 -0.60  0.81  1.96  2.63  2.62  1.90  0.78 -0.44 -1.48 -2.23 -2.71 -2.70 28112010 12
 -1.93 -0.61  0.74  1.78  2.26  2.10  1.33  0.29 -0.75 -1.55 -2.08 -2.27 29112010 00
 -1.88 -0.80  0.52  1.65  2.36  2.47  1.92  0.94 -0.20 -1.20 -1.96 -2.47 29112010 12
 -2.55 -1.94 -0.77  0.53  1.59  2.12  2.07  1.46  0.52 -0.55 -1.43 -2.05 30112010 00
 -2.35 -2.12 -1.19  0.11  1.31  2.14  2.42  2.01  1.09 -0.04 -1.11 -1.94 30112010 12
 -2.55 -2.79 -2.40 -1.27  0.14  1.37  2.12  2.26  1.73  0.75 -0.38 -1.34 01122010 00
 -2.02 -2.40 -2.29 -1.46 -0.13  1.18  2.16  2.61  2.35  1.45  0.21 -1.01 01122010 12
 -1.96 -2.61 -2.92 -2.61 -1.49  0.02  1.40  2.31  2.55  2.02  0.93 -0.34 02122010 00
 -1.45 -2.23 -2.70 -2.69 -1.87 -0.38  1.14  2.27  2.81  2.58  1.60  0.28 02122010 12
 -1.03 -2.03 -2.71 -3.04 -2.68 -1.41  0.26  1.76  2.73  2.98  2.37  1.15 03122010 00
 -0.26 -1.47 -2.29 -2.74 -2.64 -1.63  0.04  1.67  2.86  3.38  3.03  1.90 03122010 12
  0.44 -0.95 -2.01 -2.75 -3.06 -2.56 -1.09  0.71  2.25  3.15  3.27  2.44 04122010 00
  1.08 -0.42 -1.66 -2.54 -3.05 -2.90 -1.72  0.10  1.79  2.96  3.38  2.86 04122010 12
  1.58  0.08 -1.32 -2.33 -3.01 -3.16 -2.36 -0.63  1.27  2.70  3.44  3.31 05122010 00
  2.20  0.69 -0.87 -2.05 -2.88 -3.30 -2.91 -1.44  0.49  2.18  3.22  3.46 05122010 12
  2.69  1.27 -0.30 -1.63 -2.55 -3.11 -3.02 -1.84  0.10  1.94  3.22  3.74 06122010 00
  3.28  1.97  0.39 -1.12 -2.22 -3.00 -3.28 -2.59 -0.90  1.07  2.59  3.41 06122010 12
  3.38  2.35  0.86 -0.70 -1.92 -2.74 -3.14 -2.74 -1.25  0.70  2.36  3.41 07122010 00
  3.64  2.83  1.40 -0.21 -1.59 -2.57 -3.22 -3.27 -2.26 -0.42  1.40  2.72 07122010 12
  3.29  2.94  1.70  0.20 -1.25 -2.28 -2.96 -3.15 -2.42 -0.75  1.15  2.55 08122010 00
  3.30  3.19  2.13  0.65 -0.89 -2.08 -2.92 -3.41 -3.16 -1.87 -0.05  1.61 08122010 12
  2.66  2.95  2.33  1.02 -0.43 -1.69 -2.49 -2.96 -2.86 -1.81 -0.04  1.62 09122010 00
  2.76  3.24  2.85  1.68  0.24 -1.17 -2.21 -2.90 -3.14 -2.59 -1.18  0.48 09122010 12
  1.87  2.67  2.68  1.83  0.52 -0.86 -1.92 -2.56 -2.82 -2.42 -1.16  0.49 10122010 00
  1.87  2.76  2.96  2.28  1.06 -0.34 -1.52 -2.34 -2.85 -2.88 -2.09 -0.65 10122010 12
  0.86  1.98  2.48  2.23  1.25  0.01 -1.18 -2.00 -2.47 -2.54 -1.92 -0.62 11122010 00
  0.84  1.99  2.63  2.58  1.78  0.61 -0.63 -1.60 -2.26 -2.61 -2.43 -1.52 11122010 12
 -0.19  1.08  1.96  2.21  1.76  0.80 -0.32 -1.30 -1.93 -2.26 -2.17 -1.43 12122010 00
 -0.19  1.06  1.97  2.38  2.13  1.31  0.24 -0.81 -1.62 -2.14 -2.35 -2.02 12122010 12
 -1.06  0.14  1.20  1.85  1.93  1.41  0.55 -0.41 -1.21 -1.73 -1.95 -1.76 13122010 00
 -1.00  0.12  1.17  1.90  2.15  1.81  1.03  0.06 -0.85 -1.54 -2.00 -2.15 13122010 12
 -1.78 -0.89  0.19  1.11  1.64  1.65  1.16  0.37 -0.48 -1.16 -1.61 -1.80 14122010 00
 -1.63 -0.93  0.06  0.96  1.58  1.74  1.42  0.70 -0.21 -1.03 -1.64 -2.05 14122010 12
 -2.18 -1.85 -1.04 -0.06  0.81  1.33  1.39  0.97  0.25 -0.57 -1.24 -1.67 15122010 00
 -1.86 -1.73 -1.11 -0.17  0.73  1.38  1.60  1.35  0.71 -0.13 -0.91 -1.48 15122010 12
 -1.87 -1.99 -1.64 -0.80  0.25  1.20  1.80  1.90  1.53  0.79 -0.04 -0.73 16122010 00
 -1.26 -1.63 -1.69 -1.14 -0.23  0.67  1.31  1.55  1.30  0.63 -0.27 -1.14 16122010 12
 -1.82 -2.24 -2.31 -1.80 -0.75  0.48  1.52  2.12  2.19  1.70  0.81 -0.19 17122010 00
 -1.02 -1.61 -1.95 -1.94 -1.39 -0.34  0.77  1.63  2.00  1.79  1.06  0.08 17122010 12
 -0.86 -1.56 -1.96 -2.03 -1.52 -0.40  0.84  1.86  2.43  2.39  1.75  0.75 18122010 00
 -0.35 -1.27 -1.92 -2.26 -2.09 -1.22  0.07  1.33  2.21  2.48  2.05  1.11 18122010 12
 -0.05 -1.10 -1.86 -2.32 -2.35 -1.65 -0.31  1.11  2.22  2.80  2.66  1.86 19122010 00
  0.71 -0.50 -1.46 -2.11 -2.42 -2.09 -0.95  0.54  1.87  2.69  2.81  2.12 19122010 12
  0.95 -0.36 -1.46 -2.22 -2.65 -2.50 -1.47  0.12  1.66  2.74  3.16  2.75 20122010 00
  1.64  0.25 -1.06 -2.02 -2.67 -2.85 -2.22 -0.75  0.93  2.28  3.01  2.93 20122010 12
  1.99  0.63 -0.79 -1.89 -2.62 -2.95 -2.55 -1.16  0.65  2.20  3.17  3.37 21122010 00
  2.63  1.30 -0.22 -1.53 -2.46 -3.06 -3.05 -2.05 -0.28  1.50  2.78  3.33 21122010 12
  2.97  1.74  0.23 -1.23 -2.27 -2.96 -3.15 -2.40 -0.69  1.22  2.67  3.46 22122010 00
  3.39  2.30  0.78 -0.82 -2.08 -2.97 -3.47 -3.20 -1.85  0.10  1.86  2.99 22122010 12
  3.33  2.67  1.21 -0.38 -1.80 -2.75 -3.32 -3.30 -2.20 -0.25  1.67  3.01 23122010 00
  3.59  3.20  1.86  0.23 -1.35 -2.51 -3.33 -3.69 -3.14 -1.49  0.56  2.20 23122010 12
  3.16  3.26  2.32  0.76 -0.84 -2.12 -2.95 -3.40 -3.11 -1.69  0.33  2.12 24122010 00
  3.24  3.59  2.89  1.41 -0.24 -1.73 -2.78 -3.52 -3.69 -2.82 -0.97  0.98 24122010 12
  2.46  3.19  3.04  1.90  0.32 -1.23 -2.37 -3.10 -3.39 -2.79 -1.14  0.88 25122010 00
  2.45  3.36  3.47  2.54  1.02 -0.61 -1.95 -2.90 -3.52 -3.50 -2.40 -0.54 25122010 12
  1.31  2.60  3.12  2.78  1.54  0.05 -1.37 -2.35 -2.97 -3.06 -2.22 -0.51 26122010 00
  1.34  2.71  3.46  3.39  2.39  0.98 -0.52 -1.70 -2.53 -2.98 -2.70 -1.41 26122010 12
  0.36  1.95  3.02  3.35  2.81  1.67  0.29 -0.94 -1.80 -2.34 -2.32 -1.40 27122010 00
  0.19  1.78  2.94  3.44  3.14  2.13  0.77 -0.60 -1.67 -2.45 -2.85 -2.53 27122010 12
 -1.32  0.25  1.68  2.59  2.82  2.27  1.21 -0.05 -1.13 -1.90 -2.36 -2.31 28122010 00
 -1.45  0.00  1.46  2.55  3.02  2.73  1.79  0.54 -0.66 -1.60 -2.31 -2.68 28122010 12
 -2.42 -1.38  0.04  1.37  2.25  2.49  2.04  1.10 -0.03 -1.02 -1.74 -2.19 29122010 00
 -2.24 -1.59 -0.33  0.99  2.01  2.52  2.40  1.64  0.55 -0.57 -1.47 -2.14 29122010 12
 -2.54 -2.41 -1.55 -0.27  1.00  1.93  2.28  1.99  1.19  0.14 -0.86 -1.61 30122010 00
 -2.10 -2.24 -1.78 -0.68  0.61  1.69  2.32  2.35  1.76  0.78 -0.31 -1.24 30122010 12
 -1.95 -2.41 -2.42 -1.73 -0.52  0.78  1.82  2.32  2.19  1.46  0.42 -0.64 31122010 00
 -1.49 -2.08 -2.36 -2.09 -1.11  0.22  1.44  2.25  2.46  1.99  1.05 -0.08 31122010 12
