Parameter Z: CS3X Location (100, 86) Lat 53.500 Lon -3.417
  2.88  3.31  2.88  1.68  0.25 -1.05 -1.96 -2.53 -2.60 -1.76 -0.11  1.62 01012013 00
  2.89  3.51  3.23  2.09  0.60 -0.85 -1.93 -2.69 -3.07 -2.64 -1.24  0.53 01012013 12
  2.02  2.88  2.95  2.11  0.76 -0.69 -1.84 -2.59 -2.95 -2.62 -1.34  0.45 02012013 00
  2.01  3.04  3.32  2.68  1.41 -0.06 -1.34 -2.26 -2.87 -2.95 -2.15 -0.60 02012013 12
  1.05  2.28  2.85  2.62  1.59  0.26 -1.04 -1.97 -2.56 -2.75 -2.22 -0.84 03012013 00
  0.77  2.07  2.81  2.80  1.96  0.67 -0.69 -1.76 -2.50 -2.91 -2.72 -1.68 03012013 12
 -0.16  1.29  2.30  2.65  2.19  1.13 -0.13 -1.27 -2.06 -2.52 -2.53 -1.79 04012013 00
 -0.41  1.04  2.15  2.69  2.48  1.57  0.33 -0.91 -1.85 -2.49 -2.79 -2.49 04012013 12
 -1.41  0.01  1.30  2.15  2.37  1.88  0.91 -0.24 -1.23 -1.90 -2.29 -2.23 05012013 00
 -1.48 -0.18  1.12  2.09  2.53  2.30  1.48  0.38 -0.71 -1.56 -2.15 -2.47 05012013 12
 -2.26 -1.32 -0.04  1.15  1.95  2.14  1.69  0.78 -0.28 -1.21 -1.88 -2.26 06012013 00
 -2.24 -1.59 -0.43  0.81  1.80  2.30  2.19  1.50  0.48 -0.57 -1.42 -2.02 06012013 12
 -2.34 -2.17 -1.30 -0.07  1.13  1.99  2.31  1.99  1.18  0.16 -0.80 -1.54 07012013 00
 -2.04 -2.20 -1.74 -0.66  0.60  1.69  2.34  2.40  1.85  0.90 -0.19 -1.12 07012013 12
 -1.82 -2.27 -2.29 -1.59 -0.34  1.00  2.06  2.56  2.42  1.68  0.62 -0.49 08012013 00
 -1.39 -2.04 -2.40 -2.20 -1.22  0.15  1.46  2.35  2.61  2.14  1.13 -0.11 08012013 12
 -1.23 -2.08 -2.66 -2.81 -2.21 -0.86  0.69  1.97  2.69  2.69  1.89  0.67 09012013 00
 -0.64 -1.71 -2.49 -2.94 -2.80 -1.75 -0.10  1.47  2.59  3.02  2.60  1.47 09012013 12
  0.09 -1.22 -2.18 -2.83 -3.02 -2.36 -0.79  0.99  2.44  3.25  3.24  2.31 10012013 00
  0.89 -0.64 -1.87 -2.76 -3.31 -3.17 -1.98 -0.11  1.67  2.92  3.39  2.91 10012013 12
  1.60  0.06 -1.38 -2.42 -3.11 -3.27 -2.45 -0.65  1.33  2.81  3.59  3.45 11012013 00
  2.25  0.63 -1.03 -2.30 -3.23 -3.76 -3.44 -1.94  0.21  2.09  3.30  3.67 11012013 12
  3.02  1.50 -0.19 -1.71 -2.77 -3.47 -3.50 -2.34 -0.25  1.79  3.23  3.86 12012013 00
  3.50  2.07  0.32 -1.41 -2.68 -3.61 -4.08 -3.57 -1.80  0.45  2.33  3.40 12012013 12
  3.57  2.64  0.92 -0.82 -2.26 -3.21 -3.77 -3.53 -2.01  0.29  2.34  3.60 13012013 00
  4.05  3.42  1.80  0.00 -1.67 -2.85 -3.70 -3.98 -3.13 -1.11  1.13  2.84 13012013 12
  3.67  3.57  2.34  0.57 -1.16 -2.47 -3.34 -3.73 -3.12 -1.26  1.05  2.83 14012013 00
  3.88  4.07  3.10  1.42 -0.36 -1.85 -2.95 -3.76 -3.86 -2.71 -0.61  1.53 14012013 12
  2.95  3.51  3.15  1.68 -0.11 -1.74 -2.85 -3.54 -3.73 -2.86 -0.90  1.24 15012013 00
  2.83  3.66  3.62  2.45  0.77 -0.94 -2.26 -3.19 -3.72 -3.44 -1.99  0.10 15012013 12
  1.92  3.05  3.36  2.69  1.19 -0.41 -1.83 -2.74 -3.27 -3.17 -1.94  0.03 16012013 00
  1.86  3.12  3.66  3.21  1.90  0.35 -1.16 -2.25 -3.02 -3.32 -2.69 -1.11 16012013 12
  0.75  2.21  3.03  3.05  2.12  0.74 -0.72 -1.85 -2.58 -2.92 -2.54 -1.19 17012013 00
  0.56  2.02  2.97  3.20  2.54  1.33 -0.09 -1.33 -2.23 -2.80 -2.80 -1.91 17012013 12
 -0.38  1.16  2.29  2.80  2.58  1.69  0.50 -0.68 -1.57 -2.15 -2.32 -1.80 18012013 00
 -0.55  0.85  1.99  2.64  2.61  1.90  0.81 -0.37 -1.35 -2.06 -2.46 -2.32 18012013 12
 -1.43 -0.13  1.11  1.97  2.26  1.91  1.09  0.07 -0.88 -1.57 -1.98 -2.01 19012013 00
 -1.44 -0.35  0.81  1.74  2.23  2.13  1.50  0.60 -0.36 -1.15 -1.71 -2.02 19012013 12
 -1.87 -1.12 -0.05  0.97  1.69  1.92  1.63  0.95  0.11 -0.68 -1.25 -1.61 20012013 00
 -1.67 -1.26 -0.39  0.58  1.36  1.78  1.74  1.27  0.54 -0.26 -0.92 -1.38 20012013 12
 -1.63 -1.52 -0.90 -0.00  0.89  1.55  1.81  1.63  1.10  0.39 -0.33 -0.91 21012013 00
 -1.32 -1.50 -1.30 -0.65  0.17  0.92  1.39  1.46  1.13  0.52 -0.24 -0.91 21012013 12
 -1.41 -1.71 -1.73 -1.28 -0.46  0.43  1.16  1.56  1.56  1.16  0.47 -0.29 22012013 00
 -0.95 -1.44 -1.69 -1.58 -0.97 -0.08  0.80  1.44  1.66  1.42  0.81  0.01 22012013 12
 -0.79 -1.40 -1.78 -1.87 -1.44 -0.52  0.53  1.41  1.91  1.92  1.42  0.61 23012013 00
 -0.31 -1.11 -1.70 -2.02 -1.91 -1.20 -0.12  0.94  1.70  1.96  1.64  0.87 23012013 12
 -0.11 -1.03 -1.71 -2.12 -2.16 -1.59 -0.44  0.84  1.84  2.36  2.26  1.54 24012013 00
  0.49 -0.61 -1.51 -2.13 -2.44 -2.19 -1.23  0.09  1.30  2.12  2.32  1.81 24012013 12
  0.85 -0.28 -1.29 -1.99 -2.34 -2.15 -1.19  0.26  1.61  2.56  2.95  2.61 25012013 00
  1.66  0.43 -0.79 -1.72 -2.32 -2.43 -1.74 -0.34  1.18  2.39  3.03  2.93 25012013 12
  2.06  0.78 -0.53 -1.57 -2.31 -2.65 -2.29 -1.06  0.56  1.99  2.91  3.09 26012013 00
  2.38  1.12 -0.31 -1.50 -2.33 -2.81 -2.69 -1.61  0.09  1.71  2.82  3.26 26012013 12
  2.87  1.84  0.52 -0.74 -1.63 -2.17 -2.21 -1.31  0.46  2.23  3.44  3.95 27012013 00
  3.52  2.39  0.91 -0.58 -1.69 -2.45 -2.76 -2.20 -0.70  1.13  2.68  3.51 27012013 12
  3.50  2.54  1.09 -0.43 -1.65 -2.52 -3.00 -2.71 -1.30  0.63  2.34  3.44 28012013 00
  3.74  3.00  1.59  0.04 -1.15 -1.91 -2.42 -2.37 -1.22  0.65  2.42  3.62 28012013 12
  4.05  3.54  2.28  0.64 -0.92 -2.06 -2.82 -3.04 -2.25 -0.49  1.50  3.03 29012013 00
  3.74  3.58  2.45  0.91 -0.64 -1.80 -2.59 -2.90 -2.34 -0.70  1.35  3.00 29012013 12
  3.93  3.99  3.00  1.48 -0.14 -1.41 -2.29 -2.81 -2.60 -1.27  0.72  2.57 30012013 00
  3.82  4.25  3.56  2.13  0.44 -1.07 -2.18 -2.97 -3.17 -2.28 -0.54  1.33 30012013 12
  2.75  3.42  3.18  2.02  0.59 -0.79 -1.76 -2.40 -2.61 -1.86 -0.10  1.88 31012013 00
  3.36  4.15  3.98  2.81  1.23 -0.32 -1.54 -2.46 -3.02 -2.80 -1.56  0.26 31012013 12
  2.00  3.15  3.48  2.83  1.47 -0.08 -1.41 -2.32 -2.88 -2.85 -1.79 -0.00 01022013 00
  1.77  3.01  3.56  3.20  1.98  0.47 -0.98 -2.03 -2.76 -3.11 -2.67 -1.26 01022013 12
  0.47  1.92  2.71  2.71  1.80  0.42 -0.98 -2.07 -2.75 -3.08 -2.76 -1.51 02022013 00
  0.21  1.71  2.67  2.94  2.32  1.07 -0.33 -1.56 -2.42 -2.98 -3.08 -2.34 02022013 12
 -0.86  0.73  1.96  2.64  2.53  1.65  0.45 -0.74 -1.60 -2.16 -2.42 -2.04 03022013 00
 -0.89  0.57  1.83  2.62  2.72  2.07  0.96 -0.29 -1.33 -2.04 -2.45 -2.42 03022013 12
 -1.67 -0.35  1.08  2.24  2.78  2.53  1.70  0.66 -0.34 -1.10 -1.63 -1.91 04022013 00
 -1.65 -0.72  0.49  1.65  2.48  2.67  2.19  1.28  0.25 -0.64 -1.30 -1.80 04022013 12
 -1.92 -1.39 -0.32  0.89  1.92  2.48  2.43  1.81  0.83 -0.21 -1.00 -1.60 05022013 00
 -2.05 -2.05 -1.30 -0.01  1.21  2.02  2.38  2.26  1.58  0.52 -0.50 -1.30 05022013 12
 -1.91 -2.30 -2.24 -1.60 -0.60  0.47  1.28  1.57  1.28  0.45 -0.59 -1.51 06022013 00
 -2.18 -2.64 -2.82 -2.45 -1.39 -0.08  1.05  1.76  1.95  1.48  0.52 -0.60 06022013 12
 -1.55 -2.23 -2.65 -2.65 -1.98 -0.67  0.75  1.86  2.41  2.30  1.51  0.36 07022013 00
 -0.85 -1.82 -2.49 -2.84 -2.59 -1.48  0.06  1.47  2.41  2.69  2.16  1.03 07022013 12
 -0.31 -1.52 -2.39 -2.97 -3.10 -2.43 -0.96  0.72  2.09  2.86  2.81  1.85 08022013 00
  0.45 -1.02 -2.17 -2.96 -3.40 -3.17 -1.94 -0.15  1.52  2.63  3.00  2.47 08022013 12
  1.18 -0.30 -1.66 -2.59 -3.16 -3.18 -2.19 -0.37  1.49  2.85  3.50  3.22 09022013 00
  1.99  0.42 -1.18 -2.39 -3.25 -3.68 -3.24 -1.68  0.40  2.13  3.19  3.41 09022013 12
  2.61  1.07 -0.57 -1.96 -2.90 -3.45 -3.26 -1.86  0.26  2.21  3.48  3.95 10022013 00
  3.36  1.86  0.13 -1.50 -2.69 -3.54 -3.86 -3.08 -1.13  1.05  2.74  3.59 10022013 12
  3.51  2.33  0.61 -1.10 -2.42 -3.31 -3.75 -3.25 -1.51  0.76  2.58  3.66 11022013 00
  3.87  2.94  1.21 -0.61 -2.16 -3.24 -3.99 -4.02 -2.81 -0.65  1.54  2.98 11022013 12
  3.56  3.20  1.72 -0.06 -1.72 -2.88 -3.64 -3.83 -2.88 -0.79  1.43  3.03 12022013 00
  3.82  3.70  2.42  0.65 -1.13 -2.50 -3.46 -3.99 -3.60 -1.94  0.31  2.19 12022013 12
  3.33  3.59  2.77  1.11 -0.63 -2.13 -3.10 -3.67 -3.48 -2.05  0.14  2.17 13022013 00
  3.46  3.96  3.40  1.89  0.18 -1.43 -2.57 -3.33 -3.50 -2.53 -0.60  1.49 13022013 12
  3.01  3.78  3.60  2.36  0.76 -0.86 -2.07 -2.92 -3.29 -2.76 -1.13  0.88 14022013 00
  2.53  3.47  3.60  2.65  1.12 -0.50 -1.81 -2.73 -3.29 -3.17 -1.97 -0.10 14022013 12
  1.63  2.80  3.21  2.66  1.32 -0.19 -1.56 -2.48 -3.04 -3.07 -2.14 -0.41 15022013 00
  1.34  2.58  3.19  2.92  1.78  0.35 -1.08 -2.11 -2.79 -3.06 -2.56 -1.16 15022013 12
  0.51  1.89  2.69  2.75  1.95  0.70 -0.64 -1.71 -2.40 -2.72 -2.43 -1.30 16022013 00
  0.25  1.62  2.51  2.75  2.22  1.13 -0.15 -1.27 -2.03 -2.49 -2.48 -1.71 16022013 12
 -0.37  1.00  2.02  2.48  2.24  1.40  0.31 -0.75 -1.54 -2.03 -2.16 -1.70 17022013 00
 -0.61  0.64  1.67  2.26  2.25  1.64  0.69 -0.31 -1.12 -1.66 -1.92 -1.74 17022013 12
 -0.96  0.13  1.15  1.87  2.09  1.76  1.03  0.12 -0.71 -1.31 -1.67 -1.73 18022013 00
 -1.28 -0.39  0.58  1.39  1.81  1.75  1.26  0.52 -0.26 -0.89 -1.31 -1.52 18022013 12
 -1.39 -0.81  0.03  0.86  1.44  1.64  1.44  0.91  0.21 -0.45 -0.96 -1.30 19022013 00
 -1.42 -1.16 -0.53  0.24  0.91  1.31  1.35  1.06  0.51 -0.12 -0.68 -1.09 19022013 12
 -1.35 -1.34 -0.94 -0.27  0.47  1.08  1.40  1.38  1.03  0.43 -0.25 -0.84 20022013 00
 -1.27 -1.53 -1.48 -1.00 -0.27  0.48  1.05  1.30  1.18  0.77  0.17 -0.47 20022013 12
 -1.00 -1.37 -1.53 -1.33 -0.67  0.18  0.99  1.53  1.68  1.41  0.83  0.06 21022013 00
 -0.67 -1.26 -1.65 -1.73 -1.34 -0.49  0.47  1.29  1.74  1.72  1.26  0.51 21022013 12
 -0.33 -1.04 -1.55 -1.79 -1.59 -0.80  0.30  1.34  2.06  2.27  1.89  1.07 22022013 00
  0.04 -0.92 -1.64 -2.12 -2.22 -1.70 -0.61  0.62  1.64  2.18  2.10  1.40 22022013 12
  0.38 -0.70 -1.54 -2.08 -2.27 -1.88 -0.80  0.57  1.75  2.48  2.56  1.91 23022013 00
  0.78 -0.48 -1.54 -2.30 -2.73 -2.64 -1.75 -0.31  1.13  2.17  2.57  2.18 23022013 12
  1.14 -0.17 -1.38 -2.24 -2.75 -2.78 -2.02 -0.52  1.08  2.29  2.89  2.69 24022013 00
  1.67  0.27 -1.12 -2.19 -2.91 -3.21 -2.77 -1.38  0.38  1.86  2.74  2.85 24022013 12
  2.04  0.65 -0.83 -2.05 -2.84 -3.23 -2.95 -1.66  0.20  1.85  2.89  3.19 25022013 00
  2.53  1.14 -0.43 -1.85 -2.84 -3.48 -3.56 -2.60 -0.76  1.14  2.50  3.11 25022013 12
  2.83  1.57 -0.04 -1.59 -2.69 -3.40 -3.60 -2.84 -1.02  1.01  2.53  3.33 26022013 00
  3.25  2.11  0.47 -1.20 -2.50 -3.39 -3.86 -3.50 -1.97  0.16  1.95  3.05 26022013 12
  3.32  2.56  0.95 -0.73 -2.20 -3.15 -3.70 -3.53 -2.17 -0.04  1.93  3.17 27022013 00
  3.61  3.04  1.50 -0.24 -1.85 -2.97 -3.74 -3.95 -3.06 -1.08  1.08  2.66 27022013 12
  3.40  3.24  1.97  0.23 -1.45 -2.70 -3.51 -3.86 -3.22 -1.37  0.85  2.57 28022013 00
  3.50  3.57  2.52  0.80 -0.95 -2.36 -3.33 -3.92 -3.71 -2.30 -0.14  1.83 28022013 12
  3.06  3.46  2.85  1.27 -0.45 -2.00 -3.02 -3.66 -3.68 -2.54 -0.47  1.61 01032013 00
  2.99  3.58  3.24  1.83  0.13 -1.51 -2.69 -3.50 -3.83 -3.20 -1.41  0.69 01032013 12
  2.35  3.26  3.30  2.28  0.65 -0.98 -2.27 -3.12 -3.56 -3.22 -1.75  0.29 02032013 00
  2.05  3.13  3.44  2.72  1.24 -0.36 -1.78 -2.75 -3.38 -3.43 -2.43 -0.58 02032013 12
  1.26  2.57  3.17  2.89  1.68  0.18 -1.30 -2.35 -3.03 -3.26 -2.63 -1.07 03032013 00
  0.77  2.19  3.02  3.06  2.17  0.80 -0.66 -1.81 -2.59 -3.04 -2.85 -1.72 03032013 12
 -0.03  1.51  2.57  2.93  2.43  1.29 -0.06 -1.29 -2.15 -2.69 -2.78 -2.07 04032013 00
 -0.64  0.90  2.11  2.76  2.68  1.86  0.68 -0.54 -1.48 -2.12 -2.43 -2.19 04032013 12
 -1.16  0.25  1.53  2.40  2.65  2.19  1.23  0.09 -0.93 -1.67 -2.17 -2.28 05032013 00
 -1.74 -0.60  0.70  1.79  2.39  2.37  1.75  0.81 -0.20 -1.01 -1.60 -1.95 05032013 12
 -1.86 -1.12  0.01  1.13  1.97  2.32  2.09  1.39  0.45 -0.49 -1.24 -1.78 06032013 00
 -2.05 -1.82 -0.99  0.12  1.19  1.94  2.18  1.87  1.16  0.27 -0.55 -1.22 06032013 12
 -1.69 -1.85 -1.48 -0.53  0.60  1.61  2.23  2.33  1.87  1.02  0.03 -0.86 07032013 00
 -1.56 -2.05 -2.16 -1.62 -0.52  0.70  1.73  2.31  2.31  1.75  0.85 -0.16 07032013 12
 -1.02 -1.66 -2.06 -1.97 -1.15  0.13  1.39  2.31  2.68  2.38  1.53  0.40 08032013 00
 -0.73 -1.64 -2.30 -2.59 -2.21 -1.05  0.39  1.69  2.51  2.69  2.14  1.11 08032013 12
 -0.12 -1.20 -2.00 -2.47 -2.40 -1.48  0.06  1.58  2.69  3.16  2.82  1.78 09032013 00
  0.41 -0.94 -2.01 -2.77 -3.12 -2.68 -1.29  0.45  1.96  2.87  3.04  2.31 09032013 12
  1.01 -0.45 -1.69 -2.56 -3.05 -2.88 -1.69  0.16  1.86  3.02  3.45  2.94 10032013 00
  1.64  0.08 -1.42 -2.52 -3.29 -3.56 -2.89 -1.16  0.80  2.34  3.17  3.12 10032013 12
  2.07  0.50 -1.10 -2.34 -3.18 -3.59 -3.16 -1.58  0.54  2.28  3.32  3.55 11032013 00
  2.71  1.11 -0.58 -2.05 -3.08 -3.79 -3.84 -2.75 -0.73  1.36  2.77  3.37 11032013 12
  3.05  1.65 -0.08 -1.67 -2.78 -3.50 -3.72 -2.90 -0.93  1.25  2.85  3.66 12032013 00
  3.59  2.37  0.65 -1.06 -2.38 -3.30 -3.81 -3.44 -1.85  0.38  2.25  3.38 12032013 12
  3.65  2.82  1.17 -0.57 -2.05 -3.02 -3.61 -3.47 -2.10  0.05  2.07  3.36 13032013 00
  3.84  3.28  1.73 -0.01 -1.63 -2.76 -3.54 -3.76 -2.88 -0.91  1.22  2.79 13032013 12
  3.55  3.37  2.09  0.37 -1.31 -2.55 -3.37 -3.71 -3.09 -1.29  0.90  2.58 14032013 00
  3.54  3.64  2.64  1.03 -0.66 -2.04 -2.96 -3.49 -3.24 -1.79  0.28  2.13 14032013 12
  3.28  3.64  2.94  1.46 -0.18 -1.63 -2.61 -3.20 -3.11 -1.90  0.09  1.98 15032013 00
  3.26  3.79  3.34  2.01  0.42 -1.10 -2.19 -2.94 -3.18 -2.48 -0.81  1.09 15032013 12
  2.56  3.34  3.27  2.21  0.74 -0.78 -1.92 -2.67 -3.01 -2.55 -1.08  0.76 16032013 00
  2.28  3.19  3.33  2.52  1.19 -0.29 -1.50 -2.32 -2.78 -2.60 -1.48  0.20 16032013 12
  1.76  2.81  3.17  2.64  1.47  0.09 -1.15 -2.01 -2.55 -2.59 -1.81 -0.32 17032013 00
  1.21  2.35  2.88  2.65  1.70  0.44 -0.78 -1.68 -2.25 -2.44 -1.95 -0.72 17032013 12
  0.71  1.90  2.59  2.59  1.88  0.79 -0.40 -1.36 -1.98 -2.28 -2.05 -1.10 18032013 00
  0.19  1.36  2.13  2.33  1.86  0.95 -0.12 -1.05 -1.68 -2.04 -2.02 -1.38 18032013 12
 -0.26  0.89  1.77  2.19  2.00  1.30  0.35 -0.58 -1.29 -1.76 -1.94 -1.64 19032013 00
 -0.79  0.26  1.17  1.74  1.80  1.37  0.65 -0.18 -0.86 -1.33 -1.59 -1.50 19032013 12
 -0.92 -0.01  0.87  1.52  1.77  1.57  1.01  0.28 -0.46 -1.05 -1.45 -1.61 20032013 00
 -1.36 -0.70  0.11  0.86  1.31  1.38  1.09  0.55 -0.10 -0.68 -1.12 -1.39 20032013 12
 -1.39 -0.98 -0.26  0.49  1.08  1.38  1.36  1.02  0.46 -0.19 -0.76 -1.20 21032013 00
 -1.45 -1.42 -1.00 -0.32  0.41  0.95  1.19  1.11  0.76  0.22 -0.38 -0.88 21032013 12
 -1.24 -1.37 -1.15 -0.56  0.15  0.81  1.26  1.41  1.20  0.70  0.02 -0.67 22032013 00
 -1.26 -1.67 -1.81 -1.45 -0.66  0.25  1.04  1.49  1.51  1.17  0.55 -0.21 22032013 12
 -0.93 -1.49 -1.83 -1.78 -1.18 -0.18  0.86  1.66  2.00  1.79  1.13  0.21 23032013 00
 -0.74 -1.53 -2.09 -2.33 -2.04 -1.12  0.07  1.14  1.81  1.94  1.47  0.59 23032013 12
 -0.43 -1.34 -1.99 -2.33 -2.20 -1.39 -0.10  1.16  2.06  2.38  2.01  1.06 24032013 00
 -0.13 -1.27 -2.13 -2.68 -2.81 -2.23 -0.93  0.57  1.79  2.44  2.39  1.60 24032013 12
  0.39 -0.89 -1.90 -2.57 -2.84 -2.46 -1.23  0.38  1.77  2.66  2.82  2.11 25032013 00
  0.84 -0.58 -1.80 -2.67 -3.20 -3.13 -2.11 -0.38  1.29  2.48  2.98  2.60 25032013 12
  1.41 -0.06 -1.48 -2.47 -3.08 -3.18 -2.36 -0.65  1.21  2.58  3.28  3.11 26032013 00
  1.96  0.42 -1.15 -2.34 -3.16 -3.55 -3.10 -1.57  0.46  2.13  3.15  3.36 26032013 12
  2.52  0.97 -0.67 -2.05 -2.97 -3.50 -3.31 -1.95  0.12  2.04  3.26  3.67 27032013 00
  3.05  1.53 -0.18 -1.75 -2.85 -3.58 -3.74 -2.80 -0.79  1.34  2.90  3.62 27032013 12
  3.42  2.10  0.37 -1.32 -2.56 -3.40 -3.75 -3.11 -1.23  1.02  2.75  3.71 28032013 00
  3.77  2.68  0.94 -0.85 -2.29 -3.28 -3.88 -3.64 -2.13  0.13  2.16  3.41 28032013 12
  3.82  3.17  1.54 -0.25 -1.86 -2.94 -3.65 -3.68 -2.47 -0.26  1.94  3.42 29032013 00
  4.07  3.72  2.24  0.47 -1.26 -2.50 -3.39 -3.76 -3.07 -1.15  1.14  2.90 29032013 12
  3.86  3.88  2.74  1.00 -0.77 -2.17 -3.13 -3.68 -3.38 -1.82  0.41  2.36 30032013 00
  3.57  3.92  3.16  1.51 -0.24 -1.78 -2.83 -3.53 -3.62 -2.53 -0.47  1.62 30032013 12
  3.09  3.73  3.43  2.06  0.36 -1.29 -2.46 -3.27 -3.59 -2.93 -1.16  0.98 31032013 00
  2.62  3.54  3.60  2.59  1.01 -0.64 -1.95 -2.83 -3.35 -3.13 -1.76  0.22 31032013 12
  2.01  3.18  3.57  2.96  1.58  0.02 -1.41 -2.39 -3.04 -3.16 -2.30 -0.58 01042013 00
  1.25  2.60  3.29  3.10  2.00  0.58 -0.86 -1.91 -2.63 -2.97 -2.56 -1.17 01042013 12
  0.57  2.04  2.96  3.14  2.43  1.18 -0.24 -1.40 -2.22 -2.76 -2.79 -1.98 02042013 00
 -0.49  1.05  2.23  2.78  2.58  1.65  0.41 -0.80 -1.69 -2.28 -2.54 -2.18 02042013 12
 -1.05  0.38  1.62  2.43  2.58  2.00  0.95 -0.24 -1.25 -1.98 -2.46 -2.53 03042013 00
 -1.91 -0.72  0.58  1.63  2.17  2.10  1.42  0.44 -0.58 -1.37 -1.91 -2.19 03042013 12
 -2.00 -1.19 -0.01  1.13  1.94  2.21  1.86  1.05  0.04 -0.91 -1.65 -2.19 04042013 00
 -2.47 -2.23 -1.37 -0.20  0.92  1.67  1.89  1.54  0.77 -0.17 -1.00 -1.61 04042013 12
 -2.00 -2.10 -1.66 -0.65  0.52  1.49  2.03  2.00  1.41  0.47 -0.55 -1.41 05042013 00
 -2.08 -2.53 -2.58 -1.95 -0.79  0.48  1.51  2.02  1.93  1.26  0.28 -0.72 05042013 12
 -1.51 -2.05 -2.30 -2.05 -1.13  0.17  1.37  2.20  2.43  1.97  0.99 -0.20 06042013 00
 -1.28 -2.10 -2.66 -2.82 -2.28 -1.01  0.45  1.68  2.38  2.40  1.69  0.59 06042013 12
 -0.63 -1.60 -2.28 -2.61 -2.35 -1.26  0.27  1.68  2.63  2.92  2.40  1.28 07042013 00
 -0.06 -1.29 -2.20 -2.80 -2.91 -2.17 -0.65  1.00  2.31  2.99  2.88  1.94 07042013 12
  0.61 -0.79 -1.87 -2.59 -2.89 -2.46 -1.08  0.68  2.18  3.11  3.25  2.47 08042013 00
  1.12 -0.40 -1.68 -2.61 -3.20 -3.17 -2.13 -0.32  1.45  2.72  3.26  2.90 08042013 12
  1.68  0.17 -1.27 -2.29 -2.94 -3.07 -2.29 -0.59  1.29  2.69  3.43  3.30 09042013 00
  2.19  0.68 -0.90 -2.10 -2.93 -3.35 -2.96 -1.49  0.48  2.19  3.23  3.46 09042013 12
  2.65  1.16 -0.43 -1.80 -2.72 -3.27 -3.16 -1.91  0.09  1.94  3.20  3.68 10042013 00
  3.15  1.76  0.13 -1.39 -2.46 -3.17 -3.30 -2.40 -0.54  1.45  2.90  3.64 10042013 12
  3.43  2.19  0.60 -1.03 -2.22 -3.02 -3.34 -2.74 -1.05  0.99  2.61  3.54 11042013 00
  3.63  2.64  1.11 -0.54 -1.86 -2.76 -3.26 -2.98 -1.53  0.50  2.29  3.45 11042013 12
  3.78  3.06  1.60 -0.05 -1.48 -2.48 -3.10 -3.09 -1.99 -0.06  1.81  3.13 12042013 00
  3.70  3.27  1.94  0.35 -1.18 -2.26 -2.99 -3.19 -2.42 -0.69  1.26  2.72 12042013 12
  3.48  3.36  2.22  0.68 -0.90 -2.09 -2.89 -3.26 -2.80 -1.27  0.67  2.28 13042013 00
  3.23  3.40  2.56  1.13 -0.42 -1.67 -2.50 -2.95 -2.71 -1.41  0.44  2.08 13042013 12
  3.18  3.57  3.07  1.90  0.45 -0.90 -1.88 -2.50 -2.53 -1.58  0.07  1.70 14042013 00
  2.89  3.41  3.09  2.03  0.64 -0.72 -1.71 -2.35 -2.51 -1.82 -0.30  1.37 14042013 12
  2.68  3.38  3.30  2.44  1.18 -0.16 -1.23 -2.01 -2.47 -2.27 -1.18  0.33 15042013 00
  1.74  2.64  2.81  2.17  1.00 -0.32 -1.40 -2.12 -2.51 -2.36 -1.34  0.18 15042013 12
  1.62  2.66  3.10  2.74  1.79  0.56 -0.61 -1.45 -2.01 -2.17 -1.58 -0.30 16042013 00
  1.10  2.22  2.81  2.72  1.95  0.82 -0.30 -1.13 -1.70 -2.01 -1.79 -0.92 16042013 12
  0.23  1.32  2.04  2.16  1.65  0.73 -0.34 -1.20 -1.75 -2.00 -1.83 -1.07 17042013 00
  0.07  1.14  1.97  2.36  2.21  1.60  0.77 -0.04 -0.63 -0.92 -0.87 -0.34 17042013 12
  0.56  1.45  2.18  2.60  2.65  2.30  1.38  0.23 -0.65 -1.25 -1.59 -1.59 18042013 00
 -1.11 -0.23  0.71  1.30  1.51  1.35  0.87  0.18 -0.48 -1.01 -1.36 -1.47 18042013 12
 -1.18 -0.49  0.32  1.03  1.43  1.44  1.07  0.44 -0.32 -1.01 -1.55 -1.89 19042013 00
 -1.91 -1.46 -0.63  0.27  0.99  1.35  1.32  0.92  0.30 -0.39 -0.98 -1.42 19042013 12
 -1.65 -1.54 -0.96 -0.11  0.71  1.30  1.50  1.30  0.74 -0.01 -0.76 -1.37 20042013 00
 -1.80 -1.98 -1.72 -0.97 -0.01  0.87  1.44  1.56  1.25  0.62 -0.17 -0.87 20042013 12
 -1.40 -1.71 -1.68 -1.14 -0.18  0.84  1.65  2.02  1.88  1.26  0.36 -0.57 21042013 00
 -1.33 -1.87 -2.15 -1.94 -1.09  0.06  1.16  1.90  2.11  1.74  0.92 -0.09 21042013 12
 -1.02 -1.69 -2.09 -2.09 -1.44 -0.23  1.03  2.01  2.46  2.25  1.44  0.33 22042013 00
 -0.77 -1.63 -2.20 -2.44 -2.06 -0.95  0.48  1.78  2.61  2.75  2.13  1.01 22042013 12
 -0.26 -1.34 -2.11 -2.56 -2.47 -1.53 -0.00  1.49  2.54  2.92  2.50  1.39 23042013 00
  0.02 -1.27 -2.22 -2.87 -3.07 -2.43 -0.93  0.79  2.20  2.97  2.95  2.02 23042013 12
  0.65 -0.80 -1.93 -2.69 -3.05 -2.68 -1.29  0.58  2.20  3.22  3.44  2.69 24042013 00
  1.30 -0.30 -1.67 -2.66 -3.33 -3.36 -2.31 -0.44  1.41  2.77  3.35  3.00 24042013 12
  1.72  0.12 -1.43 -2.54 -3.28 -3.51 -2.75 -0.93  1.14  2.71  3.57  3.55 25042013 00
  2.43  0.80 -0.90 -2.22 -3.15 -3.68 -3.37 -1.86  0.31  2.21  3.38  3.72 25042013 12
  2.99  1.39 -0.33 -1.86 -2.91 -3.60 -3.65 -2.51 -0.40  1.72  3.19  3.81 26042013 00
  3.44  1.98  0.22 -1.45 -2.66 -3.51 -3.85 -3.15 -1.24  1.03  2.78  3.70 26042013 12
  3.70  2.53  0.74 -1.04 -2.46 -3.45 -4.06 -3.83 -2.30 -0.00  2.05  3.31 27042013 00
  3.68  3.02  1.35 -0.46 -2.06 -3.14 -3.86 -3.94 -2.81 -0.65  1.59  3.12 27042013 12
  3.82  3.56  2.15  0.37 -1.36 -2.61 -3.46 -3.82 -3.19 -1.32  0.97  2.77 28042013 00
  3.80  3.92  2.88  1.19 -0.56 -1.97 -2.94 -3.54 -3.33 -1.87  0.28  2.24 28042013 12
  3.53  3.97  3.33  1.78  0.06 -1.51 -2.62 -3.42 -3.63 -2.74 -0.84  1.24 29042013 00
  2.78  3.57  3.46  2.26  0.63 -1.01 -2.22 -3.06 -3.49 -3.08 -1.53  0.51 29042013 12
  2.22  3.24  3.47  2.65  1.13 -0.49 -1.90 -2.88 -3.54 -3.61 -2.61 -0.78 30042013 00
  1.08  2.43  3.06  2.84  1.68  0.19 -1.25 -2.28 -2.97 -3.23 -2.68 -1.17 30042013 12
  0.65  2.09  2.94  3.04  2.22  0.88 -0.57 -1.76 -2.60 -3.12 -3.07 -2.10 01052013 00
 -0.47  1.11  2.28  2.79  2.50  1.46  0.16 -1.09 -1.99 -2.58 -2.80 -2.30 01052013 12
 -1.01  0.51  1.77  2.54  2.61  1.92  0.78 -0.50 -1.56 -2.32 -2.80 -2.80 02052013 00
 -2.03 -0.68  0.73  1.82  2.36  2.23  1.47  0.41 -0.68 -1.49 -2.04 -2.26 02052013 12
 -1.92 -0.88  0.44  1.60  2.35  2.50  1.98  1.02 -0.11 -1.10 -1.85 -2.37 03052013 00
 -2.51 -1.99 -0.87  0.42  1.54  2.20  2.26  1.73  0.85 -0.14 -0.96 -1.54 03052013 12
 -1.87 -1.78 -1.02  0.15  1.31  2.19  2.52  2.24  1.44  0.39 -0.67 -1.51 04052013 00
 -2.14 -2.47 -2.23 -1.29 -0.00  1.23  2.07  2.34  1.98  1.14  0.09 -0.84 04052013 12
 -1.55 -2.00 -2.07 -1.50 -0.33  0.94  1.95  2.47  2.36  1.63  0.55 -0.58 05052013 00
 -1.50 -2.18 -2.57 -2.42 -1.50 -0.13  1.21  2.16  2.51  2.17  1.27  0.12 05052013 12
 -0.95 -1.74 -2.26 -2.38 -1.78 -0.51  0.91  2.05  2.68  2.59  1.78  0.59 06052013 00
 -0.67 -1.68 -2.40 -2.81 -2.62 -1.58 -0.07  1.38  2.38  2.72  2.27  1.21 06052013 12
 -0.07 -1.23 -2.06 -2.57 -2.60 -1.83 -0.36  1.19  2.35  2.92  2.70  1.72 07052013 00
  0.39 -0.94 -1.96 -2.65 -2.95 -2.53 -1.21  0.46  1.90  2.80  2.95  2.23 07052013 12
  0.99 -0.41 -1.57 -2.35 -2.76 -2.54 -1.38  0.31  1.88  2.95  3.34  2.85 08052013 00
  1.70  0.27 -1.07 -2.06 -2.70 -2.79 -1.95 -0.31  1.40  2.70  3.35  3.14 08052013 12
  2.12  0.71 -0.71 -1.80 -2.55 -2.85 -2.32 -0.84  0.96  2.45  3.32  3.42 09052013 00
  2.61  1.32 -0.14 -1.36 -2.22 -2.71 -2.49 -1.27  0.48  2.10  3.16  3.45 09052013 12
  2.79  1.48 -0.03 -1.36 -2.33 -2.96 -3.00 -2.05 -0.31  1.48  2.76  3.32 10052013 00
  2.98  1.80  0.34 -1.09 -2.13 -2.80 -3.01 -2.33 -0.71  1.12  2.56  3.33 10052013 12
  3.27  2.27  0.83 -0.70 -1.89 -2.69 -3.09 -2.77 -1.40  0.46  2.10  3.14 11052013 00
  3.33  2.58  1.23 -0.28 -1.53 -2.39 -2.89 -2.75 -1.63  0.15  1.81  2.94 11052013 12
  3.36  2.82  1.53  0.01 -1.38 -2.38 -3.05 -3.21 -2.42 -0.78  1.01  2.34 12052013 00
  3.01  2.88  1.86  0.49 -0.91 -1.93 -2.58 -2.81 -2.21 -0.70  1.11  2.55 12052013 12
  3.34  3.29  2.38  1.02 -0.43 -1.59 -2.40 -2.87 -2.67 -1.48  0.21  1.77 13052013 00
  2.79  3.08  2.50  1.30 -0.09 -1.29 -2.12 -2.62 -2.57 -1.62  0.01  1.62 13052013 12
  2.75  3.21  2.83  1.74  0.38 -0.91 -1.86 -2.50 -2.71 -2.15 -0.78  0.80 14052013 00
  2.09  2.78  2.72  1.86  0.61 -0.68 -1.67 -2.31 -2.60 -2.24 -1.07  0.46 14052013 12
  1.79  2.63  2.81  2.17  1.02 -0.27 -1.37 -2.14 -2.58 -2.52 -1.72 -0.36 15052013 00
  1.04  2.09  2.53  2.25  1.33  0.15 -0.95 -1.71 -2.14 -2.21 -1.63 -0.40 15052013 12
  0.95  2.00  2.54  2.41  1.63  0.53 -0.62 -1.52 -2.12 -2.41 -2.12 -1.12 16052013 00
  0.20  1.39  2.17  2.35  1.88  0.97 -0.08 -0.98 -1.60 -1.94 -1.86 -1.14 16052013 12
  0.05  1.22  2.07  2.41  2.11  1.31  0.27 -0.72 -1.47 -1.99 -2.19 -1.85 17052013 00
 -0.90  0.27  1.30  1.91  1.97  1.48  0.66 -0.26 -1.02 -1.55 -1.80 -1.65 17052013 12
 -0.93  0.16  1.19  1.92  2.16  1.85  1.12  0.19 -0.70 -1.38 -1.84 -2.01 18052013 00
 -1.67 -0.81  0.25  1.21  1.80  1.87  1.45  0.70 -0.18 -0.92 -1.44 -1.73 18052013 12
 -1.66 -1.03 -0.04  0.94  1.66  1.94  1.70  1.03  0.13 -0.75 -1.44 -1.92 19052013 00
 -2.12 -1.85 -1.02  0.06  1.05  1.69  1.83  1.47  0.75 -0.13 -0.91 -1.50 19052013 12
 -1.85 -1.84 -1.28 -0.25  0.83  1.68  2.08  1.92  1.26  0.32 -0.64 -1.42 20052013 00
 -2.00 -2.31 -2.11 -1.27 -0.07  1.08  1.88  2.14  1.81  1.02  0.02 -0.92 20052013 12
 -1.62 -2.05 -2.12 -1.59 -0.46  0.80  1.81  2.31  2.17  1.42  0.33 -0.79 21052013 00
 -1.69 -2.33 -2.66 -2.44 -1.46 -0.07  1.28  2.23  2.55  2.15  1.18 -0.02 21052013 12
 -1.13 -1.93 -2.43 -2.51 -1.85 -0.50  0.98  2.12  2.70  2.55  1.65  0.37 22052013 00
 -0.93 -1.95 -2.65 -2.99 -2.68 -1.48  0.19  1.70  2.71  3.01  2.42  1.23 22052013 12
 -0.16 -1.41 -2.27 -2.81 -2.85 -2.00 -0.38  1.30  2.55  3.16  2.85  1.66 23052013 00
  0.17 -1.26 -2.27 -2.96 -3.27 -2.78 -1.26  0.68  2.27  3.21  3.34  2.45 23052013 12
  1.00 -0.57 -1.87 -2.77 -3.33 -3.24 -2.06 -0.15  1.71  2.99  3.46  2.92 24052013 00
  1.46 -0.20 -1.74 -2.83 -3.57 -3.80 -3.03 -1.16  0.93  2.53  3.36  3.33 24052013 12
  2.21  0.53 -1.14 -2.44 -3.32 -3.80 -3.45 -1.91  0.27  2.14  3.30  3.62 25052013 00
  2.88  1.28 -0.45 -1.98 -3.03 -3.73 -3.77 -2.62 -0.52  1.63  3.11  3.76 25052013 12
  3.47  2.06  0.32 -1.40 -2.64 -3.52 -3.93 -3.34 -1.49  0.77  2.58  3.60 26052013 00
  3.73  2.73  1.03 -0.73 -2.17 -3.15 -3.73 -3.52 -2.03  0.22  2.28  3.59 26052013 12
  4.07  3.47  1.89  0.11 -1.53 -2.68 -3.48 -3.69 -2.73 -0.67  1.54  3.20 27052013 00
  4.05  3.92  2.67  0.98 -0.76 -2.05 -3.00 -3.51 -3.09 -1.41  0.80  2.69 27052013 12
  3.80  4.04  3.16  1.52 -0.25 -1.75 -2.83 -3.57 -3.66 -2.58 -0.54  1.53 28052013 00
  3.03  3.68  3.40  2.06  0.40 -1.20 -2.34 -3.13 -3.46 -2.83 -1.08  1.04 28052013 12
  2.67  3.59  3.65  2.62  1.03 -0.66 -2.02 -3.00 -3.63 -3.58 -2.42 -0.49 29052013 00
  1.42  2.73  3.25  2.88  1.56  0.03 -1.41 -2.40 -3.05 -3.20 -2.41 -0.71 29052013 12
  1.18  2.60  3.39  3.32  2.26  0.78 -0.77 -1.97 -2.83 -3.35 -3.20 -2.02 30052013 00
 -0.27  1.39  2.54  2.96  2.51  1.32 -0.07 -1.35 -2.23 -2.77 -2.86 -2.09 30052013 12
 -0.56  1.08  2.32  2.97  2.84  1.88  0.56 -0.82 -1.89 -2.66 -3.09 -2.92 31052013 00
 -1.87 -0.31  1.16  2.22  2.60  2.20  1.17 -0.04 -1.16 -1.95 -2.45 -2.53 31052013 12
 -1.88 -0.56  0.88  2.00  2.61  2.52  1.73  0.56 -0.67 -1.65 -2.36 -2.79 01062013 00
 -2.70 -1.84 -0.48  0.87  1.87  2.28  2.03  1.18  0.09 -0.94 -1.69 -2.19 01062013 12
 -2.34 -1.89 -0.79  0.50  1.58  2.23  2.26  1.63  0.61 -0.52 -1.46 -2.15 02062013 00
 -2.59 -2.59 -1.91 -0.71  0.57  1.58  2.07  1.93  1.21  0.21 -0.81 -1.59 02062013 12
 -2.10 -2.30 -1.98 -1.01  0.23  1.34  2.06  2.21  1.71  0.77 -0.34 -1.31 03062013 00
 -2.03 -2.50 -2.59 -2.04 -0.89  0.41  1.48  2.04  1.98  1.31  0.32 -0.73 03062013 12
 -1.55 -2.11 -2.37 -2.12 -1.19  0.10  1.28  2.07  2.27  1.80  0.85 -0.28 04062013 00
 -1.30 -2.04 -2.52 -2.59 -1.99 -0.76  0.59  1.69  2.27  2.19  1.45  0.37 04062013 12
 -0.75 -1.62 -2.21 -2.47 -2.17 -1.15  0.22  1.44  2.23  2.40  1.86  0.84 05062013 00
 -0.35 -1.39 -2.13 -2.57 -2.54 -1.76 -0.39  1.02  2.08  2.56  2.31  1.40 05062013 12
  0.20 -0.98 -1.86 -2.44 -2.64 -2.17 -0.95  0.52  1.74  2.46  2.48  1.76 06062013 00
  0.59 -0.67 -1.69 -2.38 -2.73 -2.50 -1.45  0.07  1.48  2.43  2.71  2.20 06062013 12
  1.10 -0.21 -1.39 -2.23 -2.74 -2.77 -2.01 -0.56  0.96  2.10  2.64  2.41 07062013 00
  1.42  0.12 -1.16 -2.10 -2.69 -2.87 -2.31 -0.92  0.70  2.02  2.76  2.76 07062013 12
  1.93  0.65 -0.72 -1.83 -2.59 -2.99 -2.76 -1.62  0.02  1.49  2.48  2.75 08062013 00
  2.18  0.98 -0.39 -1.61 -2.42 -2.88 -2.77 -1.79 -0.15  1.45  2.56  3.03 08062013 12
  2.66  1.54  0.14 -1.21 -2.20 -2.85 -3.04 -2.42 -0.95  0.74  2.10  2.82 09062013 00
  2.77  1.83  0.48 -0.91 -1.98 -2.66 -2.92 -2.45 -1.07  0.68  2.13  3.01 09062013 12
  3.14  2.37  1.06 -0.40 -1.63 -2.49 -3.00 -2.90 -1.85 -0.17  1.44  2.57 10062013 00
  3.00  2.54  1.35 -0.05 -1.36 -2.25 -2.78 -2.77 -1.87 -0.22  1.47  2.69 10062013 12
  3.29  3.04  1.96  0.54 -0.86 -1.92 -2.63 -2.92 -2.44 -1.05  0.64  2.05 11062013 00
  2.87  2.92  2.10  0.81 -0.58 -1.69 -2.41 -2.75 -2.39 -1.10  0.63  2.14 11062013 12
  3.11  3.35  2.71  1.48  0.05 -1.20 -2.09 -2.67 -2.71 -1.86 -0.33  1.26 12062013 00
  2.43  2.92  2.60  1.57  0.23 -1.04 -1.94 -2.48 -2.52 -1.76 -0.24  1.38 12062013 12
  2.60  3.23  3.09  2.17  0.87 -0.49 -1.57 -2.33 -2.74 -2.49 -1.36  0.22 13062013 00
  1.65  2.55  2.75  2.14  1.00 -0.29 -1.38 -2.10 -2.48 -2.33 -1.37  0.14 13062013 12
  1.57  2.56  2.92  2.49  1.42  0.11 -1.10 -1.99 -2.56 -2.72 -2.13 -0.79 14062013 00
  0.72  1.94  2.59  2.55  1.81  0.71 -0.45 -1.35 -1.92 -2.12 -1.66 -0.46 14062013 12
  0.96  2.12  2.83  2.88  2.25  1.15 -0.08 -1.12 -1.86 -2.33 -2.30 -1.51 15062013 00
 -0.21  1.16  2.18  2.59  2.29  1.43  0.34 -0.71 -1.46 -1.93 -2.05 -1.52 15062013 12
 -0.38  0.90  1.95  2.52  2.44  1.73  0.65 -0.50 -1.42 -2.07 -2.42 -2.25 16062013 00
 -1.37 -0.10  1.14  2.01  2.30  1.96  1.14  0.11 -0.84 -1.52 -1.93 -1.96 16062013 12
 -1.38 -0.25  0.96  1.91  2.38  2.22  1.49  0.45 -0.61 -1.46 -2.07 -2.38 17062013 00
 -2.20 -1.34 -0.13  1.03  1.86  2.13  1.79  0.99 -0.00 -0.92 -1.59 -2.00 17062013 12
 -2.05 -1.52 -0.43  0.78  1.74  2.24  2.14  1.47  0.48 -0.56 -1.40 -1.99 18062013 00
 -2.34 -2.21 -1.41 -0.20  1.03  1.92  2.26  1.99  1.21  0.20 -0.77 -1.51 18062013 12
 -2.00 -2.14 -1.68 -0.62  0.63  1.69  2.30  2.29  1.65  0.64 -0.47 -1.40 19062013 00
 -2.09 -2.52 -2.48 -1.72 -0.43  0.92  1.94  2.39  2.17  1.34  0.24 -0.85 19062013 12
 -1.69 -2.26 -2.50 -2.12 -1.00  0.42  1.66  2.44  2.56  1.95  0.86 -0.37 20062013 00
 -1.42 -2.19 -2.67 -2.65 -1.81 -0.35  1.18  2.35  2.90  2.70  1.79  0.53 20062013 12
 -0.74 -1.72 -2.40 -2.71 -2.34 -1.07  0.56  2.00  2.88  3.03  2.32  1.08 21062013 00
 -0.34 -1.54 -2.42 -2.98 -2.97 -2.00 -0.30  1.44  2.71  3.32  3.07  2.00 21062013 12
  0.60 -0.84 -1.92 -2.66 -2.96 -2.44 -0.94  0.94  2.51  3.47  3.60  2.78 22062013 00
  1.38 -0.19 -1.48 -2.41 -2.99 -2.90 -1.73  0.14  2.00  3.31  3.84  3.39 22062013 12
  2.09  0.45 -1.11 -2.28 -3.09 -3.40 -2.77 -1.11  0.91  2.57  3.52  3.61 23062013 00
  2.60  1.00 -0.65 -1.94 -2.86 -3.43 -3.27 -1.90  0.22  2.15  3.37  3.80 23062013 12
  3.16  1.63 -0.08 -1.66 -2.81 -3.65 -3.93 -3.11 -1.16  1.01  2.68  3.54 24062013 00
  3.49  2.30  0.58 -1.13 -2.46 -3.35 -3.82 -3.37 -1.66  0.62  2.49  3.62 24062013 12
  3.90  3.04  1.37 -0.43 -2.00 -3.11 -3.89 -4.00 -2.92 -0.82  1.39  2.93 25062013 00
  3.62  3.38  2.02  0.25 -1.44 -2.67 -3.50 -3.85 -3.16 -1.24  1.03  2.78 25062013 12
  3.75  3.83  2.74  1.00 -0.80 -2.26 -3.30 -3.99 -3.91 -2.61 -0.44  1.65 26062013 00
  3.01  3.52  3.07  1.57 -0.15 -1.75 -2.85 -3.57 -3.74 -2.79 -0.76  1.38 26062013 12
  2.93  3.70  3.58  2.33  0.64 -1.07 -2.39 -3.35 -3.90 -3.62 -2.17 -0.03 27062013 00
  1.85  3.03  3.39  2.77  1.27 -0.36 -1.80 -2.76 -3.35 -3.32 -2.18 -0.22 27062013 12
  1.68  3.00  3.61  3.25  1.95  0.36 -1.22 -2.37 -3.19 -3.60 -3.14 -1.63 28062013 00
  0.35  1.99  3.00  3.19  2.42  1.01 -0.48 -1.72 -2.53 -3.00 -2.85 -1.69 28062013 12
  0.11  1.74  2.86  3.26  2.74  1.49  0.02 -1.35 -2.35 -3.06 -3.31 -2.73 29062013 00
 -1.29  0.42  1.80  2.60  2.66  1.88  0.63 -0.67 -1.70 -2.37 -2.71 -2.43 29062013 12
 -1.30  0.27  1.68  2.60  2.88  2.36  1.26 -0.05 -1.21 -2.06 -2.62 -2.76 30062013 00
 -2.15 -0.85  0.61  1.82  2.50  2.49  1.79  0.71 -0.43 -1.31 -1.90 -2.20 30062013 12
 -1.97 -1.02  0.29  1.49  2.31  2.51  2.05  1.11 -0.02 -1.03 -1.78 -2.28 01072013 00
 -2.41 -1.91 -0.81  0.44  1.50  2.10  2.09  1.50  0.58 -0.43 -1.22 -1.76 01072013 12
 -2.03 -1.86 -1.05  0.10  1.20  1.97  2.23  1.91  1.14  0.16 -0.75 -1.43 02072013 00
 -1.87 -1.99 -1.56 -0.57  0.58  1.59  2.19  2.25  1.76  0.94  0.01 -0.78 02072013 12
 -1.35 -1.70 -1.65 -0.98  0.06  1.10  1.86  2.15  1.89  1.18  0.22 -0.69 03072013 00
 -1.39 -1.89 -2.12 -1.82 -0.93  0.21  1.26  1.92  2.05  1.63  0.82 -0.14 03072013 12
 -0.97 -1.57 -1.93 -1.91 -1.27 -0.16  0.98  1.85  2.25  2.08  1.42  0.49 04072013 00
 -0.49 -1.28 -1.83 -2.07 -1.78 -0.86  0.34  1.42  2.09  2.18  1.66  0.74 04072013 12
 -0.32 -1.24 -1.89 -2.27 -2.23 -1.54 -0.36  0.85  1.74  2.11  1.85  1.03 05072013 00
 -0.03 -1.04 -1.80 -2.29 -2.41 -1.90 -0.74  0.61  1.72  2.35  2.33  1.64 05072013 12
  0.57 -0.60 -1.55 -2.20 -2.55 -2.37 -1.45 -0.09  1.19  2.06  2.32  1.86 06072013 00
  0.86 -0.33 -1.39 -2.12 -2.53 -2.48 -1.68 -0.29  1.13  2.17  2.64  2.37 06072013 12
  1.41  0.14 -1.09 -2.02 -2.64 -2.87 -2.44 -1.22  0.29  1.56  2.31  2.35 07072013 00
  1.59  0.39 -0.90 -1.94 -2.61 -2.90 -2.57 -1.39  0.22  1.61  2.53  2.77 07072013 12
  2.17  0.97 -0.42 -1.64 -2.49 -3.02 -3.03 -2.19 -0.65  0.91  2.07  2.60 08072013 00
  2.30  1.22 -0.13 -1.45 -2.37 -2.91 -2.99 -2.25 -0.72  0.96  2.22  2.90 08072013 12
  2.80  1.82  0.45 -0.99 -2.10 -2.85 -3.22 -2.90 -1.62  0.11  1.63  2.57 09072013 00
  2.76  2.06  0.75 -0.68 -1.90 -2.69 -3.09 -2.88 -1.70  0.08  1.68  2.75 09072013 12
  3.13  2.61  1.35 -0.13 -1.51 -2.49 -3.14 -3.26 -2.50 -0.88  0.86  2.18 10072013 00
  2.85  2.66  1.58  0.15 -1.27 -2.30 -2.93 -3.12 -2.48 -0.93  0.88  2.28 10072013 12
  3.06  3.07  2.12  0.70 -0.81 -2.01 -2.84 -3.30 -3.07 -1.84 -0.05  1.58 11072013 00
  2.63  2.94  2.33  1.01 -0.44 -1.74 -2.59 -3.06 -2.94 -1.87 -0.10  1.56 11072013 12
  2.70  3.19  2.77  1.55  0.08 -1.34 -2.36 -3.04 -3.24 -2.58 -1.04  0.74 12072013 00
  2.10  2.84  2.77  1.79  0.40 -1.01 -2.07 -2.74 -3.00 -2.51 -1.10  0.65 12072013 12
  2.09  2.94  3.05  2.25  0.92 -0.55 -1.77 -2.62 -3.12 -3.03 -1.99 -0.32 13072013 00
  1.26  2.39  2.81  2.38  1.21 -0.15 -1.43 -2.29 -2.81 -2.82 -1.99 -0.43 13072013 12
  1.17  2.33  2.89  2.67  1.65  0.30 -1.05 -2.07 -2.75 -3.04 -2.65 -1.37 14072013 00
  0.24  1.63  2.48  2.61  1.92  0.73 -0.58 -1.64 -2.33 -2.68 -2.46 -1.42 14072013 12
  0.12  1.53  2.47  2.78  2.29  1.20 -0.11 -1.30 -2.15 -2.70 -2.82 -2.20 15072013 00
 -0.87  0.60  1.79  2.41  2.33  1.52  0.38 -0.80 -1.69 -2.26 -2.48 -2.13 15072013 12
 -1.04  0.37  1.60  2.38  2.52  1.94  0.87 -0.34 -1.38 -2.11 -2.57 -2.58 16072013 00
 -1.89 -0.63  0.71  1.76  2.26  2.10  1.32  0.26 -0.81 -1.60 -2.12 -2.33 16072013 12
 -1.97 -0.95  0.34  1.47  2.19  2.31  1.75  0.77 -0.34 -1.30 -1.98 -2.42 17072013 00
 -2.45 -1.83 -0.67  0.59  1.60  2.11  2.01  1.33  0.35 -0.67 -1.48 -2.04 17072013 12
 -2.31 -2.10 -1.22  0.01  1.17  1.96  2.18  1.77  0.89 -0.17 -1.13 -1.86 18072013 00
 -2.35 -2.50 -2.04 -0.95  0.33  1.45  2.11  2.17  1.60  0.65 -0.43 -1.33 18072013 12
 -1.99 -2.40 -2.36 -1.63 -0.38  0.90  1.88  2.31  2.09  1.28  0.18 -0.91 19072013 00
 -1.76 -2.36 -2.64 -2.33 -1.27  0.15  1.45  2.31  2.54  2.04  1.02 -0.21 19072013 12
 -1.30 -2.13 -2.67 -2.77 -2.12 -0.76  0.74  1.96  2.60  2.52  1.71  0.50 20072013 00
 -0.77 -1.80 -2.53 -2.92 -2.69 -1.55  0.09  1.61  2.65  2.99  2.48  1.32 20072013 12
 -0.09 -1.37 -2.34 -3.00 -3.18 -2.51 -0.97  0.81  2.20  2.97  2.95  2.01 21072013 00
  0.62 -0.85 -2.00 -2.81 -3.24 -2.95 -1.60  0.30  2.00  3.11  3.46  2.82 21072013 12
  1.45 -0.14 -1.58 -2.63 -3.36 -3.55 -2.73 -0.90  1.08  2.59  3.38  3.29 22072013 00
  2.18  0.61 -1.00 -2.22 -3.07 -3.48 -3.01 -1.39  0.75  2.53  3.60  3.86 22072013 12
  3.01  1.43 -0.31 -1.81 -2.90 -3.65 -3.74 -2.67 -0.61  1.52  3.05  3.73 23072013 00
  3.46  2.10  0.39 -1.29 -2.50 -3.34 -3.67 -2.94 -1.01  1.28  3.00  3.97 23072013 12
  4.02  2.89  1.17 -0.65 -2.11 -3.18 -3.87 -3.76 -2.36 -0.13  2.01  3.39 24072013 00
  3.89  3.38  1.81  0.03 -1.62 -2.75 -3.51 -3.66 -2.60 -0.43  1.81  3.40 24072013 12
  4.16  3.94  2.55  0.78 -1.03 -2.38 -3.39 -3.94 -3.54 -1.86  0.46  2.40 25072013 00
  3.58  3.85  3.02  1.34 -0.42 -1.93 -2.94 -3.58 -3.46 -2.06  0.16  2.24 25072013 12
  3.60  4.13  3.59  2.05  0.27 -1.41 -2.61 -3.48 -3.82 -3.10 -1.21  0.97 26072013 00
  2.66  3.57  3.56  2.45  0.79 -0.88 -2.18 -3.05 -3.50 -3.07 -1.45  0.69 26072013 12
  2.49  3.57  3.85  3.03  1.48 -0.20 -1.66 -2.69 -3.38 -3.47 -2.46 -0.55 27072013 00
  1.36  2.76  3.40  3.13  1.90  0.35 -1.15 -2.21 -2.91 -3.12 -2.42 -0.73 27072013 12
  1.18  2.65  3.48  3.49  2.51  1.08 -0.44 -1.65 -2.49 -2.99 -2.80 -1.60 28072013 00
  0.13  1.73  2.82  3.19  2.66  1.47  0.08 -1.17 -2.03 -2.56 -2.59 -1.76 28072013 12
 -0.23  1.34  2.52  3.09  2.88  1.93  0.65 -0.63 -1.61 -2.27 -2.57 -2.22 29072013 00
 -1.07  0.39  1.69  2.50  2.65  2.06  1.01 -0.16 -1.15 -1.82 -2.20 -2.11 29072013 12
 -1.31 -0.03  1.22  2.15  2.52  2.21  1.36  0.27 -0.77 -1.54 -2.05 -2.24 30072013 00
 -1.86 -0.85  0.37  1.44  2.08  2.14  1.62  0.76 -0.21 -1.01 -1.56 -1.87 30072013 12
 -1.78 -1.13 -0.09  0.95  1.73  2.03  1.79  1.11  0.22 -0.64 -1.28 -1.70 31072013 00
 -1.87 -1.57 -0.74  0.29  1.22  1.81  1.93  1.58  0.91  0.09 -0.63 -1.17 31072013 12
 -1.51 -1.54 -1.08 -0.22  0.70  1.43  1.77  1.67  1.19  0.49 -0.28 -0.91 01082013 00
 -1.34 -1.56 -1.37 -0.69  0.25  1.15  1.76  1.96  1.71  1.12  0.35 -0.39 01082013 12
 -1.00 -1.43 -1.58 -1.26 -0.47  0.46  1.26  1.74  1.80  1.43  0.77 -0.03 02082013 00
 -0.74 -1.26 -1.55 -1.45 -0.81  0.18  1.18  1.90  2.18  1.98  1.36  0.50 02082013 12
 -0.36 -1.07 -1.59 -1.83 -1.56 -0.72  0.34  1.31  1.91  2.01  1.58  0.77 03082013 00
 -0.18 -1.00 -1.57 -1.89 -1.81 -1.10  0.05  1.20  2.04  2.37  2.10  1.31 03082013 12
  0.26 -0.76 -1.55 -2.08 -2.26 -1.83 -0.75  0.53  1.62  2.23  2.23  1.62 04082013 00
  0.62 -0.47 -1.35 -1.94 -2.21 -1.95 -0.94  0.44  1.69  2.51  2.71  2.18 04082013 12
  1.15 -0.07 -1.16 -1.97 -2.47 -2.49 -1.75 -0.39  1.05  2.17  2.67  2.43 05082013 00
  1.51  0.27 -0.94 -1.84 -2.40 -2.53 -1.94 -0.58  1.01  2.26  2.94  2.86 05082013 12
  1.97  0.67 -0.68 -1.77 -2.52 -2.93 -2.68 -1.53  0.11  1.60  2.58  2.82 06082013 00
  2.19  0.97 -0.41 -1.61 -2.42 -2.87 -2.72 -1.64  0.08  1.70  2.80  3.24 06082013 12
  2.77  1.56  0.09 -1.29 -2.29 -2.96 -3.12 -2.39 -0.79  0.98  2.34  3.05 07082013 00
  2.92  1.85  0.41 -1.06 -2.15 -2.84 -3.10 -2.52 -0.97  0.89  2.39  3.25 07082013 12
  3.31  2.37  0.92 -0.64 -1.91 -2.80 -3.30 -3.12 -1.87  0.01  1.74  2.89 08082013 00
  3.25  2.65  1.28 -0.27 -1.65 -2.58 -3.12 -3.05 -1.93 -0.02  1.80  3.06 08082013 12
  3.60  3.19  1.90  0.35 -1.17 -2.27 -3.03 -3.31 -2.64 -0.98  0.95  2.45 09082013 00
  3.25  3.18  2.09  0.56 -1.01 -2.19 -2.98 -3.34 -2.85 -1.29  0.69  2.31 09082013 12
  3.25  3.40  2.51  1.00 -0.61 -1.95 -2.88 -3.44 -3.34 -2.13 -0.20  1.61 10082013 00
  2.83  3.28  2.78  1.42 -0.13 -1.57 -2.54 -3.12 -3.15 -2.15 -0.31  1.57 10082013 12
  2.89  3.51  3.18  1.95  0.42 -1.11 -2.24 -3.01 -3.33 -2.77 -1.21  0.71 11082013 00
  2.25  3.12  3.17  2.23  0.79 -0.73 -1.91 -2.68 -3.07 -2.73 -1.37  0.50 11082013 12
  2.10  3.11  3.35  2.63  1.29 -0.22 -1.52 -2.44 -3.03 -3.07 -2.13 -0.44 12082013 00
  1.27  2.50  3.07  2.76  1.63  0.23 -1.14 -2.10 -2.72 -2.91 -2.30 -0.81 12082013 12
  0.88  2.21  2.94  2.89  1.98  0.66 -0.75 -1.85 -2.59 -2.99 -2.74 -1.60 13082013 00
  0.03  1.49  2.48  2.77  2.22  1.08 -0.24 -1.40 -2.18 -2.65 -2.65 -1.86 13082013 12
 -0.42  1.06  2.18  2.70  2.48  1.57  0.34 -0.89 -1.80 -2.42 -2.68 -2.31 14082013 00
 -1.18  0.24  1.50  2.30  2.45  1.90  0.90 -0.25 -1.22 -1.90 -2.30 -2.24 14082013 12
 -1.49 -0.23  1.05  2.02  2.46  2.23  1.44  0.38 -0.67 -1.48 -2.03 -2.28 15082013 00
 -1.98 -1.02  0.24  1.39  2.15  2.33  1.91  1.07  0.06 -0.84 -1.51 -1.94 15082013 12
 -2.00 -1.45 -0.39  0.78  1.75  2.25  2.15  1.52  0.60 -0.39 -1.20 -1.81 16082013 00
 -2.20 -2.14 -1.41 -0.25  0.94  1.85  2.25  2.06  1.37  0.40 -0.57 -1.36 16082013 12
 -1.93 -2.23 -2.02 -1.13  0.08  1.24  2.06  2.33  2.00  1.21  0.23 -0.67 17082013 00
 -1.35 -1.78 -1.85 -1.31 -0.16  1.14  2.22  2.81  2.78  2.15  1.11 -0.07 17082013 12
 -1.12 -1.91 -2.44 -2.46 -1.69 -0.36  1.09  2.21  2.72  2.54  1.71  0.55 18082013 00
 -0.63 -1.58 -2.27 -2.59 -2.24 -1.04  0.51  1.90  2.79  2.98  2.36  1.20 18082013 12
 -0.16 -1.35 -2.25 -2.86 -2.95 -2.15 -0.58  1.10  2.40  3.05  2.89  1.88 19082013 00
  0.50 -0.92 -1.99 -2.74 -3.08 -2.64 -1.18  0.68  2.25  3.23  3.41  2.61 19082013 12
  1.20 -0.40 -1.77 -2.78 -3.46 -3.52 -2.53 -0.65  1.26  2.67  3.32  3.06 20082013 00
  1.82  0.24 -1.31 -2.45 -3.22 -3.49 -2.79 -1.01  1.11  2.72  3.64  3.70 20082013 12
  2.64  1.03 -0.70 -2.08 -3.08 -3.70 -3.55 -2.18 -0.06  1.96  3.30  3.79 21082013 00
  3.24  1.71 -0.02 -1.63 -2.74 -3.50 -3.65 -2.63 -0.53  1.65  3.22  3.96 21082013 12
  3.73  2.34  0.57 -1.21 -2.54 -3.51 -4.03 -3.60 -1.87  0.43  2.35  3.50 22082013 00
  3.74  2.87  1.15 -0.64 -2.16 -3.16 -3.77 -3.59 -2.11  0.18  2.30  3.63 22082013 12
  4.13  3.54  1.92  0.10 -1.61 -2.81 -3.68 -3.98 -3.12 -1.07  1.20  2.92 23082013 00
  3.77  3.68  2.42  0.64 -1.10 -2.43 -3.31 -3.74 -3.17 -1.35  0.97  2.78 23082013 12
  3.83  4.00  3.01  1.28 -0.52 -2.00 -3.03 -3.73 -3.70 -2.44 -0.33  1.74 24082013 00
  3.11  3.62  3.16  1.66 -0.06 -1.66 -2.75 -3.46 -3.59 -2.62 -0.62  1.46 24082013 12
  2.95  3.69  3.52  2.26  0.61 -1.05 -2.29 -3.17 -3.61 -3.21 -1.68  0.36 25082013 00
  2.05  3.04  3.22  2.39  0.87 -0.71 -2.04 -2.90 -3.39 -3.22 -1.95 -0.05 25082013 12
  1.70  2.85  3.27  2.74  1.41 -0.11 -1.52 -2.49 -3.12 -3.26 -2.49 -0.86 26082013 00
  0.90  2.21  2.89  2.75  1.72  0.35 -1.04 -2.05 -2.70 -2.95 -2.49 -1.15 26082013 12
  0.50  1.86  2.69  2.80  2.07  0.87 -0.46 -1.55 -2.28 -2.69 -2.56 -1.62 27082013 00
 -0.17  1.22  2.19  2.54  2.14  1.15 -0.05 -1.14 -1.90 -2.37 -2.45 -1.87 27082013 12
 -0.67  0.64  1.68  2.23  2.11  1.38  0.34 -0.73 -1.54 -2.06 -2.29 -2.01 28082013 00
 -1.11  0.08  1.15  1.86  2.03  1.60  0.77 -0.20 -1.04 -1.62 -1.96 -1.95 28082013 12
 -1.39 -0.41  0.63  1.44  1.82  1.68  1.09  0.27 -0.54 -1.16 -1.56 -1.73 29082013 00
 -1.48 -0.76  0.15  0.98  1.55  1.67  1.36  0.73 -0.05 -0.73 -1.24 -1.57 29082013 12
 -1.64 -1.28 -0.54  0.30  1.00  1.36  1.33  0.96  0.36 -0.30 -0.83 -1.20 30082013 00
 -1.39 -1.29 -0.76  0.04  0.84  1.45  1.69  1.54  1.11  0.51 -0.18 -0.88 30082013 12
 -1.42 -1.70 -1.58 -1.05 -0.29  0.47  1.02  1.20  1.01  0.53 -0.12 -0.74 31082013 00
 -1.20 -1.49 -1.53 -1.18 -0.44  0.39  1.10  1.53  1.58  1.21  0.53 -0.27 31082013 12
 -0.98 -1.51 -1.84 -1.85 -1.33 -0.42  0.55  1.31  1.65  1.51  0.96  0.17 01092013 00
 -0.66 -1.33 -1.75 -1.88 -1.53 -0.65  0.44  1.39  2.00  2.08  1.60  0.72 01092013 12
 -0.27 -1.13 -1.77 -2.16 -2.13 -1.46 -0.32  0.87  1.77  2.13  1.86  1.05 02092013 00
  0.00 -1.00 -1.73 -2.18 -2.23 -1.67 -0.50  0.82  1.90  2.47  2.38  1.60 02092013 12
  0.45 -0.75 -1.72 -2.38 -2.71 -2.44 -1.39  0.06  1.40  2.26  2.47  1.91 03092013 00
  0.81 -0.45 -1.54 -2.28 -2.65 -2.48 -1.50  0.03  1.50  2.52  2.91  2.48 03092013 12
  1.38 -0.00 -1.29 -2.24 -2.86 -3.00 -2.31 -0.80  0.88  2.18  2.85  2.73 04092013 00
  1.75  0.40 -0.98 -2.03 -2.69 -2.93 -2.38 -0.90  0.89  2.35  3.20  3.25 04092013 12
  2.36  0.95 -0.59 -1.83 -2.69 -3.18 -3.00 -1.78  0.07  1.76  2.90  3.26 05092013 00
  2.66  1.29 -0.27 -1.66 -2.60 -3.16 -3.13 -2.06 -0.16  1.69  2.97  3.53 05092013 12
  3.13  1.81  0.22 -1.33 -2.45 -3.21 -3.47 -2.77 -1.02  1.02  2.56  3.38 06092013 00
  3.32  2.21  0.62 -1.01 -2.25 -3.06 -3.44 -2.96 -1.35  0.74  2.43  3.42 06092013 12
  3.60  2.66  1.07 -0.61 -2.04 -3.01 -3.59 -3.44 -2.14 -0.09  1.85  3.12 07092013 00
  3.59  3.05  1.58 -0.10 -1.65 -2.71 -3.36 -3.42 -2.38 -0.42  1.58  3.01 07092013 12
  3.68  3.38  2.05  0.39 -1.28 -2.49 -3.32 -3.65 -3.01 -1.25  0.87  2.50 08092013 00
  3.42  3.46  2.43  0.83 -0.83 -2.14 -3.01 -3.48 -3.11 -1.56  0.53  2.34 08092013 12
  3.43  3.72  2.93  1.40 -0.28 -1.75 -2.77 -3.44 -3.49 -2.41 -0.44  1.48 09092013 00
  2.85  3.41  3.04  1.70  0.09 -1.44 -2.50 -3.19 -3.38 -2.61 -0.87  1.10 09092013 12
  2.56  3.34  3.24  2.12  0.57 -1.01 -2.21 -3.04 -3.46 -3.11 -1.70  0.21 10092013 00
  1.86  2.89  3.18  2.47  1.07 -0.44 -1.75 -2.60 -3.10 -3.05 -2.01 -0.25 10092013 12
  1.43  2.61  3.12  2.72  1.52  0.07 -1.33 -2.31 -2.94 -3.14 -2.52 -1.03 11092013 00
  0.71  2.08  2.85  2.85  1.98  0.69 -0.69 -1.75 -2.47 -2.87 -2.64 -1.54 11092013 12
  0.04  1.46  2.43  2.73  2.22  1.12 -0.17 -1.31 -2.10 -2.60 -2.66 -1.97 12092013 00
 -0.62  0.84  1.97  2.55  2.43  1.64  0.52 -0.62 -1.49 -2.08 -2.37 -2.14 12092013 12
 -1.24  0.03  1.26  2.10  2.35  1.92  1.00 -0.09 -1.06 -1.76 -2.21 -2.33 13092013 00
 -1.83 -0.72  0.53  1.56  2.14  2.14  1.54  0.61 -0.39 -1.22 -1.83 -2.21 13092013 12
 -2.18 -1.52 -0.41  0.74  1.65  2.06  1.91  1.27  0.38 -0.53 -1.26 -1.79 14092013 00
 -2.08 -1.90 -1.09  0.03  1.10  1.85  2.10  1.78  1.01  0.06 -0.85 -1.57 14092013 12
 -2.09 -2.30 -1.96 -0.99  0.24  1.36  2.11  2.33  1.99  1.24  0.31 -0.50 15092013 00
 -1.11 -1.48 -1.41 -0.72  0.34  1.45  2.43  2.87  2.66  1.88  0.77 -0.34 15092013 12
 -1.23 -1.92 -2.39 -2.35 -1.53 -0.13  1.31  2.32  2.77  2.55  1.66  0.48 16092013 00
 -0.66 -1.55 -2.16 -2.37 -1.86 -0.60  0.93  2.24  3.02  3.08  2.30  1.05 16092013 12
 -0.32 -1.44 -2.27 -2.83 -2.82 -1.89 -0.27  1.39  2.62  3.15  2.85  1.76 17092013 00
  0.34 -1.03 -2.03 -2.68 -2.86 -2.18 -0.58  1.26  2.70  3.48  3.43  2.42 17092013 12
  0.96 -0.61 -1.87 -2.79 -3.35 -3.19 -1.92  0.00  1.83  3.07  3.49  2.94 18092013 00
  1.56 -0.03 -1.47 -2.46 -3.11 -3.21 -2.25 -0.33  1.67  3.09  3.79  3.50 18092013 12
  2.18  0.53 -1.13 -2.39 -3.30 -3.76 -3.29 -1.64  0.55  2.36  3.50  3.82 19092013 00
  3.07  1.51 -0.22 -1.67 -2.63 -3.22 -3.10 -1.76  0.40  2.39  3.66  4.09 19092013 12
  3.41  1.85  0.06 -1.58 -2.76 -3.60 -3.86 -2.98 -0.98  1.18  2.83  3.63 20092013 00
  3.51  2.25  0.51 -1.20 -2.48 -3.34 -3.73 -3.14 -1.29  1.01  2.79  3.81 20092013 12
  3.95  2.93  1.23 -0.57 -2.04 -3.07 -3.72 -3.60 -2.23 -0.07  1.98  3.30 21092013 00
  3.75  3.18  1.60 -0.15 -1.76 -2.85 -3.57 -3.68 -2.61 -0.51  1.62  3.13 21092013 12
  3.82  3.57  2.19  0.47 -1.22 -2.44 -3.30 -3.69 -3.11 -1.39  0.77  2.45 22092013 00
  3.39  3.46  2.45  0.80 -0.88 -2.23 -3.12 -3.62 -3.33 -1.87  0.22  2.06 22092013 12
  3.19  3.53  2.84  1.33 -0.30 -1.77 -2.75 -3.38 -3.41 -2.36 -0.45  1.44 23092013 00
  2.76  3.34  3.00  1.73  0.18 -1.32 -2.38 -3.08 -3.28 -2.56 -0.89  1.00 23092013 12
  2.41  3.19  3.14  2.13  0.69 -0.79 -1.91 -2.67 -3.04 -2.68 -1.34  0.43 24092013 00
  1.94  2.89  3.08  2.35  1.05 -0.38 -1.56 -2.37 -2.82 -2.73 -1.74 -0.15 24092013 12
  1.38  2.45  2.88  2.48  1.40  0.09 -1.12 -1.96 -2.46 -2.54 -1.88 -0.53 25092013 00
  0.94  2.07  2.66  2.54  1.69  0.51 -0.70 -1.61 -2.20 -2.47 -2.17 -1.15 25092013 12
  0.19  1.39  2.14  2.26  1.70  0.72 -0.37 -1.28 -1.88 -2.20 -2.07 -1.30 26092013 00
 -0.10  1.06  1.89  2.21  1.92  1.15  0.17 -0.77 -1.46 -1.91 -2.04 -1.65 26092013 12
 -0.72  0.35  1.26  1.77  1.76  1.25  0.46 -0.38 -1.07 -1.52 -1.74 -1.57 27092013 00
 -0.89  0.08  0.98  1.61  1.82  1.56  0.95  0.17 -0.56 -1.11 -1.48 -1.61 27092013 12
 -1.32 -0.61  0.23  0.96  1.39  1.42  1.08  0.50 -0.17 -0.76 -1.19 -1.42 28092013 00
 -1.35 -0.86 -0.11  0.66  1.27  1.55  1.46  1.06  0.44 -0.24 -0.81 -1.24 28092013 12
 -1.48 -1.39 -0.90 -0.19  0.54  1.10  1.33  1.21  0.78  0.16 -0.46 -0.95 29092013 00
 -1.26 -1.34 -1.08 -0.43  0.38  1.08  1.53  1.63  1.34  0.74 -0.00 -0.71 29092013 12
 -1.27 -1.64 -1.72 -1.33 -0.55  0.35  1.11  1.54  1.57  1.18  0.51 -0.27 30092013 00
 -0.94 -1.40 -1.60 -1.43 -0.72  0.28  1.24  1.90  2.08  1.74  0.99  0.04 30092013 12
 -0.86 -1.56 -2.03 -2.16 -1.70 -0.67  0.51  1.50  2.02  1.98  1.40  0.49 01102013 00
 -0.50 -1.31 -1.87 -2.10 -1.81 -0.84  0.46  1.62  2.37  2.50  1.96  0.97 01102013 12
 -0.21 -1.24 -2.00 -2.46 -2.43 -1.64 -0.27  1.14  2.19  2.64  2.37  1.47 02102013 00
  0.29 -0.87 -1.75 -2.32 -2.45 -1.83 -0.45  1.09  2.32  2.98  2.90  2.04 02102013 12
  0.77 -0.58 -1.67 -2.44 -2.82 -2.51 -1.27  0.40  1.89  2.82  3.03  2.36 03102013 00
  1.14 -0.28 -1.51 -2.36 -2.85 -2.72 -1.61  0.16  1.87  3.04  3.50  3.03 03102013 12
  1.78  0.26 -1.15 -2.18 -2.88 -3.05 -2.29 -0.59  1.28  2.73  3.46  3.31 04102013 00
  2.20  0.68 -0.87 -2.04 -2.85 -3.21 -2.71 -1.10  0.89  2.52  3.45  3.56 04102013 12
  2.60  1.06 -0.61 -1.95 -2.90 -3.46 -3.30 -2.00  0.02  1.91  3.16  3.60 05102013 00
  3.01  1.52 -0.15 -1.68 -2.72 -3.40 -3.48 -2.43 -0.40  1.63  3.07  3.73 05102013 12
  3.43  2.06  0.36 -1.31 -2.51 -3.34 -3.68 -3.01 -1.21  0.98  2.66  3.60 06102013 00
  3.65  2.58  0.91 -0.82 -2.18 -3.11 -3.63 -3.31 -1.74  0.45  2.36  3.52 06102013 12
  3.83  3.04  1.42 -0.34 -1.87 -2.92 -3.60 -3.62 -2.43 -0.34  1.73  3.17 07102013 00
  3.77  3.40  1.97  0.25 -1.40 -2.56 -3.36 -3.63 -2.83 -0.89  1.30  2.92 07102013 12
  3.78  3.72  2.54  0.87 -0.84 -2.14 -3.06 -3.57 -3.21 -1.66  0.45  2.29 08102013 00
  3.40  3.64  2.83  1.25 -0.44 -1.90 -2.89 -3.53 -3.51 -2.36 -0.35  1.61 08102013 12
  2.97  3.53  3.15  1.79  0.17 -1.38 -2.47 -3.20 -3.43 -2.70 -0.94  1.11 09102013 00
  2.71  3.57  3.45  2.34  0.85 -0.69 -1.86 -2.69 -3.21 -3.04 -1.80  0.04 09102013 12
  1.70  2.75  3.07  2.44  1.07 -0.42 -1.75 -2.64 -3.20 -3.23 -2.32 -0.64 10102013 00
  1.06  2.31  2.94  2.74  1.65  0.24 -1.16 -2.18 -2.85 -3.15 -2.76 -1.48 10102013 12
  0.18  1.59  2.48  2.67  2.01  0.81 -0.50 -1.60 -2.34 -2.79 -2.76 -1.94 11102013 00
 -0.50  0.94  1.98  2.46  2.21  1.27  0.08 -1.09 -1.97 -2.57 -2.85 -2.55 11102013 12
 -1.53 -0.16  1.07  1.90  2.13  1.68  0.74 -0.38 -1.34 -1.99 -2.37 -2.36 12102013 00
 -1.76 -0.59  0.68  1.68  2.20  2.08  1.38  0.36 -0.71 -1.56 -2.16 -2.52 12102013 12
 -2.42 -1.65 -0.45  0.75  1.67  2.06  1.85  1.14  0.21 -0.71 -1.39 -1.86 13102013 00
 -2.05 -1.76 -0.83  0.36  1.43  2.12  2.25  1.80  0.92 -0.11 -1.05 -1.78 13102013 12
 -2.29 -2.44 -1.97 -0.91  0.35  1.46  2.12  2.18  1.65  0.75 -0.27 -1.14 14102013 00
 -1.79 -2.19 -2.13 -1.40 -0.16  1.10  2.05  2.46  2.23  1.42  0.32 -0.79 14102013 12
 -1.68 -2.33 -2.66 -2.41 -1.38  0.05  1.39  2.30  2.58  2.14  1.16 -0.02 15102013 00
 -1.10 -1.89 -2.38 -2.43 -1.70 -0.30  1.18  2.33  2.88  2.68  1.76  0.48 15102013 12
 -0.82 -1.87 -2.63 -3.04 -2.76 -1.55  0.10  1.62  2.66  2.96  2.43  1.26 16102013 00
 -0.12 -1.37 -2.26 -2.74 -2.56 -1.47  0.21  1.81  2.94  3.47  3.17  2.09 16102013 12
  0.63 -0.78 -1.91 -2.72 -3.11 -2.69 -1.24  0.62  2.22  3.15  3.27  2.42 17102013 00
  1.01 -0.51 -1.77 -2.65 -3.16 -2.98 -1.70  0.23  1.98  3.15  3.56  2.97 17102013 12
  1.61  0.01 -1.46 -2.53 -3.26 -3.44 -2.60 -0.79  1.17  2.67  3.44  3.33 18102013 00
  2.20  0.66 -0.93 -2.13 -2.94 -3.27 -2.69 -1.00  1.03  2.64  3.58  3.72 18102013 12
  2.79  1.29 -0.39 -1.78 -2.74 -3.30 -3.11 -1.75  0.30  2.19  3.46  3.89 19102013 00
  3.27  1.82  0.16 -1.35 -2.41 -3.11 -3.20 -2.17 -0.22  1.78  3.20  3.89 19102013 12
  3.60  2.31  0.68 -0.95 -2.13 -2.93 -3.23 -2.55 -0.79  1.26  2.89  3.80 20102013 00
  3.82  2.76  1.21 -0.47 -1.80 -2.72 -3.23 -2.92 -1.44  0.62  2.41  3.55 20102013 12
  3.82  3.02  1.52 -0.14 -1.57 -2.56 -3.20 -3.18 -2.02 -0.05  1.86  3.22 21102013 00
  3.83  3.48  2.21  0.64 -0.91 -2.03 -2.78 -3.01 -2.28 -0.56  1.35  2.86 21102013 12
  3.64  3.55  2.48  1.01 -0.54 -1.72 -2.52 -2.91 -2.44 -0.88  1.04  2.62 22102013 00
  3.57  3.70  2.86  1.48 -0.06 -1.33 -2.22 -2.75 -2.58 -1.38  0.40  2.07 22102013 12
  3.19  3.56  3.00  1.77  0.31 -0.97 -1.87 -2.41 -2.39 -1.46  0.11  1.73 23102013 00
  2.97  3.52  3.19  2.09  0.69 -0.65 -1.66 -2.38 -2.68 -2.22 -0.91  0.68 23102013 12
  2.03  2.80  2.83  2.04  0.80 -0.52 -1.54 -2.21 -2.55 -2.28 -1.16  0.38 24102013 00
  1.75  2.65  2.89  2.33  1.25 -0.02 -1.13 -1.91 -2.40 -2.44 -1.72 -0.39 24102013 12
  0.98  2.03  2.49  2.26  1.44  0.38 -0.66 -1.41 -1.88 -1.96 -1.40 -0.23 25102013 00
  1.04  2.07  2.67  2.65  2.07  1.14  0.10 -0.77 -1.39 -1.75 -1.64 -0.89 25102013 12
  0.21  1.30  2.04  2.21  1.81  1.02  0.09 -0.74 -1.34 -1.71 -1.70 -1.10 26102013 00
 -0.06  1.01  1.85  2.27  2.22  1.78  1.07  0.26 -0.47 -1.05 -1.39 -1.32 26102013 12
 -0.71  0.20  1.12  1.79  2.03  1.84  1.31  0.57 -0.15 -0.68 -0.92 -0.82 27102013 00
 -0.32  0.49  1.32  2.01  2.36  2.26  1.74  1.02  0.24 -0.47 -1.09 -1.49 27102013 12
 -1.44 -0.92 -0.15  0.72  1.41  1.76  1.70  1.28  0.61 -0.06 -0.58 -0.90 28102013 00
 -1.03 -0.83 -0.26  0.47  1.16  1.64  1.74  1.47  0.95  0.25 -0.47 -1.07 28102013 12
 -1.50 -1.62 -1.27 -0.51  0.40  1.20  1.66  1.66  1.25  0.57 -0.22 -0.85 29102013 00
 -1.29 -1.57 -1.47 -0.81  0.17  1.09  1.72  1.94  1.68  1.01  0.12 -0.79 29102013 12
 -1.51 -2.00 -2.16 -1.78 -0.82  0.33  1.33  1.92  1.99  1.52  0.72 -0.21 30102013 00
 -1.00 -1.54 -1.77 -1.54 -0.67  0.62  1.88  2.71  2.80  2.22  1.30  0.18 30102013 12
 -0.91 -1.75 -2.31 -2.42 -1.86 -0.69  0.67  1.81  2.45  2.45  1.79  0.76 31102013 00
 -0.36 -1.28 -1.92 -2.22 -1.92 -0.80  0.68  1.98  2.79  2.94  2.31  1.15 31102013 12
 -0.17 -1.27 -2.06 -2.55 -2.54 -1.68 -0.14  1.43  2.60  3.11  2.82  1.78 01112013 00
  0.42 -0.90 -1.88 -2.53 -2.75 -2.15 -0.67  1.06  2.45  3.20  3.14  2.17 01112013 12
  0.75 -0.72 -1.89 -2.69 -3.13 -2.83 -1.47  0.42  2.10  3.18  3.50  2.92 02112013 00
  1.72  0.29 -1.01 -1.92 -2.44 -2.32 -1.16  0.73  2.53  3.80  4.30  3.66 02112013 12
  2.25  0.64 -0.89 -2.04 -2.88 -3.21 -2.54 -0.81  1.22  2.86  3.71  3.64 03112013 00
  2.50  0.90 -0.77 -2.08 -3.02 -3.55 -3.23 -1.68  0.47  2.37  3.55  3.87 03112013 12
  3.08  1.46 -0.29 -1.80 -2.83 -3.52 -3.56 -2.42 -0.31  1.80  3.29  3.94 04112013 00
  3.62  2.20  0.49 -1.18 -2.36 -3.19 -3.51 -2.78 -0.88  1.37  3.04  3.93 04112013 12
  3.87  2.66  0.94 -0.82 -2.15 -3.09 -3.58 -3.15 -1.46  0.81  2.74  3.93 05112013 00
  4.26  3.42  1.79  0.01 -1.50 -2.55 -3.28 -3.41 -2.33 -0.22  1.94  3.47 05112013 12
  4.12  3.72  2.28  0.55 -1.13 -2.34 -3.20 -3.55 -2.84 -0.98  1.24  2.93 06112013 00
  3.87  3.89  2.76  1.11 -0.61 -1.94 -2.89 -3.43 -3.14 -1.61  0.52  2.43 06112013 12
  3.62  3.98  3.26  1.75  0.06 -1.44 -2.50 -3.23 -3.32 -2.27 -0.29  1.73 07112013 00
  3.23  3.97  3.73  2.47  0.90 -0.69 -1.86 -2.69 -3.10 -2.64 -1.10  0.83 07112013 12
  2.44  3.43  3.59  2.73  1.32 -0.24 -1.51 -2.42 -3.00 -2.92 -1.77  0.08 08112013 00
  1.84  3.07  3.58  3.15  1.93  0.42 -1.00 -2.04 -2.77 -3.07 -2.55 -1.10 08112013 12
  0.63  2.11  2.97  3.08  2.31  1.05 -0.32 -1.42 -2.17 -2.61 -2.45 -1.40 09112013 00
  0.20  1.70  2.76  3.14  2.71  1.63  0.29 -0.94 -1.86 -2.50 -2.75 -2.26 09112013 12
 -1.01  0.48  1.76  2.50  2.55  1.85  0.73 -0.49 -1.46 -2.12 -2.51 -2.40 10112013 00
 -1.54 -0.18  1.17  2.17  2.58  2.29  1.40  0.24 -0.89 -1.78 -2.42 -2.74 10112013 12
 -2.45 -1.42 -0.08  1.15  2.01  2.32  2.01  1.23  0.24 -0.69 -1.40 -1.86 11112013 00
 -1.96 -1.43 -0.30  0.94  1.95  2.44  2.29  1.59  0.59 -0.50 -1.41 -2.11 11112013 12
 -2.56 -2.54 -1.81 -0.59  0.70  1.72  2.20  2.07  1.39  0.41 -0.61 -1.41 12112013 00
 -1.96 -2.22 -1.92 -0.94  0.36  1.55  2.30  2.45  1.93  0.94 -0.21 -1.24 12112013 12
 -2.05 -2.61 -2.78 -2.24 -1.04  0.35  1.54  2.21  2.24  1.60  0.55 -0.59 13112013 00
 -1.50 -2.12 -2.40 -2.13 -1.11  0.34  1.70  2.66  3.00  2.61  1.64  0.40 13112013 12
 -0.74 -1.58 -2.19 -2.36 -1.81 -0.63  0.79  2.02  2.71  2.64  1.78  0.56 14112013 00
 -0.70 -1.73 -2.46 -2.85 -2.70 -1.69 -0.14  1.31  2.30  2.62  2.10  0.87 14112013 12
 -0.55 -1.81 -2.69 -3.23 -3.29 -2.51 -0.93  0.77  2.09  2.79  2.68  1.69 15112013 00
  0.32 -1.08 -2.13 -2.83 -3.14 -2.73 -1.38  0.37  1.86  2.75  2.90  2.13 15112013 12
  0.79 -0.69 -1.94 -2.80 -3.29 -3.17 -2.06 -0.28  1.41  2.59  3.07  2.64 16112013 00
  1.39 -0.08 -1.47 -2.45 -3.07 -3.20 -2.39 -0.70  1.15  2.48  3.16  2.99 16112013 12
  1.87  0.39 -1.12 -2.26 -3.04 -3.39 -2.93 -1.45  0.45  2.02  2.96  3.13 17112013 00
  2.31  0.87 -0.67 -1.97 -2.83 -3.32 -3.12 -1.85  0.05  1.79  2.95  3.36 17112013 12
  2.81  1.48 -0.06 -1.48 -2.45 -3.05 -3.10 -2.15 -0.35  1.50  2.81  3.43 18112013 00
  3.14  1.90  0.37 -1.15 -2.24 -2.98 -3.30 -2.74 -1.16  0.78  2.30  3.16 18112013 12
  3.22  2.26  0.80 -0.73 -1.94 -2.75 -3.19 -2.88 -1.49  0.40  2.02  2.99 19112013 00
  3.20  2.43  0.98 -0.61 -1.95 -2.86 -3.42 -3.40 -2.33 -0.50  1.32  2.62 19112013 12
  3.20  2.91  1.72  0.25 -1.12 -2.01 -2.50 -2.47 -1.59 -0.09  1.56  2.83 20112013 00
  3.55  3.44  2.32  0.72 -0.87 -2.05 -2.81 -3.25 -3.04 -1.87 -0.15  1.42 20112013 12
  2.39  2.62  1.91  0.46 -1.03 -2.22 -2.92 -3.28 -3.08 -1.91 -0.13  1.45 21112013 00
  2.42  2.78  2.27  1.01 -0.43 -1.76 -2.66 -3.22 -3.30 -2.52 -0.95  0.71 21112013 12
  1.97  2.58  2.40  1.40  0.07 -1.25 -2.18 -2.74 -2.87 -2.28 -0.89  0.72 22112013 00
  1.98  2.69  2.68  1.85  0.60 -0.75 -1.83 -2.55 -2.92 -2.71 -1.67 -0.15 22112013 12
  1.23  2.17  2.45  1.95  0.87 -0.36 -1.44 -2.17 -2.55 -2.44 -1.60 -0.21 23112013 00
  1.15  2.13  2.55  2.25  1.32  0.11 -1.06 -1.92 -2.48 -2.67 -2.25 -1.14 23112013 12
  0.20  1.34  2.00  2.04  1.41  0.37 -0.73 -1.59 -2.13 -2.35 -2.09 -1.18 24112013 00
  0.09  1.23  1.99  2.19  1.74  0.82 -0.27 -1.24 -1.94 -2.37 -2.44 -1.90 24112013 12
 -0.82  0.36  1.30  1.78  1.69  1.04  0.12 -0.82 -1.53 -1.96 -2.11 -1.79 25112013 00
 -0.92  0.19  1.14  1.74  1.84  1.38  0.54 -0.44 -1.28 -1.87 -2.22 -2.24 25112013 12
 -1.71 -0.74  0.31  1.15  1.55  1.44  0.88  0.07 -0.77 -1.40 -1.79 -1.92 26112013 00
 -1.63 -0.84  0.17  1.06  1.64  1.73  1.31  0.54 -0.35 -1.14 -1.72 -2.08 26112013 12
 -2.12 -1.65 -0.74  0.26  1.10  1.54  1.48  0.98  0.23 -0.58 -1.24 -1.70 27112013 00
 -1.92 -1.74 -1.03 -0.03  0.91  1.57  1.75  1.39  0.64 -0.27 -1.12 -1.75 27112013 12
 -2.19 -2.33 -1.94 -1.00  0.12  1.09  1.67  1.72  1.25  0.45 -0.48 -1.26 28112013 00
 -1.80 -2.09 -1.98 -1.28 -0.17  0.90  1.68  1.97  1.68  0.90 -0.11 -1.08 28112013 12
 -1.82 -2.29 -2.42 -1.97 -0.92  0.41  1.58  2.28  2.43  1.99  1.00 -0.17 29112013 00
 -1.18 -1.85 -2.17 -2.00 -1.18  0.04  1.25  2.11  2.43  2.03  1.02 -0.24 29112013 12
 -1.38 -2.21 -2.75 -2.94 -2.44 -1.18  0.35  1.64  2.42  2.49  1.74  0.54 30112013 00
 -0.78 -1.83 -2.52 -2.86 -2.60 -1.50  0.09  1.55  2.55  2.84  2.25  1.04 30112013 12
 -0.37 -1.63 -2.54 -3.11 -3.21 -2.42 -0.81  0.93  2.27  2.96  2.81  1.78 01122013 00
  0.36 -1.11 -2.22 -2.98 -3.32 -2.90 -1.48  0.37  1.96  2.91  3.10  2.30 01122013 12
  0.85 -0.71 -2.04 -2.95 -3.52 -3.44 -2.28 -0.36  1.51  2.81  3.37  3.00 02122013 00
  1.67  0.06 -1.50 -2.62 -3.38 -3.63 -2.89 -1.08  0.99  2.55  3.39  3.36 02122013 12
  2.26  0.64 -1.02 -2.32 -3.22 -3.71 -3.36 -1.82  0.36  2.23  3.39  3.74 03122013 00
  3.00  1.42 -0.30 -1.82 -2.88 -3.61 -3.72 -2.66 -0.58  1.56  3.08  3.77 03122013 12
  3.51  2.15  0.41 -1.31 -2.55 -3.41 -3.79 -3.17 -1.30  0.97  2.73  3.71 04122013 00
  3.80  2.73  1.01 -0.78 -2.24 -3.25 -3.90 -3.78 -2.39 -0.16  1.92  3.26 04122013 12
  3.79  3.31  1.78  0.07 -1.51 -2.59 -3.29 -3.37 -2.23 -0.03  2.32  4.08 05122013 00
  5.09  4.66  2.95  1.04 -0.71 -2.04 -3.07 -3.68 -3.41 -1.96  0.11  1.98 05122013 12
  3.17  3.53  2.83  1.22 -0.50 -1.98 -2.95 -3.57 -3.55 -2.33 -0.20  1.89 06122013 00
  3.29  3.89  3.48  2.01  0.29 -1.39 -2.59 -3.44 -3.81 -3.21 -1.45  0.67 06122013 12
  2.38  3.38  3.53  2.61  1.04 -0.59 -1.93 -2.83 -3.34 -3.09 -1.70  0.32 07122013 00
  2.12  3.29  3.70  3.09  1.69  0.10 -1.37 -2.44 -3.20 -3.44 -2.69 -0.99 07122013 12
  0.93  2.40  3.22  3.21  2.21  0.78 -0.70 -1.81 -2.56 -2.95 -2.61 -1.26 08122013 00
  0.56  2.13  3.16  3.43  2.80  1.54  0.05 -1.25 -2.20 -2.87 -3.03 -2.31 08122013 12
 -0.80  0.86  2.21  2.90  2.82  1.92  0.65 -0.66 -1.65 -2.32 -2.65 -2.33 09122013 00
 -1.14  0.43  1.81  2.72  2.96  2.41  1.29 -0.02 -1.18 -2.04 -2.63 -2.78 09122013 12
 -2.18 -0.88  0.59  1.80  2.48  2.48  1.78  0.71 -0.42 -1.32 -1.94 -2.25 10122013 00
 -2.01 -1.01  0.37  1.61  2.46  2.73  2.31  1.38  0.21 -0.89 -1.72 -2.31 10122013 12
 -2.53 -2.10 -1.01  0.31  1.50  2.22  2.33  1.81  0.90 -0.15 -1.04 -1.68 11122013 00
 -2.04 -1.96 -1.22 -0.01  1.20  2.12  2.52  2.30  1.51  0.44 -0.61 -1.44 11122013 12
 -2.03 -2.31 -2.02 -1.03  0.28  1.50  2.31  2.55  2.19  1.37  0.34 -0.61 12122013 00
 -1.32 -1.79 -1.88 -1.30 -0.16  1.08  2.08  2.56  2.40  1.65  0.60 -0.50 12122013 12
 -1.39 -2.03 -2.38 -2.16 -1.20  0.14  1.44  2.34  2.67  2.34  1.50  0.41 13122013 00
 -0.61 -1.39 -1.91 -2.03 -1.46 -0.26  1.08  2.18  2.73  2.62  1.88  0.76 13122013 12
 -0.43 -1.38 -2.06 -2.46 -2.33 -1.41 -0.01  1.38  2.36  2.68  2.29  1.37 14122013 00
  0.23 -0.82 -1.59 -1.96 -1.82 -0.88  0.65  2.13  3.18  3.53  3.11  2.13 14122013 12
  0.83 -0.42 -1.37 -2.13 -2.59 -2.34 -1.24  0.29  1.69  2.59  2.83  2.24 15122013 00
  1.13 -0.14 -1.23 -1.94 -2.29 -2.06 -1.02  0.43  1.75  2.71  3.07  2.65 15122013 12
  1.63  0.33 -0.90 -1.81 -2.36 -2.40 -1.54  0.09  1.76  2.88  3.44  3.24 16122013 00
  2.20  0.75 -0.69 -1.79 -2.54 -2.91 -2.55 -1.27  0.40  1.91  2.83  2.98 16122013 12
  2.26  0.97 -0.44 -1.61 -2.40 -2.84 -2.66 -1.54  0.17  1.76  2.82  3.17 17122013 00
  2.62  1.38 -0.08 -1.39 -2.31 -2.89 -2.94 -2.06 -0.42  1.31  2.59  3.21 17122013 12
  2.99  1.95  0.57 -0.82 -1.82 -2.42 -2.55 -1.79 -0.15  1.62  2.95  3.67 18122013 00
  3.56  2.61  1.20 -0.31 -1.52 -2.40 -2.88 -2.48 -0.88  1.08  2.65  3.58 18122013 12
  3.69  2.93  1.75  0.33 -0.83 -1.60 -2.10 -2.03 -1.03  0.53  2.12  3.28 19122013 00
  3.71  3.22  1.98  0.41 -1.04 -2.10 -2.81 -3.04 -2.33 -0.71  1.08  2.46 19122013 12
  3.13  3.00  2.01  0.63 -0.76 -1.79 -2.48 -2.75 -2.19 -0.69  1.10  2.53 20122013 00
  3.38  3.45  2.62  1.26 -0.24 -1.44 -2.24 -2.63 -2.30 -1.01  0.78  2.43 20122013 12
  3.52  3.74  3.02  1.78  0.35 -0.91 -1.86 -2.48 -2.51 -1.61 -0.01  1.71 21122013 00
  3.04  3.64  3.33  2.20  0.77 -0.53 -1.42 -1.98 -2.29 -1.82 -0.46  1.09 21122013 12
  2.34  3.03  2.93  2.06  0.81 -0.49 -1.44 -2.02 -2.24 -1.78 -0.50  1.11 22122013 00
  2.49  3.33  3.40  2.63  1.44  0.13 -0.98 -1.84 -2.45 -2.51 -1.69 -0.24 22122013 12
  1.25  2.38  2.86  2.53  1.53  0.27 -0.91 -1.76 -2.29 -2.35 -1.54  0.06 23122013 00
  1.74  2.98  3.66  3.52  2.63  1.45  0.17 -0.88 -1.63 -1.99 -1.67 -0.56 23122013 12
  0.87  2.25  3.27  3.55  3.05  2.07  0.85 -0.16 -0.94 -1.42 -1.25 -0.31 24122013 00
  0.98  2.21  3.12  3.48  3.21  2.37  1.21  0.13 -0.67 -1.27 -1.55 -1.17 24122013 12
 -0.20  1.02  2.07  2.65  2.67  2.09  1.07 -0.02 -0.86 -1.41 -1.68 -1.44 25122013 00
 -0.54  0.67  1.78  2.49  2.65  2.21  1.34  0.28 -0.65 -1.36 -1.87 -2.00 25122013 12
 -1.48 -0.41  0.80  1.82  2.35  2.29  1.69  0.80 -0.14 -0.88 -1.40 -1.67 26122013 00
 -1.47 -0.66  0.43  1.45  2.11  2.25  1.81  1.02  0.07 -0.79 -1.45 -1.85 26122013 12
 -1.68 -0.73  0.55  1.64  2.49  3.04  3.17  2.90  2.14  1.25  0.54 -0.09 27122013 00
 -0.60 -0.59  0.10  1.19  2.14  2.73  2.91  2.50  1.66  0.66 -0.26 -1.05 27122013 12
 -1.68 -1.89 -1.51 -0.69  0.39  1.44  2.12  2.30  1.95  1.14  0.16 -0.71 28122013 00
 -1.36 -1.78 -1.76 -1.07  0.13  1.34  2.24  2.61  2.36  1.59  0.56 -0.49 28122013 12
 -1.34 -1.99 -2.30 -2.01 -1.01  0.32  1.59  2.46  2.68  2.17  1.18 -0.01 29122013 00
 -1.08 -1.87 -2.39 -2.48 -1.78 -0.41  1.05  2.20  2.80  2.71  1.96  0.87 29122013 12
 -0.29 -1.24 -1.90 -2.20 -1.79 -0.55  1.01  2.38  3.33  3.62  3.12  2.01 30122013 00
  0.60 -0.68 -1.78 -2.55 -2.74 -2.00 -0.47  1.23  2.54  3.14  2.97  1.99 30122013 12
  0.64 -0.74 -1.84 -2.61 -2.94 -2.39 -0.87  0.98  2.50  3.49  3.72  3.04 31122013 00
  1.73  0.13 -1.23 -2.22 -2.84 -2.78 -1.61  0.26  2.08  3.36  3.91  3.49 31122013 12
