Parameter Z: CS3X Location (100, 86) Lat 53.500 Lon -3.417
 -1.09 -1.84 -2.36 -2.48 -1.92 -0.71  0.67  1.82  2.46  2.42  1.69  0.59 01012011 00
 -0.61 -1.60 -2.29 -2.66 -2.49 -1.51 -0.07  1.29  2.23  2.55  2.12  1.11 01012011 12
 -0.13 -1.28 -2.13 -2.67 -2.80 -2.18 -0.80  0.74  1.98  2.64  2.58  1.74 02012011 00
  0.50 -0.82 -1.86 -2.59 -2.96 -2.73 -1.62 -0.03  1.43  2.43  2.73  2.21 02012011 12
  1.06 -0.28 -1.49 -2.34 -2.86 -2.86 -2.00 -0.41  1.23  2.43  3.00  2.77 03012011 00
  1.73  0.35 -1.04 -2.09 -2.82 -3.14 -2.72 -1.33  0.41  1.92  2.84  3.00 03012011 12
  2.25  0.95 -0.47 -1.63 -2.41 -2.82 -2.60 -1.41  0.36  2.01  3.09  3.46 04012011 00
  2.91  1.67  0.15 -1.21 -2.19 -2.86 -3.00 -2.22 -0.57  1.22  2.64  3.35 04012011 12
  3.25  2.24  0.82 -0.63 -1.71 -2.43 -2.71 -2.14 -0.58  1.29  2.78  3.61 05012011 00
  3.61  2.68  1.28 -0.26 -1.53 -2.45 -2.99 -2.85 -1.69  0.10  1.84  3.02 05012011 12
  3.41  2.86  1.57  0.08 -1.28 -2.23 -2.81 -2.81 -1.80  0.00  1.81  3.09 06012011 00
  3.69  3.37  2.16  0.65 -0.85 -2.00 -2.81 -3.19 -2.72 -1.20  0.66  2.22 06012011 12
  3.08  3.14  2.23  0.80 -0.69 -1.86 -2.61 -2.95 -2.55 -1.13  0.75  2.33 07012011 00
  3.33  3.55  2.81  1.48 -0.07 -1.39 -2.33 -2.91 -2.87 -1.81 -0.05  1.69 07012011 12
  2.92  3.45  3.07  1.88  0.44 -0.91 -1.87 -2.50 -2.63 -1.83 -0.20  1.56 08012011 00
  2.87  3.52  3.33  2.27  0.84 -0.59 -1.66 -2.39 -2.75 -2.38 -1.03  0.76 08012011 12
  2.32  3.20  3.24  2.41  1.19 -0.18 -1.32 -2.10 -2.53 -2.36 -1.27  0.36 09012011 00
  1.88  2.90  3.22  2.66  1.46  0.04 -1.24 -2.16 -2.75 -2.85 -2.10 -0.60 09012011 12
  0.99  2.22  2.80  2.61  1.66  0.41 -0.81 -1.69 -2.20 -2.28 -1.64 -0.27 10012011 00
  1.24  2.42  3.10  3.05  2.28  1.10 -0.17 -1.21 -1.96 -2.38 -2.17 -1.15 10012011 12
  0.28  1.62  2.51  2.73  2.25  1.30  0.15 -0.87 -1.60 -2.07 -2.11 -1.43 11012011 00
 -0.18  1.08  2.01  2.37  2.08  1.21  0.10 -0.96 -1.74 -2.25 -2.40 -1.93 11012011 12
 -0.83  0.48  1.57  2.19  2.20  1.62  0.77 -0.16 -0.90 -1.41 -1.64 -1.42 12012011 00
 -0.60  0.52  1.57  2.28  2.41  1.95  1.08  0.05 -0.87 -1.54 -1.95 -1.99 12012011 12
 -1.42 -0.39  0.72  1.59  2.02  1.93  1.41  0.65 -0.17 -0.83 -1.26 -1.46 13012011 00
 -1.25 -0.52  0.44  1.34  1.90  1.96  1.55  0.79 -0.07 -0.81 -1.34 -1.67 13012011 12
 -1.66 -1.12 -0.20  0.76  1.51  1.89  1.85  1.42  0.73 -0.02 -0.63 -1.06 14012011 00
 -1.28 -1.12 -0.43  0.49  1.33  1.89  2.04  1.70  1.03  0.21 -0.56 -1.14 14012011 12
 -1.56 -1.69 -1.31 -0.45  0.52  1.41  2.03  2.18  1.93  1.36  0.63 -0.04 15012011 00
 -0.63 -1.03 -1.00 -0.45  0.40  1.29  1.96  2.20  1.98  1.39  0.60 -0.19 15012011 12
 -0.80 -1.25 -1.44 -1.16 -0.35  0.68  1.63  2.23  2.40  2.10  1.36  0.40 16012011 00
 -0.49 -1.19 -1.68 -1.79 -1.31 -0.32  0.84  1.79  2.24  2.12  1.50  0.57 16012011 12
 -0.40 -1.20 -1.78 -2.08 -1.88 -0.97  0.29  1.47  2.27  2.47  2.03  1.09 17012011 00
 -0.06 -1.10 -1.88 -2.39 -2.48 -1.85 -0.58  0.84  1.97  2.54  2.41  1.56 17012011 12
  0.36 -0.86 -1.81 -2.46 -2.75 -2.40 -1.21  0.35  1.76  2.66  2.86  2.22 18012011 00
  1.02 -0.38 -1.56 -2.42 -2.97 -3.01 -2.15 -0.56  1.09  2.30  2.84  2.55 18012011 12
  1.44  0.03 -1.35 -2.35 -3.00 -3.21 -2.56 -0.99  0.86  2.30  3.12  3.14 19012011 00
  2.18  0.72 -0.85 -2.11 -3.00 -3.52 -3.33 -2.06 -0.15  1.64  2.82  3.22 19012011 12
  2.66  1.25 -0.33 -1.80 -2.80 -3.42 -3.46 -2.42 -0.46  1.51  2.91  3.57 20012011 00
  3.29  1.97  0.30 -1.36 -2.59 -3.48 -3.91 -3.42 -1.73  0.43  2.19  3.24 20012011 12
  3.41  2.51  0.86 -0.85 -2.28 -3.22 -3.77 -3.54 -2.09  0.12  2.11  3.34 21012011 00
  3.77  3.14  1.53 -0.25 -1.90 -3.07 -3.90 -4.17 -3.32 -1.33  0.93  2.60 21012011 12
  3.40  3.30  2.06  0.25 -1.47 -2.78 -3.63 -4.02 -3.45 -1.57  0.73  2.58 22012011 00
  3.61  3.77  2.78  1.01 -0.81 -2.35 -3.42 -4.14 -4.14 -2.90 -0.72  1.47 22012011 12
  2.90  3.45  3.05  1.53 -0.28 -1.92 -3.05 -3.78 -3.96 -3.02 -0.96  1.31 23012011 00
  2.91  3.68  3.57  2.27  0.48 -1.28 -2.63 -3.59 -4.15 -3.85 -2.27 -0.07 23012011 12
  1.85  3.02  3.33  2.65  1.04 -0.66 -2.14 -3.10 -3.68 -3.57 -2.30 -0.21 24012011 00
  1.79  3.09  3.66  3.25  1.82  0.15 -1.45 -2.60 -3.42 -3.76 -3.14 -1.44 24012011 12
  0.60  2.20  3.12  3.18  2.25  0.72 -0.83 -2.05 -2.86 -3.28 -2.97 -1.57 25012011 00
  0.36  2.04  3.11  3.46  2.84  1.49 -0.04 -1.42 -2.40 -3.06 -3.23 -2.48 25012011 12
 -0.91  0.83  2.15  2.85  2.74  1.74  0.38 -1.01 -2.03 -2.70 -3.01 -2.66 26012011 00
 -1.41  0.23  1.64  2.52  2.72  2.08  0.89 -0.43 -1.58 -2.38 -2.89 -2.93 26012011 12
 -2.20 -0.82  0.65  1.77  2.34  2.21  1.39  0.27 -0.88 -1.73 -2.29 -2.54 27012011 00
 -2.23 -1.21  0.14  1.32  2.11  2.31  1.85  0.95 -0.14 -1.11 -1.82 -2.27 27012011 12
 -2.34 -1.80 -0.72  0.47  1.46  2.01  1.99  1.40  0.50 -0.48 -1.28 -1.83 28012011 00
 -2.14 -2.04 -1.33 -0.23  0.86  1.67  2.00  1.78  1.10  0.19 -0.70 -1.39 28012011 12
 -1.88 -2.10 -1.87 -1.07  0.01  1.04  1.74  1.92  1.56  0.80 -0.13 -0.97 29012011 00
 -1.61 -2.04 -2.16 -1.76 -0.82  0.29  1.26  1.83  1.88  1.40  0.57 -0.36 29012011 12
 -1.15 -1.74 -2.12 -2.11 -1.47 -0.37  0.79  1.68  2.10  1.95  1.26  0.29 30012011 00
 -0.71 -1.51 -2.07 -2.34 -2.10 -1.19  0.04  1.19  1.97  2.19  1.76  0.89 30012011 12
 -0.17 -1.13 -1.84 -2.27 -2.31 -1.68 -0.44  0.90  1.95  2.46  2.31  1.52 31012011 00
  0.39 -0.75 -1.68 -2.32 -2.62 -2.32 -1.26  0.17  1.48  2.34  2.57  2.07 31012011 12
  1.05 -0.13 -1.17 -1.90 -2.32 -2.26 -1.39  0.07  1.53  2.59  3.02  2.64 01022011 00
  1.59  0.24 -1.05 -2.02 -2.70 -2.98 -2.53 -1.21  0.43  1.82  2.60  2.63 01022011 12
  1.84  0.60 -0.73 -1.77 -2.44 -2.72 -2.30 -0.98  0.76  2.25  3.21  3.44 02022011 00
  2.81  1.56  0.09 -1.16 -2.05 -2.65 -2.70 -1.81 -0.23  1.43  2.70  3.22 02022011 12
  2.88  1.72  0.27 -1.10 -2.07 -2.67 -2.79 -2.01 -0.39  1.40  2.77  3.41 03022011 00
  3.18  2.05  0.54 -0.96 -2.12 -2.90 -3.18 -2.53 -0.88  1.17  2.90  3.92 03022011 12
  4.04  3.16  1.81  0.34 -0.91 -1.87 -2.53 -2.45 -1.27  0.52  2.23  3.37 04022011 00
  3.73  3.07  1.71  0.15 -1.18 -2.12 -2.74 -2.76 -1.78 -0.03  1.80  3.17 04022011 12
  3.77  3.46  2.30  0.73 -0.76 -1.85 -2.56 -2.76 -2.00 -0.30  1.63  3.09 05022011 00
  3.79  3.59  2.44  0.88 -0.69 -1.89 -2.74 -3.19 -2.82 -1.36  0.55  2.21 05022011 12
  3.23  3.42  2.63  1.23 -0.31 -1.61 -2.48 -2.94 -2.69 -1.36  0.57  2.28 06022011 00
  3.40  3.80  3.23  1.94  0.37 -1.10 -2.17 -2.85 -2.96 -2.12 -0.46  1.34 06022011 12
  2.69  3.30  3.02  1.87  0.40 -1.02 -2.02 -2.57 -2.58 -1.65  0.10  1.91 07022011 00
  3.24  3.99  3.73  2.51  0.92 -0.61 -1.79 -2.67 -3.14 -2.80 -1.49  0.27 07022011 12
  1.83  2.79  2.97  2.24  0.93 -0.50 -1.70 -2.50 -2.93 -2.73 -1.61  0.08 08022011 00
  1.62  2.65  3.02  2.51  1.32 -0.09 -1.36 -2.23 -2.76 -2.77 -1.92 -0.36 08022011 12
  1.23  2.40  2.94  2.70  1.71  0.42 -0.83 -1.72 -2.25 -2.37 -1.75 -0.38 09022011 00
  1.14  2.30  2.94  2.84  2.00  0.78 -0.49 -1.49 -2.18 -2.51 -2.22 -1.13 09022011 12
  0.33  1.66  2.49  2.64  2.07  1.03 -0.16 -1.16 -1.84 -2.22 -2.13 -1.35 10022011 00
 -0.09  1.14  2.04  2.39  2.05  1.18  0.09 -0.93 -1.65 -2.09 -2.18 -1.68 10022011 12
 -0.59  0.65  1.67  2.23  2.18  1.56  0.65 -0.34 -1.10 -1.59 -1.80 -1.58 11022011 00
 -0.75  0.35  1.36  2.01  2.15  1.75  0.96  0.03 -0.78 -1.35 -1.70 -1.72 11022011 12
 -1.21 -0.27  0.74  1.54  1.91  1.78  1.25  0.46 -0.34 -0.98 -1.42 -1.62 12022011 00
 -1.42 -0.74  0.17  1.02  1.59  1.73  1.44  0.84  0.09 -0.60 -1.12 -1.44 12022011 12
 -1.48 -1.04 -0.23  0.64  1.41  1.87  1.94  1.61  0.98  0.23 -0.41 -0.90 13022011 00
 -1.23 -1.24 -0.79 -0.03  0.81  1.47  1.77  1.67  1.26  0.61 -0.12 -0.75 13022011 12
 -1.23 -1.49 -1.37 -0.75  0.12  1.00  1.64  1.91  1.75  1.23  0.47 -0.31 14022011 00
 -0.97 -1.47 -1.71 -1.45 -0.66  0.36  1.30  1.90  2.06  1.74  1.07  0.20 14022011 12
 -0.63 -1.31 -1.75 -1.79 -1.20 -0.09  1.12  2.08  2.55  2.41  1.74  0.74 15022011 00
 -0.34 -1.25 -1.92 -2.31 -2.11 -1.16  0.17  1.47  2.39  2.71  2.36  1.50 15022011 12
  0.37 -0.70 -1.54 -2.09 -2.19 -1.52 -0.12  1.40  2.61  3.22  3.05  2.16 16022011 00
  0.89 -0.43 -1.51 -2.30 -2.73 -2.46 -1.24  0.45  2.00  3.00  3.27  2.66 16022011 12
  1.44  0.00 -1.26 -2.19 -2.76 -2.74 -1.69  0.11  1.90  3.17  3.72  3.34 17022011 00
  2.11  0.54 -0.99 -2.18 -3.03 -3.41 -2.87 -1.24  0.79  2.48  3.46  3.58 17022011 12
  2.64  1.09 -0.57 -1.93 -2.87 -3.40 -3.16 -1.68  0.45  2.38  3.61  4.02 18022011 00
  3.33  1.76 -0.04 -1.67 -2.85 -3.68 -3.89 -2.93 -0.84  1.37  3.03  3.82 18022011 12
  3.68  2.38  0.59 -1.18 -2.50 -3.40 -3.79 -3.12 -1.15  1.25  3.13  4.19 19022011 00
  4.33  3.22  1.42 -0.48 -2.03 -3.17 -3.93 -3.90 -2.55 -0.26  2.01  3.47 19022011 12
  4.00  3.50  1.85 -0.02 -1.76 -2.96 -3.78 -3.97 -2.90 -0.62  1.79  3.49 20022011 00
  4.27  4.09  2.63  0.73 -1.15 -2.55 -3.58 -4.17 -3.75 -1.93  0.51  2.55 20022011 12
  3.75  4.01  3.11  1.31 -0.56 -2.17 -3.24 -3.91 -3.77 -2.27  0.11  2.35 21022011 00
  3.74  4.29  3.75  2.09  0.23 -1.51 -2.75 -3.66 -4.03 -3.24 -1.19  1.13 21022011 12
  2.90  3.78  3.74  2.52  0.71 -1.04 -2.39 -3.30 -3.78 -3.32 -1.59  0.73 22022011 00
  2.61  3.72  3.97  3.11  1.46 -0.30 -1.81 -2.85 -3.57 -3.62 -2.49 -0.46 22022011 12
  1.56  2.98  3.58  3.24  1.91  0.29 -1.27 -2.35 -3.08 -3.31 -2.54 -0.76 23022011 00
  1.26  2.75  3.58  3.58  2.56  1.11 -0.45 -1.67 -2.54 -3.07 -2.89 -1.66 23022011 12
  0.13  1.75  2.85  3.18  2.62  1.37 -0.06 -1.31 -2.18 -2.73 -2.77 -1.95 24022011 00
 -0.40  1.19  2.39  2.98  2.82  1.90  0.62 -0.65 -1.62 -2.28 -2.60 -2.30 24022011 12
 -1.19  0.28  1.61  2.48  2.70  2.20  1.20  0.02 -0.96 -1.62 -2.04 -2.05 25022011 00
 -1.39 -0.25  0.94  1.90  2.36  2.20  1.52  0.53 -0.48 -1.25 -1.78 -2.06 25022011 12
 -1.87 -1.03  0.13  1.22  1.95  2.16  1.81  1.08  0.19 -0.64 -1.26 -1.72 26022011 00
 -1.91 -1.63 -0.80  0.22  1.12  1.67  1.75  1.36  0.66 -0.14 -0.82 -1.34 26022011 12
 -1.70 -1.76 -1.32 -0.48  0.44  1.21  1.62  1.63  1.23  0.54 -0.26 -0.95 27022011 00
 -1.49 -1.86 -1.91 -1.44 -0.58  0.35  1.10  1.44  1.32  0.80  0.04 -0.74 27022011 12
 -1.37 -1.82 -2.05 -1.88 -1.19 -0.21  0.75  1.46  1.72  1.47  0.79 -0.11 28022011 00
 -1.00 -1.72 -2.22 -2.43 -2.12 -1.21 -0.06  0.96  1.61  1.73  1.31  0.50 28022011 12
 -0.45 -1.28 -1.87 -2.19 -2.10 -1.42 -0.27  0.90  1.77  2.12  1.84  1.00 01032011 00
 -0.11 -1.20 -2.03 -2.58 -2.78 -2.37 -1.27  0.09  1.27  2.00  2.09  1.47 01032011 12
  0.44 -0.71 -1.67 -2.31 -2.61 -2.37 -1.37  0.07  1.39  2.26  2.53  2.04 02032011 00
  0.95 -0.34 -1.51 -2.37 -2.90 -2.97 -2.28 -0.88  0.66  1.82  2.40  2.23 02032011 12
  1.29  0.00 -1.28 -2.22 -2.80 -2.96 -2.38 -0.97  0.67  1.97  2.70  2.69 03032011 00
  1.80  0.46 -0.97 -2.13 -2.91 -3.33 -3.10 -1.92 -0.22  1.34  2.36  2.68 03032011 12
  2.09  0.81 -0.62 -1.90 -2.73 -3.16 -2.99 -1.86 -0.07  1.58  2.69  3.13 04032011 00
  2.66  1.39 -0.12 -1.56 -2.59 -3.26 -3.40 -2.63 -0.96  0.85  2.23  2.94 04032011 12
  2.79  1.70  0.21 -1.28 -2.39 -3.09 -3.32 -2.66 -1.03  0.89  2.34  3.15 05032011 00
  3.15  2.14  0.63 -0.94 -2.21 -3.08 -3.54 -3.23 -1.87  0.05  1.75  2.81 05032011 12
  3.09  2.40  0.92 -0.66 -2.06 -2.95 -3.44 -3.27 -2.01 -0.07  1.73  2.91 06032011 00
  3.36  2.83  1.43 -0.17 -1.67 -2.71 -3.38 -3.50 -2.61 -0.77  1.13  2.51 06032011 12
  3.17  2.92  1.69  0.10 -1.45 -2.56 -3.26 -3.45 -2.72 -1.00  0.97  2.44 07032011 00
  3.23  3.19  2.13  0.60 -1.01 -2.25 -3.07 -3.47 -3.08 -1.61  0.34  2.00 07032011 12
  3.00  3.23  2.42  0.94 -0.61 -1.94 -2.78 -3.24 -3.04 -1.78  0.14  1.90 08032011 00
  3.02  3.39  2.82  1.49 -0.04 -1.44 -2.41 -3.01 -3.02 -2.03 -0.23  1.60 08032011 12
  2.89  3.49  3.18  1.97  0.51 -0.86 -1.83 -2.48 -2.68 -2.05 -0.55  1.15 09032011 00
  2.50  3.21  3.08  2.03  0.59 -0.86 -1.95 -2.66 -2.95 -2.46 -1.02  0.76 09032011 12
  2.22  3.13  3.29  2.53  1.27 -0.11 -1.20 -1.91 -2.28 -2.08 -1.03  0.52 10032011 00
  1.96  2.95  3.21  2.59  1.40  0.07 -1.08 -1.89 -2.43 -2.52 -1.81 -0.38 10032011 12
  1.15  2.32  2.82  2.56  1.61  0.37 -0.81 -1.65 -2.16 -2.32 -1.82 -0.64 11032011 00
  0.73  1.87  2.53  2.51  1.82  0.75 -0.40 -1.26 -1.84 -2.14 -1.89 -0.92 11032011 12
  0.39  1.58  2.36  2.54  2.09  1.17  0.06 -0.92 -1.59 -1.97 -1.96 -1.31 12032011 00
 -0.18  0.98  1.87  2.25  2.05  1.35  0.42 -0.51 -1.21 -1.66 -1.82 -1.47 12032011 12
 -0.55  0.54  1.49  2.07  2.13  1.67  0.89 -0.02 -0.78 -1.33 -1.67 -1.66 13032011 00
 -1.12 -0.20  0.74  1.47  1.77  1.61  1.08  0.33 -0.43 -1.04 -1.48 -1.69 13032011 12
 -1.48 -0.79  0.08  0.88  1.42  1.57  1.31  0.74  0.01 -0.69 -1.25 -1.65 14032011 00
 -1.78 -1.48 -0.74  0.13  0.89  1.37  1.47  1.19  0.65 -0.05 -0.70 -1.23 14032011 12
 -1.57 -1.63 -1.22 -0.39  0.54  1.31  1.74  1.75  1.36  0.64 -0.19 -0.95 15032011 00
 -1.56 -1.96 -2.00 -1.48 -0.53  0.52  1.37  1.80  1.74  1.23  0.42 -0.47 15032011 12
 -1.23 -1.79 -2.07 -1.90 -1.10  0.06  1.20  2.00  2.25  1.89  1.04 -0.03 16032011 00
 -1.05 -1.85 -2.39 -2.57 -2.07 -0.89  0.51  1.71  2.42  2.48  1.83  0.75 16032011 12
 -0.45 -1.44 -2.14 -2.51 -2.33 -1.31  0.23  1.69  2.70  3.04  2.57  1.45 17032011 00
  0.04 -1.25 -2.23 -2.91 -3.13 -2.52 -1.04  0.71  2.15  2.94  2.93  2.00 17032011 12
  0.60 -0.87 -2.03 -2.82 -3.21 -2.85 -1.42  0.50  2.18  3.24  3.52  2.78 18032011 00
  1.33 -0.31 -1.75 -2.80 -3.50 -3.61 -2.65 -0.72  1.29  2.79  3.48  3.26 18032011 12
  1.98  0.31 -1.34 -2.55 -3.38 -3.72 -3.07 -1.22  1.01  2.74  3.70  3.76 19032011 00
  2.67  0.94 -0.86 -2.33 -3.37 -4.03 -3.88 -2.43 -0.13  2.01  3.37  3.86 19032011 12
  3.33  1.71 -0.12 -1.81 -2.97 -3.76 -3.91 -2.80 -0.55  1.80  3.44  4.19 20032011 00
  3.95  2.47  0.60 -1.26 -2.64 -3.67 -4.23 -3.75 -1.90  0.54  2.57  3.73 20032011 12
  3.94  2.98  1.13 -0.77 -2.38 -3.45 -4.14 -3.98 -2.44  0.01  2.29  3.68 21032011 00
  4.18  3.59  1.85 -0.07 -1.84 -3.07 -3.97 -4.29 -3.39 -1.22  1.24  3.03 21032011 12
  3.87  3.78  2.44  0.50 -1.34 -2.75 -3.69 -4.20 -3.71 -1.82  0.62  2.62 22032011 00
  3.75  3.97  3.02  1.19 -0.68 -2.27 -3.37 -4.11 -4.11 -2.82 -0.57  1.66 22032011 12
  3.09  3.64  3.22  1.66 -0.17 -1.87 -3.04 -3.83 -4.09 -3.22 -1.20  1.07 23032011 00
  2.72  3.55  3.52  2.32  0.58 -1.13 -2.46 -3.36 -3.85 -3.50 -1.95  0.19 23032011 12
  1.98  3.07  3.34  2.61  1.05 -0.60 -2.04 -3.00 -3.62 -3.63 -2.54 -0.63 24032011 00
  1.28  2.58  3.16  2.89  1.67  0.16 -1.32 -2.36 -3.04 -3.29 -2.68 -1.15 24032011 12
  0.68  2.08  2.89  2.93  2.04  0.69 -0.73 -1.87 -2.64 -3.08 -2.90 -1.81 25032011 00
 -0.17  1.31  2.35  2.73  2.31  1.24 -0.01 -1.16 -1.96 -2.46 -2.54 -1.90 25032011 12
 -0.60  0.80  1.90  2.51  2.41  1.62  0.49 -0.66 -1.54 -2.15 -2.47 -2.29 26032011 00
 -1.43 -0.18  1.02  1.87  2.15  1.81  1.00  0.02 -0.86 -1.50 -1.90 -1.97 26032011 12
 -1.50 -0.52  0.57  1.47  1.96  1.92  1.40  0.58 -0.31 -1.07 -1.62 -1.96 27032011 00
 -1.96 -1.41 -0.48  0.51  1.29  1.65  1.54  1.04  0.33 -0.39 -0.96 -1.36 27032011 12
 -1.56 -1.40 -0.75  0.13  0.95  1.53  1.72  1.49  0.90  0.14 -0.61 -1.22 28032011 00
 -1.68 -1.89 -1.65 -0.93  0.00  0.88  1.45  1.62  1.38  0.83  0.11 -0.56 28032011 12
 -1.09 -1.44 -1.52 -1.11 -0.27  0.66  1.44  1.87  1.85  1.37  0.59 -0.28 29032011 00
 -1.04 -1.63 -1.99 -1.96 -1.33 -0.31  0.76  1.58  1.94  1.80  1.21  0.37 29032011 12
 -0.49 -1.17 -1.63 -1.78 -1.41 -0.44  0.70  1.69  2.28  2.31  1.78  0.89 30032011 00
 -0.15 -1.05 -1.72 -2.14 -2.10 -1.36 -0.13  1.12  2.04  2.41  2.13  1.32 30032011 12
  0.24 -0.80 -1.55 -2.00 -2.03 -1.36 -0.02  1.39  2.47  3.08  3.01  2.22 31032011 00
  1.03 -0.24 -1.25 -1.94 -2.35 -2.18 -1.16  0.28  1.61  2.47  2.65  2.09 31032011 12
  1.01 -0.25 -1.32 -2.04 -2.40 -2.19 -1.12  0.43  1.85  2.82  3.15  2.70 01042011 00
  1.63  0.28 -0.97 -1.89 -2.48 -2.56 -1.79 -0.31  1.31  2.58  3.19  2.96 01042011 12
  1.97  0.63 -0.72 -1.74 -2.40 -2.59 -1.96 -0.46  1.25  2.60  3.33  3.23 02042011 00
  2.25  0.87 -0.58 -1.74 -2.56 -2.99 -2.70 -1.40  0.38  1.97  3.01  3.27 02042011 12
  2.58  1.26 -0.23 -1.51 -2.39 -2.90 -2.78 -1.65  0.14  1.84  2.99  3.41 03042011 00
  2.87  1.57  0.04 -1.37 -2.36 -2.99 -3.09 -2.23 -0.49  1.37  2.73  3.39 03042011 12
  3.14  1.94  0.42 -1.09 -2.18 -2.91 -3.17 -2.52 -0.86  1.07  2.59  3.42 04042011 00
  3.44  2.49  1.04 -0.50 -1.69 -2.49 -2.91 -2.57 -1.18  0.69  2.33  3.35 04042011 12
  3.53  2.76  1.40 -0.17 -1.48 -2.34 -2.80 -2.57 -1.34  0.50  2.21  3.32 05042011 00
  3.65  2.99  1.64  0.05 -1.37 -2.41 -3.08 -3.14 -2.17 -0.37  1.52  2.89 05042011 12
  3.52  3.23  2.00  0.46 -1.05 -2.13 -2.84 -3.09 -2.43 -0.82  1.02  2.52 06042011 00
  3.31  3.23  2.23  0.78 -0.74 -1.91 -2.68 -3.06 -2.70 -1.31  0.55  2.14 06042011 12
  3.13  3.30  2.51  1.12 -0.44 -1.70 -2.56 -3.08 -2.99 -1.93 -0.17  1.48 07042011 00
  2.61  3.02  2.53  1.27 -0.20 -1.56 -2.48 -3.05 -3.10 -2.25 -0.62  1.08 07042011 12
  2.32  2.95  2.74  1.67  0.29 -1.11 -2.13 -2.77 -3.02 -2.53 -1.16  0.50 08042011 00
  1.86  2.64  2.68  1.85  0.56 -0.79 -1.86 -2.55 -2.89 -2.61 -1.47  0.13 08042011 12
  1.52  2.45  2.71  2.14  1.01 -0.30 -1.45 -2.23 -2.68 -2.65 -1.86 -0.46 09042011 00
  0.97  2.03  2.49  2.23  1.31  0.12 -1.02 -1.85 -2.35 -2.47 -1.94 -0.73 09042011 12
  0.67  1.79  2.43  2.39  1.69  0.60 -0.55 -1.46 -2.09 -2.43 -2.28 -1.44 10042011 00
 -0.19  1.00  1.84  2.11  1.73  0.87 -0.15 -1.06 -1.69 -2.05 -2.08 -1.52 10042011 12
 -0.45  0.72  1.65  2.13  2.04  1.40  0.46 -0.51 -1.28 -1.81 -2.08 -1.92 11042011 00
 -1.17 -0.13  0.88  1.62  1.87  1.61  0.95  0.07 -0.74 -1.33 -1.73 -1.86 11042011 12
 -1.52 -0.68  0.34  1.22  1.75  1.78  1.30  0.51 -0.37 -1.11 -1.67 -2.05 12042011 00
 -2.10 -1.60 -0.67  0.36  1.20  1.64  1.61  1.13  0.40 -0.40 -1.07 -1.54 12042011 12
 -1.80 -1.66 -0.96  0.06  1.06  1.78  2.07  1.84  1.17  0.28 -0.60 -1.31 13042011 00
 -1.82 -2.03 -1.73 -0.85  0.28  1.33  2.03  2.21  1.85  1.07  0.08 -0.84 13042011 12
 -1.55 -2.04 -2.12 -1.56 -0.44  0.82  1.86  2.39  2.31  1.62  0.56 -0.59 14042011 00
 -1.55 -2.26 -2.68 -2.55 -1.64 -0.25  1.15  2.16  2.56  2.24  1.32  0.12 14042011 12
 -1.02 -1.89 -2.46 -2.61 -2.01 -0.63  0.95  2.22  2.92  2.87  2.01  0.70 15042011 00
 -0.70 -1.85 -2.68 -3.17 -3.02 -1.89 -0.16  1.50  2.67  3.11  2.66  1.46 15042011 12
  0.01 -1.36 -2.35 -2.99 -3.11 -2.30 -0.60  1.27  2.66  3.39  3.23  2.10 16042011 00
  0.57 -1.03 -2.27 -3.16 -3.65 -3.32 -1.88  0.16  1.97  3.12  3.46  2.77 16042011 12
  1.26 -0.40 -1.88 -2.89 -3.54 -3.55 -2.40 -0.32  1.73  3.14  3.75  3.39 17042011 00
  1.97  0.24 -1.45 -2.69 -3.59 -3.99 -3.37 -1.52  0.73  2.53  3.55  3.68 17042011 12
  2.66  0.91 -0.87 -2.33 -3.32 -3.90 -3.65 -2.09  0.23  2.30  3.57  4.00 18042011 00
  3.34  1.67 -0.15 -1.83 -2.99 -3.81 -4.00 -2.98 -0.82  1.51  3.17  3.94 18042011 12
  3.76  2.38  0.55 -1.24 -2.59 -3.52 -3.99 -3.41 -1.48  0.93  2.83  3.91 19042011 00
  4.07  3.04  1.26 -0.58 -2.11 -3.17 -3.87 -3.77 -2.36 -0.08  2.10  3.48 19042011 12
  3.98  3.44  1.81 -0.02 -1.72 -2.89 -3.72 -3.96 -3.03 -0.92  1.37  3.05 20042011 00
  3.87  3.78  2.51  0.74 -1.01 -2.34 -3.27 -3.76 -3.31 -1.61  0.67  2.52 20042011 12
  3.62  3.85  2.95  1.29 -0.46 -1.95 -2.97 -3.65 -3.64 -2.42 -0.34  1.70 21042011 00
  3.08  3.65  3.26  1.87  0.22 -1.36 -2.45 -3.19 -3.42 -2.64 -0.84  1.20 21042011 12
  2.71  3.53  3.48  2.38  0.84 -0.77 -2.01 -2.88 -3.37 -3.10 -1.73  0.17 22042011 00
  1.88  2.98  3.32  2.71  1.40 -0.07 -1.38 -2.26 -2.80 -2.79 -1.83 -0.14 22042011 12
  1.54  2.73  3.27  2.96  1.88  0.49 -0.87 -1.87 -2.57 -2.89 -2.51 -1.27 23042011 00
  0.30  1.67  2.53  2.66  1.98  0.83 -0.43 -1.45 -2.12 -2.51 -2.37 -1.45 23042011 12
 -0.03  1.31  2.27  2.64  2.28  1.35  0.16 -0.96 -1.78 -2.34 -2.56 -2.18 24042011 00
 -1.13  0.16  1.30  1.99  2.08  1.53  0.60 -0.41 -1.23 -1.78 -2.08 -1.96 24042011 12
 -1.23 -0.11  0.97  1.77  2.08  1.81  1.07  0.09 -0.83 -1.55 -2.05 -2.28 25042011 00
 -2.05 -1.24 -0.18  0.81  1.45  1.60  1.24  0.55 -0.27 -0.98 -1.49 -1.79 25042011 12
 -1.78 -1.30 -0.41  0.56  1.33  1.71  1.61  1.05  0.25 -0.59 -1.29 -1.79 26042011 00
 -2.08 -2.03 -1.45 -0.53  0.43  1.16  1.47  1.32  0.80  0.05 -0.69 -1.25 26042011 12
 -1.61 -1.71 -1.42 -0.66  0.28  1.11  1.64  1.71  1.31  0.57 -0.30 -1.08 27042011 00
 -1.68 -2.07 -2.11 -1.62 -0.69  0.35  1.21  1.65  1.60  1.08  0.29 -0.55 27042011 12
 -1.23 -1.67 -1.87 -1.63 -0.85  0.21  1.18  1.83  1.98  1.58  0.76 -0.23 28042011 00
 -1.13 -1.80 -2.22 -2.26 -1.70 -0.62  0.56  1.52  2.00  1.89  1.23  0.28 28042011 12
 -0.71 -1.48 -1.98 -2.15 -1.81 -0.83  0.43  1.52  2.19  2.26  1.67  0.68 29042011 00
 -0.44 -1.40 -2.09 -2.50 -2.42 -1.61 -0.30  1.02  1.99  2.36  2.02  1.12 29042011 12
 -0.03 -1.12 -1.91 -2.38 -2.44 -1.82 -0.55  0.86  1.95  2.50  2.35  1.49 30042011 00
  0.28 -0.95 -1.90 -2.53 -2.79 -2.40 -1.21  0.34  1.66  2.49  2.61  1.93 30042011 12
  0.77 -0.53 -1.63 -2.37 -2.76 -2.58 -1.55  0.01  1.47  2.44  2.77  2.26 01052011 00
  1.10 -0.27 -1.50 -2.35 -2.85 -2.85 -2.02 -0.46  1.16  2.34  2.90  2.65 01052011 12
  1.61  0.24 -1.14 -2.15 -2.79 -2.99 -2.39 -0.91  0.79  2.14  2.88  2.86 02052011 00
  1.93  0.57 -0.88 -2.02 -2.76 -3.10 -2.73 -1.38  0.39  1.91  2.85  3.05 02052011 12
  2.33  1.02 -0.47 -1.74 -2.61 -3.11 -3.00 -1.91 -0.14  1.51  2.67  3.13 03052011 00
  2.66  1.40 -0.08 -1.47 -2.43 -3.02 -3.08 -2.22 -0.53  1.25  2.54  3.18 03052011 12
  2.96  1.83  0.37 -1.11 -2.21 -2.93 -3.21 -2.65 -1.12  0.71  2.19  3.01 04052011 00
  3.05  2.13  0.69 -0.81 -2.02 -2.81 -3.20 -2.85 -1.49  0.38  2.01  3.05 04052011 12
  3.34  2.67  1.32 -0.22 -1.58 -2.53 -3.11 -3.05 -2.03 -0.28  1.43  2.66 05052011 00
  3.19  2.81  1.60  0.13 -1.27 -2.25 -2.86 -2.98 -2.18 -0.52  1.27  2.62 05052011 12
  3.31  3.18  2.15  0.73 -0.75 -1.89 -2.66 -3.03 -2.64 -1.27  0.51  2.02 06052011 00
  2.96  3.10  2.32  1.01 -0.45 -1.64 -2.44 -2.88 -2.67 -1.51  0.20  1.77 06052011 12
  2.85  3.23  2.71  1.51  0.08 -1.24 -2.17 -2.78 -2.89 -2.13 -0.58  1.08 07052011 00
  2.35  2.96  2.79  1.78  0.45 -0.87 -1.84 -2.46 -2.68 -2.16 -0.79  0.85 07052011 12
  2.20  2.99  3.06  2.32  1.09 -0.27 -1.37 -2.13 -2.56 -2.41 -1.41  0.10 08052011 00
  1.56  2.58  2.92  2.48  1.47  0.22 -0.92 -1.75 -2.26 -2.33 -1.62 -0.25 08052011 12
  1.19  2.32  2.87  2.69  1.84  0.67 -0.54 -1.50 -2.19 -2.53 -2.26 -1.21 09052011 00
  0.19  1.49  2.35  2.55  2.06  1.09 -0.03 -1.00 -1.70 -2.11 -2.09 -1.37 09052011 12
 -0.10  1.20  2.18  2.62  2.40  1.59  0.49 -0.61 -1.47 -2.09 -2.40 -2.14 10052011 00
 -1.18  0.10  1.30  2.10  2.31  1.89  1.03 -0.00 -0.90 -1.54 -1.95 -1.97 10052011 12
 -1.37 -0.28  0.89  1.84  2.31  2.16  1.46  0.45 -0.59 -1.43 -2.06 -2.43 11052011 00
 -2.30 -1.49 -0.28  0.93  1.81  2.15  1.89  1.15  0.19 -0.70 -1.38 -1.84 11052011 12
 -1.98 -1.55 -0.51  0.71  1.75  2.35  2.37  1.79  0.82 -0.25 -1.18 -1.87 12052011 00
 -2.34 -2.41 -1.79 -0.62  0.68  1.72  2.23  2.14  1.45  0.45 -0.59 -1.43 12052011 12
 -2.01 -2.28 -2.01 -1.03  0.31  1.52  2.33  2.54  2.08  1.10 -0.09 -1.17 13052011 00
 -2.00 -2.57 -2.73 -2.16 -0.87  0.63  1.88  2.58  2.59  1.88  0.74 -0.49 13052011 12
 -1.49 -2.20 -2.58 -2.36 -1.31  0.21  1.65  2.63  2.97  2.48  1.34 -0.05 14052011 00
 -1.31 -2.27 -2.91 -3.09 -2.49 -1.06  0.64  2.04  2.85  2.90  2.06  0.73 14052011 12
 -0.70 -1.85 -2.65 -3.09 -2.89 -1.72  0.06  1.69  2.81  3.18  2.63  1.35 15052011 00
 -0.14 -1.52 -2.51 -3.18 -3.33 -2.55 -0.87  1.03  2.48  3.25  3.16  2.11 15052011 12
  0.63 -0.91 -2.11 -2.95 -3.38 -3.00 -1.50  0.51  2.24  3.31  3.58  2.82 16052011 00
  1.34 -0.29 -1.70 -2.72 -3.40 -3.46 -2.41 -0.46  1.51  2.95  3.61  3.33 16052011 12
  2.04  0.40 -1.23 -2.42 -3.25 -3.61 -3.01 -1.31  0.85  2.55  3.52  3.63 17052011 00
  2.65  1.04 -0.65 -2.03 -3.00 -3.60 -3.44 -2.05  0.08  2.05  3.36  3.84 17052011 12
  3.27  1.76  0.06 -1.52 -2.63 -3.39 -3.58 -2.65 -0.68  1.44  3.01  3.81 18052011 00
  3.68  2.42  0.75 -0.93 -2.18 -3.07 -3.54 -3.10 -1.42  0.75  2.56  3.62 18052011 12
  3.84  2.93  1.30 -0.42 -1.88 -2.92 -3.62 -3.66 -2.53 -0.49  1.55  2.95 19052011 00
  3.54  3.19  1.82  0.16 -1.42 -2.52 -3.26 -3.49 -2.68 -0.82  1.29  2.84 19052011 12
  3.67  3.63  2.52  0.93 -0.73 -2.01 -2.92 -3.46 -3.20 -1.77  0.26  2.07 20052011 00
  3.20  3.52  2.85  1.44 -0.15 -1.54 -2.49 -3.10 -3.11 -2.07 -0.23  1.63 20052011 12
  2.94  3.53  3.18  1.92  0.37 -1.14 -2.23 -3.00 -3.33 -2.83 -1.33  0.53 21052011 00
  2.09  3.01  3.16  2.39  1.08 -0.33 -1.47 -2.23 -2.64 -2.36 -1.09  0.69 21052011 12
  2.25  3.25  3.51  2.90  1.68  0.26 -0.98 -1.87 -2.50 -2.66 -1.99 -0.58 22052011 00
  0.99  2.24  2.90  2.77  1.87  0.61 -0.67 -1.66 -2.30 -2.57 -2.21 -1.05 22052011 12
  0.44  1.76  2.59  2.76  2.18  1.12 -0.09 -1.13 -1.86 -2.27 -2.15 -1.23 23052011 00
  0.16  1.42  2.37  2.87  2.69  1.94  0.91 -0.07 -0.82 -1.37 -1.59 -1.25 23052011 12
 -0.36  0.77  1.82  2.41  2.37  1.70  0.63 -0.50 -1.41 -2.06 -2.45 -2.40 24052011 00
 -1.69 -0.54  0.65  1.57  1.97  1.77  1.08  0.18 -0.72 -1.38 -1.79 -1.90 24052011 12
 -1.53 -0.59  0.52  1.47  2.03  2.03  1.49  0.62 -0.34 -1.14 -1.70 -2.01 25052011 00
 -1.92 -1.27 -0.23  0.83  1.64  1.99  1.84  1.27  0.47 -0.35 -0.97 -1.36 25052011 12
 -1.45 -1.11 -0.29  0.69  1.53  2.03  2.05  1.58  0.78 -0.14 -0.94 -1.55 26052011 00
 -1.95 -1.98 -1.50 -0.64  0.34  1.15  1.55  1.49  0.97  0.19 -0.60 -1.20 26052011 12
 -1.59 -1.75 -1.51 -0.77  0.25  1.14  1.68  1.71  1.24  0.46 -0.43 -1.23 27052011 00
 -1.83 -2.20 -2.19 -1.59 -0.53  0.58  1.47  1.96  1.92  1.37  0.53 -0.34 27052011 12
 -1.03 -1.48 -1.64 -1.36 -0.55  0.53  1.51  2.12  2.19  1.69  0.83 -0.15 28052011 00
 -1.02 -1.67 -2.05 -2.02 -1.34 -0.22  0.93  1.83  2.23  2.04  1.33  0.34 28052011 12
 -0.63 -1.36 -1.83 -1.97 -1.53 -0.50  0.76  1.84  2.45  2.44  1.84  0.88 29052011 00
 -0.19 -1.08 -1.71 -2.07 -1.95 -1.10  0.18  1.43  2.29  2.53  2.06  1.10 29052011 12
 -0.05 -1.09 -1.84 -2.30 -2.34 -1.66 -0.39  0.95  2.01  2.53  2.34  1.50 30052011 00
  0.32 -0.86 -1.75 -2.33 -2.54 -2.08 -0.86  0.65  1.94  2.70  2.76  2.05 30052011 12
  0.89 -0.39 -1.45 -2.19 -2.61 -2.47 -1.51 -0.03  1.40  2.38  2.70  2.21 31052011 00
  1.09 -0.25 -1.43 -2.26 -2.76 -2.78 -1.98 -0.47  1.11  2.30  2.86  2.63 31052011 12
  1.63  0.29 -1.03 -2.01 -2.66 -2.89 -2.40 -1.03  0.63  2.01  2.82  2.85 01062011 00
  2.02  0.72 -0.67 -1.80 -2.57 -2.98 -2.74 -1.56  0.15  1.69  2.72  3.03 01062011 12
  2.42  1.16 -0.30 -1.59 -2.51 -3.10 -3.15 -2.31 -0.69  1.00  2.24  2.81 02062011 00
  2.54  1.40 -0.04 -1.45 -2.45 -3.08 -3.28 -2.63 -1.09  0.73  2.12  2.92 02062011 12
  2.93  1.99  0.56 -0.94 -2.13 -2.94 -3.38 -3.14 -1.91 -0.12  1.51  2.56 03062011 00
  2.88  2.27  0.93 -0.55 -1.87 -2.74 -3.22 -3.15 -2.10 -0.31  1.41  2.63 03062011 12
  3.17  2.79  1.57  0.08 -1.38 -2.44 -3.15 -3.42 -2.84 -1.32  0.52  1.95 04062011 00
  2.77  2.78  1.85  0.41 -1.06 -2.21 -2.95 -3.27 -2.88 -1.52  0.32  1.91 04062011 12
  2.89  3.16  2.47  1.10 -0.41 -1.75 -2.67 -3.25 -3.28 -2.34 -0.61  1.12 05062011 00
  2.40  2.98  2.71  1.58  0.15 -1.25 -2.22 -2.83 -2.97 -2.29 -0.71  1.06 05062011 12
  2.42  3.17  3.13  2.20  0.82 -0.66 -1.84 -2.66 -3.11 -2.91 -1.73  0.01 06062011 00
  1.59  2.67  3.00  2.46  1.27 -0.10 -1.33 -2.16 -2.66 -2.63 -1.70 -0.07 06062011 12
  1.56  2.73  3.27  2.97  1.90  0.51 -0.86 -1.89 -2.62 -2.94 -2.54 -1.24 07062011 00
  0.40  1.83  2.73  2.88  2.23  1.08 -0.21 -1.29 -2.04 -2.45 -2.30 -1.30 07062011 12
  0.23  1.68  2.70  3.08  2.65  1.59  0.27 -0.98 -1.92 -2.59 -2.86 -2.41 08062011 00
 -1.17  0.37  1.70  2.52  2.62  1.96  0.89 -0.31 -1.28 -1.94 -2.31 -2.15 08062011 12
 -1.19  0.22  1.54  2.47  2.80  2.38  1.38  0.16 -0.99 -1.87 -2.50 -2.75 09062011 00
 -2.31 -1.13  0.31  1.57  2.34  2.45  1.86  0.86 -0.27 -1.22 -1.89 -2.27 09062011 12
 -2.16 -1.31  0.03  1.33  2.29  2.67  2.35  1.44  0.27 -0.86 -1.73 -2.36 10062011 00
 -2.66 -2.34 -1.27  0.12  1.40  2.22  2.43  1.95  1.00 -0.12 -1.10 -1.82 10062011 12
 -2.27 -2.28 -1.58 -0.29  1.05  2.08  2.58  2.40  1.58  0.45 -0.71 -1.64 11062011 00
 -2.31 -2.69 -2.49 -1.51 -0.09  1.27  2.22  2.57  2.20  1.27  0.08 -1.01 11062011 12
 -1.83 -2.36 -2.48 -1.88 -0.57  0.89  2.07  2.71  2.65  1.87  0.69 -0.57 12062011 00
 -1.61 -2.35 -2.77 -2.62 -1.61 -0.09  1.41  2.52  2.98  2.67  1.70  0.44 12062011 12
 -0.78 -1.70 -2.31 -2.50 -1.94 -0.56  1.03  2.33  3.05  3.02  2.19  0.94 13062011 00
 -0.42 -1.54 -2.36 -2.85 -2.74 -1.70 -0.07  1.54  2.68  3.10  2.67  1.53 13062011 12
  0.11 -1.20 -2.19 -2.87 -3.09 -2.47 -0.95  0.78  2.19  2.98  3.00  2.11 14062011 00
  0.76 -0.69 -1.85 -2.66 -3.12 -2.89 -1.64  0.19  1.84  2.98  3.36  2.80 14062011 12
  1.52  0.02 -1.37 -2.37 -3.02 -3.14 -2.29 -0.57  1.27  2.65  3.38  3.26 15062011 00
  2.20  0.75 -0.77 -1.94 -2.74 -3.13 -2.71 -1.22  0.70  2.35  3.36  3.57 15062011 12
  2.76  1.35 -0.25 -1.61 -2.59 -3.23 -3.25 -2.23 -0.39  1.46  2.83  3.44 16062011 00
  3.12  1.88  0.36 -1.13 -2.19 -2.91 -3.14 -2.43 -0.71  1.25  2.77  3.61 16062011 12
  3.60  2.55  1.04 -0.58 -1.88 -2.80 -3.35 -3.15 -1.79  0.19  1.99  3.19 17062011 00
  3.56  2.97  1.65  0.09 -1.34 -2.33 -2.97 -3.00 -1.96 -0.10  1.78  3.12 17062011 12
  3.75  3.45  2.22  0.66 -0.89 -2.04 -2.87 -3.26 -2.79 -1.27  0.65  2.27 18062011 00
  3.21  3.33  2.46  1.02 -0.50 -1.73 -2.56 -3.03 -2.80 -1.50  0.40  2.10 18062011 12
  3.23  3.60  2.96  1.61  0.04 -1.36 -2.38 -3.10 -3.29 -2.53 -0.87  0.95 19062011 00
  2.32  3.03  2.91  1.87  0.47 -0.96 -2.01 -2.68 -2.90 -2.33 -0.82  0.97 19062011 12
  2.40  3.25  3.30  2.43  1.07 -0.42 -1.65 -2.52 -3.06 -2.98 -1.94 -0.28 20062011 00
  1.32  2.46  2.90  2.49  1.37  0.04 -1.20 -2.04 -2.55 -2.54 -1.69 -0.12 20062011 12
  1.47  2.63  3.19  2.96  1.98  0.67 -0.66 -1.67 -2.36 -2.69 -2.34 -1.16 21062011 00
  0.37  1.73  2.58  2.73  2.12  1.03 -0.23 -1.26 -1.94 -2.26 -2.04 -1.05 21062011 12
  0.40  1.72  2.63  2.93  2.49  1.48  0.25 -0.89 -1.73 -2.29 -2.46 -1.94 22062011 00
 -0.77  0.59  1.72  2.33  2.27  1.55  0.51 -0.56 -1.38 -1.91 -2.11 -1.78 22062011 12
 -0.78  0.50  1.59  2.30  2.43  1.90  0.93 -0.18 -1.13 -1.80 -2.23 -2.27 23062011 00
 -1.68 -0.57  0.64  1.60  2.03  1.86  1.17  0.24 -0.68 -1.36 -1.77 -1.89 23062011 12
 -1.52 -0.60  0.51  1.45  2.00  2.00  1.45  0.56 -0.42 -1.23 -1.80 -2.13 24062011 00
 -2.06 -1.40 -0.35  0.73  1.54  1.88  1.68  1.05  0.20 -0.62 -1.23 -1.61 24062011 12
 -1.69 -1.29 -0.38  0.63  1.46  1.94  1.95  1.49  0.72 -0.14 -0.89 -1.42 25062011 00
 -1.73 -1.65 -1.05 -0.12  0.85  1.59  1.89  1.66  1.03  0.20 -0.61 -1.22 25062011 12
 -1.63 -1.77 -1.45 -0.65  0.33  1.18  1.69  1.72  1.27  0.51 -0.35 -1.07 26062011 00
 -1.58 -1.89 -1.83 -1.22 -0.21  0.82  1.62  1.98  1.82  1.24  0.40 -0.44 26062011 12
 -1.11 -1.57 -1.78 -1.52 -0.72  0.30  1.22  1.78  1.84  1.36  0.54 -0.39 27062011 00
 -1.18 -1.73 -2.05 -1.97 -1.30 -0.20  0.93  1.77  2.15  1.98  1.30  0.35 27062011 12
 -0.61 -1.37 -1.87 -2.09 -1.79 -0.88  0.30  1.35  1.99  2.04  1.48  0.53 28062011 00
 -0.53 -1.42 -2.04 -2.37 -2.23 -1.39 -0.09  1.17  2.07  2.41  2.10  1.23 28062011 12
  0.11 -0.96 -1.77 -2.29 -2.44 -1.96 -0.81  0.54  1.66  2.29  2.24  1.50 29062011 00
  0.38 -0.81 -1.74 -2.36 -2.63 -2.33 -1.25  0.24  1.58  2.45  2.67  2.12 29062011 12
  1.02 -0.26 -1.40 -2.22 -2.73 -2.76 -2.01 -0.59  0.93  2.08  2.61  2.36 30062011 00
  1.36  0.05 -1.22 -2.15 -2.74 -2.91 -2.33 -0.91  0.75  2.09  2.85  2.85 30062011 12
  2.01  0.71 -0.71 -1.87 -2.69 -3.14 -2.98 -1.86 -0.15  1.44  2.54  2.91 01072011 00
  2.37  1.09 -0.37 -1.69 -2.59 -3.12 -3.11 -2.15 -0.39  1.36  2.63  3.23 01072011 12
  2.93  1.76  0.28 -1.22 -2.33 -3.09 -3.42 -2.90 -1.38  0.53  2.09  3.00 02072011 00
  3.11  2.23  0.76 -0.77 -2.02 -2.83 -3.26 -2.97 -1.59  0.36  2.09  3.19 02072011 12
  3.54  2.88  1.46 -0.15 -1.60 -2.63 -3.33 -3.46 -2.57 -0.74  1.18  2.62 03072011 00
  3.31  3.08  1.88  0.31 -1.24 -2.36 -3.10 -3.36 -2.70 -1.00  1.03  2.59 03072011 12
  3.49  3.55  2.53  0.99 -0.68 -2.02 -2.96 -3.55 -3.42 -2.15 -0.17  1.71 04072011 00
  2.95  3.39  2.86  1.45 -0.15 -1.61 -2.59 -3.21 -3.25 -2.22 -0.29  1.65 04072011 12
  3.02  3.69  3.41  2.15  0.56 -1.05 -2.25 -3.09 -3.49 -2.99 -1.41  0.59 05072011 00
  2.23  3.23  3.41  2.58  1.15 -0.41 -1.72 -2.59 -3.09 -2.88 -1.57  0.40 05072011 12
  2.15  3.33  3.74  3.15  1.80  0.22 -1.23 -2.30 -3.06 -3.30 -2.59 -0.94 06072011 00
  0.95  2.42  3.23  3.23  2.25  0.85 -0.61 -1.74 -2.51 -2.88 -2.46 -1.01 06072011 12
  0.84  2.36  3.30  3.46  2.71  1.43 -0.06 -1.36 -2.31 -2.95 -3.01 -2.11 07072011 00
 -0.49  1.22  2.51  3.12  2.91  1.90  0.57 -0.76 -1.75 -2.41 -2.66 -2.13 07072011 12
 -0.73  0.90  2.24  3.04  3.12  2.36  1.13 -0.26 -1.41 -2.25 -2.77 -2.75 08072011 00
 -1.86 -0.36  1.18  2.33  2.84  2.60  1.67  0.46 -0.71 -1.58 -2.17 -2.39 08072011 12
 -1.91 -0.66  0.81  2.04  2.78  2.83  2.15  1.04 -0.20 -1.24 -2.01 -2.52 09072011 00
 -2.55 -1.81 -0.50  0.89  1.96  2.46  2.30  1.52  0.45 -0.63 -1.48 -2.07 09072011 12
 -2.33 -2.01 -0.98  0.36  1.55  2.33  2.50  2.00  1.04 -0.09 -1.09 -1.84 10072011 00
 -2.36 -2.48 -1.94 -0.78  0.53  1.64  2.27  2.27  1.63  0.64 -0.44 -1.33 10072011 12
 -1.96 -2.33 -2.22 -1.40 -0.15  1.10  2.03  2.39  2.09  1.26  0.18 -0.87 11072011 00
 -1.70 -2.28 -2.53 -2.18 -1.11  0.25  1.46  2.23  2.38  1.85  0.87 -0.27 11072011 12
 -1.27 -2.03 -2.52 -2.57 -1.90 -0.61  0.77  1.85  2.40  2.26  1.46  0.33 12072011 00
 -0.83 -1.73 -2.36 -2.68 -2.41 -1.34  0.14  1.49  2.38  2.63  2.13  1.06 12072011 12
 -0.21 -1.35 -2.18 -2.73 -2.83 -2.16 -0.76  0.77  1.99  2.62  2.53  1.69 13072011 00
  0.46 -0.82 -1.82 -2.50 -2.82 -2.48 -1.26  0.37  1.80  2.73  2.95  2.33 13072011 12
  1.12 -0.29 -1.53 -2.43 -3.01 -3.06 -2.22 -0.65  1.02  2.28  2.91  2.72 14072011 00
  1.69  0.35 -1.02 -2.04 -2.71 -2.96 -2.42 -0.94  0.83  2.28  3.14  3.22 14072011 12
  2.37  1.00 -0.53 -1.78 -2.67 -3.22 -3.11 -2.01 -0.24  1.46  2.68  3.17 15072011 00
  2.74  1.52  0.05 -1.34 -2.30 -2.91 -2.96 -2.05 -0.29  1.55  2.89  3.58 15072011 12
  3.38  2.26  0.77 -0.76 -1.94 -2.77 -3.19 -2.80 -1.34  0.56  2.23  3.24 16072011 00
  3.44  2.65  1.23 -0.30 -1.58 -2.45 -2.95 -2.77 -1.49  0.44  2.20  3.36 16072011 12
  3.74  3.13  1.80  0.22 -1.23 -2.30 -3.04 -3.25 -2.47 -0.77  1.11  2.56 17072011 00
  3.30  3.18  2.07  0.57 -0.94 -2.02 -2.70 -2.95 -2.36 -0.76  1.17  2.71 17072011 12
  3.58  3.60  2.64  1.19 -0.40 -1.69 -2.59 -3.17 -3.07 -1.90 -0.05  1.67 18072011 00
  2.86  3.29  2.77  1.46 -0.03 -1.39 -2.31 -2.87 -2.85 -1.85 -0.07  1.71 18072011 12
  2.95  3.51  3.15  1.93  0.41 -1.08 -2.17 -2.93 -3.25 -2.72 -1.22  0.59 19072011 00
  2.07  2.91  2.98  2.09  0.71 -0.73 -1.86 -2.58 -2.91 -2.53 -1.20  0.58 19072011 12
  2.07  3.00  3.20  2.49  1.20 -0.26 -1.52 -2.41 -2.97 -2.96 -2.03 -0.41 20072011 00
  1.21  2.36  2.86  2.51  1.40  0.05 -1.23 -2.11 -2.65 -2.73 -2.01 -0.53 20072011 12
  1.07  2.28  2.89  2.74  1.80  0.50 -0.82 -1.83 -2.51 -2.84 -2.53 -1.38 21072011 00
  0.14  1.48  2.34  2.51  1.89  0.76 -0.49 -1.53 -2.20 -2.54 -2.36 -1.44 21072011 12
 -0.02  1.31  2.23  2.55  2.11  1.10 -0.11 -1.20 -1.98 -2.45 -2.54 -1.96 22072011 00
 -0.75  0.59  1.66  2.23  2.13  1.39  0.34 -0.72 -1.52 -2.01 -2.18 -1.83 22072011 12
 -0.84  0.40  1.47  2.14  2.21  1.66  0.72 -0.34 -1.23 -1.82 -2.16 -2.08 23072011 00
 -1.39 -0.27  0.87  1.73  2.08  1.84  1.13  0.21 -0.66 -1.29 -1.67 -1.76 23072011 12
 -1.36 -0.45  0.59  1.46  1.95  1.91  1.37  0.53 -0.37 -1.10 -1.60 -1.86 24072011 00
 -1.73 -1.06 -0.07  0.91  1.63  1.89  1.66  1.04  0.24 -0.51 -1.07 -1.42 24072011 12
 -1.52 -1.21 -0.44  0.46  1.24  1.68  1.68  1.22  0.50 -0.29 -0.95 -1.42 25072011 00
 -1.68 -1.60 -1.03 -0.14  0.77  1.47  1.76  1.61  1.08  0.33 -0.42 -1.01 25072011 12
 -1.42 -1.64 -1.45 -0.78  0.11  0.93  1.47  1.58  1.26  0.62 -0.17 -0.89 26072011 00
 -1.44 -1.78 -1.81 -1.35 -0.46  0.53  1.36  1.80  1.76  1.28  0.51 -0.34 26072011 12
 -1.06 -1.59 -1.90 -1.82 -1.17 -0.17  0.83  1.56  1.82  1.55  0.85 -0.06 27072011 00
 -0.94 -1.60 -2.02 -2.11 -1.64 -0.62  0.58  1.58  2.15  2.16  1.59  0.65 27072011 12
 -0.40 -1.29 -1.93 -2.31 -2.23 -1.45 -0.23  1.00  1.89  2.22  1.88  0.99 28072011 00
 -0.12 -1.17 -1.94 -2.41 -2.50 -1.91 -0.65  0.78  1.93  2.53  2.45  1.67 28072011 12
  0.48 -0.79 -1.81 -2.51 -2.88 -2.66 -1.61 -0.07  1.35  2.31  2.59  2.07 29072011 00
  0.93 -0.40 -1.58 -2.40 -2.88 -2.82 -1.90 -0.28  1.35  2.52  3.06  2.76 29072011 12
  1.66  0.23 -1.18 -2.25 -2.99 -3.29 -2.79 -1.32  0.50  2.02  2.91  3.01 30072011 00
  2.17  0.76 -0.74 -1.96 -2.77 -3.21 -2.93 -1.59  0.34  2.05  3.16  3.51 30072011 12
  2.87  1.48 -0.13 -1.59 -2.64 -3.34 -3.47 -2.56 -0.68  1.29  2.77  3.49 31072011 00
  3.30  2.09  0.49 -1.11 -2.28 -3.07 -3.38 -2.73 -0.97  1.16  2.81  3.74 31072011 12
  3.80  2.74  1.11 -0.64 -2.05 -3.06 -3.69 -3.57 -2.23 -0.13  1.89  3.21 01082011 00
  3.67  3.13  1.61 -0.11 -1.69 -2.76 -3.45 -3.53 -2.45 -0.33  1.80  3.31 01082011 12
  4.02  3.73  2.34  0.59 -1.16 -2.45 -3.39 -3.86 -3.38 -1.65  0.61  2.46 02082011 00
  3.55  3.73  2.80  1.10 -0.64 -2.09 -3.05 -3.62 -3.41 -1.93  0.30  2.33 02082011 12
  3.60  4.03  3.38  1.78 -0.00 -1.64 -2.78 -3.60 -3.85 -2.98 -0.99  1.19 03082011 00
  2.83  3.64  3.53  2.31  0.61 -1.07 -2.33 -3.17 -3.55 -2.97 -1.22  0.99 03082011 12
  2.72  3.72  3.88  2.92  1.32 -0.42 -1.85 -2.86 -3.52 -3.48 -2.27 -0.24 04082011 00
  1.72  3.07  3.63  3.22  1.85  0.24 -1.30 -2.36 -3.06 -3.23 -2.38 -0.57 04082011 12
  1.42  2.87  3.64  3.55  2.42  0.88 -0.72 -1.94 -2.82 -3.33 -3.10 -1.79 05082011 00
  0.06  1.75  2.85  3.18  2.58  1.28 -0.18 -1.48 -2.37 -2.92 -2.93 -1.98 05082011 12
 -0.29  1.41  2.63  3.23  2.99  1.93  0.57 -0.80 -1.83 -2.54 -2.88 -2.50 06082011 00
 -1.24  0.39  1.80  2.72  2.93  2.31  1.19 -0.10 -1.18 -1.94 -2.41 -2.37 06082011 12
 -1.54 -0.11  1.32  2.39  2.88  2.66  1.78  0.61 -0.53 -1.41 -2.03 -2.33 07082011 00
 -2.04 -1.02  0.31  1.55  2.37  2.56  2.07  1.14  0.05 -0.90 -1.60 -2.05 07082011 12
 -2.12 -1.53 -0.40  0.82  1.83  2.34  2.27  1.64  0.71 -0.27 -1.06 -1.66 08082011 00
 -2.03 -1.95 -1.19 -0.05  1.08  1.91  2.23  1.98  1.26  0.29 -0.65 -1.40 08082011 12
 -1.94 -2.21 -2.00 -1.15 -0.01  1.05  1.77  1.98  1.61  0.85 -0.07 -0.92 09082011 00
 -1.59 -2.05 -2.16 -1.67 -0.63  0.53  1.50  2.06  2.07  1.51  0.62 -0.39 09082011 12
 -1.25 -1.89 -2.28 -2.23 -1.53 -0.37  0.85  1.84  2.30  2.20  1.57  0.61 10082011 00
 -0.39 -1.19 -1.72 -1.93 -1.59 -0.57  0.73  1.87  2.58  2.69  2.13  1.12 10082011 12
 -0.03 -1.05 -1.82 -2.34 -2.39 -1.69 -0.41  0.99  2.12  2.66  2.50  1.69 11082011 00
  0.53 -0.66 -1.59 -2.22 -2.48 -2.08 -0.88  0.63  1.94  2.74  2.85  2.18 11082011 12
  1.00 -0.33 -1.47 -2.31 -2.85 -2.84 -1.96 -0.42  1.15  2.31  2.82  2.54 12082011 00
  1.51  0.19 -1.08 -2.00 -2.56 -2.68 -1.98 -0.45  1.25  2.55  3.27  3.18 12082011 12
  2.24  0.88 -0.55 -1.71 -2.52 -2.97 -2.73 -1.51  0.24  1.84  2.90  3.19 13082011 00
  2.55  1.26 -0.21 -1.47 -2.33 -2.82 -2.68 -1.54  0.26  1.96  3.12  3.57 13082011 12
  3.09  1.83  0.28 -1.17 -2.25 -3.00 -3.23 -2.54 -0.92  0.94  2.41  3.21 14082011 00
  3.17  2.14  0.67 -0.84 -1.98 -2.73 -3.04 -2.53 -0.95  0.99  2.56  3.47 14082011 12
  3.58  2.66  1.19 -0.42 -1.75 -2.69 -3.26 -3.16 -2.00 -0.11  1.67  2.90 15082011 00
  3.33  2.78  1.42 -0.13 -1.56 -2.53 -3.11 -3.09 -2.03 -0.14  1.74  3.03 15082011 12
  3.64  3.30  2.05  0.50 -1.06 -2.19 -2.97 -3.25 -2.62 -0.97  0.97  2.50 16082011 00
  3.32  3.29  2.26  0.77 -0.78 -1.99 -2.81 -3.20 -2.77 -1.26  0.69  2.32 16082011 12
  3.28  3.43  2.58  1.11 -0.48 -1.80 -2.73 -3.30 -3.22 -2.09 -0.23  1.52 17082011 00
  2.73  3.16  2.67  1.35 -0.16 -1.57 -2.51 -3.08 -3.10 -2.15 -0.38  1.42 17082011 12
  2.69  3.29  3.00  1.80  0.32 -1.15 -2.22 -2.93 -3.20 -2.63 -1.12  0.67 18082011 00
  2.11  2.91  2.92  2.00  0.61 -0.84 -1.95 -2.66 -2.98 -2.61 -1.30  0.46 18082011 12
  1.94  2.88  3.07  2.34  1.06 -0.38 -1.58 -2.40 -2.87 -2.77 -1.77 -0.17 19082011 00
  1.37  2.45  2.89  2.50  1.42  0.10 -1.12 -1.95 -2.42 -2.40 -1.60 -0.13 19082011 12
  1.37  2.47  2.96  2.69  1.73  0.45 -0.79 -1.72 -2.34 -2.60 -2.20 -1.05 20082011 00
  0.39  1.66  2.42  2.51  1.89  0.82 -0.38 -1.33 -1.93 -2.22 -2.02 -1.10 20082011 12
  0.25  1.46  2.26  2.47  2.00  1.05 -0.07 -1.06 -1.72 -2.11 -2.10 -1.47 21082011 00
 -0.32  0.88  1.83  2.27  2.09  1.36  0.37 -0.61 -1.34 -1.81 -2.00 -1.67 21082011 12
 -0.77  0.34  1.29  1.86  1.86  1.32  0.47 -0.45 -1.21 -1.71 -1.98 -1.88 22082011 00
 -1.25 -0.26  0.74  1.48  1.78  1.57  0.94  0.12 -0.67 -1.24 -1.61 -1.73 22082011 12
 -1.42 -0.65  0.25  1.05  1.51  1.52  1.09  0.41 -0.33 -0.96 -1.39 -1.63 23082011 00
 -1.57 -1.07 -0.24  0.62  1.31  1.63  1.53  1.08  0.40 -0.32 -0.90 -1.30 23082011 12
 -1.51 -1.37 -0.78  0.03  0.82  1.38  1.57  1.36  0.85  0.17 -0.50 -1.03 24082011 00
 -1.40 -1.51 -1.23 -0.52  0.36  1.17  1.67  1.78  1.47  0.84  0.06 -0.65 24082011 12
 -1.19 -1.58 -1.67 -1.26 -0.42  0.55  1.35  1.78  1.75  1.31  0.59 -0.22 25082011 00
 -0.93 -1.46 -1.74 -1.59 -0.84  0.24  1.30  2.04  2.29  1.99  1.25  0.26 25082011 12
 -0.69 -1.46 -2.00 -2.21 -1.82 -0.80  0.48  1.60  2.24  2.29  1.71  0.74 26082011 00
 -0.35 -1.27 -1.93 -2.29 -2.11 -1.17  0.22  1.57  2.52  2.85  2.43  1.42 26082011 12
  0.13 -1.08 -1.97 -2.58 -2.79 -2.27 -0.93  0.68  2.03  2.77  2.75  1.90 27082011 00
  0.62 -0.73 -1.79 -2.51 -2.85 -2.51 -1.22  0.53  2.07  3.06  3.29  2.59 27082011 12
  1.26 -0.27 -1.60 -2.56 -3.19 -3.26 -2.32 -0.51  1.34  2.72  3.38  3.11 28082011 00
  1.91  0.39 -1.12 -2.23 -2.97 -3.22 -2.55 -0.82  1.22  2.80  3.68  3.67 28082011 12
  2.57  0.98 -0.71 -2.07 -3.04 -3.64 -3.47 -2.09  0.02  2.01  3.30  3.73 29082011 00
  3.10  1.53 -0.19 -1.75 -2.81 -3.50 -3.57 -2.44 -0.29  1.87  3.38  4.05 29082011 12
  3.71  2.25  0.47 -1.29 -2.60 -3.56 -4.03 -3.47 -1.58  0.77  2.67  3.74 30082011 00
  3.88  2.83  1.04 -0.77 -2.26 -3.26 -3.86 -3.59 -1.97  0.42  2.52  3.81 30082011 12
  4.23  3.50  1.77 -0.11 -1.81 -3.01 -3.87 -4.09 -3.07 -0.90  1.47  3.17 31082011 00
  3.93  3.74  2.34  0.46 -1.34 -2.67 -3.56 -3.96 -3.29 -1.28  1.13  3.01 31082011 12
  4.05  4.16  3.05  1.23 -0.64 -2.18 -3.26 -3.95 -3.84 -2.42 -0.13  2.06 01092011 00
  3.44  3.93  3.40  1.77 -0.03 -1.70 -2.83 -3.60 -3.76 -2.71 -0.54  1.70 01092011 12
  3.30  4.05  3.86  2.51  0.76 -0.97 -2.25 -3.15 -3.61 -3.14 -1.47  0.73 02092011 00
  2.55  3.62  3.82  2.91  1.30 -0.41 -1.82 -2.79 -3.41 -3.30 -1.99  0.07 02092011 12
  1.98  3.28  3.81  3.35  2.00  0.41 -1.11 -2.19 -2.94 -3.18 -2.44 -0.75 03092011 00
  1.14  2.60  3.39  3.34  2.33  0.89 -0.62 -1.77 -2.58 -3.02 -2.74 -1.44 03092011 12
  0.34  1.91  2.97  3.28  2.68  1.46  0.06 -1.18 -2.06 -2.65 -2.73 -1.97 04092011 00
 -0.49  1.09  2.34  2.97  2.85  1.96  0.73 -0.53 -1.49 -2.14 -2.46 -2.16 04092011 12
 -1.06  0.38  1.67  2.53  2.77  2.30  1.35  0.21 -0.79 -1.50 -1.96 -2.06 05092011 00
 -1.54 -0.45  0.79  1.80  2.31  2.22  1.58  0.66 -0.36 -1.19 -1.77 -2.06 05092011 12
 -1.83 -1.00  0.12  1.24  2.14  2.58  2.47  1.91  1.07  0.21 -0.52 -1.06 06092011 00
 -1.35 -1.16 -0.42  0.58  1.53  2.13  2.25  1.93  1.29  0.51 -0.24 -0.92 06092011 12
 -1.49 -1.70 -1.38 -0.62  0.29  1.15  1.71  1.80  1.47  0.82 -0.02 -0.74 07092011 00
 -1.28 -1.63 -1.63 -1.05 -0.02  1.08  1.92  2.29  2.16  1.60  0.73 -0.22 07092011 12
 -1.03 -1.66 -2.05 -1.95 -1.19 -0.06  1.10  1.95  2.28  2.07  1.39  0.45 08092011 00
 -0.47 -1.21 -1.74 -1.95 -1.56 -0.52  0.71  1.77  2.38  2.39  1.79  0.80 08092011 12
 -0.31 -1.28 -2.00 -2.42 -2.33 -1.50 -0.17  1.18  2.17  2.57  2.30  1.45 09092011 00
  0.33 -0.77 -1.60 -2.12 -2.23 -1.63 -0.32  1.15  2.32  2.95  2.86  2.04 09092011 12
  0.82 -0.47 -1.53 -2.29 -2.72 -2.49 -1.35  0.24  1.70  2.69  3.01  2.54 10092011 00
  1.46  0.16 -1.00 -1.81 -2.26 -2.15 -1.17  0.45  1.99  3.08  3.52  3.13 10092011 12
  2.05  0.62 -0.74 -1.76 -2.46 -2.68 -2.05 -0.59  1.11  2.51  3.29  3.27 11092011 00
  2.38  1.03 -0.38 -1.49 -2.23 -2.56 -2.13 -0.75  1.05  2.59  3.50  3.60 11092011 12
  2.74  1.37 -0.12 -1.34 -2.19 -2.72 -2.54 -1.31  0.51  2.22  3.37  3.73 12092011 00
  3.22  2.05  0.54 -0.78 -1.70 -2.26 -2.25 -1.29  0.43  2.21  3.49  4.00 12092011 12
  3.53  2.24  0.66 -0.81 -1.93 -2.78 -3.13 -2.55 -0.98  0.94  2.55  3.46 13092011 00
  3.46  2.47  0.98 -0.57 -1.73 -2.47 -2.82 -2.40 -0.93  1.00  2.63  3.61 13092011 12
  3.74  2.83  1.32 -0.30 -1.63 -2.60 -3.22 -3.16 -2.01 -0.10  1.71  2.96 14092011 00
  3.38  2.83  1.44 -0.15 -1.58 -2.56 -3.17 -3.22 -2.24 -0.37  1.50  2.82 14092011 12
  3.44  3.11  1.83  0.27 -1.28 -2.39 -3.12 -3.38 -2.72 -1.07  0.88  2.36 15092011 00
  3.18  3.15  2.11  0.61 -0.93 -2.12 -2.89 -3.24 -2.79 -1.29  0.61  2.19 15092011 12
  3.11  3.26  2.43  1.00 -0.54 -1.83 -2.70 -3.18 -3.01 -1.80  0.05  1.74 16092011 00
  2.88  3.27  2.74  1.46 -0.01 -1.34 -2.25 -2.79 -2.78 -1.82 -0.13  1.57 16092011 12
  2.78  3.30  2.97  1.86  0.44 -0.92 -1.90 -2.54 -2.71 -2.09 -0.64  1.05 17092011 00
  2.36  3.05  2.97  2.02  0.69 -0.67 -1.73 -2.41 -2.72 -2.37 -1.16  0.42 17092011 12
  1.81  2.68  2.82  2.12  0.91 -0.43 -1.52 -2.25 -2.67 -2.55 -1.63 -0.17 18092011 00
  1.23  2.22  2.58  2.16  1.11 -0.15 -1.28 -2.02 -2.44 -2.47 -1.82 -0.54 18092011 12
  0.84  1.87  2.36  2.20  1.38  0.26 -0.85 -1.67 -2.18 -2.34 -1.91 -0.82 19092011 00
  0.50  1.62  2.31  2.39  1.80  0.83 -0.25 -1.12 -1.69 -1.97 -1.81 -1.02 19092011 12
  0.15  1.23  1.98  2.22  1.87  1.08  0.12 -0.79 -1.43 -1.82 -1.89 -1.42 20092011 00
 -0.46  0.63  1.52  1.97  1.90  1.35  0.55 -0.31 -1.00 -1.48 -1.72 -1.57 20092011 12
 -0.90  0.03  0.93  1.57  1.75  1.49  0.89  0.14 -0.55 -1.03 -1.32 -1.33 21092011 00
 -0.88 -0.04  0.91  1.71  2.13  2.07  1.61  0.91  0.17 -0.49 -1.03 -1.40 21092011 12
 -1.46 -1.09 -0.39  0.43  1.11  1.45  1.43  1.06  0.41 -0.28 -0.84 -1.26 22092011 00
 -1.51 -1.44 -0.86  0.01  0.85  1.45  1.69  1.50  0.96  0.22 -0.52 -1.14 22092011 12
 -1.62 -1.85 -1.62 -0.88  0.09  1.04  1.70  1.90  1.62  0.99  0.15 -0.62 23092011 00
 -1.23 -1.64 -1.74 -1.27 -0.29  0.80  1.74  2.26  2.24  1.68  0.77 -0.26 23092011 12
 -1.13 -1.78 -2.17 -2.08 -1.29 -0.04  1.24  2.18  2.54  2.26  1.45  0.35 24092011 00
 -0.70 -1.51 -2.08 -2.26 -1.77 -0.55  0.89  2.10  2.78  2.74  1.98  0.77 24092011 12
 -0.53 -1.61 -2.39 -2.86 -2.72 -1.66 -0.04  1.53  2.63  3.03  2.64  1.56 25092011 00
  0.20 -1.07 -2.01 -2.61 -2.67 -1.80 -0.14  1.63  2.97  3.62  3.39  2.32 25092011 12
  0.82 -0.69 -1.89 -2.77 -3.25 -2.93 -1.52  0.40  2.13  3.20  3.47  2.72 26092011 00
  1.24 -0.39 -1.80 -2.80 -3.43 -3.39 -2.18 -0.13  1.82  3.18  3.77  3.33 26092011 12
  1.90  0.17 -1.49 -2.68 -3.52 -3.85 -3.13 -1.22  0.99  2.73  3.69  3.74 27092011 00
  2.64  0.92 -0.85 -2.25 -3.22 -3.76 -3.40 -1.74  0.59  2.57  3.77  4.11 27092011 12
  3.27  1.54 -0.34 -2.00 -3.16 -3.97 -4.08 -2.91 -0.70  1.64  3.24  3.95 28092011 00
  3.69  2.22  0.35 -1.44 -2.74 -3.63 -3.99 -3.23 -1.12  1.31  3.17  4.16 28092011 12
  4.22  3.01  1.14 -0.77 -2.29 -3.37 -4.05 -3.85 -2.28  0.11  2.31  3.67 29092011 00
  4.10  3.44  1.70 -0.20 -1.91 -3.07 -3.88 -4.02 -2.86 -0.58  1.81  3.43 29092011 12
  4.14  3.89  2.40  0.53 -1.30 -2.64 -3.59 -4.05 -3.45 -1.50  0.90  2.82 30092011 00
  3.91  4.06  3.01  1.23 -0.59 -2.11 -3.15 -3.79 -3.62 -2.15  0.12  2.21 30092011 12
  3.52  3.98  3.38  1.76 -0.02 -1.66 -2.78 -3.56 -3.78 -2.87 -0.86  1.28 01102011 00
  2.86  3.63  3.50  2.26  0.57 -1.11 -2.36 -3.22 -3.67 -3.23 -1.64  0.48 01102011 12
  2.21  3.27  3.52  2.74  1.23 -0.38 -1.75 -2.67 -3.25 -3.22 -2.12 -0.25 02102011 00
  1.52  2.78  3.33  2.97  1.76  0.28 -1.18 -2.22 -2.93 -3.18 -2.61 -1.11 02102011 12
  0.65  2.08  2.91  2.99  2.19  0.93 -0.41 -1.49 -2.23 -2.65 -2.43 -1.33 03102011 00
  0.24  1.67  2.74  3.18  2.76  1.73  0.44 -0.76 -1.64 -2.29 -2.55 -2.09 03102011 12
 -0.91  0.46  1.62  2.28  2.32  1.70  0.74 -0.30 -1.13 -1.71 -2.05 -1.93 04102011 00
 -1.12  0.09  1.24  2.09  2.40  2.09  1.29  0.26 -0.69 -1.40 -1.90 -2.13 04102011 12
 -1.83 -0.93  0.22  1.30  1.98  2.16  1.84  1.15  0.30 -0.45 -1.00 -1.36 05102011 00
 -1.42 -0.95 -0.04  0.99  1.87  2.33  2.33  1.84  1.01  0.12 -0.62 -1.24 05102011 12
 -1.69 -1.72 -1.21 -0.27  0.79  1.61  1.97  1.92  1.47  0.70 -0.04 -0.63 06102011 00
 -1.09 -1.37 -1.22 -0.45  0.62  1.63  2.29  2.41  2.02  1.26  0.31 -0.61 06102011 12
 -1.38 -1.93 -2.11 -1.83 -1.07 -0.03  1.03  1.70  1.86  1.45  0.66 -0.27 07102011 00
 -1.07 -1.68 -2.03 -2.00 -1.33 -0.19  0.97  1.84  2.24  2.03  1.24  0.17 07102011 12
 -0.90 -1.73 -2.29 -2.53 -2.21 -1.22  0.11  1.33  2.11  2.28  1.78  0.83 08102011 00
 -0.29 -1.25 -1.90 -2.24 -2.12 -1.29  0.06  1.39  2.34  2.68  2.28  1.30 08102011 12
  0.09 -1.06 -1.93 -2.49 -2.64 -2.06 -0.74  0.79  2.03  2.70  2.68  1.91 09102011 00
  0.72 -0.56 -1.55 -2.20 -2.47 -2.09 -0.87  0.71  2.04  2.84  2.93  2.23 09102011 12
  1.02 -0.35 -1.49 -2.28 -2.73 -2.56 -1.53  0.07  1.65  2.78  3.18  2.75 10102011 00
  1.64  0.24 -1.08 -2.03 -2.61 -2.66 -1.83 -0.24  1.41  2.63  3.21  2.97 10102011 12
  1.91  0.52 -0.87 -1.92 -2.63 -2.89 -2.32 -0.86  0.90  2.32  3.13  3.13 11102011 00
  2.19  0.78 -0.71 -1.89 -2.67 -3.04 -2.68 -1.33  0.50  2.05  3.02  3.22 11102011 12
  2.46  1.08 -0.45 -1.75 -2.65 -3.18 -3.06 -1.91 -0.04  1.71  2.91  3.35 12102011 00
  2.85  1.54  0.02 -1.40 -2.40 -3.04 -3.13 -2.25 -0.51  1.31  2.61  3.23 12102011 12
  2.94  1.71  0.18 -1.33 -2.44 -3.16 -3.41 -2.75 -1.12  0.80  2.28  3.10 13102011 00
  3.10  2.09  0.59 -0.96 -2.17 -2.97 -3.37 -2.99 -1.55  0.36  1.99  2.97 13102011 12
  3.18  2.39  0.93 -0.62 -1.94 -2.82 -3.32 -3.18 -1.98 -0.10  1.64  2.81 14102011 00
  3.25  2.73  1.38 -0.16 -1.58 -2.55 -3.14 -3.21 -2.30 -0.54  1.26  2.54 14102011 12
  3.16  2.88  1.69  0.22 -1.25 -2.30 -2.96 -3.15 -2.48 -0.89  0.95  2.36 15102011 00
  3.13  3.10  2.12  0.70 -0.79 -1.94 -2.70 -3.08 -2.75 -1.44  0.34  1.87 15102011 12
  2.83  3.03  2.30  0.98 -0.47 -1.68 -2.48 -2.92 -2.78 -1.70 -0.01  1.58 16102011 00
  2.67  3.07  2.59  1.41  0.02 -1.27 -2.15 -2.71 -2.80 -2.06 -0.56  1.05 16102011 12
  2.28  2.89  2.70  1.75  0.48 -0.78 -1.70 -2.27 -2.45 -1.91 -0.54  1.06 17102011 00
  2.33  3.04  3.04  2.31  1.17 -0.03 -0.91 -1.56 -2.12 -1.99 -1.02  0.38 17102011 12
  1.62  2.47  2.66  2.17  1.18  0.00 -1.08 -1.83 -2.24 -2.11 -1.25  0.13 18102011 00
  1.45  2.38  2.75  2.46  1.60  0.50 -0.55 -1.35 -1.96 -2.26 -1.97 -1.01 18102011 12
  0.26  1.42  2.12  2.15  1.54  0.61 -0.42 -1.25 -1.79 -2.07 -1.92 -1.17 19102011 00
 -0.04  1.03  1.83  2.14  1.83  1.03  0.02 -0.93 -1.60 -2.03 -2.19 -1.85 19102011 12
 -0.95  0.16  1.13  1.71  1.76  1.28  0.49 -0.39 -1.11 -1.59 -1.84 -1.73 20102011 00
 -1.10 -0.11  0.87  1.61  1.92  1.71  1.07  0.23 -0.60 -1.25 -1.69 -1.88 20102011 12
 -1.63 -0.86  0.13  1.07  1.71  1.89  1.60  0.97  0.17 -0.54 -1.07 -1.43 21102011 00
 -1.50 -1.07 -0.21  0.77  1.60  2.04  2.00  1.49  0.66 -0.22 -0.98 -1.58 21102011 12
 -1.97 -1.95 -1.34 -0.33  0.76  1.63  2.08  2.03  1.54  0.73 -0.14 -0.88 22102011 00
 -1.40 -1.63 -1.38 -0.53  0.62  1.68  2.39  2.53  2.07  1.20  0.13 -0.86 22102011 12
 -1.64 -2.18 -2.34 -1.81 -0.65  0.70  1.85  2.48  2.47  1.84  0.84 -0.27 23102011 00
 -1.22 -1.90 -2.25 -1.97 -0.87  0.63  2.00  2.92  3.19  2.72  1.68  0.34 23102011 12
 -0.90 -1.81 -2.44 -2.61 -1.94 -0.53  1.03  2.35  3.03  2.92  2.06  0.78 24102011 00
 -0.60 -1.67 -2.43 -2.81 -2.42 -1.04  0.77  2.37  3.35  3.54  2.85  1.58 24102011 12
  0.08 -1.26 -2.31 -3.05 -3.19 -2.30 -0.58  1.33  2.79  3.55  3.41  2.29 25102011 00
  0.80 -0.73 -1.91 -2.75 -3.16 -2.69 -1.05  1.02  2.72  3.71  3.86  2.91 25102011 12
  1.37 -0.33 -1.75 -2.79 -3.46 -3.43 -2.19 -0.08  1.96  3.39  3.96  3.50 26102011 00
  2.05  0.33 -1.32 -2.51 -3.34 -3.60 -2.74 -0.72  1.53  3.21  4.11  4.05 26102011 12
  2.80  1.06 -0.77 -2.16 -3.18 -3.76 -3.41 -1.75  0.61  2.66  3.91  4.25 27102011 00
  3.43  1.69 -0.16 -1.78 -2.90 -3.68 -3.77 -2.58 -0.35  1.92  3.49  4.17 27102011 12
  3.84  2.32  0.50 -1.28 -2.57 -3.51 -3.96 -3.33 -1.39  1.00  2.86  3.88 28102011 00
  3.97  2.85  1.05 -0.79 -2.28 -3.32 -3.96 -3.74 -2.18  0.18  2.32  3.65 28102011 12
  4.13  3.56  1.91  0.09 -1.57 -2.70 -3.47 -3.62 -2.57 -0.44  1.77  3.39 29102011 00
  4.18  3.94  2.58  0.86 -0.87 -2.14 -3.07 -3.55 -3.07 -1.36  0.84  2.69 29102011 12
  3.77  3.96  3.02  1.42 -0.31 -1.76 -2.76 -3.40 -3.32 -2.02  0.06  2.02 30102011 00
  3.35  3.85  3.33  1.90  0.23 -1.34 -2.45 -3.24 -3.53 -2.80 -1.02  1.01 30102011 12
  2.56  3.41  3.41  2.41  0.94 -0.60 -1.76 -2.57 -2.99 -2.63 -1.19  0.72 31102011 00
  2.33  3.37  3.64  2.96  1.68  0.16 -1.17 -2.15 -2.81 -2.94 -2.12 -0.52 31102011 12
  1.17  2.48  3.10  2.93  1.95  0.65 -0.66 -1.64 -2.29 -2.57 -2.14 -0.86 01112011 00
  0.73  2.07  2.88  2.99  2.31  1.14 -0.17 -1.26 -2.05 -2.57 -2.60 -1.83 01112011 12
 -0.45  0.97  2.06  2.58  2.44  1.69  0.64 -0.41 -1.23 -1.75 -1.91 -1.47 02112011 00
 -0.36  0.92  1.98  2.64  2.72  2.18  1.26  0.21 -0.73 -1.45 -1.92 -1.94 02112011 12
 -1.30 -0.22  0.94  1.88  2.35  2.28  1.74  0.92  0.03 -0.68 -1.18 -1.41 03112011 00
 -1.18 -0.35  0.73  1.72  2.36  2.53  2.18  1.45  0.50 -0.38 -1.08 -1.58 03112011 12
 -1.77 -1.42 -0.58  0.47  1.43  2.00  2.10  1.74  1.04  0.22 -0.49 -1.02 04112011 00
 -1.35 -1.33 -0.76  0.18  1.15  1.91  2.24  2.06  1.44  0.56 -0.33 -1.08 04112011 12
 -1.65 -1.98 -1.83 -1.08 -0.03  1.01  1.74  2.00  1.75  1.09  0.21 -0.62 05112011 00
 -1.26 -1.68 -1.75 -1.29 -0.33  0.75  1.64  2.10  2.02  1.40  0.45 -0.56 05112011 12
 -1.40 -2.02 -2.38 -2.27 -1.52 -0.36  0.81  1.68  2.01  1.73  0.93 -0.07 06112011 00
 -1.02 -1.70 -2.11 -2.16 -1.64 -0.54  0.69  1.67  2.18  2.06  1.32  0.24 06112011 12
 -0.87 -1.76 -2.36 -2.64 -2.39 -1.43 -0.08  1.18  2.03  2.26  1.80  0.80 07112011 00
 -0.37 -1.40 -2.10 -2.46 -2.37 -1.57 -0.21  1.14  2.11  2.51  2.19  1.23 07112011 12
  0.01 -1.16 -2.02 -2.57 -2.71 -2.12 -0.80  0.72  1.94  2.59  2.53  1.72 08112011 00
  0.53 -0.73 -1.72 -2.37 -2.63 -2.24 -1.03  0.54  1.88  2.70  2.83  2.14 08112011 12
  0.95 -0.40 -1.55 -2.34 -2.76 -2.58 -1.52  0.07  1.59  2.64  3.01  2.55 09112011 00
  1.43  0.06 -1.20 -2.12 -2.68 -2.71 -1.86 -0.27  1.36  2.55  3.09  2.83 09112011 12
  1.78  0.41 -0.95 -1.97 -2.66 -2.89 -2.33 -0.86  0.89  2.30  3.09  3.07 10112011 00
  2.17  0.82 -0.63 -1.78 -2.56 -2.98 -2.70 -1.44  0.34  1.86  2.83  3.04 10112011 12
  2.34  1.04 -0.44 -1.72 -2.58 -3.08 -2.95 -1.85 -0.05  1.66  2.83  3.32 11112011 00
  2.90  1.71  0.25 -1.19 -2.22 -2.87 -2.94 -2.11 -0.48  1.24  2.57  3.25 11112011 12
  3.08  2.03  0.60 -0.87 -1.96 -2.67 -2.94 -2.38 -0.84  0.99  2.48  3.33 12112011 00
  3.35  2.41  0.99 -0.54 -1.76 -2.63 -3.15 -3.00 -1.84 -0.08  1.53  2.60 12112011 12
  2.91  2.31  0.96 -0.52 -1.82 -2.65 -3.13 -3.02 -1.96 -0.19  1.49  2.69 13112011 00
  3.22  2.84  1.68  0.23 -1.20 -2.23 -2.90 -3.11 -2.45 -0.90  0.88  2.26 13112011 12
  3.01  2.94  1.94  0.56 -0.89 -2.00 -2.72 -3.01 -2.58 -1.23  0.50  1.96 14112011 00
  2.88  3.04  2.30  1.01 -0.44 -1.65 -2.48 -2.95 -2.85 -1.85 -0.24  1.31 14112011 12
  2.42  2.85  2.43  1.28 -0.10 -1.37 -2.22 -2.72 -2.74 -1.94 -0.40  1.21 15112011 00
  2.41  3.00  2.80  1.81  0.48 -0.86 -1.88 -2.56 -2.88 -2.53 -1.31  0.26 15112011 12
  1.63  2.50  2.64  1.97  0.81 -0.46 -1.50 -2.18 -2.52 -2.32 -1.33  0.16 16112011 00
  1.54  2.50  2.82  2.37  1.33  0.04 -1.12 -1.94 -2.47 -2.62 -2.05 -0.77 16112011 12
  0.67  1.84  2.46  2.40  1.66  0.60 -0.52 -1.39 -1.94 -2.18 -1.85 -0.78 17112011 00
  0.59  1.77  2.55  2.73  2.22  1.27  0.15 -0.84 -1.58 -2.07 -2.11 -1.42 17112011 12
 -0.22  1.02  2.01  2.50  2.35  1.69  0.73 -0.27 -1.06 -1.59 -1.80 -1.45 18112011 00
 -0.47  0.74  1.82  2.49  2.56  2.03  1.10  0.02 -0.93 -1.64 -2.13 -2.21 18112011 12
 -1.63 -0.55  0.63  1.60  2.11  2.08  1.50  0.63 -0.31 -1.08 -1.60 -1.84 19112011 00
 -1.61 -0.74  0.43  1.51  2.25  2.44  2.03  1.19  0.14 -0.83 -1.58 -2.12 19112011 12
 -2.32 -1.92 -0.93  0.29  1.40  2.08  2.20  1.73  0.86 -0.15 -1.02 -1.65 20112011 00
 -2.02 -1.97 -1.25 -0.04  1.18  2.09  2.47  2.22  1.42  0.35 -0.73 -1.60 20112011 12
 -2.23 -2.53 -2.25 -1.25  0.09  1.38  2.26  2.53  2.13  1.21  0.06 -0.97 21112011 00
 -1.74 -2.25 -2.33 -1.69 -0.40  1.01  2.14  2.71  2.58  1.74  0.52 -0.73 21112011 12
 -1.74 -2.45 -2.85 -2.65 -1.60 -0.07  1.43  2.48  2.87  2.44  1.35  0.01 22112011 00
 -1.22 -2.12 -2.69 -2.80 -2.11 -0.61  1.07  2.40  3.08  2.97  2.02  0.66 22112011 12
 -0.77 -1.90 -2.69 -3.11 -2.86 -1.59  0.22  1.88  3.00  3.36  2.82  1.56 23112011 00
  0.06 -1.28 -2.27 -2.91 -3.00 -2.11 -0.36  1.50  2.88  3.54  3.33  2.19 23112011 12
  0.65 -0.90 -2.11 -2.98 -3.41 -2.99 -1.47  0.49  2.23  3.32  3.60  2.88 24112011 00
  1.45 -0.20 -1.61 -2.58 -3.17 -3.07 -1.80  0.24  2.21  3.62  4.26  3.86 24112011 12
  2.56  0.89 -0.78 -2.03 -2.91 -3.27 -2.69 -1.07  0.98  2.74  3.70  3.83 25112011 00
  2.90  1.29 -0.47 -1.83 -2.75 -3.34 -3.25 -1.93  0.20  2.15  3.42  3.83 25112011 12
  3.17  1.63 -0.11 -1.66 -2.75 -3.46 -3.56 -2.47 -0.37  1.82  3.43  4.23 26112011 00
  4.03  2.72  1.04 -0.68 -1.97 -2.94 -3.45 -3.03 -1.37  0.82  2.72  3.87 26112011 12
  4.15  3.32  1.78  0.09 -1.25 -2.16 -2.75 -2.64 -1.38  0.55  2.43  3.75 27112011 00
  4.18  3.45  1.89  0.11 -1.47 -2.65 -3.53 -3.90 -3.23 -1.38  0.79  2.52 27112011 12
  3.43  3.46  2.43  0.78 -0.87 -2.16 -3.02 -3.48 -3.11 -1.52  0.62  2.47 28112011 00
  3.59  3.91  3.21  1.76  0.10 -1.36 -2.41 -3.14 -3.27 -2.30 -0.43  1.54 28112011 12
  2.97  3.67  3.44  2.27  0.83 -0.65 -1.73 -2.46 -2.67 -1.91 -0.21  1.67 29112011 00
  3.15  4.10  4.26  3.30  1.61  0.05 -1.18 -2.21 -2.92 -2.89 -1.81 -0.07 29112011 12
  1.65  2.83  3.26  2.82  1.69  0.29 -0.97 -1.88 -2.47 -2.60 -1.88 -0.37 30112011 00
  1.24  2.50  3.16  3.07  2.20  0.94 -0.37 -1.38 -2.09 -2.45 -2.08 -0.85 30112011 12
  0.71  2.15  3.22  3.58  2.89  1.70  0.39 -0.72 -1.56 -2.16 -2.21 -1.42 01122011 00
 -0.14  1.21  2.26  2.74  2.52  1.65  0.48 -0.64 -1.51 -2.14 -2.48 -2.24 01122011 12
 -1.28  0.00  1.19  1.99  2.22  1.81  0.94 -0.09 -0.97 -1.55 -1.82 -1.69 02122011 00
 -0.95  0.25  1.42  2.27  2.61  2.35  1.59  0.61 -0.38 -1.12 -1.62 -1.81 02122011 12
 -1.49 -0.61  0.58  1.67  2.28  2.33  1.92  1.15  0.23 -0.55 -1.12 -1.51 03122011 00
 -1.55 -1.01 -0.04  1.00  1.84  2.21  2.04  1.39  0.52 -0.31 -0.96 -1.46 03122011 12
 -1.74 -1.60 -0.87  0.18  1.17  1.86  2.08  1.79  1.10  0.29 -0.39 -0.88 04122011 00
 -1.24 -1.32 -0.87  0.03  1.03  1.88  2.31  2.12  1.49  0.61 -0.31 -1.05 04122011 12
 -1.60 -1.92 -1.80 -1.08  0.04  1.17  1.95  2.20  1.93  1.30  0.50 -0.29 05122011 00
 -0.93 -1.39 -1.53 -1.16 -0.28  0.74  1.60  2.05  1.99  1.43  0.59 -0.31 05122011 12
 -1.05 -1.56 -1.79 -1.60 -0.80  0.36  1.42  2.10  2.32  1.93  1.05  0.03 06122011 00
 -0.87 -1.54 -1.96 -2.02 -1.47 -0.40  0.79  1.77  2.28  2.22  1.64  0.73 06122011 12
 -0.24 -1.05 -1.57 -1.70 -1.31 -0.31  1.01  2.13  2.90  3.06  2.46  1.35 07122011 00
  0.14 -0.83 -1.54 -2.02 -2.08 -1.49 -0.34  0.96  1.93  2.31  2.02  1.12 07122011 12
 -0.02 -1.11 -1.90 -2.40 -2.52 -1.94 -0.62  0.92  2.21  2.98  3.11  2.58 08122011 00
  1.62  0.59 -0.32 -1.03 -1.27 -0.90  0.10  1.32  2.49  3.27  3.31  2.49 08122011 12
  1.17 -0.23 -1.35 -2.14 -2.60 -2.50 -1.60 -0.14  1.39  2.52  3.00  2.68 09122011 00
  1.68  0.38 -0.85 -1.79 -2.41 -2.63 -2.12 -0.80  0.80  2.10  2.81  2.74 09122011 12
  1.84  0.54 -0.80 -1.81 -2.44 -2.69 -2.24 -0.93  0.77  2.23  3.12  3.26 10122011 00
  2.49  1.20 -0.22 -1.43 -2.31 -2.84 -2.76 -1.72 -0.06  1.58  2.73  3.16 10122011 12
  2.73  1.58  0.19 -1.09 -1.97 -2.51 -2.53 -1.66 -0.01  1.72  3.00  3.60 11122011 00
  3.29  2.16  0.70 -0.73 -1.82 -2.58 -2.92 -2.46 -1.06  0.71  2.23  3.13 11122011 12
  3.19  2.35  0.99 -0.46 -1.58 -2.32 -2.73 -2.50 -1.26  0.57  2.22  3.26 12122011 00
  3.55  2.86  1.52 -0.03 -1.39 -2.34 -2.93 -2.90 -1.79  0.05  1.86  3.19 12122011 12
  3.84  3.61  2.52  1.06 -0.33 -1.42 -2.13 -2.37 -1.68 -0.04  1.84  3.28 13122011 00
  4.02  3.89  2.91  1.55  0.17 -0.86 -1.61 -2.08 -1.83 -0.69  0.91  2.48 13122011 12
  3.54  3.75  3.04  1.70  0.20 -1.02 -1.95 -2.58 -2.55 -1.45  0.34  2.11 14122011 00
  3.33  3.79  3.31  2.05  0.52 -0.86 -1.89 -2.66 -2.99 -2.45 -0.96  0.82 14122011 12
  2.30  3.13  3.17  2.30  0.93 -0.52 -1.65 -2.39 -2.77 -2.48 -1.24  0.48 15122011 00
  2.00  2.96  3.19  2.54  1.27 -0.17 -1.40 -2.29 -2.88 -2.94 -2.09 -0.50 15122011 12
  1.17  2.40  3.00  2.78  1.78  0.46 -0.85 -1.78 -2.35 -2.49 -1.89 -0.47 16122011 00
  1.16  2.43  3.15  3.13  2.28  0.99 -0.39 -1.53 -2.35 -2.88 -2.86 -1.98 16122011 12
 -0.53  0.94  2.01  2.43  2.08  1.09 -0.13 -1.27 -2.03 -2.44 -2.40 -1.69 17122011 00
 -0.40  1.03  2.14  2.73  2.57  1.67  0.41 -0.85 -1.85 -2.57 -2.99 -2.85 17122011 12
 -1.91 -0.48  0.90  1.94  2.37  2.07  1.16  0.04 -1.03 -1.76 -2.19 -2.23 18122011 00
 -1.67 -0.47  0.91  1.98  2.55  2.43  1.65  0.53 -0.63 -1.57 -2.22 -2.61 18122011 12
 -2.49 -1.62 -0.30  1.01  1.97  2.35  2.08  1.26  0.21 -0.79 -1.53 -1.99 19122011 00
 -2.06 -1.49 -0.26  1.07  2.14  2.75  2.69  2.02  0.97 -0.17 -1.11 -1.83 19122011 12
 -2.33 -2.39 -1.75 -0.55  0.79  1.88  2.38  2.26  1.51  0.44 -0.62 -1.48 20122011 00
 -2.08 -2.38 -2.10 -1.10  0.26  1.49  2.29  2.48  2.00  1.03 -0.13 -1.14 20122011 12
 -1.89 -2.40 -2.49 -1.86 -0.57  0.87  2.05  2.68  2.62  1.87  0.72 -0.48 21122011 00
 -1.45 -2.15 -2.56 -2.41 -1.42  0.06  1.48  2.47  2.80  2.40  1.40  0.12 21122011 12
 -1.07 -1.96 -2.58 -2.81 -2.31 -0.98  0.64  1.98  2.74  2.78  2.03  0.81 22122011 00
 -0.52 -1.62 -2.41 -2.89 -2.76 -1.69 -0.03  1.57  2.69  3.15  2.79  1.71 22122011 12
  0.33 -0.96 -1.92 -2.56 -2.72 -2.03 -0.48  1.29  2.70  3.47  3.39  2.44 23122011 00
  1.01 -0.51 -1.72 -2.61 -3.15 -3.00 -1.85 -0.10  1.63  2.87  3.32  2.80 23122011 12
  1.46 -0.06 -1.47 -2.47 -3.14 -3.33 -2.54 -0.80  1.16  2.64  3.44  3.37 24122011 00
  2.29  0.79 -0.78 -1.99 -2.82 -3.26 -2.89 -1.44  0.56  2.31  3.42  3.69 24122011 12
  2.91  1.44 -0.20 -1.62 -2.64 -3.29 -3.29 -2.15 -0.17  1.80  3.22  3.88 25122011 00
  3.56  2.30  0.70 -0.91 -2.09 -2.94 -3.33 -2.78 -1.15  0.87  2.54  3.47 25122011 12
  3.53  2.55  1.01 -0.63 -1.93 -2.82 -3.30 -3.00 -1.51  0.62  2.50  3.68 26122011 00
  4.01  3.30  1.84  0.13 -1.37 -2.47 -3.26 -3.44 -2.51 -0.61  1.45  2.96 26122011 12
  3.69  3.48  2.26  0.65 -1.00 -2.21 -3.06 -3.44 -2.89 -1.23  0.83  2.50 27122011 00
  3.44  3.55  2.58  1.00 -0.68 -2.07 -3.02 -3.60 -3.46 -2.15 -0.15  1.75 27122011 12
  3.04  3.57  3.17  1.92  0.46 -0.94 -1.90 -2.55 -2.69 -1.77  0.09  2.02 28122011 00
  3.43  4.14  3.86  2.65  1.12 -0.35 -1.48 -2.35 -2.90 -2.66 -1.46  0.24 28122011 12
  1.82  2.81  2.98  2.17  0.79 -0.65 -1.76 -2.48 -2.89 -2.60 -1.33  0.49 29122011 00
  2.12  3.22  3.64  3.12  1.93  0.42 -0.99 -2.01 -2.71 -2.99 -2.41 -0.99 29122011 12
  0.66  2.03  2.74  2.66  1.71  0.35 -1.01 -2.01 -2.63 -2.85 -2.39 -1.08 30122011 00
  0.56  1.90  2.73  2.84  2.17  1.03 -0.28 -1.37 -2.11 -2.53 -2.42 -1.52 30122011 12
 -0.09  1.32  2.34  2.74  2.37  1.39  0.17 -0.95 -1.75 -2.24 -2.32 -1.69 31122011 00
 -0.40  1.00  2.09  2.67  2.58  1.82  0.72 -0.41 -1.28 -1.85 -2.15 -1.94 31122011 12
