Parameter Z: CS3X Location (100, 86) Lat 53.500 Lon -3.417
  2.25  0.67 -0.86 -2.03 -2.87 -3.19 -2.50 -0.72  1.35  3.04  3.97  4.03 01012014 00
  3.01  1.44 -0.20 -1.50 -2.45 -3.05 -2.91 -1.59  0.45  2.42  3.79  4.29 01012014 12
  3.68  2.23  0.47 -1.12 -2.28 -3.09 -3.27 -2.27 -0.22  1.98  3.58  4.39 02012014 00
  4.19  2.88  1.14 -0.65 -2.01 -3.04 -3.65 -3.31 -1.65  0.63  2.65  3.94 02012014 12
  4.38  3.67  2.10  0.32 -1.29 -2.35 -3.01 -2.88 -1.45  0.73  2.83  4.36 03012014 00
  5.04  4.55  3.19  1.41 -0.30 -1.61 -2.62 -3.07 -2.41 -0.60  1.60  3.39 03012014 12
  4.35  4.34  3.13  1.36 -0.52 -1.99 -3.00 -3.58 -3.25 -1.59  0.71  2.76 04012014 00
  4.04  4.44  3.70  2.10  0.28 -1.35 -2.54 -3.42 -3.67 -2.76 -0.72  1.49 04012014 12
  3.15  3.96  3.80  2.50  0.78 -0.93 -2.18 -3.07 -3.49 -2.94 -1.15  1.08 05012014 00
  2.92  4.01  4.23  3.31  1.74  0.01 -1.45 -2.54 -3.24 -3.17 -1.88  0.18 05012014 12
  2.15  3.51  4.13  3.76  2.51  0.96 -0.56 -1.67 -2.43 -2.64 -1.78  0.03 06012014 00
  2.01  3.60  4.47  4.38  3.34  1.81  0.22 -1.06 -2.05 -2.66 -2.44 -1.17 06012014 12
  0.60  2.28  3.42  3.81  3.32  2.17  0.74 -0.55 -1.50 -2.16 -2.29 -1.46 07012014 00
  0.11  1.79  3.10  3.72  3.51  2.53  1.15 -0.23 -1.33 -2.17 -2.65 -2.41 07012014 12
 -1.29  0.26  1.73  2.74  3.08  2.64  1.63  0.34 -0.82 -1.66 -2.19 -2.28 08012014 00
 -1.62 -0.31  1.10  2.22  2.76  2.59  1.76  0.63 -0.53 -1.43 -2.07 -2.40 08012014 12
 -2.15 -1.17  0.17  1.42  2.28  2.55  2.16  1.28  0.21 -0.76 -1.46 -1.92 09012014 00
 -2.02 -1.50 -0.37  0.88  1.89  2.43  2.39  1.78  0.84 -0.18 -1.02 -1.64 09012014 12
 -2.03 -1.98 -1.29 -0.19  0.92  1.78  2.15  1.96  1.31  0.40 -0.48 -1.16 10012014 00
 -1.58 -1.71 -1.33 -0.40  0.71  1.66  2.23  2.26  1.78  0.95 -0.00 -0.86 10012014 12
 -1.53 -1.98 -2.03 -1.48 -0.47  0.67  1.62  2.11  2.06  1.47  0.58 -0.36 11012014 00
 -1.13 -1.68 -1.97 -1.82 -1.07 -0.00  1.03  1.75  1.98  1.65  0.89 -0.06 11012014 12
 -0.92 -1.57 -1.99 -2.05 -1.53 -0.46  0.74  1.73  2.28  2.25  1.67  0.76 12012014 00
 -0.24 -1.07 -1.67 -1.97 -1.75 -0.86  0.39  1.56  2.37  2.62  2.25  1.41 12012014 12
  0.35 -0.65 -1.39 -1.87 -1.93 -1.31 -0.13  1.17  2.22  2.73  2.59  1.83 13012014 00
  0.72 -0.44 -1.38 -2.05 -2.38 -2.10 -1.05  0.34  1.59  2.40  2.56  2.01 13012014 12
  0.99 -0.17 -1.16 -1.85 -2.25 -2.15 -1.27  0.18  1.59  2.57  2.93  2.51 14012014 00
  1.48  0.19 -1.01 -1.89 -2.47 -2.62 -1.98 -0.59  0.95  2.20  2.87  2.81 14012014 12
  1.99  0.78 -0.50 -1.51 -2.18 -2.45 -1.99 -0.67  0.96  2.35  3.20  3.30 15012014 00
  2.60  1.39  0.01 -1.16 -2.00 -2.51 -2.42 -1.39  0.21  1.75  2.81  3.17 15012014 12
  2.67  1.53  0.14 -1.12 -2.00 -2.51 -2.48 -1.52  0.15  1.82  3.04  3.59 16012014 00
  3.27  2.19  0.75 -0.67 -1.77 -2.52 -2.83 -2.29 -0.82  0.93  2.40  3.22 16012014 12
  3.23  2.34  0.99 -0.46 -1.61 -2.38 -2.73 -2.34 -0.94  0.90  2.49  3.46 17012014 00
  3.65  2.89  1.54  0.00 -1.32 -2.27 -2.89 -2.87 -1.83 -0.09  1.66  2.89 17012014 12
  3.38  2.95  1.71  0.21 -1.19 -2.17 -2.79 -2.87 -1.96 -0.18  1.66  2.99 18012014 00
  3.64  3.42  2.29  0.79 -0.73 -1.89 -2.70 -3.05 -2.55 -1.04  0.83  2.41 18012014 12
  3.32  3.40  2.50  1.10 -0.42 -1.62 -2.42 -2.84 -2.51 -1.14  0.74  2.37 19012014 00
  3.40  3.66  2.94  1.59  0.03 -1.32 -2.29 -2.94 -2.99 -2.03 -0.30  1.48 19012014 12
  2.75  3.28  2.90  1.68  0.20 -1.20 -2.18 -2.81 -2.95 -2.18 -0.53  1.25 20012014 00
  2.60  3.29  3.13  2.06  0.60 -0.89 -2.02 -2.80 -3.18 -2.81 -1.44  0.34 20012014 12
  1.89  2.84  3.02  2.29  0.99 -0.42 -1.60 -2.36 -2.75 -2.47 -1.23  0.52 21012014 00
  2.08  3.08  3.39  2.81  1.61  0.17 -1.13 -2.05 -2.65 -2.73 -1.94 -0.43 21012014 12
  1.21  2.46  3.04  2.81  1.82  0.52 -0.75 -1.70 -2.30 -2.49 -1.94 -0.58 22012014 00
  1.00  2.27  2.99  2.96  2.11  0.86 -0.47 -1.53 -2.26 -2.68 -2.55 -1.57 22012014 12
 -0.10  1.31  2.29  2.58  2.12  1.09 -0.10 -1.07 -1.65 -1.99 -2.02 -1.38 23012014 00
 -0.07  1.34  2.40  2.84  2.52  1.59  0.38 -0.83 -1.75 -2.39 -2.70 -2.38 23012014 12
 -1.31  0.08  1.32  2.08  2.21  1.67  0.72 -0.36 -1.27 -1.88 -2.20 -2.07 24012014 00
 -1.26 -0.02  1.16  2.00  2.33  2.03  1.22  0.21 -0.76 -1.49 -1.96 -2.13 24012014 12
 -1.75 -0.81  0.36  1.42  2.05  2.08  1.58  0.75 -0.23 -1.06 -1.67 -2.03 25012014 00
 -1.92 -1.02  0.38  1.42  2.18  2.60  2.38  1.57  0.52 -0.40 -1.14 -1.79 25012014 12
 -2.20 -2.15 -1.49 -0.40  0.74  1.57  1.93  1.81  1.24  0.39 -0.43 -0.93 26012014 00
 -1.04 -0.86 -0.42  0.53  1.60  2.39  2.80  2.65  2.03  1.11  0.08 -0.83 26012014 12
 -1.57 -2.06 -2.03 -1.34 -0.13  1.22  2.23  2.68  2.56  1.83  0.73 -0.35 27012014 00
 -1.22 -1.88 -2.28 -2.17 -1.33 -0.07  1.21  2.13  2.47  2.17  1.32  0.21 27012014 12
 -0.83 -1.63 -2.17 -2.33 -1.78 -0.50  0.96  2.17  2.83  2.80  2.05  0.89 28012014 00
 -0.39 -1.46 -2.26 -2.73 -2.61 -1.62 -0.07  1.47  2.58  3.00  2.61  1.54 28012014 12
  0.18 -1.12 -2.09 -2.76 -2.95 -2.30 -0.74  1.03  2.45  3.21  3.16  2.22 29012014 00
  0.83 -0.67 -1.90 -2.81 -3.39 -3.28 -2.08 -0.21  1.60  2.83  3.28  2.81 29012014 12
  1.48 -0.08 -1.56 -2.61 -3.31 -3.46 -2.58 -0.66  1.38  2.90  3.69  3.58 30012014 00
  2.40  0.77 -0.93 -2.23 -3.19 -3.75 -3.44 -1.92  0.27  2.18  3.37  3.71 30012014 12
  3.02  1.45 -0.27 -1.82 -2.88 -3.55 -3.54 -2.28 -0.08  2.06  3.54  4.22 31012014 00
  3.90  2.53  0.80 -0.94 -2.19 -3.09 -3.45 -2.76 -0.87  1.38  3.19  4.19 31012014 12
  4.36  3.40  1.81 -0.07 -1.63 -2.78 -3.45 -3.19 -1.58  0.77  2.93  4.34 01022014 00
  4.79  4.11  2.55  0.70 -0.92 -2.15 -3.05 -3.23 -2.12 -0.06  2.13  3.76 01022014 12
  4.51  4.20  2.78  0.94 -0.84 -2.17 -3.18 -3.74 -3.19 -1.31  1.12  3.12 02022014 00
  4.25  4.46  3.41  1.62 -0.30 -1.89 -3.02 -3.81 -3.84 -2.55 -0.30  1.93 02022014 12
  3.44  4.03  3.63  2.14  0.39 -1.31 -2.48 -3.24 -3.39 -2.31 -0.15  2.12 03022014 00
  3.74  4.61  4.40  3.04  1.26 -0.58 -1.96 -2.97 -3.56 -3.24 -1.69  0.45 03022014 12
  2.41  3.62  3.93  3.16  1.61 -0.06 -1.54 -2.56 -3.19 -3.11 -1.83  0.24 04022014 00
  2.19  3.53  4.10  3.64  2.29  0.65 -0.91 -2.06 -2.86 -3.04 -2.13 -0.28 04022014 12
  1.62  3.03  3.75  3.64  2.70  1.39 -0.05 -1.24 -2.12 -2.57 -2.18 -0.77 05022014 00
  0.98  2.54  3.59  3.88  3.27  2.10  0.70 -0.54 -1.47 -2.10 -2.20 -1.43 05022014 12
  0.03  1.60  2.77  3.25  2.98  2.01  0.74 -0.52 -1.51 -2.21 -2.51 -2.11 06022014 00
 -0.90  0.58  1.87  2.67  2.80  2.22  1.20  0.01 -1.01 -1.72 -2.16 -2.13 06022014 12
 -1.36 -0.08  1.19  2.15  2.57  2.34  1.58  0.57 -0.42 -1.16 -1.67 -1.87 07022014 00
 -1.51 -0.54  0.67  1.74  2.39  2.46  1.96  1.12  0.15 -0.65 -1.17 -1.44 07022014 12
 -1.26 -0.50  0.50  1.45  2.18  2.54  2.50  2.04  1.34  0.59 -0.03 -0.45 08022014 00
 -0.63 -0.33  0.45  1.36  2.15  2.61  2.64  2.29  1.66  0.89  0.20 -0.45 08022014 12
 -0.96 -1.12 -0.82 -0.09  0.86  1.68  2.10  2.12  1.80  1.16  0.37 -0.37 09022014 00
 -0.97 -1.36 -1.38 -0.93 -0.20  0.60  1.32  1.68  1.62  1.22  0.58 -0.12 09022014 12
 -0.72 -1.16 -1.36 -1.15 -0.41  0.55  1.41  1.96  2.10  1.78  1.12  0.27 10022014 00
 -0.56 -1.25 -1.73 -1.87 -1.45 -0.56  0.49  1.42  1.94  1.95  1.48  0.70 10022014 12
 -0.19 -0.96 -1.49 -1.74 -1.51 -0.63  0.58  1.69  2.48  2.73  2.35  1.52 11022014 00
  0.51 -0.50 -1.31 -1.86 -1.97 -1.38 -0.22  1.09  2.14  2.64  2.50  1.77 11022014 12
  0.76 -0.25 -1.05 -1.65 -1.95 -1.66 -0.65  0.66  1.85  2.62  2.75  2.27 12022014 00
  1.44  0.44 -0.40 -1.01 -1.29 -0.73  0.54  1.91  2.92  3.30  3.28  2.83 12022014 12
  1.84  0.69 -0.44 -1.40 -1.99 -1.99 -1.22  0.14  1.69  2.92  3.43  3.11 13022014 00
  2.13  0.84 -0.44 -1.48 -2.23 -2.59 -2.17 -0.92  0.64  2.03  2.91  3.04 13022014 12
  2.30  1.10 -0.24 -1.37 -2.18 -2.64 -2.46 -1.31  0.41  2.00  3.05  3.34 14022014 00
  2.74  1.44 -0.05 -1.29 -2.06 -2.40 -2.14 -1.02  0.65  2.21  3.32  3.78 14022014 12
  3.41  2.33  0.86 -0.58 -1.66 -2.37 -2.49 -1.62  0.10  1.93  3.35  4.07 15022014 00
  3.85  2.77  1.28 -0.29 -1.54 -2.45 -2.95 -2.67 -1.34  0.48  2.12  3.13 15022014 12
  3.31  2.50  1.10 -0.44 -1.72 -2.60 -3.09 -2.89 -1.59  0.37  2.10  3.26 16022014 00
  3.64  3.02  1.65  0.05 -1.40 -2.44 -3.11 -3.19 -2.22 -0.37  1.56  2.96 16022014 12
  3.62  3.34  2.11  0.56 -0.99 -2.11 -2.84 -3.05 -2.29 -0.50  1.46  2.96 17022014 00
  3.75  3.66  2.57  1.05 -0.56 -1.83 -2.72 -3.19 -2.83 -1.35  0.64  2.35 17022014 12
  3.39  3.58  2.73  1.27 -0.34 -1.69 -2.60 -3.12 -2.93 -1.62  0.35  2.12 18022014 00
  3.32  3.74  3.13  1.73  0.10 -1.37 -2.41 -3.10 -3.23 -2.34 -0.55  1.36 18022014 12
  2.76  3.43  3.19  1.98  0.45 -1.07 -2.14 -2.85 -3.09 -2.44 -0.81  1.08 19022014 00
  2.57  3.38  3.37  2.36  0.89 -0.67 -1.88 -2.71 -3.16 -2.89 -1.55  0.33 19022014 12
  1.99  3.07  3.39  2.77  1.51  0.05 -1.22 -2.05 -2.45 -2.22 -1.08  0.60 20022014 00
  2.10  3.14  3.54  3.03  1.82  0.39 -0.92 -1.91 -2.60 -2.79 -2.10 -0.61 20022014 12
  1.07  2.42  3.14  3.06  2.16  0.87 -0.46 -1.48 -2.20 -2.53 -2.14 -0.85 21022014 00
  0.77  2.18  3.07  3.22  2.57  1.42  0.12 -0.97 -1.72 -2.16 -2.07 -1.27 21022014 12
  0.00  1.35  2.45  2.92  2.60  1.65  0.41 -0.75 -1.59 -2.15 -2.35 -1.91 22022014 00
 -0.74  0.66  1.85  2.55  2.61  2.00  0.99 -0.12 -1.02 -1.63 -1.93 -1.73 22022014 12
 -0.82  0.46  1.65  2.49  2.82  2.56  1.81  0.80 -0.18 -0.90 -1.35 -1.40 23022014 00
 -0.81  0.22  1.29  2.16  2.61  2.58  2.08  1.21  0.20 -0.66 -1.35 -1.80 23022014 12
 -1.77 -1.12 -0.08  1.05  1.95  2.38  2.30  1.76  0.87 -0.03 -0.82 -1.44 24022014 00
 -1.80 -1.71 -1.00  0.06  1.15  1.97  2.32  2.16  1.62  0.81  0.00 -0.65 24022014 12
 -1.13 -1.34 -1.08 -0.28  0.79  1.82  2.49  2.65  2.27  1.47  0.52 -0.39 25022014 00
 -1.13 -1.66 -1.79 -1.25 -0.20  1.00  2.01  2.57  2.60  2.08  1.15  0.07 25022014 12
 -0.90 -1.65 -2.15 -2.16 -1.44 -0.16  1.22  2.29  2.77  2.57  1.74  0.57 26022014 00
 -0.59 -1.54 -2.26 -2.65 -2.39 -1.24  0.31  1.75  2.70  2.96  2.45  1.37 26022014 12
  0.07 -1.08 -1.92 -2.40 -2.30 -1.29  0.31  1.84  3.02  3.58  3.25  2.17 27022014 00
  0.72 -0.72 -1.85 -2.69 -3.13 -2.85 -1.55  0.31  2.00  3.08  3.35  2.70 27022014 12
  1.37 -0.15 -1.48 -2.43 -3.03 -3.01 -1.93 -0.07  1.73  2.95  3.42  2.91 28022014 00
  1.52 -0.11 -1.65 -2.79 -3.62 -4.00 -3.39 -1.57  0.65  2.47  3.49  3.62 28022014 12
  2.66  0.97 -0.74 -2.14 -3.11 -3.71 -3.52 -2.07  0.16  2.22  3.53  4.01 01032014 00
  3.41  1.81  0.02 -1.66 -2.84 -3.68 -3.93 -2.98 -0.85  1.45  3.19  4.05 01032014 12
  4.00  2.81  1.07 -0.76 -2.16 -3.12 -3.58 -3.02 -1.12  1.29  3.20  4.29 02032014 00
  4.46  3.38  1.62 -0.26 -1.80 -2.91 -3.62 -3.51 -2.01  0.33  2.53  3.98 02032014 12
  4.49  3.88  2.26  0.41 -1.30 -2.51 -3.37 -3.61 -2.61 -0.44  1.89  3.57 03032014 00
  4.38  4.16  2.71  0.86 -0.99 -2.36 -3.39 -4.01 -3.65 -1.97  0.41  2.44 03032014 12
  3.65  3.93  3.10  1.33 -0.50 -2.04 -3.05 -3.70 -3.61 -2.22  0.04  2.18 04032014 00
  3.55  4.07  3.54  1.97  0.18 -1.50 -2.67 -3.50 -3.79 -2.96 -0.99  1.18 04032014 12
  2.82  3.66  3.57  2.35  0.65 -1.04 -2.32 -3.18 -3.58 -3.07 -1.37  0.80 05032014 00
  2.55  3.57  3.76  2.89  1.34 -0.32 -1.71 -2.67 -3.28 -3.20 -1.97 -0.02 05032014 12
  1.80  3.07  3.57  3.09  1.80  0.25 -1.22 -2.24 -2.93 -3.09 -2.29 -0.61 06032014 00
  1.18  2.54  3.24  3.12  2.09  0.72 -0.71 -1.79 -2.50 -2.83 -2.40 -1.07 06032014 12
  0.58  1.99  2.88  3.07  2.42  1.29 -0.01 -1.12 -1.90 -2.42 -2.35 -1.37 07032014 00
  0.13  1.50  2.46  2.82  2.40  1.36  0.09 -1.06 -1.89 -2.45 -2.63 -2.14 07032014 12
 -0.98  0.35  1.44  2.07  2.09  1.46  0.49 -0.56 -1.39 -1.92 -2.16 -1.89 08032014 00
 -0.93  0.37  1.50  2.25  2.47  2.12  1.37  0.42 -0.44 -1.07 -1.50 -1.61 08032014 12
 -1.15 -0.23  0.79  1.61  2.02  1.91  1.32  0.48 -0.36 -1.02 -1.51 -1.80 09032014 00
 -1.71 -1.10 -0.22  0.68  1.32  1.54  1.33  0.80  0.10 -0.54 -1.02 -1.33 09032014 12
 -1.40 -1.08 -0.39  0.40  1.11  1.54  1.57  1.20  0.56 -0.19 -0.85 -1.38 10032014 00
 -1.74 -1.82 -1.47 -0.75  0.07  0.77  1.14  1.16  0.84  0.27 -0.39 -0.95 10032014 12
 -1.37 -1.59 -1.52 -1.03 -0.25  0.55  1.17  1.46  1.34  0.84  0.13 -0.60 11032014 00
 -1.21 -1.65 -1.89 -1.75 -1.12 -0.24  0.60  1.19  1.39  1.15  0.58 -0.19 11032014 12
 -0.92 -1.47 -1.81 -1.83 -1.38 -0.48  0.53  1.35  1.79  1.72  1.15  0.29 12032014 00
 -0.63 -1.39 -1.93 -2.22 -2.07 -1.31 -0.19  0.89  1.65  1.89  1.56  0.78 12032014 12
 -0.21 -1.11 -1.77 -2.16 -2.14 -1.51 -0.35  0.87  1.79  2.23  2.02  1.22 13032014 00
  0.13 -0.98 -1.85 -2.42 -2.65 -2.28 -1.20  0.18  1.39  2.15  2.25  1.63 13032014 12
  0.56 -0.63 -1.63 -2.29 -2.61 -2.35 -1.31  0.17  1.54  2.47  2.75  2.25 14032014 00
  1.16 -0.14 -1.34 -2.21 -2.74 -2.77 -1.98 -0.48  1.08  2.25  2.77  2.51 14032014 12
  1.50  0.17 -1.15 -2.13 -2.75 -2.91 -2.31 -0.83  0.87  2.24  2.97  2.90 15032014 00
  1.95  0.55 -0.89 -2.02 -2.78 -3.16 -2.83 -1.52  0.29  1.89  2.89  3.12 15032014 12
  2.40  1.03 -0.48 -1.77 -2.65 -3.17 -3.04 -1.87 -0.01  1.69  2.85  3.29 16032014 00
  2.76  1.43 -0.13 -1.58 -2.59 -3.23 -3.35 -2.48 -0.69  1.23  2.63  3.33 16032014 12
  3.12  1.91  0.34 -1.22 -2.35 -3.09 -3.36 -2.71 -1.00  1.03  2.58  3.43 17032014 00
  3.43  2.35  0.77 -0.87 -2.16 -3.04 -3.52 -3.19 -1.71  0.35  2.15  3.27 17032014 12
  3.57  2.82  1.30 -0.36 -1.80 -2.75 -3.32 -3.22 -1.92  0.18  2.14  3.45 18032014 00
  3.94  3.41  2.02  0.35 -1.22 -2.34 -3.12 -3.35 -2.56 -0.74  1.30  2.80 18032014 12
  3.53  3.32  2.04  0.39 -1.22 -2.37 -3.13 -3.43 -2.78 -1.04  1.06  2.70 19032014 00
  3.61  3.67  2.65  1.09 -0.57 -1.89 -2.80 -3.33 -3.07 -1.63  0.44  2.30 19032014 12
  3.49  3.83  3.13  1.71  0.09 -1.30 -2.26 -2.88 -2.82 -1.63  0.32  2.23 20032014 00
  3.58  4.15  3.75  2.45  0.78 -0.74 -1.85 -2.69 -3.01 -2.29 -0.61  1.28 20032014 12
  2.76  3.53  3.41  2.36  0.89 -0.63 -1.78 -2.56 -2.95 -2.54 -1.09  0.77 21032014 00
  2.37  3.34  3.53  2.73  1.36 -0.15 -1.39 -2.23 -2.73 -2.57 -1.39  0.38 21032014 12
  2.02  3.08  3.45  2.98  1.82  0.39 -0.96 -1.93 -2.55 -2.72 -2.04 -0.54 22032014 00
  1.14  2.50  3.23  3.12  2.18  0.88 -0.46 -1.48 -2.20 -2.60 -2.37 -1.26 22032014 12
  0.26  1.68  2.64  2.89  2.31  1.20 -0.07 -1.17 -1.94 -2.44 -2.53 -1.89 23032014 00
 -0.60  0.80  1.90  2.45  2.29  1.46  0.33 -0.82 -1.67 -2.23 -2.48 -2.15 23032014 12
 -1.11  0.24  1.43  2.21  2.40  1.91  0.99 -0.09 -1.05 -1.74 -2.16 -2.18 24032014 00
 -1.54 -0.35  0.88  1.87  2.43  2.41  1.82  0.92 -0.08 -0.95 -1.57 -1.89 24032014 12
 -1.75 -0.99  0.12  1.19  1.98  2.29  2.05  1.38  0.49 -0.38 -1.10 -1.66 25032014 00
 -1.99 -1.86 -1.13 -0.09  0.94  1.60  1.76  1.40  0.66 -0.26 -1.08 -1.73 25032014 12
 -2.17 -2.28 -1.80 -0.79  0.36  1.35  1.94  1.99  1.45  0.53 -0.51 -1.42 26032014 00
 -2.12 -2.59 -2.66 -2.07 -0.90  0.41  1.52  2.12  2.11  1.49  0.52 -0.53 26032014 12
 -1.40 -2.02 -2.35 -2.17 -1.27  0.07  1.34  2.24  2.55  2.15  1.19 -0.03 27032014 00
 -1.18 -2.07 -2.69 -2.92 -2.44 -1.14  0.42  1.78  2.57  2.66  1.97  0.82 27032014 12
 -0.51 -1.62 -2.40 -2.83 -2.66 -1.58  0.06  1.63  2.72  3.12  2.64  1.44 28032014 00
 -0.01 -1.39 -2.42 -3.14 -3.41 -2.80 -1.25  0.62  2.13  3.00  3.07  2.18 28032014 12
  0.75 -0.76 -1.99 -2.85 -3.31 -3.02 -1.64  0.33  2.10  3.23  3.58  2.90 29032014 00
  1.46 -0.18 -1.68 -2.77 -3.52 -3.68 -2.76 -0.82  1.22  2.76  3.51  3.38 29032014 12
  2.19  0.55 -1.11 -2.36 -3.21 -3.57 -2.98 -1.23  0.98  2.70  3.70  3.84 30032014 00
  2.86  1.22 -0.54 -2.02 -3.07 -3.74 -3.66 -2.33 -0.15  1.95  3.33  3.86 30032014 12
  3.36  1.81  0.04 -1.63 -2.78 -3.56 -3.75 -2.76 -0.64  1.60  3.23  4.01 31032014 00
  3.86  2.52  0.74 -1.06 -2.40 -3.36 -3.86 -3.39 -1.62  0.71  2.61  3.74 31032014 12
  3.96  3.03  1.30 -0.50 -2.03 -3.06 -3.72 -3.58 -2.14  0.13  2.25  3.59 01042014 00
  4.09  3.52  1.92  0.13 -1.55 -2.72 -3.54 -3.76 -2.83 -0.75  1.47  3.09 01042014 12
  3.87  3.70  2.37  0.61 -1.14 -2.44 -3.34 -3.75 -3.17 -1.37  0.89  2.68 02042014 00
  3.72  3.90  2.92  1.25 -0.48 -1.92 -2.89 -3.47 -3.29 -1.88  0.23  2.15 02042014 12
  3.39  3.82  3.21  1.71  0.04 -1.49 -2.54 -3.23 -3.33 -2.33 -0.41  1.56 03042014 00
  2.98  3.67  3.42  2.17  0.60 -0.97 -2.09 -2.87 -3.19 -2.61 -0.98  0.96 03042014 12
  2.52  3.40  3.46  2.51  1.05 -0.50 -1.72 -2.56 -3.04 -2.82 -1.59  0.21 04042014 00
  1.81  2.90  3.23  2.65  1.40 -0.04 -1.31 -2.19 -2.72 -2.71 -1.81 -0.20 04042014 12
  1.42  2.60  3.13  2.84  1.81  0.47 -0.83 -1.78 -2.42 -2.65 -2.15 -0.83 05042014 00
  0.71  1.98  2.72  2.76  2.03  0.91 -0.32 -1.30 -1.95 -2.28 -2.05 -1.03 05042014 12
  0.36  1.62  2.47  2.72  2.27  1.33  0.20 -0.83 -1.55 -2.00 -2.00 -1.30 06042014 00
 -0.09  1.13  2.07  2.52  2.34  1.62  0.65 -0.31 -1.08 -1.62 -1.82 -1.48 06042014 12
 -0.59  0.50  1.48  2.07  2.12  1.66  0.85 -0.07 -0.82 -1.37 -1.71 -1.73 07042014 00
 -1.22 -0.29  0.68  1.45  1.80  1.70  1.21  0.48 -0.26 -0.81 -1.16 -1.30 07042014 12
 -1.06 -0.37  0.50  1.29  1.80  1.90  1.58  0.94  0.17 -0.52 -1.08 -1.50 08042014 00
 -1.66 -1.38 -0.70  0.11  0.84  1.26  1.29  0.96  0.39 -0.28 -0.83 -1.23 08042014 12
 -1.45 -1.36 -0.84 -0.04  0.75  1.35  1.61  1.48  1.00  0.32 -0.39 -0.99 09042014 00
 -1.46 -1.74 -1.63 -1.03 -0.19  0.66  1.27  1.49  1.31  0.79  0.07 -0.61 09042014 12
 -1.13 -1.47 -1.54 -1.19 -0.39  0.53  1.30  1.73  1.72  1.26  0.50 -0.37 10042014 00
 -1.13 -1.69 -2.03 -1.97 -1.34 -0.33  0.73  1.52  1.85  1.66  1.01  0.12 10042014 12
 -0.76 -1.45 -1.89 -2.01 -1.60 -0.62  0.53  1.50  2.05  2.03  1.41  0.43 11042014 00
 -0.63 -1.50 -2.10 -2.42 -2.26 -1.41 -0.11  1.14  2.01  2.30  1.92  1.00 11042014 12
 -0.11 -1.13 -1.86 -2.28 -2.27 -1.55 -0.20  1.20  2.24  2.73  2.52  1.64 12042014 00
  0.42 -0.79 -1.70 -2.32 -2.58 -2.16 -0.93  0.61  1.93  2.69  2.72  1.96 12042014 12
  0.74 -0.59 -1.67 -2.40 -2.79 -2.54 -1.41  0.20  1.70  2.69  2.98  2.40 13042014 00
  1.17 -0.26 -1.52 -2.39 -2.91 -2.91 -1.99 -0.30  1.46  2.71  3.25  2.94 13042014 12
  1.77  0.30 -1.10 -2.13 -2.82 -3.06 -2.45 -0.88  0.92  2.35  3.10  3.02 14042014 00
  1.98  0.49 -1.06 -2.26 -3.07 -3.48 -3.11 -1.67  0.29  1.97  3.00  3.27 14042014 12
  2.52  1.05 -0.55 -1.93 -2.85 -3.40 -3.29 -2.07 -0.10  1.75  2.99  3.47 15042014 00
  2.95  1.54 -0.10 -1.64 -2.71 -3.41 -3.56 -2.66 -0.76  1.25  2.73  3.47 15042014 12
  3.30  2.10  0.48 -1.15 -2.37 -3.19 -3.54 -2.95 -1.25  0.87  2.53  3.47 16042014 00
  3.56  2.57  0.95 -0.75 -2.11 -3.03 -3.56 -3.33 -1.91  0.20  2.11  3.33 16042014 12
  3.73  3.08  1.54 -0.14 -1.65 -2.68 -3.35 -3.41 -2.34 -0.34  1.67  3.09 17042014 00
  3.74  3.38  1.99  0.32 -1.31 -2.46 -3.27 -3.61 -2.95 -1.16  0.97  2.58 17042014 12
  3.47  3.48  2.40  0.77 -0.92 -2.24 -3.14 -3.64 -3.33 -1.86  0.23  2.04 18042014 00
  3.18  3.51  2.81  1.28 -0.37 -1.82 -2.79 -3.40 -3.41 -2.32 -0.37  1.55 18042014 12
  2.89  3.49  3.14  1.82  0.22 -1.34 -2.45 -3.20 -3.48 -2.84 -1.18  0.79 19042014 00
  2.32  3.19  3.23  2.25  0.77 -0.78 -1.99 -2.79 -3.23 -2.94 -1.60  0.26 19042014 12
  1.90  2.96  3.28  2.65  1.32 -0.19 -1.54 -2.48 -3.09 -3.17 -2.32 -0.67 20042014 00
  1.05  2.33  2.97  2.78  1.72  0.35 -1.02 -2.01 -2.67 -2.96 -2.54 -1.22 20042014 12
  0.45  1.88  2.76  2.92  2.23  1.00 -0.38 -1.51 -2.28 -2.75 -2.72 -1.88 21042014 00
 -0.42  1.06  2.18  2.70  2.48  1.57  0.38 -0.80 -1.66 -2.22 -2.42 -1.99 21042014 12
 -0.80  0.63  1.82  2.56  2.65  2.04  1.01 -0.18 -1.20 -1.94 -2.41 -2.43 22042014 00
 -1.74 -0.48  0.84  1.90  2.42  2.30  1.59  0.59 -0.43 -1.23 -1.79 -2.07 22042014 12
 -1.84 -0.92  0.32  1.47  2.26  2.48  2.08  1.22  0.16 -0.83 -1.61 -2.18 23042014 00
 -2.41 -2.03 -1.00  0.25  1.38  2.08  2.23  1.78  0.95 -0.04 -0.90 -1.56 23042014 12
 -1.97 -1.99 -1.37 -0.24  0.97  1.92  2.38  2.21  1.49  0.46 -0.60 -1.48 24042014 00
 -2.15 -2.55 -2.42 -1.57 -0.28  1.02  1.98  2.38  2.11  1.31  0.23 -0.80 24042014 12
 -1.61 -2.16 -2.36 -1.93 -0.77  0.63  1.82  2.54  2.60  1.94  0.83 -0.40 25042014 00
 -1.47 -2.26 -2.78 -2.78 -1.95 -0.48  1.06  2.26  2.83  2.67  1.79  0.57 25042014 12
 -0.65 -1.58 -2.20 -2.44 -1.99 -0.71  0.87  2.28  3.15  3.27  2.55  1.27 26042014 00
 -0.16 -1.36 -2.25 -2.83 -2.82 -1.85 -0.20  1.46  2.68  3.22  2.90  1.80 26042014 12
  0.38 -1.03 -2.09 -2.82 -3.09 -2.54 -1.01  0.82  2.33  3.16  3.18  2.21 27042014 00
  0.75 -0.79 -2.04 -2.94 -3.49 -3.34 -2.11 -0.20  1.59  2.80  3.24  2.76 27042014 12
  1.41 -0.15 -1.61 -2.62 -3.28 -3.40 -2.50 -0.63  1.34  2.77  3.48  3.28 28042014 00
  2.06  0.47 -1.15 -2.36 -3.21 -3.61 -3.12 -1.51  0.58  2.28  3.31  3.51 28042014 12
  2.64  1.09 -0.57 -1.98 -2.93 -3.50 -3.35 -2.02  0.04  1.96  3.24  3.71 29042014 00
  3.16  1.71  0.04 -1.52 -2.62 -3.36 -3.53 -2.62 -0.67  1.38  2.89  3.65 29042014 12
  3.48  2.24  0.60 -1.07 -2.31 -3.17 -3.55 -3.01 -1.33  0.82  2.54  3.54 30042014 00
  3.69  2.76  1.18 -0.50 -1.89 -2.83 -3.40 -3.23 -1.87  0.18  2.06  3.29 30042014 12
  3.72  3.11  1.64 -0.02 -1.56 -2.62 -3.32 -3.44 -2.47 -0.54  1.43  2.85 01052014 00
  3.53  3.29  2.04  0.44 -1.16 -2.32 -3.11 -3.43 -2.83 -1.19  0.82  2.37 01052014 12
  3.26  3.32  2.34  0.80 -0.82 -2.12 -3.01 -3.51 -3.29 -1.99 -0.08  1.66 02052014 00
  2.79  3.15  2.55  1.17 -0.35 -1.73 -2.64 -3.19 -3.18 -2.18 -0.40  1.35 02052014 12
  2.58  3.12  2.78  1.59  0.11 -1.33 -2.37 -3.05 -3.30 -2.71 -1.22  0.57 03052014 00
  1.97  2.77  2.80  1.93  0.60 -0.79 -1.88 -2.57 -2.88 -2.52 -1.26  0.42 03052014 12
  1.83  2.74  2.95  2.30  1.11 -0.26 -1.45 -2.28 -2.79 -2.77 -1.91 -0.44 04052014 00
  1.05  2.15  2.61  2.32  1.36  0.14 -1.02 -1.84 -2.35 -2.45 -1.85 -0.55 04052014 12
  0.89  2.02  2.65  2.58  1.82  0.70 -0.48 -1.42 -2.07 -2.40 -2.18 -1.23 05052014 00
  0.10  1.35  2.17  2.38  1.94  1.06  0.02 -0.88 -1.50 -1.83 -1.75 -1.03 05052014 12
  0.17  1.35  2.21  2.59  2.35  1.59  0.56 -0.46 -1.24 -1.79 -2.05 -1.78 06052014 00
 -0.90  0.23  1.27  1.92  2.01  1.59  0.83 -0.05 -0.78 -1.27 -1.51 -1.37 06052014 12
 -0.69  0.32  1.27  1.96  2.22  1.98  1.33  0.46 -0.38 -1.04 -1.53 -1.76 07052014 00
 -1.50 -0.71  0.28  1.19  1.75  1.85  1.50  0.84  0.05 -0.61 -1.08 -1.38 07052014 12
 -1.35 -0.82  0.04  0.91  1.58  1.87  1.72  1.17  0.39 -0.40 -1.05 -1.53 08052014 00
 -1.76 -1.57 -0.88  0.04  0.95  1.59  1.80  1.55  0.97  0.21 -0.51 -1.06 08052014 12
 -1.40 -1.44 -1.00 -0.11  0.86  1.68  2.11  2.07  1.60  0.79 -0.12 -0.89 09052014 00
 -1.47 -1.84 -1.82 -1.22 -0.23  0.81  1.58  1.88  1.69  1.09  0.25 -0.58 09052014 12
 -1.22 -1.64 -1.73 -1.28 -0.28  0.84  1.78  2.30  2.28  1.73  0.87 -0.09 10052014 00
 -0.92 -1.51 -1.83 -1.67 -0.87  0.32  1.48  2.32  2.59  2.27  1.50  0.46 10052014 12
 -0.56 -1.36 -1.90 -2.04 -1.52 -0.40  0.90  1.97  2.52  2.42  1.68  0.58 11052014 00
 -0.56 -1.50 -2.17 -2.52 -2.28 -1.26  0.17  1.50  2.38  2.62  2.12  1.10 11052014 12
 -0.13 -1.22 -2.01 -2.48 -2.48 -1.68 -0.22  1.28  2.39  2.86  2.54  1.52 12052014 00
  0.20 -1.09 -2.04 -2.68 -2.90 -2.36 -0.95  0.72  2.12  2.92  2.95  2.11 12052014 12
  0.81 -0.61 -1.76 -2.55 -2.98 -2.75 -1.56  0.18  1.73  2.76  3.05  2.41 13052014 00
  1.10 -0.39 -1.71 -2.64 -3.22 -3.23 -2.27 -0.48  1.30  2.61  3.23  2.94 13052014 12
  1.75  0.24 -1.26 -2.36 -3.10 -3.39 -2.81 -1.22  0.72  2.24  3.11  3.15 14052014 00
  2.16  0.63 -0.96 -2.24 -3.11 -3.58 -3.30 -1.91  0.11  1.90  3.04  3.40 14052014 12
  2.75  1.27 -0.37 -1.86 -2.87 -3.53 -3.60 -2.59 -0.65  1.33  2.75  3.38 15052014 00
  3.10  1.77  0.11 -1.51 -2.67 -3.46 -3.76 -3.11 -1.32  0.79  2.44  3.36 15052014 12
  3.41  2.38  0.74 -0.95 -2.32 -3.24 -3.78 -3.54 -2.13 -0.00  1.91  3.12 16052014 00
  3.51  2.89  1.35 -0.33 -1.86 -2.87 -3.54 -3.61 -2.55 -0.53  1.52  2.97 16052014 12
  3.63  3.35  2.01  0.31 -1.35 -2.55 -3.41 -3.81 -3.26 -1.54  0.60  2.31 17052014 00
  3.32  3.45  2.52  0.91 -0.74 -2.08 -2.96 -3.47 -3.25 -1.82  0.25  2.13 17052014 12
  3.33  3.74  3.13  1.67  0.02 -1.50 -2.57 -3.31 -3.52 -2.68 -0.84  1.17 18052014 00
  2.68  3.46  3.35  2.22  0.67 -0.91 -2.07 -2.88 -3.28 -2.83 -1.28  0.69 18052014 12
  2.34  3.34  3.55  2.75  1.31 -0.28 -1.64 -2.59 -3.22 -3.25 -2.26 -0.47 19052014 00
  1.32  2.66  3.28  2.99  1.83  0.39 -1.02 -2.03 -2.69 -2.92 -2.32 -0.80 19052014 12
  0.96  2.39  3.21  3.24  2.38  1.04 -0.42 -1.61 -2.46 -3.00 -2.93 -1.93 20052014 00
 -0.31  1.29  2.47  2.99  2.67  1.63  0.34 -0.91 -1.81 -2.39 -2.56 -1.98 20052014 12
 -0.62  0.94  2.20  2.93  2.94  2.16  0.94 -0.38 -1.47 -2.26 -2.77 -2.72 21052014 00
 -1.86 -0.43  1.02  2.13  2.62  2.40  1.53  0.39 -0.73 -1.57 -2.14 -2.36 21052014 12
 -1.92 -0.74  0.69  1.89  2.63  2.73  2.13  1.08 -0.13 -1.17 -1.94 -2.46 22052014 00
 -2.56 -1.94 -0.72  0.64  1.77  2.36  2.30  1.61  0.58 -0.52 -1.41 -2.04 22052014 12
 -2.36 -2.15 -1.21  0.11  1.33  2.18  2.46  2.05  1.13 -0.02 -1.11 -1.96 23052014 00
 -2.56 -2.80 -2.40 -1.27  0.13  1.37  2.15  2.29  1.73  0.75 -0.35 -1.31 23052014 12
 -2.00 -2.39 -2.32 -1.54 -0.20  1.14  2.13  2.56  2.29  1.40  0.23 -0.93 24052014 00
 -1.83 -2.48 -2.79 -2.48 -1.36  0.13  1.49  2.38  2.60  2.07  1.02 -0.19 24052014 12
 -1.26 -2.03 -2.51 -2.52 -1.77 -0.35  1.13  2.26  2.80  2.59  1.66  0.40 25052014 00
 -0.87 -1.87 -2.57 -2.91 -2.57 -1.34  0.27  1.70  2.63  2.85  2.24  1.09 25052014 12
 -0.24 -1.41 -2.25 -2.78 -2.75 -1.83 -0.26  1.33  2.49  2.99  2.68  1.63 26052014 00
  0.25 -1.09 -2.11 -2.81 -3.08 -2.57 -1.13  0.59  2.05  2.91  3.01  2.20 26052014 12
  0.88 -0.57 -1.76 -2.59 -3.05 -2.88 -1.74  0.02  1.64  2.76  3.16  2.64 27052014 00
  1.39 -0.08 -1.44 -2.40 -3.02 -3.13 -2.32 -0.65  1.15  2.50  3.20  3.03 27052014 12
  1.95  0.50 -0.99 -2.11 -2.87 -3.22 -2.78 -1.33  0.53  2.11  3.05  3.22 28052014 00
  2.42  1.01 -0.52 -1.80 -2.67 -3.16 -3.01 -1.82  0.03  1.74  2.91  3.35 28052014 12
  2.84  1.52 -0.04 -1.48 -2.50 -3.17 -3.32 -2.51 -0.81  1.04  2.42  3.14 29052014 00
  2.99  1.88  0.39 -1.12 -2.23 -2.97 -3.27 -2.73 -1.19  0.71  2.24  3.13 29052014 12
  3.23  2.33  0.87 -0.69 -1.98 -2.86 -3.38 -3.23 -2.03 -0.19  1.53  2.69 30052014 00
  3.10  2.56  1.23 -0.28 -1.67 -2.59 -3.15 -3.16 -2.20 -0.42  1.36  2.63 30052014 12
  3.25  2.96  1.77  0.28 -1.21 -2.30 -3.04 -3.34 -2.81 -1.31  0.52  1.99 31052014 00
  2.84  2.90  2.03  0.63 -0.83 -1.99 -2.74 -3.09 -2.75 -1.42  0.40  1.95 31052014 12
  2.93  3.19  2.51  1.20 -0.29 -1.58 -2.48 -3.05 -3.08 -2.19 -0.56  1.11 01062014 00
  2.33  2.88  2.58  1.47  0.12 -1.21 -2.14 -2.71 -2.81 -2.10 -0.57  1.09 01062014 12
  2.36  3.04  2.95  2.02  0.70 -0.68 -1.77 -2.51 -2.90 -2.64 -1.49  0.10 02062014 00
  1.53  2.46  2.67  2.05  0.89 -0.40 -1.51 -2.23 -2.62 -2.47 -1.50  0.03 02062014 12
  1.48  2.48  2.87  2.48  1.45  0.17 -1.02 -1.90 -2.48 -2.64 -2.10 -0.84 03062014 00
  0.62  1.80  2.44  2.37  1.61  0.49 -0.67 -1.56 -2.12 -2.34 -1.98 -0.88 03062014 12
  0.52  1.73  2.48  2.61  2.03  0.99 -0.19 -1.21 -1.92 -2.35 -2.35 -1.65 04062014 00
 -0.42  0.86  1.85  2.28  2.05  1.25  0.20 -0.80 -1.50 -1.92 -2.02 -1.55 04062014 12
 -0.49  0.74  1.74  2.31  2.27  1.62  0.64 -0.40 -1.24 -1.83 -2.16 -2.05 05062014 00
 -1.28 -0.12  1.00  1.81  2.09  1.80  1.06  0.13 -0.75 -1.38 -1.75 -1.78 05062014 12
 -1.27 -0.25  0.84  1.71  2.16  2.04  1.41  0.50 -0.46 -1.23 -1.77 -2.05 06062014 00
 -1.86 -1.07  0.00  1.02  1.71  1.94  1.65  0.97  0.13 -0.67 -1.25 -1.60 06062014 12
 -1.62 -1.14 -0.18  0.87  1.70  2.11  1.99  1.41  0.55 -0.37 -1.11 -1.63 07062014 00
 -1.92 -1.76 -1.02  0.03  1.09  1.85  2.09  1.82  1.14  0.26 -0.57 -1.22 07062014 12
 -1.64 -1.75 -1.32 -0.36  0.72  1.61  2.08  2.04  1.49  0.62 -0.34 -1.13 08062014 00
 -1.70 -2.03 -1.92 -1.17 -0.05  1.08  1.90  2.21  1.94  1.21  0.23 -0.71 08062014 12
 -1.42 -1.89 -2.03 -1.59 -0.55  0.66  1.68  2.24  2.21  1.57  0.58 -0.49 09062014 00
 -1.39 -2.04 -2.41 -2.27 -1.40 -0.07  1.23  2.17  2.53  2.22  1.35  0.22 09062014 12
 -0.85 -1.64 -2.17 -2.30 -1.76 -0.52  0.89  2.03  2.64  2.57  1.79  0.63 10062014 00
 -0.60 -1.60 -2.29 -2.64 -2.40 -1.31  0.23  1.66  2.63  2.92  2.42  1.34 10062014 12
  0.02 -1.18 -2.06 -2.63 -2.72 -1.96 -0.48  1.12  2.34  2.92  2.70  1.69 11062014 00
  0.32 -1.05 -2.09 -2.82 -3.15 -2.72 -1.33  0.43  1.96  2.89  3.08  2.34 11062014 12
  1.01 -0.48 -1.75 -2.65 -3.20 -3.16 -2.12 -0.33  1.40  2.66  3.17  2.78 12062014 00
  1.54  0.01 -1.46 -2.51 -3.21 -3.42 -2.71 -1.00  0.97  2.48  3.33  3.33 12062014 12
  2.29  0.76 -0.86 -2.13 -3.03 -3.54 -3.29 -1.93  0.07  1.89  3.07  3.44 13062014 00
  2.79  1.30 -0.34 -1.83 -2.84 -3.50 -3.56 -2.51 -0.53  1.50  2.96  3.63 13062014 12
  3.37  2.05  0.37 -1.29 -2.52 -3.39 -3.81 -3.31 -1.64  0.53  2.28  3.32 14062014 00
  3.48  2.57  0.93 -0.78 -2.20 -3.15 -3.73 -3.56 -2.18 -0.03  1.98  3.27 14062014 12
  3.76  3.21  1.67 -0.07 -1.70 -2.84 -3.66 -3.96 -3.19 -1.28  0.89  2.57 15062014 00
  3.42  3.38  2.25  0.54 -1.14 -2.45 -3.32 -3.76 -3.34 -1.70  0.51  2.34 15062014 12
  3.45  3.73  2.90  1.27 -0.48 -2.00 -3.06 -3.80 -3.92 -2.90 -0.90  1.22 16062014 00
  2.72  3.39  3.16  1.88  0.20 -1.40 -2.57 -3.35 -3.66 -3.02 -1.24  0.89 16062014 12
  2.52  3.45  3.53  2.53  0.92 -0.76 -2.14 -3.12 -3.74 -3.67 -2.47 -0.49 17062014 00
  1.45  2.74  3.26  2.86  1.52 -0.06 -1.55 -2.56 -3.24 -3.40 -2.58 -0.82 17062014 12
  1.12  2.56  3.35  3.27  2.19  0.68 -0.90 -2.13 -3.00 -3.52 -3.32 -2.08 18062014 00
 -0.24  1.47  2.62  3.02  2.54  1.27 -0.16 -1.48 -2.37 -2.94 -3.01 -2.17 18062014 12
 -0.53  1.22  2.48  3.15  2.98  1.93  0.55 -0.90 -2.01 -2.79 -3.24 -3.03 19062014 00
 -1.88 -0.23  1.32  2.36  2.71  2.24  1.11 -0.20 -1.39 -2.19 -2.67 -2.69 19062014 12
 -1.94 -0.50  1.02  2.18  2.78  2.64  1.74  0.49 -0.79 -1.80 -2.52 -2.93 20062014 00
 -2.76 -1.75 -0.28  1.12  2.12  2.49  2.12  1.16 -0.00 -1.07 -1.83 -2.31 20062014 12
 -2.39 -1.82 -0.58  0.79  1.91  2.54  2.48  1.73  0.62 -0.56 -1.52 -2.21 21062014 00
 -2.63 -2.56 -1.74 -0.43  0.90  1.90  2.34  2.11  1.29  0.21 -0.84 -1.62 21062014 12
 -2.14 -2.34 -1.96 -0.89  0.44  1.59  2.30  2.38  1.79  0.78 -0.36 -1.34 22062014 00
 -2.06 -2.52 -2.55 -1.87 -0.63  0.71  1.77  2.31  2.20  1.45  0.38 -0.71 22062014 12
 -1.56 -2.15 -2.42 -2.14 -1.14  0.21  1.42  2.23  2.43  1.93  0.94 -0.23 23062014 00
 -1.26 -2.03 -2.54 -2.63 -2.00 -0.73  0.68  1.82  2.42  2.33  1.55  0.43 23062014 12
 -0.72 -1.64 -2.28 -2.58 -2.30 -1.26  0.16  1.45  2.32  2.55  2.02  0.97 24062014 00
 -0.26 -1.35 -2.13 -2.60 -2.62 -1.88 -0.49  0.98  2.11  2.66  2.48  1.57 24062014 12
  0.33 -0.91 -1.87 -2.51 -2.79 -2.40 -1.20  0.35  1.68  2.51  2.65  1.99 25062014 00
  0.84 -0.46 -1.56 -2.31 -2.73 -2.58 -1.58 -0.03  1.48  2.53  2.93  2.51 25062014 12
  1.42  0.05 -1.22 -2.16 -2.77 -2.91 -2.25 -0.80  0.80  2.08  2.76  2.68 26062014 00
  1.78  0.49 -0.86 -1.91 -2.59 -2.87 -2.44 -1.10  0.61  2.03  2.93  3.07 26062014 12
  2.33  1.05 -0.38 -1.60 -2.46 -2.98 -2.91 -1.90 -0.25  1.36  2.49  2.95 27062014 00
  2.55  1.40  0.00 -1.32 -2.25 -2.82 -2.88 -2.05 -0.42  1.30  2.57  3.21 27062014 12
  3.02  1.95  0.53 -0.91 -2.02 -2.79 -3.15 -2.76 -1.38  0.39  1.90  2.81 28062014 00
  2.95  2.18  0.84 -0.61 -1.80 -2.58 -2.98 -2.73 -1.49  0.32  1.91  2.95 28062014 12
  3.28  2.68  1.39 -0.11 -1.47 -2.43 -3.06 -3.16 -2.34 -0.70  1.04  2.34 29062014 00
  2.97  2.74  1.63  0.21 -1.19 -2.20 -2.84 -3.01 -2.34 -0.76  1.02  2.40 29062014 12
  3.17  3.14  2.18  0.78 -0.73 -1.92 -2.74 -3.18 -2.93 -1.69  0.08  1.66 30062014 00
  2.68  2.95  2.32  1.03 -0.40 -1.64 -2.47 -2.93 -2.78 -1.68  0.06  1.68 30062014 12
  2.78  3.22  2.78  1.60  0.15 -1.22 -2.22 -2.88 -3.07 -2.42 -0.92  0.76 01072014 00
  2.09  2.79  2.69  1.74  0.39 -0.97 -1.98 -2.61 -2.84 -2.34 -0.97  0.71 01072014 12
  2.08  2.92  3.01  2.24  0.96 -0.46 -1.61 -2.42 -2.90 -2.78 -1.77 -0.19 02072014 00
  1.32  2.37  2.76  2.35  1.27 -0.03 -1.21 -2.00 -2.44 -2.41 -1.63 -0.17 02072014 12
  1.33  2.44  2.97  2.71  1.71  0.41 -0.86 -1.82 -2.46 -2.73 -2.33 -1.14 03072014 00
  0.36  1.66  2.41  2.51  1.90  0.81 -0.42 -1.40 -2.03 -2.31 -2.04 -1.01 03072014 12
  0.41  1.70  2.55  2.79  2.31  1.30  0.10 -0.97 -1.74 -2.23 -2.30 -1.63 04072014 00
 -0.35  1.00  2.05  2.57  2.41  1.66  0.59 -0.49 -1.30 -1.84 -2.05 -1.66 04072014 12
 -0.59  0.67  1.77  2.44  2.47  1.83  0.83 -0.27 -1.17 -1.81 -2.19 -2.12 05072014 00
 -1.37 -0.18  1.02  1.92  2.27  2.01  1.26  0.29 -0.64 -1.32 -1.75 -1.86 05072014 12
 -1.41 -0.38  0.80  1.75  2.26  2.19  1.56  0.61 -0.39 -1.20 -1.78 -2.11 06072014 00
 -1.98 -1.23 -0.11  1.01  1.84  2.16  1.91  1.20  0.28 -0.61 -1.28 -1.70 06072014 12
 -1.82 -1.41 -0.47  0.62  1.54  2.05  2.02  1.44  0.56 -0.40 -1.20 -1.78 07072014 00
 -2.13 -2.05 -1.36 -0.27  0.86  1.71  2.07  1.88  1.21  0.29 -0.63 -1.35 07072014 12
 -1.84 -2.01 -1.67 -0.74  0.41  1.42  2.05  2.12  1.63  0.76 -0.27 -1.16 08072014 00
 -1.82 -2.25 -2.27 -1.64 -0.49  0.75  1.73  2.21  2.09  1.39  0.37 -0.67 08072014 12
 -1.50 -2.09 -2.37 -2.12 -1.19  0.09  1.28  2.07  2.27  1.79  0.83 -0.32 09072014 00
 -1.35 -2.12 -2.59 -2.62 -1.95 -0.65  0.79  1.93  2.56  2.47  1.67  0.49 09072014 12
 -0.75 -1.73 -2.43 -2.78 -2.53 -1.44  0.08  1.50  2.44  2.71  2.18  1.06 10072014 00
 -0.27 -1.47 -2.34 -2.89 -2.95 -2.15 -0.59  1.08  2.35  3.01  2.86  1.85 10072014 12
  0.47 -0.96 -2.05 -2.82 -3.20 -2.87 -1.53  0.26  1.85  2.86  3.10  2.42 11072014 00
  1.07 -0.45 -1.77 -2.69 -3.27 -3.24 -2.18 -0.30  1.54  2.86  3.46  3.14 11072014 12
  1.89  0.33 -1.23 -2.39 -3.22 -3.58 -3.03 -1.40  0.67  2.33  3.31  3.46 12072014 00
  2.57  1.02 -0.63 -1.99 -2.93 -3.49 -3.29 -1.88  0.25  2.19  3.46  3.95 12072014 12
  3.38  1.89  0.18 -1.43 -2.60 -3.44 -3.73 -2.96 -1.03  1.15  2.83  3.69 13072014 00
  3.64  2.45  0.74 -0.98 -2.30 -3.23 -3.73 -3.30 -1.60  0.71  2.62  3.77 13072014 12
  4.07  3.22  1.54 -0.29 -1.88 -3.00 -3.80 -3.93 -2.82 -0.67  1.58  3.17 14072014 00
  3.87  3.65  2.28  0.53 -1.19 -2.41 -3.25 -3.56 -2.77 -0.79  1.51  3.22 14072014 12
  4.13  4.13  2.93  1.19 -0.66 -2.13 -3.23 -3.96 -3.88 -2.53 -0.32  1.84 15072014 00
  3.25  3.76  3.28  1.72 -0.06 -1.70 -2.82 -3.58 -3.75 -2.74 -0.62  1.59 15072014 12
  3.18  3.95  3.80  2.49  0.75 -1.01 -2.34 -3.31 -3.85 -3.48 -1.86  0.38 16072014 00
  2.29  3.46  3.77  3.02  1.44 -0.23 -1.71 -2.72 -3.38 -3.38 -2.20 -0.16 16072014 12
  1.81  3.19  3.77  3.35  1.96  0.29 -1.33 -2.50 -3.35 -3.74 -3.20 -1.54 17072014 00
  0.51  2.15  3.12  3.25  2.39  0.89 -0.66 -1.94 -2.79 -3.29 -3.10 -1.82 17072014 12
  0.09  1.84  3.01  3.45  2.93  1.61  0.08 -1.34 -2.36 -3.06 -3.29 -2.62 18072014 00
 -1.06  0.73  2.11  2.90  2.92  2.04  0.73 -0.68 -1.75 -2.46 -2.80 -2.49 18072014 12
 -1.28  0.37  1.83  2.82  3.10  2.54  1.40  0.06 -1.14 -2.03 -2.64 -2.80 19072014 00
 -2.17 -0.81  0.71  1.96  2.62  2.58  1.80  0.66 -0.52 -1.43 -2.07 -2.38 19072014 12
 -2.14 -1.13  0.27  1.55  2.41  2.66  2.21  1.26  0.11 -0.94 -1.72 -2.25 20072014 00
 -2.41 -1.92 -0.80  0.51  1.62  2.26  2.28  1.68  0.72 -0.33 -1.18 -1.78 20072014 12
 -2.13 -2.04 -1.29 -0.10  1.05  1.90  2.23  1.96  1.20  0.20 -0.76 -1.51 21072014 00
 -2.04 -2.27 -1.97 -1.03  0.16  1.25  1.95  2.11  1.68  0.84 -0.15 -1.01 21072014 12
 -1.65 -2.06 -2.11 -1.57 -0.51  0.64  1.57  2.04  1.94  1.31  0.38 -0.59 22072014 00
 -1.38 -1.93 -2.24 -2.07 -1.24 -0.04  1.10  1.91  2.17  1.81  1.00 -0.01 22072014 12
 -0.96 -1.68 -2.17 -2.31 -1.85 -0.79  0.45  1.49  2.06  2.04  1.43  0.46 23072014 00
 -0.58 -1.43 -2.03 -2.33 -2.14 -1.25  0.05  1.27  2.11  2.38  1.98  1.07 23072014 12
 -0.05 -1.09 -1.87 -2.38 -2.51 -1.96 -0.76  0.59  1.70  2.29  2.21  1.47 24072014 00
  0.39 -0.75 -1.65 -2.25 -2.51 -2.16 -1.07  0.37  1.64  2.44  2.60  2.02 24072014 12
  0.94 -0.32 -1.41 -2.21 -2.69 -2.68 -1.87 -0.45  1.00  2.09  2.55  2.27 25072014 00
  1.31  0.06 -1.14 -2.02 -2.55 -2.65 -2.02 -0.62  0.96  2.17  2.84  2.76 25072014 12
  1.89  0.61 -0.74 -1.81 -2.55 -2.93 -2.66 -1.49  0.14  1.59  2.55  2.79 26072014 00
  2.17  0.97 -0.40 -1.57 -2.36 -2.79 -2.64 -1.57  0.09  1.68  2.75  3.15 26072014 12
  2.68  1.50  0.06 -1.28 -2.25 -2.90 -3.08 -2.41 -0.88  0.84  2.20  2.89 27072014 00
  2.77  1.76  0.38 -1.02 -2.06 -2.72 -2.96 -2.42 -0.94  0.87  2.33  3.16 27072014 12
  3.21  2.31  0.91 -0.61 -1.84 -2.71 -3.23 -3.09 -1.92 -0.14  1.51  2.62 28072014 00
  2.98  2.40  1.09 -0.38 -1.71 -2.60 -3.11 -3.05 -2.01 -0.20  1.55  2.78 28072014 12
  3.33  2.95  1.71  0.19 -1.28 -2.33 -3.05 -3.30 -2.66 -1.08  0.78  2.22 29072014 00
  3.01  2.98  1.96  0.51 -0.98 -2.10 -2.82 -3.13 -2.66 -1.19  0.68  2.22 29072014 12
  3.14  3.28  2.44  1.03 -0.51 -1.78 -2.66 -3.18 -3.06 -1.93 -0.12  1.57 30072014 00
  2.75  3.16  2.64  1.35 -0.13 -1.47 -2.36 -2.91 -2.92 -1.96 -0.23  1.52 30072014 12
  2.74  3.31  3.00  1.85  0.38 -1.08 -2.14 -2.84 -3.10 -2.54 -1.04  0.72 31072014 00
  2.16  2.95  2.95  2.05  0.70 -0.72 -1.82 -2.53 -2.85 -2.44 -1.10  0.63 31072014 12
  2.10  3.02  3.18  2.45  1.17 -0.27 -1.50 -2.35 -2.86 -2.80 -1.82 -0.21 01082014 00
  1.39  2.53  2.97  2.58  1.47  0.12 -1.14 -2.01 -2.53 -2.59 -1.85 -0.38 01082014 12
  1.20  2.39  2.99  2.80  1.85  0.54 -0.78 -1.78 -2.44 -2.73 -2.36 -1.15 02082014 00
  0.39  1.75  2.59  2.73  2.08  0.96 -0.29 -1.31 -1.98 -2.33 -2.15 -1.18 02082014 12
  0.26  1.61  2.54  2.83  2.38  1.36  0.13 -0.96 -1.74 -2.25 -2.34 -1.72 03082014 00
 -0.49  0.86  1.96  2.52  2.40  1.67  0.59 -0.52 -1.35 -1.88 -2.11 -1.83 03082014 12
 -0.82  0.48  1.61  2.30  2.40  1.86  0.91 -0.18 -1.14 -1.83 -2.25 -2.25 04082014 00
 -1.59 -0.43  0.77  1.72  2.16  1.99  1.29  0.33 -0.62 -1.36 -1.85 -2.05 04082014 12
 -1.73 -0.81  0.35  1.36  2.01  2.11  1.64  0.80 -0.19 -1.05 -1.68 -2.08 05082014 00
 -2.10 -1.52 -0.47  0.66  1.59  2.07  2.01  1.44  0.58 -0.34 -1.09 -1.62 05082014 12
 -1.90 -1.73 -0.96  0.13  1.18  1.91  2.15  1.85  1.11  0.17 -0.71 -1.40 06082014 00
 -1.89 -2.06 -1.68 -0.72  0.45  1.50  2.13  2.22  1.77  0.95 -0.03 -0.95 06082014 12
 -1.65 -2.10 -2.15 -1.55 -0.44  0.76  1.72  2.18  2.06  1.37  0.39 -0.64 07082014 00
 -1.48 -2.08 -2.39 -2.16 -1.20  0.14  1.42  2.31  2.59  2.18  1.24  0.06 07082014 12
 -1.03 -1.88 -2.45 -2.62 -2.08 -0.81  0.67  1.91  2.60  2.62  1.90  0.76 08082014 00
 -0.50 -1.53 -2.26 -2.66 -2.48 -1.39  0.22  1.76  2.82  3.20  2.73  1.61 08082014 12
  0.21 -1.09 -2.08 -2.77 -2.99 -2.38 -0.86  0.90  2.37  3.19  3.22  2.31 09082014 00
  0.92 -0.58 -1.78 -2.61 -3.07 -2.80 -1.46  0.46  2.18  3.34  3.69  3.05 09082014 12
  1.68  0.07 -1.37 -2.44 -3.18 -3.35 -2.47 -0.61  1.40  2.91  3.68  3.54 10082014 00
  2.33  0.73 -0.90 -2.10 -2.92 -3.27 -2.72 -1.05  1.12  2.93  4.05  4.28 10082014 12
  3.35  1.75 -0.05 -1.59 -2.73 -3.52 -3.63 -2.51 -0.37  1.81  3.38  4.05 11082014 00
  3.70  2.26  0.51 -1.18 -2.41 -3.29 -3.63 -2.85 -0.87  1.49  3.28  4.26 11082014 12
  4.28  3.04  1.27 -0.60 -2.07 -3.16 -3.85 -3.69 -2.19  0.14  2.33  3.71 12082014 00
  4.19  3.55  1.88  0.05 -1.62 -2.77 -3.59 -3.73 -2.56 -0.28  2.02  3.64 12082014 12
  4.40  4.14  2.66  0.82 -1.02 -2.38 -3.41 -3.98 -3.51 -1.71  0.69  2.66 13082014 00
  3.84  4.07  3.11  1.33 -0.51 -2.05 -3.11 -3.80 -3.68 -2.20  0.14  2.33 13082014 12
  3.70  4.22  3.65  2.01  0.18 -1.54 -2.75 -3.65 -4.00 -3.22 -1.20  1.09 14082014 00
  2.85  3.75  3.72  2.53  0.77 -0.96 -2.30 -3.22 -3.69 -3.26 -1.60  0.65 14082014 12
  2.50  3.60  3.88  3.04  1.42 -0.32 -1.83 -2.89 -3.62 -3.72 -2.67 -0.69 15082014 00
  1.35  2.80  3.44  3.16  1.86  0.24 -1.32 -2.42 -3.16 -3.44 -2.78 -1.08 15082014 12
  0.93  2.45  3.31  3.38  2.42  0.96 -0.59 -1.84 -2.70 -3.21 -3.05 -1.85 16082014 00
 -0.03  1.63  2.79  3.19  2.69  1.48  0.06 -1.24 -2.12 -2.66 -2.75 -1.99 16082014 12
 -0.44  1.21  2.47  3.13  2.98  2.08  0.81 -0.51 -1.52 -2.21 -2.55 -2.28 17082014 00
 -1.21  0.25  1.61  2.52  2.77  2.25  1.23  0.04 -0.97 -1.68 -2.14 -2.21 17082014 12
 -1.58 -0.35  0.93  1.94  2.45  2.28  1.48  0.42 -0.64 -1.45 -2.02 -2.31 18082014 00
 -2.09 -1.20  0.02  1.15  1.94  2.17  1.81  1.01  0.03 -0.84 -1.48 -1.89 18082014 12
 -1.97 -1.50 -0.53  0.58  1.51  2.00  1.94  1.39  0.57 -0.32 -1.05 -1.57 19082014 00
 -1.87 -1.79 -1.17 -0.19  0.81  1.57  1.88  1.69  1.08  0.25 -0.58 -1.25 19082014 12
 -1.72 -1.94 -1.69 -0.91  0.08  1.00  1.60  1.75  1.45  0.79 -0.02 -0.77 20082014 00
 -1.35 -1.73 -1.80 -1.38 -0.48  0.53  1.39  1.86  1.84  1.34  0.54 -0.34 20082014 12
 -1.09 -1.64 -1.96 -1.87 -1.20 -0.16  0.89  1.67  2.00  1.81  1.20  0.34 21082014 00
 -0.52 -1.19 -1.64 -1.79 -1.43 -0.46  0.69  1.67  2.24  2.26  1.71  0.79 21082014 12
 -0.25 -1.15 -1.81 -2.22 -2.17 -1.46 -0.29  0.90  1.79  2.15  1.89  1.11 22082014 00
  0.07 -0.93 -1.67 -2.12 -2.20 -1.66 -0.48  0.86  1.94  2.52  2.42  1.67 22082014 12
  0.58 -0.58 -1.53 -2.20 -2.56 -2.34 -1.34  0.07  1.38  2.27  2.50  1.98 23082014 00
  0.94 -0.28 -1.35 -2.08 -2.48 -2.38 -1.49 -0.02  1.42  2.43  2.84  2.47 23082014 12
  1.44  0.14 -1.10 -2.05 -2.69 -2.88 -2.30 -0.92  0.68  1.98  2.69  2.64 24082014 00
  1.77  0.51 -0.82 -1.84 -2.50 -2.75 -2.27 -0.90  0.80  2.19  3.02  3.12 24082014 12
  2.35  1.06 -0.40 -1.64 -2.53 -3.05 -2.92 -1.82 -0.09  1.53  2.65  3.05 25082014 00
  2.57  1.36 -0.08 -1.43 -2.37 -2.92 -2.90 -1.90 -0.15  1.62  2.85  3.42 25082014 12
  3.09  1.88  0.36 -1.12 -2.22 -2.98 -3.28 -2.69 -1.12  0.75  2.22  3.02 26082014 00
  3.03  2.06  0.57 -0.95 -2.14 -2.90 -3.25 -2.79 -1.28  0.65  2.23  3.17 26082014 12
  3.35  2.53  1.08 -0.52 -1.87 -2.81 -3.37 -3.28 -2.10 -0.21  1.58  2.81 27082014 00
  3.26  2.76  1.40 -0.15 -1.60 -2.58 -3.15 -3.12 -2.04 -0.15  1.68  2.96 27082014 12
  3.57  3.23  1.98  0.44 -1.10 -2.22 -2.96 -3.21 -2.54 -0.85  1.10  2.64 28082014 00
  3.47  3.45  2.42  0.92 -0.66 -1.86 -2.66 -3.06 -2.66 -1.17  0.75  2.38 28082014 12
  3.39  3.58  2.80  1.42 -0.15 -1.47 -2.38 -2.92 -2.78 -1.60  0.22  1.96 29082014 00
  3.16  3.58  3.03  1.73  0.17 -1.20 -2.17 -2.81 -2.89 -2.00 -0.27  1.52 29082014 12
  2.85  3.41  3.11  1.95  0.46 -0.99 -2.08 -2.83 -3.14 -2.61 -1.10  0.69 30082014 00
  2.17  3.02  3.07  2.19  0.81 -0.65 -1.80 -2.55 -2.94 -2.66 -1.41  0.34 30082014 12
  1.86  2.85  3.09  2.43  1.15 -0.31 -1.56 -2.41 -2.92 -2.89 -1.97 -0.37 31082014 00
  1.24  2.39  2.89  2.56  1.49  0.16 -1.13 -2.03 -2.58 -2.69 -2.04 -0.63 31082014 12
  0.96  2.21  2.88  2.80  1.92  0.66 -0.63 -1.64 -2.32 -2.69 -2.45 -1.39 01092014 00
  0.08  1.42  2.30  2.52  1.98  0.92 -0.31 -1.37 -2.08 -2.50 -2.47 -1.71 01092014 12
 -0.39  0.95  1.94  2.40  2.16  1.30  0.17 -0.93 -1.74 -2.27 -2.48 -2.10 02092014 00
 -1.04  0.27  1.39  2.09  2.19  1.65  0.70 -0.37 -1.27 -1.89 -2.25 -2.19 02092014 12
 -1.49 -0.35  0.80  1.67  2.06  1.86  1.14  0.19 -0.76 -1.48 -1.97 -2.18 03092014 00
 -1.89 -1.01  0.13  1.16  1.84  2.01  1.61  0.83 -0.11 -0.95 -1.59 -2.01 03092014 12
 -2.09 -1.63 -0.66  0.42  1.34  1.85  1.85  1.35  0.53 -0.37 -1.13 -1.69 04092014 00
 -2.02 -1.97 -1.32 -0.27  0.82  1.68  2.07  1.92  1.29  0.37 -0.58 -1.35 04092014 12
 -1.92 -2.22 -2.04 -1.23 -0.06  1.08  1.88  2.16  1.86  1.10  0.11 -0.84 05092014 00
 -1.58 -2.10 -2.28 -1.85 -0.76  0.55  1.69  2.38  2.46  1.87  0.85 -0.32 05092014 12
 -1.32 -2.09 -2.58 -2.59 -1.84 -0.49  0.96  2.09  2.62  2.44  1.57  0.38 06092014 00
 -0.83 -1.79 -2.45 -2.74 -2.35 -1.10  0.52  1.93  2.84  3.03  2.37  1.13 06092014 12
 -0.29 -1.53 -2.45 -3.07 -3.14 -2.27 -0.62  1.12  2.45  3.11  2.91  1.83 07092014 00
  0.39 -1.08 -2.18 -2.93 -3.25 -2.74 -1.18  0.76  2.38  3.34  3.50  2.62 07092014 12
  1.13 -0.52 -1.92 -2.93 -3.59 -3.58 -2.45 -0.46  1.54  2.94  3.53  3.18 08092014 00
  1.81  0.14 -1.47 -2.61 -3.39 -3.64 -2.84 -0.89  1.30  2.93  3.82  3.80 08092014 12
  2.61  0.88 -0.92 -2.33 -3.36 -3.98 -3.75 -2.25  0.04  2.11  3.42  3.84 09092014 00
  3.21  1.55 -0.26 -1.91 -3.03 -3.79 -3.88 -2.72 -0.48  1.83  3.42  4.12 09092014 12
  3.84  2.33  0.46 -1.37 -2.72 -3.69 -4.20 -3.66 -1.73  0.68  2.66  3.77 10092014 00
  3.95  2.94  1.10 -0.77 -2.32 -3.35 -4.00 -3.78 -2.20  0.24  2.44  3.78 10092014 12
  4.25  3.59  1.86 -0.04 -1.78 -3.00 -3.88 -4.14 -3.19 -1.02  1.36  3.11 11092014 00
  3.92  3.79  2.41  0.52 -1.29 -2.65 -3.57 -4.03 -3.46 -1.53  0.88  2.80 11092014 12
  3.89  4.07  3.05  1.26 -0.59 -2.13 -3.21 -3.92 -3.87 -2.53 -0.30  1.88 12092014 00
  3.28  3.80  3.32  1.74 -0.06 -1.72 -2.85 -3.61 -3.82 -2.89 -0.84  1.36 12092014 12
  2.96  3.73  3.60  2.35  0.64 -1.06 -2.34 -3.24 -3.72 -3.33 -1.76  0.37 13092014 00
  2.14  3.21  3.44  2.63  1.08 -0.55 -1.95 -2.88 -3.46 -3.39 -2.21 -0.28 13092014 12
  1.56  2.80  3.32  2.91  1.61  0.08 -1.38 -2.39 -3.08 -3.29 -2.61 -1.03 14092014 00
  0.79  2.16  2.92  2.88  1.93  0.57 -0.86 -1.95 -2.69 -3.06 -2.76 -1.54 14092014 12
  0.13  1.59  2.56  2.82  2.25  1.10 -0.22 -1.37 -2.15 -2.61 -2.61 -1.83 15092014 00
 -0.42  1.01  2.08  2.58  2.36  1.49  0.33 -0.82 -1.67 -2.23 -2.46 -2.11 15092014 12
 -1.06  0.25  1.41  2.14  2.26  1.73  0.80 -0.26 -1.13 -1.72 -2.06 -2.01 16092014 00
 -1.34 -0.23  0.88  1.73  2.09  1.88  1.18  0.27 -0.64 -1.33 -1.79 -2.00 16092014 12
 -1.75 -0.95  0.07  1.01  1.64  1.78  1.44  0.77 -0.05 -0.77 -1.28 -1.59 17092014 00
 -1.61 -1.16 -0.30  0.62  1.37  1.76  1.71  1.27  0.57 -0.20 -0.86 -1.36 17092014 12
 -1.67 -1.61 -1.06 -0.23  0.63  1.30  1.59  1.46  0.99  0.32 -0.38 -0.94 18092014 00
 -1.32 -1.47 -1.26 -0.59  0.28  1.09  1.64  1.79  1.52  0.90  0.10 -0.65 18092014 12
 -1.24 -1.67 -1.82 -1.48 -0.67  0.30  1.15  1.63  1.68  1.29  0.61 -0.19 19092014 00
 -0.88 -1.38 -1.66 -1.57 -0.93  0.06  1.05  1.78  2.06  1.81  1.12  0.20 19092014 12
 -0.70 -1.43 -1.94 -2.14 -1.79 -0.85  0.31  1.35  1.96  2.00  1.48  0.61 20092014 00
 -0.39 -1.22 -1.82 -2.14 -1.99 -1.18  0.04  1.21  2.04  2.31  1.90  0.97 20092014 12
 -0.16 -1.20 -1.97 -2.47 -2.57 -2.00 -0.78  0.60  1.71  2.28  2.18  1.42 21092014 00
  0.31 -0.84 -1.74 -2.32 -2.52 -2.09 -0.89  0.59  1.83  2.57  2.64  1.92 21092014 12
  0.73 -0.57 -1.65 -2.41 -2.83 -2.69 -1.69 -0.16  1.32  2.36  2.73  2.28 22092014 00
  1.17 -0.17 -1.39 -2.24 -2.73 -2.71 -1.85 -0.27  1.34  2.51  3.04  2.76 22092014 12
  1.68  0.27 -1.11 -2.14 -2.82 -3.05 -2.49 -1.02  0.72  2.16  2.96  2.96 23092014 00
  2.06  0.68 -0.78 -1.92 -2.67 -3.00 -2.59 -1.18  0.68  2.23  3.19  3.36 23092014 12
  2.56  1.19 -0.34 -1.62 -2.53 -3.09 -3.03 -1.93 -0.08  1.68  2.89  3.33 24092014 00
  2.81  1.46 -0.09 -1.54 -2.54 -3.17 -3.25 -2.32 -0.48  1.41  2.77  3.44 24092014 12
  3.18  1.93  0.35 -1.21 -2.35 -3.10 -3.37 -2.74 -1.07  0.94  2.51  3.40 25092014 00
  3.43  2.40  0.86 -0.76 -2.02 -2.87 -3.31 -2.95 -1.46  0.56  2.29  3.34 25092014 12
  3.58  2.77  1.28 -0.35 -1.75 -2.70 -3.28 -3.17 -1.95  0.02  1.85  3.08 26092014 00
  3.54  3.01  1.61 -0.02 -1.53 -2.60 -3.30 -3.45 -2.55 -0.70  1.26  2.70 26092014 12
  3.41  3.19  1.94  0.33 -1.26 -2.41 -3.18 -3.50 -2.90 -1.25  0.78  2.36 27092014 00
  3.27  3.34  2.37  0.82 -0.79 -2.06 -2.90 -3.35 -3.06 -1.64  0.34  2.07 27092014 12
  3.12  3.41  2.68  1.23 -0.35 -1.73 -2.66 -3.25 -3.24 -2.18 -0.33  1.46 28092014 00
  2.74  3.28  2.90  1.64  0.12 -1.34 -2.37 -3.04 -3.22 -2.47 -0.82  1.02 28092014 12
  2.39  3.13  3.04  2.00  0.56 -0.92 -2.03 -2.76 -3.11 -2.71 -1.35  0.41 29092014 00
  1.92  2.86  3.05  2.32  1.02 -0.42 -1.63 -2.45 -2.92 -2.82 -1.80 -0.16 29092014 12
  1.41  2.51  2.95  2.56  1.45  0.11 -1.15 -2.04 -2.61 -2.74 -2.10 -0.67 30092014 00
  0.91  2.15  2.81  2.73  1.88  0.67 -0.60 -1.59 -2.26 -2.60 -2.31 -1.24 30092014 12
  0.20  1.51  2.37  2.59  2.09  1.08 -0.11 -1.14 -1.87 -2.31 -2.32 -1.63 01102014 00
 -0.38  0.93  1.94  2.42  2.24  1.44  0.33 -0.77 -1.61 -2.19 -2.50 -2.30 01102014 12
 -1.41 -0.16  1.00  1.79  2.03  1.67  0.84 -0.17 -1.07 -1.71 -2.11 -2.17 02102014 00
 -1.65 -0.58  0.59  1.55  2.08  2.06  1.49  0.61 -0.33 -1.13 -1.72 -2.10 02102014 12
 -2.04 -1.35 -0.28  0.85  1.74  2.16  2.05  1.48  0.63 -0.26 -0.99 -1.50 03102014 00
 -1.76 -1.54 -0.74  0.32  1.36  2.09  2.28  1.91  1.13  0.12 -0.82 -1.54 03102014 12
 -2.04 -2.22 -1.84 -0.85  0.39  1.53  2.19  2.32  1.90  1.04  0.00 -0.90 04102014 00
 -1.62 -2.13 -2.21 -1.57 -0.34  0.98  2.01  2.52  2.40  1.64  0.54 -0.65 04102014 12
 -1.62 -2.34 -2.75 -2.61 -1.66 -0.23  1.19  2.22  2.61  2.26  1.31  0.09 05102014 00
 -1.06 -1.92 -2.47 -2.58 -1.93 -0.50  1.12  2.41  3.12  3.08  2.24  0.96 05102014 12
 -0.42 -1.56 -2.40 -2.90 -2.63 -1.30  0.46  1.99  3.03  3.44  3.01  1.92 06102014 00
  0.43 -1.00 -2.09 -2.79 -2.89 -2.01 -0.27  1.62  3.07  3.73  3.49  2.31 06102014 12
  0.76 -0.80 -2.02 -2.93 -3.45 -3.14 -1.69  0.32  2.16  3.34  3.70  3.05 07102014 00
  1.61 -0.03 -1.50 -2.53 -3.20 -3.21 -2.05  0.03  2.08  3.49  4.11  3.70 07102014 12
  2.31  0.60 -1.09 -2.33 -3.23 -3.62 -2.96 -1.10  1.16  2.94  3.94  4.03 08102014 00
  2.97  1.30 -0.48 -1.91 -2.91 -3.49 -3.17 -1.51  0.78  2.80  4.07  4.47 08102014 12
  3.70  2.10  0.27 -1.37 -2.56 -3.38 -3.55 -2.48 -0.35  1.88  3.51  4.28 09102014 00
  4.01  2.57  0.77 -1.02 -2.34 -3.30 -3.74 -3.10 -1.18  1.22  3.07  4.09 09102014 12
  4.19  3.06  1.31 -0.53 -2.01 -3.08 -3.77 -3.61 -2.13  0.16  2.28  3.64 10102014 00
  4.11  3.48  1.84  0.04 -1.63 -2.77 -3.56 -3.72 -2.68 -0.53  1.70  3.29 10102014 12
  4.03  3.78  2.39  0.63 -1.11 -2.39 -3.30 -3.72 -3.15 -1.36  0.91  2.68 11102014 00
  3.70  3.81  2.80  1.12 -0.62 -2.04 -3.01 -3.60 -3.43 -2.01  0.12  2.06 11102014 12
  3.31  3.74  3.14  1.65 -0.01 -1.53 -2.58 -3.28 -3.41 -2.47 -0.58  1.40 12102014 00
  2.83  3.52  3.28  2.03  0.45 -1.12 -2.26 -3.04 -3.39 -2.88 -1.33  0.60 12102014 12
  2.17  3.10  3.24  2.39  0.96 -0.54 -1.76 -2.57 -3.04 -2.87 -1.71  0.07 13102014 00
  1.67  2.75  3.11  2.58  1.35 -0.07 -1.36 -2.24 -2.81 -2.90 -2.19 -0.72 13102014 12
  0.88  2.10  2.75  2.62  1.69  0.45 -0.82 -1.75 -2.34 -2.59 -2.19 -1.00 14102014 00
  0.51  1.77  2.54  2.66  2.02  0.91 -0.31 -1.31 -2.00 -2.39 -2.33 -1.57 14102014 12
 -0.31  0.98  1.94  2.35  2.09  1.28  0.26 -0.72 -1.43 -1.87 -1.99 -1.52 15102014 00
 -0.45  0.74  1.69  2.22  2.20  1.62  0.74 -0.20 -0.99 -1.54 -1.85 -1.75 15102014 12
 -1.09 -0.09  0.93  1.70  1.99  1.80  1.21  0.43 -0.34 -0.91 -1.29 -1.39 16102014 00
 -1.05 -0.23  0.70  1.49  1.94  1.94  1.53  0.84  0.05 -0.65 -1.18 -1.50 16102014 12
 -1.49 -1.01 -0.18  0.71  1.43  1.78  1.72  1.30  0.65 -0.06 -0.65 -1.08 17102014 00
 -1.30 -1.14 -0.52  0.32  1.11  1.67  1.87  1.68  1.17  0.50 -0.15 -0.69 17102014 12
 -1.07 -1.19 -0.90 -0.23  0.60  1.39  1.90  2.00  1.71  1.12  0.38 -0.27 18102014 00
 -0.75 -1.05 -1.00 -0.43  0.43  1.29  1.95  2.26  2.10  1.52  0.68 -0.17 18102014 12
 -0.91 -1.49 -1.81 -1.57 -0.74  0.35  1.40  2.10  2.32  2.06  1.40  0.54 19102014 00
 -0.23 -0.87 -1.31 -1.36 -0.77  0.25  1.31  2.11  2.45  2.19  1.41  0.36 19102014 12
 -0.68 -1.51 -2.11 -2.38 -2.05 -1.03  0.28  1.48  2.25  2.41  1.93  1.01 20102014 00
 -0.09 -1.04 -1.70 -2.08 -1.98 -1.13  0.22  1.52  2.44  2.77  2.40  1.47 20102014 12
  0.30 -0.82 -1.64 -2.05 -1.87 -0.84  0.67  1.95  2.98  3.48  3.14  2.16 21102014 00
  0.88 -0.35 -1.32 -2.09 -2.47 -2.14 -1.07  0.32  1.66  2.55  2.70  1.98 21102014 12
  0.72 -0.66 -1.80 -2.59 -3.04 -2.91 -1.83 -0.06  1.55  2.63  3.01  2.52 22102014 00
  1.32 -0.09 -1.38 -2.25 -2.75 -2.72 -1.81 -0.14  1.57  2.83  3.39  3.04 22102014 12
  1.89  0.40 -1.06 -2.15 -2.87 -3.13 -2.50 -0.89  0.97  2.46  3.26  3.26 23102014 00
  2.29  0.84 -0.67 -1.87 -2.68 -3.07 -2.69 -1.23  0.70  2.34  3.38  3.60 23102014 12
  2.80  1.34 -0.30 -1.67 -2.61 -3.20 -3.14 -1.98 -0.06  1.78  3.06  3.55 24102014 00
  3.07  1.72  0.13 -1.37 -2.41 -3.08 -3.22 -2.33 -0.48  1.51  2.95  3.67 24102014 12
  3.44  2.18  0.57 -1.04 -2.21 -3.00 -3.34 -2.76 -1.05  1.02  2.70  3.68 25102014 00
  3.81  2.81  1.25 -0.41 -1.74 -2.66 -3.18 -2.94 -1.54  0.50  2.32  3.51 25102014 12
  3.85  3.11  1.66  0.01 -1.41 -2.40 -3.06 -3.09 -1.99 -0.07  1.88  3.27 26102014 00
  3.87  3.48  2.16  0.53 -1.02 -2.11 -2.83 -3.07 -2.32 -0.58  1.39  2.92 26102014 12
  3.72  3.62  2.52  0.97 -0.63 -1.86 -2.72 -3.17 -2.79 -1.28  0.70  2.42 27102014 00
  3.49  3.73  2.94  1.50 -0.13 -1.50 -2.47 -3.10 -3.10 -2.00 -0.14  1.71 27102014 12
  3.00  3.54  3.16  1.91  0.40 -1.04 -2.04 -2.69 -2.88 -2.13 -0.45  1.38 28102014 00
  2.79  3.53  3.44  2.44  0.99 -0.51 -1.68 -2.55 -3.05 -2.83 -1.63  0.09 28102014 12
  1.67  2.71  3.00  2.40  1.15 -0.26 -1.49 -2.33 -2.84 -2.82 -1.93 -0.33 29102014 00
  1.30  2.43  2.94  2.68  1.63  0.30 -1.00 -1.98 -2.65 -2.93 -2.49 -1.20 29102014 12
  0.40  1.76  2.60  2.74  2.10  0.98 -0.27 -1.30 -2.00 -2.40 -2.27 -1.34 30102014 00
  0.09  1.47  2.45  2.85  2.52  1.59  0.40 -0.75 -1.63 -2.25 -2.53 -2.16 30102014 12
 -1.05  0.33  1.55  2.30  2.45  1.97  1.06 -0.01 -0.92 -1.57 -1.96 -1.94 31102014 00
 -1.21  0.04  1.30  2.24  2.65  2.44  1.71  0.71 -0.34 -1.19 -1.83 -2.19 31102014 12
 -2.03 -1.20  0.02  1.21  2.06  2.37  2.06  1.30  0.32 -0.58 -1.29 -1.78 01112014 00
 -1.92 -1.46 -0.38  0.87  1.94  2.54  2.59  2.09  1.23  0.27 -0.57 -1.29 01112014 12
 -1.84 -1.96 -1.40 -0.28  0.99  2.04  2.52  2.37  1.70  0.73 -0.28 -1.13 02112014 00
 -1.77 -2.11 -1.88 -0.92  0.41  1.69  2.58  2.87  2.45  1.50  0.31 -0.78 02112014 12
 -1.63 -2.27 -2.53 -2.04 -0.80  0.67  1.94  2.69  2.80  2.21  1.17 -0.03 03112014 00
 -1.06 -1.81 -2.23 -2.10 -1.14  0.36  1.85  2.92  3.29  2.86  1.80  0.44 03112014 12
 -0.86 -1.89 -2.66 -3.00 -2.54 -1.15  0.60  2.11  3.04  3.20  2.46  1.18 04112014 00
 -0.25 -1.46 -2.33 -2.85 -2.77 -1.70  0.04  1.75  2.94  3.40  2.94  1.67 04112014 12
  0.11 -1.35 -2.44 -3.21 -3.47 -2.80 -1.15  0.80  2.33  3.21  3.25  2.28 05112014 00
  0.77 -0.81 -2.06 -2.92 -3.40 -3.10 -1.66  0.37  2.18  3.30  3.65  2.96 05112014 12
  1.50 -0.14 -1.64 -2.71 -3.41 -3.47 -2.40 -0.41  1.59  3.05  3.78  3.59 06112014 00
  2.42  0.87 -0.77 -2.00 -2.87 -3.23 -2.58 -0.78  1.32  3.03  3.99  4.05 06112014 12
  3.03  1.44 -0.28 -1.66 -2.67 -3.27 -3.07 -1.66  0.45  2.37  3.67  4.09 07112014 00
  3.41  1.90  0.19 -1.37 -2.49 -3.26 -3.40 -2.37 -0.34  1.79  3.32  4.05 07112014 12
  3.78  2.43  0.74 -0.95 -2.18 -3.07 -3.48 -2.91 -1.17  1.01  2.79  3.80 08112014 00
  3.93  2.92  1.30 -0.44 -1.85 -2.83 -3.39 -3.14 -1.70  0.37  2.25  3.50 08112014 12
  3.90  3.25  1.81  0.12 -1.40 -2.48 -3.19 -3.29 -2.29 -0.36  1.66  3.12 09112014 00
  3.80  3.50  2.19  0.55 -1.08 -2.26 -3.10 -3.47 -2.90 -1.24  0.79  2.42 09112014 12
  3.35  3.46  2.52  1.02 -0.57 -1.85 -2.70 -3.17 -2.90 -1.50  0.48  2.20 10112014 00
  3.34  3.69  3.05  1.69  0.14 -1.25 -2.23 -2.85 -2.89 -1.92 -0.19  1.52 10112014 12
  2.74  3.30  3.01  1.92  0.54 -0.85 -1.88 -2.57 -2.76 -2.08 -0.51  1.24 11112014 00
  2.63  3.39  3.33  2.40  1.03 -0.40 -1.53 -2.35 -2.82 -2.62 -1.49  0.12 11112014 12
  1.65  2.66  2.98  2.48  1.41  0.13 -1.00 -1.77 -2.20 -2.14 -1.29  0.18 12112014 00
  1.63  2.70  3.16  2.87  1.96  0.74 -0.47 -1.41 -2.10 -2.41 -2.04 -0.89 12112014 12
  0.53  1.77  2.48  2.53  1.90  0.89 -0.20 -1.07 -1.67 -1.97 -1.75 -0.84 13112014 00
  0.42  1.55  2.29  2.45  2.01  1.28  0.50 -0.29 -0.98 -1.62 -1.93 -1.51 13112014 12
 -0.45  0.66  1.58  2.13  2.11  1.55  0.75 -0.11 -0.74 -1.11 -1.29 -1.12 14112014 00
 -0.47  0.48  1.45  2.17  2.35  2.02  1.32  0.44 -0.45 -1.16 -1.65 -1.76 14112014 12
 -1.32 -0.41  0.59  1.39  1.80  1.78  1.32  0.63 -0.13 -0.74 -1.17 -1.39 15112014 00
 -1.23 -0.54  0.40  1.29  1.90  2.05  1.74  1.10  0.28 -0.50 -1.12 -1.56 15112014 12
 -1.73 -1.42 -0.66  0.26  1.11  1.63  1.72  1.39  0.77  0.03 -0.62 -1.11 16112014 00
 -1.39 -1.35 -0.82  0.04  0.94  1.61  1.88  1.69  1.10  0.30 -0.52 -1.19 16112014 12
 -1.67 -1.93 -1.74 -1.00  0.02  0.98  1.63  1.81  1.50  0.83 -0.03 -0.81 17112014 00
 -1.40 -1.76 -1.80 -1.33 -0.40  0.61  1.43  1.84  1.72  1.12  0.23 -0.71 17112014 12
 -1.46 -1.98 -2.23 -2.00 -1.14  0.06  1.18  1.93  2.13  1.73  0.90 -0.11 18112014 00
 -1.02 -1.67 -2.07 -2.07 -1.45 -0.29  0.92  1.86  2.28  2.06  1.27  0.19 18112014 12
 -0.90 -1.74 -2.29 -2.47 -2.05 -0.93  0.46  1.67  2.41  2.53  1.94  0.90 19112014 00
 -0.27 -1.26 -1.95 -2.34 -2.21 -1.29  0.11  1.43  2.34  2.64  2.19  1.16 19112014 12
 -0.11 -1.29 -2.15 -2.69 -2.77 -2.06 -0.62  0.94  2.18  2.79  2.64  1.70 20112014 00
  0.39 -0.93 -1.94 -2.61 -2.89 -2.47 -1.16  0.50  1.90  2.76  2.86  2.07 20112014 12
  0.76 -0.68 -1.88 -2.69 -3.15 -2.96 -1.80 -0.02  1.61  2.74  3.15  2.66 21112014 00
  1.41 -0.06 -1.43 -2.39 -3.01 -3.08 -2.20 -0.48  1.30  2.59  3.26  3.07 21112014 12
  1.97  0.51 -1.01 -2.13 -2.87 -3.11 -2.49 -0.86  1.06  2.65  3.55  3.60 22112014 00
  2.64  1.16 -0.46 -1.76 -2.69 -3.24 -3.09 -1.81  0.14  1.93  3.11  3.46 22112014 12
  2.82  1.37 -0.25 -1.70 -2.71 -3.36 -3.43 -2.43 -0.48  1.47  2.88  3.54 23112014 00
  3.26  1.98  0.37 -1.23 -2.40 -3.22 -3.57 -2.99 -1.31  0.80  2.46  3.40 23112014 12
  3.48  2.48  0.86 -0.80 -2.13 -3.01 -3.51 -3.25 -1.80  0.29  2.14  3.30 24112014 00
  3.66  2.98  1.47 -0.22 -1.73 -2.79 -3.49 -3.61 -2.62 -0.66  1.36  2.82 24112014 12
  3.49  3.23  1.93  0.28 -1.33 -2.50 -3.29 -3.60 -2.95 -1.19  0.91  2.52 25112014 00
  3.42  3.49  2.50  0.91 -0.77 -2.12 -3.06 -3.63 -3.46 -2.14 -0.13  1.75 25112014 12
  2.98  3.41  2.86  1.42 -0.18 -1.65 -2.64 -3.27 -3.35 -2.38 -0.50  1.42 26112014 00
  2.81  3.50  3.29  2.09  0.55 -1.03 -2.20 -3.02 -3.42 -3.01 -1.53  0.41 26112014 12
  2.05  3.05  3.27  2.51  1.11 -0.39 -1.66 -2.50 -3.00 -2.87 -1.72  0.09 27112014 00
  1.80  3.00  3.50  3.08  1.87  0.38 -1.03 -2.06 -2.77 -3.04 -2.47 -0.98 27112014 12
  0.76  2.22  3.05  3.11  2.30  1.04 -0.35 -1.45 -2.19 -2.60 -2.36 -1.21 28112014 00
  0.43  1.93  2.95  3.28  2.77  1.64  0.27 -0.97 -1.91 -2.58 -2.81 -2.26 28112014 12
 -0.92  0.63  1.92  2.67  2.72  2.00  0.87 -0.34 -1.31 -2.00 -2.37 -2.19 29112014 00
 -1.21  0.23  1.59  2.54  2.86  2.44  1.49  0.26 -0.88 -1.72 -2.33 -2.61 29112014 12
 -2.22 -1.12  0.28  1.57  2.37  2.50  1.94  0.95 -0.20 -1.15 -1.83 -2.25 30112014 00
 -2.23 -1.51 -0.25  1.05  2.04  2.47  2.25  1.44  0.33 -0.78 -1.67 -2.31 30112014 12
 -2.68 -2.49 -1.56 -0.22  1.10  2.04  2.38  2.05  1.19  0.11 -0.90 -1.65 01122014 00
 -2.14 -2.27 -1.75 -0.56  0.79  1.90  2.52  2.52  1.86  0.80 -0.37 -1.37 01122014 12
 -2.13 -2.66 -2.69 -1.95 -0.63  0.74  1.78  2.24  2.04  1.19  0.04 -1.08 02122014 00
 -1.94 -2.52 -2.75 -2.37 -1.25  0.20  1.46  2.28  2.46  1.86  0.73 -0.57 02122014 12
 -1.69 -2.50 -3.02 -3.07 -2.32 -0.86  0.70  1.93  2.57  2.45  1.55  0.29 03122014 00
 -1.01 -1.99 -2.65 -2.94 -2.56 -1.32  0.32  1.73  2.64  2.84  2.18  0.95 03122014 12
 -0.46 -1.68 -2.55 -3.08 -3.07 -2.14 -0.48  1.20  2.45  3.04  2.78  1.70 04122014 00
  0.31 -1.08 -2.12 -2.81 -3.08 -2.55 -1.06  0.73  2.21  3.07  3.16  2.31 04122014 12
  0.93 -0.57 -1.79 -2.64 -3.12 -2.94 -1.78 -0.00  1.65  2.83  3.25  2.72 05122014 00
  1.40 -0.11 -1.49 -2.46 -3.10 -3.28 -2.54 -0.86  1.02  2.45  3.17  3.01 05122014 12
  1.88  0.35 -1.19 -2.36 -3.17 -3.55 -3.10 -1.61  0.39  2.06  3.07  3.29 06122014 00
  2.51  1.05 -0.53 -1.90 -2.82 -3.36 -3.26 -2.09 -0.15  1.67  2.94  3.44 06122014 12
  3.00  1.70  0.17 -1.30 -2.30 -2.88 -2.92 -2.03 -0.25  1.70  3.07  3.69 07122014 00
  3.48  2.28  0.73 -0.82 -2.01 -2.86 -3.29 -2.91 -1.47  0.45  2.16  3.20 07122014 12
  3.40  2.61  1.19 -0.36 -1.65 -2.55 -3.09 -2.96 -1.73  0.25  2.03  3.21 08122014 00
  3.61  2.98  1.55 -0.08 -1.55 -2.58 -3.31 -3.53 -2.77 -1.03  0.84  2.26 08122014 12
  2.97  2.84  1.73  0.21 -1.30 -2.41 -3.09 -3.32 -2.69 -1.04  0.96  2.52 09122014 00
  3.42  3.56  2.74  1.40 -0.12 -1.35 -2.17 -2.60 -2.29 -1.04  0.63  2.18 09122014 12
  3.27  3.58  2.95  1.75  0.27 -1.06 -2.00 -2.61 -2.65 -1.63  0.15  1.93 10122014 00
  3.13  3.59  3.21  2.10  0.71 -0.60 -1.60 -2.30 -2.60 -2.09 -0.72  0.94 10122014 12
  2.32  3.07  3.12  2.38  1.08 -0.28 -1.30 -1.97 -2.29 -2.01 -0.88  0.69 11122014 00
  2.08  2.99  3.20  2.55  1.33 -0.07 -1.24 -2.08 -2.62 -2.63 -1.77 -0.25 11122014 12
  1.30  2.42  2.89  2.65  1.77  0.58 -0.63 -1.52 -2.09 -2.24 -1.68 -0.46 12122014 00
  0.92  2.06  2.72  2.70  1.96  0.81 -0.40 -1.33 -1.96 -2.32 -2.18 -1.26 12122014 12
  0.09  1.31  2.13  2.32  1.82  0.85 -0.26 -1.22 -1.86 -2.19 -2.08 -1.30 13122014 00
 -0.04  1.22  2.16  2.60  2.36  1.53  0.46 -0.59 -1.37 -1.88 -2.08 -1.73 13122014 12
 -0.75  0.45  1.54  2.22  2.31  1.82  0.96  0.01 -0.77 -1.30 -1.55 -1.37 14122014 00
 -0.61  0.49  1.54  2.29  2.56  2.26  1.44  0.39 -0.50 -1.14 -1.65 -1.88 14122014 12
 -1.56 -0.71  0.33  1.25  1.78  1.83  1.40  0.66 -0.21 -0.91 -1.38 -1.64 15122014 00
 -1.56 -0.93  0.07  1.05  1.74  1.96  1.67  0.99  0.16 -0.62 -1.23 -1.66 15122014 12
 -1.82 -1.49 -0.65  0.39  1.31  1.86  1.94  1.52  0.77 -0.08 -0.82 -1.39 16122014 00
 -1.72 -1.67 -1.09 -0.14  0.81  1.51  1.80  1.62  1.03  0.22 -0.57 -1.14 16122014 12
 -1.48 -1.56 -1.19 -0.32  0.73  1.64  2.21  2.29  1.85  1.05  0.15 -0.67 17122014 00
 -1.33 -1.82 -1.90 -1.38 -0.39  0.71  1.60  2.02  1.92  1.31  0.40 -0.56 17122014 12
 -1.35 -1.86 -2.06 -1.73 -0.80  0.40  1.49  2.22  2.42  2.03  1.24  0.27 18122014 00
 -0.62 -1.30 -1.72 -1.70 -1.02  0.15  1.38  2.31  2.68  2.43  1.62  0.54 18122014 12
 -0.58 -1.45 -2.04 -2.31 -1.95 -0.83  0.60  1.89  2.70  2.79  2.14  1.06 19122014 00
 -0.13 -1.15 -1.88 -2.29 -2.19 -1.31  0.09  1.49  2.53  2.92  2.52  1.45 19122014 12
  0.16 -1.00 -1.84 -2.42 -2.60 -1.98 -0.59  1.01  2.34  3.08  3.03  2.13 20122014 00
  0.79 -0.63 -1.75 -2.54 -2.99 -2.79 -1.64  0.07  1.65  2.71  3.01  2.44 20122014 12
  1.17 -0.30 -1.58 -2.45 -2.98 -2.96 -1.95 -0.18  1.66  2.97  3.59  3.34 21122014 00
  2.18  0.67 -0.81 -1.94 -2.73 -3.06 -2.47 -0.90  1.02  2.58  3.49  3.55 21122014 12
  2.59  1.10 -0.48 -1.72 -2.61 -3.12 -2.83 -1.44  0.54  2.38  3.58  3.97 22122014 00
  3.32  1.92  0.25 -1.25 -2.36 -3.11 -3.27 -2.36 -0.51  1.54  3.08  3.82 22122014 12
  3.62  2.38  0.75 -0.88 -2.09 -2.93 -3.31 -2.73 -0.98  1.15  2.90  3.93 23122014 00
  4.06  3.12  1.57 -0.19 -1.64 -2.68 -3.35 -3.26 -1.96  0.13  2.12  3.52 23122014 12
  4.02  3.45  2.00  0.30 -1.28 -2.43 -3.26 -3.50 -2.62 -0.64  1.55  3.17 24122014 00
  4.01  3.90  2.61  0.93 -0.79 -2.09 -3.05 -3.62 -3.33 -1.80  0.38  2.28 24122014 12
  3.44  3.72  2.93  1.32 -0.38 -1.85 -2.85 -3.52 -3.50 -2.28 -0.18  1.86 25122014 00
  3.24  3.81  3.40  1.95  0.24 -1.43 -2.64 -3.52 -3.91 -3.32 -1.56  0.56 25122014 12
  2.26  3.24  3.35  2.39  0.77 -0.86 -2.19 -3.07 -3.55 -3.26 -1.81  0.27 26122014 00
  2.11  3.27  3.67  3.06  1.62  0.00 -1.50 -2.54 -3.24 -3.42 -2.63 -0.91 26122014 12
  0.94  2.33  3.04  2.90  1.80  0.32 -1.16 -2.27 -3.02 -3.32 -2.79 -1.26 27122014 00
  0.67  2.22  3.16  3.38  2.59  1.16 -0.39 -1.72 -2.69 -3.37 -3.53 -2.76 27122014 12
 -1.14  0.58  1.92  2.56  2.41  1.42  0.03 -1.30 -2.27 -2.88 -3.10 -2.62 28122014 00
 -1.25  0.43  1.81  2.66  2.81  2.12  0.91 -0.47 -1.65 -2.49 -3.05 -3.10 28122014 12
 -2.32 -0.88  0.62  1.79  2.41  2.28  1.41  0.23 -0.98 -1.88 -2.46 -2.70 29122014 00
 -2.31 -1.16  0.30  1.56  2.36  2.53  1.99  0.96 -0.24 -1.30 -2.08 -2.61 29122014 12
 -2.71 -2.11 -0.88  0.51  1.66  2.29  2.27  1.58  0.54 -0.56 -1.43 -2.02 30122014 00
 -2.33 -2.13 -1.23  0.05  1.26  2.12  2.43  2.09  1.23  0.13 -0.89 -1.68 30122014 12
 -2.23 -2.45 -2.05 -0.98  0.35  1.54  2.29  2.44  1.95  1.03 -0.05 -0.97 31122014 00
 -1.64 -2.04 -2.02 -1.31 -0.08  1.17  2.15  2.59  2.40  1.66  0.62 -0.44 31122014 12
