Parameter Z: CS3X Location (100, 86) Lat 53.500 Lon -3.417
 -1.04  0.22  1.40  2.20  2.41  2.01  1.18  0.19 -0.67 -1.29 -1.65 -1.57 01012012 00
 -0.85  0.28  1.38  2.22  2.58  2.35  1.60  0.61 -0.33 -1.08 -1.60 -1.81 01012012 12
 -1.52 -0.69  0.41  1.42  2.04  2.19  1.83  1.11  0.22 -0.54 -1.03 -1.29 02012012 00
 -1.25 -0.71  0.23  1.19  1.93  2.21  1.97  1.30  0.43 -0.39 -1.03 -1.51 02012012 12
 -1.72 -1.47 -0.69  0.36  1.43  2.18  2.46  2.31  1.91  1.30  0.68  0.26 03012012 00
 -0.07 -0.24 -0.15  0.29  1.06  1.73  1.94  1.67  1.11  0.45 -0.19 -0.87 03012012 12
 -1.42 -1.63 -1.34 -0.60  0.29  1.13  1.68  1.83  1.55  0.87  0.04 -0.69 04012012 00
 -1.22 -1.57 -1.63 -1.19 -0.24  0.89  1.83  2.33  2.34  2.03  1.40  0.61 04012012 12
 -0.07 -0.64 -1.08 -1.11 -0.55  0.39  1.39  2.08  2.34  2.07  1.36  0.49 05012012 00
 -0.39 -1.22 -1.90 -2.18 -1.86 -1.01 -0.00  0.92  1.54  1.66  1.19  0.30 05012012 12
 -0.66 -1.43 -1.94 -2.18 -1.98 -1.16  0.09  1.24  2.01  2.23  1.83  0.99 06012012 00
 -0.05 -1.04 -1.80 -2.27 -2.32 -1.73 -0.57  0.76  1.88  2.49  2.43  1.71 06012012 12
  0.63 -0.50 -1.38 -1.92 -2.15 -1.85 -0.79  0.58  1.80  2.55  2.64  2.02 07012012 00
  0.94 -0.29 -1.35 -2.11 -2.57 -2.53 -1.69 -0.27  1.18  2.25  2.66  2.31 07012012 12
  1.28 -0.01 -1.22 -2.08 -2.62 -2.73 -2.07 -0.62  0.99  2.24  2.92  2.83 08012012 00
  1.93  0.62 -0.76 -1.84 -2.57 -2.94 -2.64 -1.42  0.27  1.78  2.75  2.97 08012012 12
  2.30  1.02 -0.41 -1.64 -2.47 -2.93 -2.73 -1.57  0.20  1.86  2.98  3.39 09012012 00
  2.85  1.56  0.03 -1.36 -2.40 -3.13 -3.37 -2.70 -1.10  0.76  2.20  2.96 09012012 12
  2.89  1.87  0.41 -1.08 -2.21 -2.95 -3.26 -2.74 -1.16  0.81  2.40  3.31 10012012 00
  3.44  2.54  1.06 -0.55 -1.87 -2.80 -3.38 -3.29 -2.11 -0.19  1.66  2.93 10012012 12
  3.39  2.88  1.50 -0.11 -1.60 -2.61 -3.26 -3.35 -2.39 -0.49  1.46  2.86 11012012 00
  3.54  3.28  2.02  0.42 -1.21 -2.42 -3.26 -3.64 -3.12 -1.49  0.61  2.31 11012012 12
  3.29  3.45  2.57  1.06 -0.54 -1.82 -2.64 -3.08 -2.79 -1.43  0.55  2.30 12012012 00
  3.42  3.71  2.95  1.45 -0.26 -1.76 -2.86 -3.62 -3.80 -2.94 -1.06  0.95 12012012 12
  2.47  3.18  3.02  1.84  0.22 -1.34 -2.49 -3.22 -3.48 -2.80 -1.08  0.96 13012012 00
  2.50  3.37  3.41  2.39  0.85 -0.80 -2.13 -3.06 -3.63 -3.49 -2.25 -0.31 13012012 12
  1.53  2.74  3.17  2.69  1.31 -0.24 -1.67 -2.61 -3.18 -3.20 -2.21 -0.38 14012012 00
  1.46  2.77  3.40  3.14  1.96  0.46 -1.06 -2.18 -2.97 -3.34 -2.90 -1.44 14012012 12
  0.41  1.96  2.90  3.09  2.34  1.01 -0.43 -1.64 -2.44 -2.90 -2.73 -1.59 15012012 00
  0.13  1.72  2.82  3.24  2.77  1.60  0.16 -1.18 -2.15 -2.80 -3.00 -2.38 15012012 12
 -0.96  0.64  1.96  2.71  2.71  1.90  0.67 -0.64 -1.66 -2.34 -2.69 -2.42 16012012 00
 -1.32  0.22  1.62  2.56  2.85  2.36  1.29  0.01 -1.14 -1.98 -2.55 -2.72 16012012 12
 -2.17 -0.93  0.51  1.73  2.42  2.43  1.75  0.68 -0.46 -1.36 -1.98 -2.33 17012012 00
 -2.18 -1.30  0.02  1.28  2.16  2.48  2.15  1.28  0.18 -0.85 -1.62 -2.14 17012012 12
 -2.32 -1.91 -0.86  0.43  1.60  2.32  2.43  1.94  1.06  0.03 -0.84 -1.52 18012012 00
 -2.02 -2.08 -1.47 -0.38  0.81  1.77  2.24  2.12  1.45  0.48 -0.53 -1.35 18012012 12
 -1.95 -2.31 -2.17 -1.33 -0.09  1.15  2.09  2.48  2.24  1.49  0.45 -0.54 19012012 00
 -1.35 -1.96 -2.25 -1.90 -0.78  0.65  1.85  2.52  2.61  2.12  1.20  0.08 19012012 12
 -0.88 -1.60 -2.09 -2.19 -1.58 -0.37  0.91  1.94  2.50  2.42  1.67  0.54 20012012 00
 -0.64 -1.56 -2.24 -2.63 -2.45 -1.44  0.05  1.46  2.42  2.75  2.36  1.41 20012012 12
  0.17 -0.94 -1.74 -2.27 -2.39 -1.69 -0.25  1.31  2.59  3.28  3.14  2.24 21012012 00
  0.92 -0.44 -1.50 -2.26 -2.71 -2.53 -1.44  0.17  1.70  2.73  3.01  2.44 21012012 12
  1.24 -0.16 -1.39 -2.28 -2.83 -2.82 -1.83 -0.00  1.86  3.17  3.80  3.56 22012012 00
  2.39  0.78 -0.77 -1.90 -2.73 -3.23 -2.97 -1.65  0.18  1.86  2.92  3.18 22012012 12
  2.49  1.12 -0.41 -1.71 -2.57 -3.07 -2.93 -1.72  0.23  2.02  3.24  3.70 23012012 00
  3.15  1.77  0.14 -1.37 -2.47 -3.26 -3.55 -2.87 -1.14  0.88  2.45  3.27 23012012 12
  3.22  2.15  0.58 -1.02 -2.26 -3.08 -3.44 -2.90 -1.22  0.90  2.65  3.68 24012012 00
  3.90  2.99  1.43 -0.27 -1.71 -2.75 -3.46 -3.52 -2.45 -0.49  1.47  2.86 24012012 12
  3.42  3.06  1.72  0.10 -1.44 -2.49 -3.15 -3.23 -2.23 -0.28  1.78  3.23 25012012 00
  3.97  3.77  2.57  0.97 -0.67 -1.90 -2.78 -3.20 -2.71 -1.08  0.96  2.64 25012012 12
  3.54  3.57  2.59  1.10 -0.52 -1.84 -2.76 -3.26 -2.98 -1.55  0.51  2.36 26012012 00
  3.58  3.98  3.36  1.94  0.28 -1.20 -2.31 -3.10 -3.29 -2.46 -0.70  1.25 26012012 12
  2.68  3.37  3.16  1.98  0.44 -1.09 -2.16 -2.85 -3.09 -2.46 -0.82  1.10 27012012 00
  2.62  3.45  3.45  2.43  0.97 -0.61 -1.91 -2.85 -3.36 -3.13 -1.89 -0.12 27012012 12
  1.50  2.57  2.88  2.26  0.91 -0.57 -1.86 -2.68 -3.13 -3.02 -1.96 -0.22 28012012 00
  1.42  2.57  3.06  2.65  1.47  0.05 -1.32 -2.29 -2.93 -3.13 -2.53 -1.11 28012012 12
  0.53  1.82  2.53  2.48  1.58  0.29 -1.03 -2.02 -2.63 -2.86 -2.41 -1.15 29012012 00
  0.43  1.72  2.51  2.62  1.93  0.79 -0.50 -1.59 -2.34 -2.76 -2.66 -1.78 29012012 12
 -0.38  0.97  1.92  2.27  1.90  0.95 -0.20 -1.26 -2.01 -2.44 -2.46 -1.82 30012012 00
 -0.59  0.70  1.67  2.15  1.99  1.24  0.20 -0.86 -1.67 -2.17 -2.36 -2.02 30012012 12
 -1.06  0.14  1.19  1.87  1.97  1.48  0.62 -0.36 -1.19 -1.75 -2.04 -1.94 31012012 00
 -1.29 -0.25  0.77  1.51  1.77  1.50  0.79 -0.10 -0.95 -1.55 -1.92 -2.00 31012012 12
 -1.62 -0.76  0.23  1.06  1.53  1.54  1.12  0.42 -0.36 -1.04 -1.51 -1.77 01022012 00
 -1.68 -1.13 -0.27  0.57  1.19  1.42  1.21  0.66 -0.06 -0.76 -1.29 -1.64 01022012 12
 -1.75 -1.49 -0.83 -0.01  0.75  1.23  1.35  1.09  0.53 -0.15 -0.78 -1.27 02022012 00
 -1.56 -1.61 -1.28 -0.58  0.19  0.84  1.19  1.17  0.79  0.18 -0.50 -1.07 02022012 12
 -1.46 -1.67 -1.61 -1.11 -0.31  0.50  1.13  1.42  1.31  0.84  0.14 -0.58 03022012 00
 -1.17 -1.60 -1.81 -1.64 -1.00 -0.11  0.73  1.29  1.45  1.16  0.51 -0.29 03022012 12
 -1.01 -1.54 -1.87 -1.91 -1.46 -0.54  0.52  1.39  1.86  1.81  1.26  0.39 04022012 00
 -0.56 -1.34 -1.88 -2.18 -2.00 -1.17  0.02  1.15  1.89  2.07  1.70  0.89 04022012 12
 -0.14 -1.10 -1.82 -2.28 -2.36 -1.82 -0.70  0.57  1.61  2.15  2.08  1.33 05022012 00
  0.21 -0.95 -1.85 -2.46 -2.73 -2.43 -1.39  0.02  1.29  2.10  2.27  1.70 05022012 12
  0.62 -0.63 -1.70 -2.43 -2.81 -2.68 -1.72 -0.18  1.32  2.36  2.78  2.37 06022012 00
  1.24 -0.15 -1.47 -2.44 -3.08 -3.27 -2.63 -1.14  0.58  1.90  2.64  2.62 06022012 12
  1.69  0.31 -1.13 -2.25 -2.99 -3.30 -2.84 -1.41  0.44  1.98  2.92  3.10 07022012 00
  2.33  0.90 -0.68 -2.04 -2.99 -3.56 -3.51 -2.39 -0.51  1.32  2.57  3.08 07022012 12
  2.68  1.35 -0.24 -1.77 -2.83 -3.50 -3.62 -2.68 -0.75  1.25  2.70  3.44 08022012 00
  3.28  2.05  0.39 -1.30 -2.57 -3.46 -3.90 -3.47 -1.85  0.31  2.11  3.19 08022012 12
  3.39  2.54  0.91 -0.78 -2.21 -3.16 -3.72 -3.52 -2.09  0.11  2.12  3.37 09022012 00
  3.81  3.19  1.60 -0.18 -1.83 -2.98 -3.79 -4.03 -3.14 -1.14  1.08  2.72 09022012 12
  3.49  3.35  2.05  0.25 -1.48 -2.79 -3.64 -4.00 -3.37 -1.48  0.81  2.62 10022012 00
  3.62  3.74  2.68  0.89 -0.91 -2.40 -3.42 -4.06 -3.92 -2.52 -0.28  1.82 10022012 12
  3.14  3.58  3.05  1.48 -0.27 -1.87 -2.95 -3.67 -3.77 -2.66 -0.53  1.65 11022012 00
  3.14  3.79  3.51  2.12  0.38 -1.36 -2.65 -3.56 -4.00 -3.49 -1.75  0.42 11022012 12
  2.20  3.24  3.40  2.49  0.83 -0.86 -2.27 -3.20 -3.73 -3.49 -2.07  0.06 12022012 00
  1.97  3.16  3.57  2.98  1.47 -0.20 -1.74 -2.81 -3.55 -3.76 -2.94 -1.11 12022012 12
  0.87  2.35  3.09  2.99  1.87  0.30 -1.22 -2.36 -3.09 -3.42 -2.91 -1.36 13022012 00
  0.61  2.15  3.07  3.24  2.41  0.99 -0.54 -1.82 -2.71 -3.28 -3.29 -2.37 13022012 12
 -0.74  0.90  2.13  2.68  2.38  1.27 -0.13 -1.44 -2.32 -2.88 -3.04 -2.46 14022012 00
 -1.08  0.56  1.88  2.68  2.75  1.96  0.73 -0.59 -1.62 -2.31 -2.73 -2.67 14022012 12
 -1.82 -0.42  0.96  1.92  2.31  2.01  1.07 -0.10 -1.18 -1.93 -2.41 -2.59 15022012 00
 -2.17 -1.05  0.31  1.46  2.15  2.23  1.65  0.69 -0.38 -1.26 -1.88 -2.28 15022012 12
 -2.32 -1.73 -0.61  0.58  1.53  1.99  1.87  1.22  0.29 -0.67 -1.41 -1.92 16022012 00
 -2.18 -2.00 -1.22 -0.11  0.95  1.71  1.98  1.71  1.03  0.15 -0.71 -1.39 16022012 12
 -1.88 -2.10 -1.82 -0.96  0.14  1.16  1.82  1.98  1.60  0.83 -0.11 -0.97 17022012 00
 -1.65 -2.11 -2.23 -1.77 -0.77  0.40  1.41  2.02  2.10  1.66  0.86 -0.07 17022012 12
 -0.89 -1.50 -1.84 -1.79 -1.08  0.12  1.34  2.27  2.74  2.62  1.92  0.77 18022012 00
 -0.32 -1.15 -1.82 -2.21 -2.03 -1.12  0.19  1.44  2.22  2.36  1.84  0.89 18022012 12
 -0.23 -1.20 -1.95 -2.45 -2.51 -1.81 -0.46  0.97  2.10  2.68  2.52  1.62 19022012 00
  0.35 -0.96 -1.98 -2.68 -3.05 -2.79 -1.62 -0.01  1.46  2.44  2.72  2.17 19022012 12
  1.02 -0.30 -1.48 -2.30 -2.77 -2.69 -1.72 -0.06  1.58  2.75  3.26  2.91 20022012 00
  1.80  0.37 -1.02 -2.07 -2.79 -3.05 -2.48 -1.00  0.77  2.24  3.09  3.12 20022012 12
  2.21  0.82 -0.67 -1.87 -2.68 -3.08 -2.75 -1.38  0.51  2.15  3.21  3.49 21022012 00
  2.78  1.40 -0.18 -1.56 -2.56 -3.20 -3.24 -2.24 -0.42  1.45  2.83  3.47 21022012 12
  3.16  1.92  0.38 -1.15 -2.23 -2.93 -3.11 -2.28 -0.47  1.52  3.06  3.89 22022012 00
  3.82  2.73  1.19 -0.44 -1.70 -2.62 -3.16 -2.86 -1.43  0.53  2.24  3.27 22022012 12
  3.43  2.57  1.07 -0.58 -1.95 -2.88 -3.40 -3.19 -1.83  0.22  2.09  3.32 23022012 00
  3.76  3.19  1.74  0.06 -1.47 -2.56 -3.29 -3.47 -2.60 -0.75  1.27  2.77 23022012 12
  3.49  3.27  2.01  0.38 -1.22 -2.36 -3.10 -3.36 -2.65 -0.90  1.13  2.68 24022012 00
  3.53  3.52  2.43  0.83 -0.84 -2.15 -3.07 -3.60 -3.34 -1.94  0.06  1.86 24022012 12
  2.98  3.28  2.57  1.07 -0.54 -1.95 -2.86 -3.38 -3.24 -2.00 -0.05  1.78 25022012 00
  2.99  3.46  2.95  1.58  0.01 -1.47 -2.51 -3.19 -3.35 -2.53 -0.81  1.07 25022012 12
  2.44  3.13  2.94  1.77  0.26 -1.25 -2.34 -3.04 -3.28 -2.66 -1.10  0.77 26022012 00
  2.20  3.03  3.08  2.15  0.73 -0.75 -1.92 -2.70 -3.10 -2.80 -1.52  0.25 26022012 12
  1.78  2.78  3.04  2.39  1.11 -0.33 -1.55 -2.37 -2.84 -2.75 -1.74 -0.12 27022012 00
  1.45  2.52  2.94  2.54  1.46  0.11 -1.16 -2.04 -2.58 -2.69 -2.02 -0.63 27022012 12
  0.89  2.07  2.67  2.51  1.61  0.37 -0.86 -1.76 -2.33 -2.56 -2.15 -0.98 28022012 00
  0.45  1.65  2.36  2.41  1.75  0.66 -0.52 -1.47 -2.10 -2.43 -2.24 -1.35 28022012 12
 -0.03  1.20  2.03  2.30  1.91  1.02 -0.06 -1.03 -1.70 -2.08 -2.09 -1.49 29022012 00
 -0.37  0.78  1.66  2.07  1.90  1.21  0.27 -0.67 -1.38 -1.82 -1.98 -1.65 29022012 12
 -0.77  0.30  1.23  1.83  1.90  1.46  0.69 -0.18 -0.91 -1.41 -1.70 -1.65 01032012 00
 -1.11 -0.24  0.64  1.32  1.58  1.39  0.82  0.06 -0.66 -1.21 -1.58 -1.71 01032012 12
 -1.42 -0.71  0.13  0.88  1.36  1.44  1.14  0.56 -0.14 -0.78 -1.24 -1.52 02032012 00
 -1.54 -1.17 -0.47  0.29  0.92  1.24  1.22  0.89  0.34 -0.29 -0.82 -1.19 02032012 12
 -1.38 -1.28 -0.77 -0.01  0.73  1.30  1.56  1.47  1.08  0.47 -0.19 -0.75 03032012 00
 -1.12 -1.29 -1.15 -0.62  0.13  0.88  1.43  1.64  1.47  0.97  0.27 -0.45 03032012 12
 -1.07 -1.50 -1.63 -1.32 -0.58  0.33  1.13  1.59  1.66  1.33  0.67 -0.17 04032012 00
 -0.95 -1.59 -2.01 -2.08 -1.62 -0.68  0.41  1.33  1.82  1.77  1.17  0.28 04032012 12
 -0.64 -1.38 -1.88 -2.11 -1.85 -0.95  0.27  1.37  2.10  2.26  1.75  0.75 05032012 00
 -0.46 -1.52 -2.28 -2.75 -2.79 -2.11 -0.79  0.65  1.80  2.35  2.20  1.34 05032012 12
  0.16 -1.05 -1.96 -2.53 -2.71 -2.19 -0.87  0.72  2.02  2.79  2.82  2.01 06032012 00
  0.73 -0.68 -1.83 -2.63 -3.07 -2.87 -1.70  0.04  1.67  2.82  3.26  2.80 06032012 12
  1.62  0.18 -1.14 -2.06 -2.62 -2.60 -1.61  0.18  1.98  3.26  3.82  3.43 07032012 00
  2.21  0.62 -0.94 -2.12 -2.98 -3.41 -2.97 -1.45  0.58  2.32  3.35  3.51 07032012 12
  2.60  1.01 -0.64 -2.00 -2.91 -3.48 -3.32 -1.94  0.20  2.17  3.41  3.81 08032012 00
  3.12  1.53 -0.23 -1.83 -2.95 -3.74 -3.92 -2.94 -0.88  1.34  2.97  3.74 08032012 12
  3.56  2.24  0.45 -1.29 -2.57 -3.44 -3.82 -3.14 -1.19  1.19  3.00  4.00 09032012 00
  4.09  2.96  1.16 -0.72 -2.22 -3.29 -3.98 -3.86 -2.42 -0.13  2.05  3.41 09032012 12
  3.87  3.26  1.57 -0.28 -1.98 -3.13 -3.90 -4.01 -2.85 -0.61  1.73  3.31 10032012 00
  4.01  3.76  2.26  0.39 -1.42 -2.78 -3.76 -4.26 -3.74 -1.84  0.55  2.51 10032012 12
  3.58  3.72  2.72  0.87 -0.97 -2.49 -3.49 -4.10 -3.86 -2.30  0.06  2.17 11032012 00
  3.46  3.88  3.24  1.56 -0.27 -1.95 -3.10 -3.92 -4.13 -3.18 -1.10  1.20 11032012 12
  2.82  3.56  3.40  2.08  0.27 -1.45 -2.73 -3.58 -3.99 -3.43 -1.61  0.63 12032012 00
  2.42  3.43  3.60  2.66  0.99 -0.73 -2.16 -3.12 -3.73 -3.64 -2.39 -0.35 12032012 12
  1.60  2.87  3.35  2.90  1.47 -0.17 -1.69 -2.72 -3.41 -3.60 -2.79 -0.99 13032012 00
  0.94  2.39  3.15  3.08  2.05  0.55 -0.97 -2.13 -2.92 -3.33 -3.02 -1.70 13032012 12
  0.10  1.67  2.67  2.96  2.33  1.04 -0.37 -1.63 -2.49 -3.02 -3.06 -2.22 14032012 00
 -0.66  0.94  2.12  2.73  2.56  1.63  0.40 -0.86 -1.79 -2.42 -2.71 -2.35 14032012 12
 -1.21  0.25  1.52  2.32  2.49  1.94  0.92 -0.25 -1.26 -1.98 -2.45 -2.49 15032012 00
 -1.86 -0.65  0.66  1.70  2.23  2.15  1.49  0.52 -0.49 -1.27 -1.80 -2.09 15032012 12
 -1.90 -1.10  0.03  1.12  1.91  2.18  1.88  1.16  0.23 -0.65 -1.33 -1.80 16032012 00
 -1.99 -1.68 -0.81  0.27  1.26  1.91  2.07  1.76  1.06  0.18 -0.60 -1.20 16032012 12
 -1.62 -1.72 -1.29 -0.39  0.65  1.54  2.01  2.00  1.52  0.72 -0.19 -0.99 17032012 00
 -1.62 -2.06 -2.11 -1.55 -0.54  0.57  1.49  1.97  1.94  1.43  0.62 -0.27 17032012 12
 -1.02 -1.58 -1.88 -1.73 -0.95  0.16  1.25  2.02  2.27  1.92  1.09  0.02 18032012 00
 -0.99 -1.80 -2.38 -2.61 -2.22 -1.17  0.15  1.34  2.09  2.23  1.70  0.74 18032012 12
 -0.37 -1.31 -1.97 -2.34 -2.23 -1.41 -0.06  1.27  2.22  2.59  2.22  1.25 19032012 00
  0.01 -1.17 -2.05 -2.64 -2.84 -2.34 -1.04  0.51  1.81  2.58  2.63  1.89 19032012 12
  0.71 -0.57 -1.61 -2.31 -2.65 -2.38 -1.25  0.34  1.77  2.71  2.95  2.35 20032012 00
  1.12 -0.30 -1.55 -2.47 -3.05 -3.12 -2.30 -0.72  0.96  2.23  2.85  2.65 20032012 12
  1.59  0.20 -1.20 -2.21 -2.85 -3.03 -2.39 -0.84  0.93  2.33  3.10  3.06 21032012 00
  2.06  0.61 -0.92 -2.12 -2.95 -3.40 -3.14 -1.85 -0.03  1.64  2.71  3.01 21032012 12
  2.37  0.96 -0.58 -1.94 -2.83 -3.33 -3.22 -2.06 -0.18  1.60  2.80  3.28 22032012 00
  2.80  1.47 -0.10 -1.61 -2.66 -3.33 -3.48 -2.67 -0.91  0.98  2.41  3.14 22032012 12
  3.00  1.88  0.32 -1.24 -2.41 -3.15 -3.41 -2.77 -1.11  0.89  2.43  3.31 23032012 00
  3.37  2.37  0.83 -0.79 -2.09 -2.98 -3.45 -3.17 -1.77  0.19  1.95  3.04 23032012 12
  3.35  2.64  1.16 -0.45 -1.88 -2.83 -3.39 -3.32 -2.13 -0.17  1.68  2.93 24032012 00
  3.41  2.94  1.58 -0.01 -1.51 -2.56 -3.23 -3.37 -2.53 -0.73  1.19  2.59 24032012 12
  3.29  3.09  1.89  0.32 -1.25 -2.39 -3.13 -3.42 -2.82 -1.21  0.75  2.26 25032012 00
  3.12  3.17  2.18  0.67 -0.90 -2.15 -2.97 -3.40 -3.10 -1.73  0.17  1.83 25032012 12
  2.85  3.12  2.41  0.99 -0.56 -1.91 -2.80 -3.31 -3.23 -2.13 -0.33  1.37 26032012 00
  2.54  3.01  2.57  1.30 -0.18 -1.58 -2.53 -3.10 -3.19 -2.38 -0.75  0.99 26032012 12
  2.25  2.90  2.71  1.64  0.24 -1.18 -2.21 -2.88 -3.12 -2.61 -1.22  0.46 27032012 00
  1.82  2.60  2.66  1.83  0.53 -0.84 -1.93 -2.62 -2.95 -2.67 -1.52  0.10 27032012 12
  1.51  2.43  2.67  2.09  0.94 -0.38 -1.53 -2.31 -2.76 -2.71 -1.89 -0.47 28032012 00
  0.93  1.95  2.39  2.08  1.11 -0.10 -1.23 -2.02 -2.49 -2.57 -1.99 -0.75 28032012 12
  0.63  1.70  2.29  2.21  1.46  0.36 -0.77 -1.65 -2.20 -2.45 -2.20 -1.27 29032012 00
 -0.02  1.12  1.87  2.03  1.53  0.60 -0.45 -1.31 -1.86 -2.15 -2.07 -1.38 29032012 12
 -0.25  0.85  1.66  2.00  1.76  1.03  0.06 -0.85 -1.52 -1.94 -2.09 -1.77 30032012 00
 -0.92  0.13  1.04  1.59  1.62  1.16  0.40 -0.42 -1.08 -1.52 -1.74 -1.61 30032012 12
 -1.01 -0.10  0.80  1.46  1.71  1.48  0.86  0.06 -0.70 -1.30 -1.71 -1.89 31032012 00
 -1.69 -1.01 -0.13  0.68  1.20  1.32  1.04  0.48 -0.20 -0.82 -1.27 -1.53 31032012 12
 -1.53 -1.12 -0.34  0.50  1.18  1.54  1.50  1.10  0.45 -0.28 -0.94 -1.43 01042012 00
 -1.74 -1.72 -1.22 -0.40  0.48  1.18  1.51  1.44  1.01  0.34 -0.38 -0.98 01042012 12
 -1.42 -1.63 -1.44 -0.75  0.21  1.12  1.74  1.92  1.61  0.95  0.09 -0.74 02042012 00
 -1.42 -1.90 -2.06 -1.68 -0.76  0.36  1.36  1.97  2.05  1.58  0.75 -0.21 02042012 12
 -1.04 -1.64 -1.97 -1.86 -1.09  0.11  1.30  2.18  2.54  2.26  1.42  0.26 03042012 00
 -0.86 -1.71 -2.31 -2.55 -2.15 -1.07  0.28  1.54  2.31  2.37  1.65  0.48 03042012 12
 -0.80 -1.87 -2.62 -3.03 -2.89 -1.92 -0.34  1.17  2.19  2.58  2.12  0.89 04042012 00
 -0.53 -1.84 -2.79 -3.44 -3.68 -3.09 -1.55  0.26  1.72  2.53  2.58  1.71 04042012 12
  0.26 -1.18 -2.33 -3.05 -3.38 -3.00 -1.60  0.35  2.00  3.00  3.26  2.51 05042012 00
  1.03 -0.59 -2.01 -2.98 -3.60 -3.61 -2.52 -0.57  1.42  2.82  3.45  3.16 05042012 12
  1.83  0.19 -1.42 -2.57 -3.35 -3.61 -2.84 -0.95  1.24  2.88  3.76  3.74 06042012 00
  2.56  0.85 -0.93 -2.30 -3.28 -3.85 -3.56 -1.99  0.29  2.30  3.55  3.93 06042012 12
  3.20  1.54 -0.25 -1.87 -2.97 -3.73 -3.82 -2.64 -0.40  1.87  3.41  4.05 07042012 00
  3.69  2.16  0.31 -1.48 -2.77 -3.69 -4.12 -3.47 -1.46  0.96  2.87  3.92 07042012 12
  4.02  2.91  1.07 -0.78 -2.29 -3.32 -3.96 -3.71 -2.07  0.36  2.51  3.81 08042012 00
  4.22  3.49  1.75 -0.11 -1.78 -2.95 -3.77 -3.94 -2.82 -0.55  1.81  3.46 08042012 12
  4.18  3.92  2.44  0.61 -1.18 -2.47 -3.40 -3.83 -3.18 -1.20  1.23  3.10 09042012 00
  4.16  4.29  3.20  1.46 -0.34 -1.79 -2.84 -3.51 -3.36 -1.86  0.43  2.51 09042012 12
  3.87  4.33  3.72  2.16  0.38 -1.25 -2.39 -3.21 -3.43 -2.50 -0.52  1.66 10042012 00
  3.24  4.03  3.85  2.57  0.93 -0.74 -1.98 -2.87 -3.34 -2.92 -1.32  0.75 10042012 12
  2.53  3.58  3.80  2.95  1.43 -0.22 -1.61 -2.59 -3.24 -3.26 -2.18 -0.29 11042012 00
  1.55  2.89  3.49  3.15  1.94  0.47 -0.97 -2.00 -2.69 -2.96 -2.38 -0.85 11042012 12
  0.92  2.35  3.19  3.22  2.33  0.99 -0.47 -1.62 -2.43 -2.93 -2.83 -1.80 12042012 00
 -0.20  1.35  2.47  2.92  2.57  1.54  0.29 -0.89 -1.73 -2.29 -2.45 -1.91 12042012 12
 -0.64  0.80  1.99  2.68  2.67  1.95  0.84 -0.36 -1.33 -2.04 -2.47 -2.42 13042012 00
 -1.63 -0.35  0.95  1.95  2.37  2.14  1.37  0.37 -0.60 -1.33 -1.82 -2.03 13042012 12
 -1.71 -0.76  0.43  1.48  2.15  2.25  1.77  0.91 -0.10 -0.99 -1.68 -2.16 14042012 00
 -2.29 -1.85 -0.87  0.27  1.26  1.81  1.84  1.35  0.55 -0.34 -1.06 -1.58 14042012 12
 -1.89 -1.83 -1.19 -0.16  0.89  1.67  1.99  1.78  1.11  0.21 -0.70 -1.44 15042012 00
 -2.00 -2.31 -2.15 -1.37 -0.26  0.83  1.61  1.88  1.62  0.95  0.06 -0.80 15042012 12
 -1.46 -1.89 -2.00 -1.58 -0.60  0.53  1.50  2.06  2.06  1.49  0.57 -0.47 16042012 00
 -1.36 -2.02 -2.41 -2.37 -1.65 -0.45  0.82  1.80  2.24  2.09  1.40  0.41 16042012 12
 -0.58 -1.32 -1.77 -1.85 -1.27 -0.04  1.31  2.32  2.85  2.75  2.02  0.90 17042012 00
 -0.31 -1.31 -2.04 -2.49 -2.35 -1.44 -0.06  1.36  2.39  2.77  2.46  1.57 17042012 12
  0.41 -0.71 -1.57 -2.12 -2.24 -1.62 -0.33  1.06  2.14  2.64  2.42  1.51 18042012 00
  0.27 -0.97 -1.92 -2.57 -2.86 -2.49 -1.27  0.36  1.81  2.73  2.92  2.26 18042012 12
  1.07 -0.28 -1.39 -2.17 -2.63 -2.53 -1.55  0.06  1.61  2.67  3.07  2.60 19042012 00
  1.44  0.03 -1.26 -2.18 -2.76 -2.85 -2.08 -0.51  1.18  2.47  3.11  2.94 19042012 12
  1.91  0.54 -0.85 -1.89 -2.57 -2.82 -2.28 -0.80  0.97  2.40  3.23  3.25 20042012 00
  2.34  0.96 -0.51 -1.69 -2.49 -2.91 -2.63 -1.35  0.45  2.04  3.09  3.36 20042012 12
  2.67  1.36 -0.15 -1.45 -2.36 -2.91 -2.85 -1.79 -0.03  1.69  2.89  3.38 21042012 00
  2.93  1.68  0.19 -1.22 -2.22 -2.86 -2.99 -2.19 -0.50  1.32  2.69  3.38 21042012 12
  3.18  2.06  0.57 -0.93 -2.06 -2.81 -3.14 -2.64 -1.12  0.75  2.30  3.19 22042012 00
  3.26  2.34  0.91 -0.62 -1.84 -2.66 -3.10 -2.83 -1.50  0.38  2.03  3.09 22042012 12
  3.39  2.71  1.36 -0.17 -1.51 -2.43 -2.99 -2.93 -1.87 -0.08  1.65  2.84 23042012 00
  3.32  2.84  1.56  0.05 -1.36 -2.35 -2.98 -3.10 -2.32 -0.68  1.14  2.50 23042012 12
  3.21  3.06  1.97  0.51 -0.97 -2.06 -2.79 -3.13 -2.71 -1.31  0.47  1.98 24042012 00
  2.88  2.99  2.18  0.83 -0.63 -1.79 -2.54 -2.91 -2.65 -1.43  0.33  1.88 24042012 12
  2.91  3.22  2.63  1.41 -0.02 -1.31 -2.20 -2.76 -2.80 -1.98 -0.42  1.17 25042012 00
  2.32  2.84  2.57  1.56  0.27 -0.99 -1.87 -2.38 -2.45 -1.75 -0.29  1.28 25042012 12
  2.46  3.11  3.00  2.11  0.86 -0.46 -1.50 -2.22 -2.59 -2.30 -1.19  0.29 26042012 00
  1.62  2.48  2.65  2.04  0.94 -0.29 -1.34 -2.05 -2.43 -2.29 -1.38  0.04 26042012 12
  1.39  2.32  2.66  2.28  1.31  0.11 -1.01 -1.84 -2.37 -2.51 -2.02 -0.85 27042012 00
  0.49  1.59  2.19  2.13  1.43  0.40 -0.68 -1.50 -2.04 -2.26 -1.99 -1.04 27042012 12
  0.24  1.36  2.08  2.20  1.68  0.72 -0.36 -1.27 -1.93 -2.34 -2.37 -1.78 28042012 00
 -0.69  0.48  1.40  1.85  1.70  1.00  0.06 -0.86 -1.54 -1.99 -2.14 -1.82 28042012 12
 -0.90  0.24  1.19  1.80  1.88  1.37  0.49 -0.52 -1.39 -2.00 -2.41 -2.51 29042012 00
 -2.11 -1.19 -0.11  0.75  1.17  1.09  0.53 -0.29 -1.10 -1.70 -2.06 -2.16 29042012 12
 -1.88 -1.10 -0.02  0.94  1.58  1.77  1.44  0.69 -0.22 -1.07 -1.72 -2.14 30042012 00
 -2.27 -1.90 -1.01  0.06  1.02  1.62  1.73  1.35  0.62 -0.22 -0.94 -1.47 30042012 12
 -1.76 -1.67 -1.05 -0.03  0.96  1.69  1.98  1.74  1.07  0.16 -0.80 -1.58 01052012 00
 -2.12 -2.38 -2.09 -1.15  0.08  1.21  1.96  2.20  1.82  1.03  0.06 -0.86 01052012 12
 -1.58 -2.03 -2.08 -1.48 -0.33  0.90  1.88  2.37  2.23  1.47  0.38 -0.78 02052012 00
 -1.73 -2.40 -2.74 -2.51 -1.49 -0.04  1.34  2.28  2.58  2.15  1.16 -0.06 02052012 12
 -1.19 -2.04 -2.57 -2.64 -1.95 -0.52  1.05  2.27  2.88  2.74  1.81  0.48 03052012 00
 -0.88 -1.96 -2.71 -3.10 -2.81 -1.53  0.21  1.79  2.83  3.14  2.56  1.32 03052012 12
 -0.13 -1.42 -2.34 -2.91 -2.92 -1.96 -0.22  1.56  2.84  3.42  3.11  1.91 04052012 00
  0.36 -1.17 -2.32 -3.13 -3.49 -2.97 -1.40  0.58  2.24  3.24  3.42  2.56 04052012 12
  1.05 -0.58 -1.96 -2.91 -3.49 -3.37 -2.08 -0.02  1.92  3.24  3.75  3.24 05052012 00
  1.78  0.09 -1.52 -2.67 -3.46 -3.73 -2.94 -0.99  1.19  2.85  3.73  3.68 05052012 12
  2.52  0.82 -0.93 -2.29 -3.24 -3.76 -3.39 -1.77  0.51  2.46  3.66  3.99 06052012 00
  3.21  1.54 -0.26 -1.84 -2.94 -3.70 -3.79 -2.64 -0.47  1.76  3.31  3.98 06052012 12
  3.68  2.22  0.42 -1.35 -2.63 -3.53 -3.92 -3.25 -1.31  1.01  2.82  3.82 07052012 00
  3.93  2.88  1.14 -0.67 -2.13 -3.15 -3.77 -3.55 -2.02  0.26  2.36  3.71 07052012 12
  4.19  3.57  1.95  0.14 -1.53 -2.70 -3.54 -3.79 -2.85 -0.76  1.48  3.14 08052012 00
  3.96  3.82  2.54  0.81 -0.94 -2.25 -3.19 -3.67 -3.19 -1.47  0.79  2.63 08052012 12
  3.72  3.96  3.06  1.42 -0.33 -1.83 -2.88 -3.59 -3.64 -2.49 -0.43  1.63 09052012 00
  3.08  3.70  3.37  2.02  0.37 -1.22 -2.35 -3.13 -3.41 -2.68 -0.88  1.21 09052012 12
  2.78  3.68  3.74  2.73  1.21 -0.43 -1.73 -2.65 -3.21 -3.05 -1.79  0.12 10052012 00
  1.88  3.09  3.53  3.04  1.81  0.33 -1.07 -2.07 -2.71 -2.83 -2.05 -0.40 10052012 12
  1.36  2.71  3.37  3.20  2.18  0.78 -0.67 -1.83 -2.66 -3.12 -2.90 -1.75 11052012 00
 -0.09  1.43  2.49  2.81  2.29  1.14 -0.15 -1.32 -2.12 -2.63 -2.68 -1.95 11052012 12
 -0.52  0.95  2.08  2.65  2.46  1.52  0.28 -0.99 -1.95 -2.63 -2.99 -2.78 12052012 00
 -1.77 -0.35  0.96  1.90  2.21  1.81  0.87 -0.23 -1.22 -1.91 -2.32 -2.35 12052012 12
 -1.74 -0.53  0.75  1.77  2.30  2.19  1.47  0.42 -0.67 -1.53 -2.13 -2.47 13052012 00
 -2.34 -1.54 -0.30  0.94  1.85  2.23  2.03  1.32  0.39 -0.44 -1.04 -1.39 13052012 12
 -1.45 -1.09 -0.25  0.79  1.74  2.30  2.28  1.69  0.73 -0.32 -1.17 -1.80 14052012 00
 -2.24 -2.28 -1.67 -0.60  0.57  1.52  1.99  1.90  1.30  0.43 -0.46 -1.15 14052012 12
 -1.62 -1.85 -1.62 -0.78  0.32  1.33  1.99  2.13  1.68  0.80 -0.25 -1.18 15052012 00
 -1.87 -2.33 -2.44 -1.97 -0.94  0.28  1.32  1.87  1.85  1.26  0.36 -0.60 15052012 12
 -1.37 -1.89 -2.12 -1.89 -1.04  0.14  1.23  1.97  2.16  1.73  0.84 -0.22 16052012 00
 -1.20 -1.92 -2.38 -2.45 -1.87 -0.72  0.57  1.62  2.17  2.08  1.39  0.38 16052012 12
 -0.68 -1.52 -2.06 -2.27 -1.94 -0.93  0.39  1.56  2.30  2.41  1.84  0.83 17052012 00
 -0.33 -1.34 -2.04 -2.45 -2.38 -1.56 -0.20  1.18  2.20  2.62  2.32  1.40 17052012 12
  0.21 -0.93 -1.77 -2.30 -2.45 -1.91 -0.65  0.78  1.94  2.57  2.49  1.67 18052012 00
  0.48 -0.76 -1.74 -2.39 -2.69 -2.38 -1.25  0.27  1.63  2.49  2.67  2.05 18052012 12
  0.91 -0.39 -1.49 -2.24 -2.67 -2.59 -1.69 -0.17  1.33  2.37  2.77  2.36 19052012 00
  1.29 -0.04 -1.27 -2.15 -2.69 -2.77 -2.06 -0.58  1.02  2.26  2.89  2.74 19052012 12
  1.78  0.45 -0.89 -1.92 -2.61 -2.89 -2.46 -1.13  0.53  1.93  2.78  2.87 20052012 00
  2.09  0.81 -0.59 -1.72 -2.47 -2.86 -2.62 -1.46  0.22  1.76  2.79  3.12 20052012 12
  2.54  1.32 -0.12 -1.41 -2.31 -2.87 -2.91 -2.06 -0.47  1.19  2.40  2.96 21052012 00
  2.67  1.55  0.15 -1.22 -2.21 -2.82 -2.98 -2.32 -0.80  0.94  2.31  3.06 21052012 12
  3.03  2.09  0.69 -0.76 -1.90 -2.67 -3.05 -2.75 -1.48  0.26  1.79  2.77 22052012 00
  2.98  2.27  0.97 -0.48 -1.71 -2.54 -2.99 -2.82 -1.71  0.03  1.64  2.75 22052012 12
  3.18  2.70  1.47  0.02 -1.34 -2.31 -2.94 -3.08 -2.36 -0.81  0.90  2.21 23052012 00
  2.88  2.72  1.70  0.31 -1.08 -2.10 -2.74 -2.97 -2.45 -1.01  0.72  2.13 23052012 12
  2.95  3.01  2.17  0.84 -0.61 -1.78 -2.59 -3.04 -2.88 -1.80 -0.14  1.39 24052012 00
  2.44  2.77  2.24  1.03 -0.35 -1.58 -2.41 -2.90 -2.86 -1.97 -0.39  1.22 24052012 12
  2.37  2.91  2.62  1.55  0.19 -1.15 -2.13 -2.78 -3.02 -2.55 -1.23  0.37 25052012 00
  1.70  2.46  2.50  1.70  0.47 -0.83 -1.86 -2.51 -2.82 -2.51 -1.36  0.23 25052012 12
  1.63  2.53  2.76  2.17  1.03 -0.30 -1.47 -2.28 -2.78 -2.83 -2.09 -0.69 26052012 00
  0.78  1.89  2.43  2.23  1.34  0.16 -1.02 -1.87 -2.39 -2.50 -1.95 -0.71 26052012 12
  0.74  1.90  2.57  2.57  1.83  0.68 -0.56 -1.56 -2.25 -2.65 -2.53 -1.64 27052012 00
 -0.26  1.08  2.03  2.37  2.02  1.12 -0.00 -1.03 -1.75 -2.18 -2.20 -1.57 27052012 12
 -0.34  0.98  2.00  2.52  2.38  1.60  0.50 -0.63 -1.52 -2.14 -2.47 -2.26 28052012 00
 -1.34 -0.05  1.18  2.04  2.30  1.91  1.04 -0.01 -0.97 -1.65 -2.04 -2.05 28052012 12
 -1.43 -0.26  0.97  1.94  2.41  2.26  1.51  0.46 -0.62 -1.48 -2.09 -2.43 29052012 00
 -2.26 -1.41 -0.17  1.06  1.92  2.20  1.88  1.07  0.05 -0.88 -1.57 -1.99 29052012 12
 -2.06 -1.51 -0.40  0.84  1.84  2.38  2.30  1.61  0.58 -0.51 -1.41 -2.07 30052012 00
 -2.47 -2.38 -1.58 -0.31  0.98  1.94  2.34  2.11  1.33  0.29 -0.74 -1.52 30052012 12
 -2.04 -2.21 -1.79 -0.69  0.64  1.78  2.47  2.52  1.87  0.82 -0.36 -1.36 31052012 00
 -2.11 -2.59 -2.58 -1.81 -0.46  0.97  2.07  2.59  2.40  1.56  0.40 -0.76 31052012 12
 -1.68 -2.31 -2.60 -2.23 -1.06  0.44  1.78  2.63  2.79  2.16  1.00 -0.34 01062012 00
 -1.49 -2.34 -2.90 -2.96 -2.16 -0.64  0.99  2.24  2.87  2.73  1.77  0.46 01062012 12
 -0.89 -1.93 -2.65 -3.00 -2.61 -1.29  0.45  1.96  2.92  3.12  2.41  1.11 02062012 00
 -0.37 -1.65 -2.57 -3.18 -3.21 -2.25 -0.48  1.31  2.65  3.28  3.04  1.90 02062012 12
  0.43 -1.08 -2.22 -3.01 -3.36 -2.86 -1.30  0.66  2.27  3.24  3.40  2.55 03062012 00
  1.08 -0.51 -1.88 -2.86 -3.49 -3.47 -2.32 -0.32  1.62  2.96  3.50  3.11 03062012 12
  1.76  0.14 -1.44 -2.58 -3.38 -3.70 -3.03 -1.25  0.87  2.53  3.47  3.53 04062012 00
  2.52  0.89 -0.79 -2.14 -3.08 -3.64 -3.42 -1.98  0.18  2.14  3.39  3.82 04062012 12
  3.21  1.67 -0.06 -1.65 -2.77 -3.57 -3.79 -2.88 -0.87  1.29  2.92  3.74 05062012 00
  3.64  2.44  0.76 -0.93 -2.23 -3.14 -3.60 -3.12 -1.41  0.84  2.69  3.79 05062012 12
  4.05  3.16  1.54 -0.22 -1.72 -2.78 -3.51 -3.56 -2.40 -0.31  1.77  3.26 06062012 00
  3.90  3.54  2.16  0.48 -1.16 -2.33 -3.14 -3.44 -2.69 -0.82  1.35  3.00 06062012 12
  3.92  3.93  2.80  1.17 -0.58 -1.94 -2.94 -3.55 -3.38 -1.98  0.12  2.07 07062012 00
  3.35  3.81  3.26  1.82  0.19 -1.32 -2.36 -3.06 -3.19 -2.21 -0.29  1.74 07062012 12
  3.20  3.93  3.71  2.49  0.92 -0.69 -1.90 -2.79 -3.26 -2.89 -1.39  0.57 08062012 00
  2.28  3.34  3.60  2.84  1.46 -0.05 -1.34 -2.24 -2.81 -2.75 -1.67  0.12 08062012 12
  1.87  3.09  3.58  3.17  1.95  0.43 -1.01 -2.10 -2.87 -3.20 -2.70 -1.25 09062012 00
  0.52  2.01  2.87  2.97  2.18  0.88 -0.48 -1.58 -2.33 -2.71 -2.46 -1.29 09062012 12
  0.38  1.87  2.86  3.19  2.66  1.50  0.12 -1.13 -2.05 -2.68 -2.87 -2.27 10062012 00
 -0.91  0.63  1.90  2.60  2.56  1.78  0.64 -0.57 -1.49 -2.09 -2.36 -2.04 10062012 12
 -0.95  0.49  1.75  2.58  2.78  2.24  1.20 -0.02 -1.09 -1.87 -2.39 -2.49 11062012 00
 -1.91 -0.72  0.61  1.71  2.29  2.21  1.52  0.52 -0.52 -1.32 -1.85 -2.06 11062012 12
 -1.76 -0.81  0.43  1.53  2.24  2.38  1.89  0.99 -0.07 -1.01 -1.70 -2.16 12062012 00
 -2.25 -1.73 -0.67  0.51  1.49  2.00  1.92  1.32  0.44 -0.48 -1.21 -1.68 12062012 12
 -1.89 -1.65 -0.83  0.27  1.26  1.92  2.08  1.68  0.88 -0.08 -0.95 -1.60 13062012 00
 -2.03 -2.13 -1.67 -0.70  0.41  1.35  1.86  1.83  1.30  0.48 -0.41 -1.12 13062012 12
 -1.61 -1.85 -1.67 -0.92  0.13  1.10  1.78  1.97  1.64  0.90 -0.03 -0.89 14062012 00
 -1.52 -1.92 -1.99 -1.52 -0.52  0.60  1.54  2.09  2.09  1.58  0.74 -0.23 14062012 12
 -1.05 -1.60 -1.87 -1.68 -0.89  0.22  1.25  1.97  2.20  1.88  1.15  0.24 15062012 00
 -0.65 -1.32 -1.71 -1.74 -1.15 -0.06  1.09  1.99  2.44  2.33  1.71  0.79 15062012 12
 -0.20 -1.04 -1.62 -1.88 -1.61 -0.67  0.53  1.59  2.24  2.33  1.85  1.01 16062012 00
 -0.02 -0.95 -1.64 -2.04 -1.98 -1.22  0.01  1.26  2.22  2.63  2.37  1.55 16062012 12
  0.44 -0.66 -1.51 -2.08 -2.29 -1.88 -0.81  0.51  1.64  2.29  2.28  1.58 17062012 00
  0.52 -0.63 -1.57 -2.22 -2.54 -2.30 -1.27  0.18  1.51  2.40  2.66  2.18 17062012 12
  1.13 -0.11 -1.22 -2.03 -2.54 -2.59 -1.86 -0.49  0.96  2.07  2.59  2.35 18062012 00
  1.41  0.17 -1.05 -1.95 -2.52 -2.68 -2.11 -0.76  0.81  2.08  2.81  2.80 18062012 12
  2.01  0.77 -0.57 -1.65 -2.39 -2.78 -2.56 -1.45  0.12  1.58  2.53  2.78 19062012 00
  2.21  1.03 -0.34 -1.54 -2.36 -2.82 -2.73 -1.76 -0.16  1.43  2.56  3.05 19062012 12
  2.72  1.61  0.21 -1.14 -2.14 -2.80 -3.03 -2.46 -1.02  0.66  2.03  2.78 20062012 00
  2.76  1.85  0.51 -0.90 -1.98 -2.68 -2.98 -2.56 -1.20  0.57  2.06  2.99 20062012 12
  3.17  2.45  1.14 -0.35 -1.62 -2.52 -3.06 -3.00 -1.99 -0.28  1.39  2.60 21062012 00
  3.10  2.70  1.51  0.09 -1.25 -2.17 -2.73 -2.77 -1.92 -0.25  1.48  2.77 21062012 12
  3.41  3.21  2.16  0.72 -0.74 -1.86 -2.64 -3.00 -2.58 -1.16  0.64  2.18 22062012 00
  3.13  3.25  2.42  1.09 -0.34 -1.50 -2.29 -2.71 -2.49 -1.32  0.46  2.08 22062012 12
  3.15  3.46  2.86  1.59  0.08 -1.26 -2.23 -2.86 -2.99 -2.24 -0.68  1.05 23062012 00
  2.41  3.05  2.86  1.82  0.45 -0.93 -1.96 -2.62 -2.83 -2.24 -0.75  1.02 23062012 12
  2.43  3.25  3.27  2.41  1.06 -0.42 -1.62 -2.47 -3.00 -2.87 -1.77 -0.07 24062012 00
  1.53  2.63  3.01  2.52  1.33 -0.05 -1.29 -2.13 -2.65 -2.66 -1.81 -0.23 24062012 12
  1.38  2.56  3.11  2.83  1.78  0.39 -0.97 -2.01 -2.73 -3.06 -2.66 -1.34 25062012 00
  0.31  1.73  2.59  2.73  2.04  0.84 -0.48 -1.57 -2.30 -2.68 -2.48 -1.44 25062012 12
  0.13  1.58  2.57  2.92  2.46  1.37  0.03 -1.21 -2.12 -2.72 -2.88 -2.29 26062012 00
 -0.93  0.60  1.86  2.56  2.55  1.79  0.67 -0.54 -1.49 -2.13 -2.43 -2.12 26062012 12
 -1.03  0.44  1.75  2.61  2.80  2.27  1.19 -0.08 -1.18 -1.99 -2.54 -2.65 27062012 00
 -2.02 -0.76  0.66  1.82  2.44  2.37  1.64  0.57 -0.56 -1.46 -2.06 -2.34 27062012 12
 -2.06 -1.03  0.34  1.58  2.42  2.64  2.17  1.21  0.03 -1.02 -1.80 -2.30 28062012 00
 -2.43 -1.87 -0.67  0.71  1.88  2.55  2.55  1.90  0.89 -0.20 -1.08 -1.70 28062012 12
 -2.03 -1.84 -0.90  0.43  1.69  2.57  2.86  2.48  1.60  0.46 -0.62 -1.45 29062012 00
 -2.06 -2.29 -1.84 -0.72  0.65  1.89  2.64  2.72  2.17  1.20  0.06 -0.93 29062012 12
 -1.68 -2.17 -2.16 -1.37 -0.08  1.26  2.30  2.77  2.55  1.71  0.57 -0.59 30062012 00
 -1.51 -2.19 -2.53 -2.21 -1.09  0.38  1.73  2.61  2.84  2.34  1.31  0.07 30062012 12
 -1.05 -1.91 -2.49 -2.60 -1.92 -0.52  1.03  2.29  2.93  2.82  1.95  0.70 01072012 00
 -0.60 -1.66 -2.43 -2.86 -2.63 -1.47  0.18  1.73  2.79  3.17  2.68  1.55 01072012 12
  0.15 -1.16 -2.15 -2.81 -2.99 -2.30 -0.74  0.98  2.39  3.13  3.09  2.16 02072012 00
  0.81 -0.63 -1.78 -2.60 -3.04 -2.75 -1.43  0.42  2.07  3.18  3.50  2.86 02072012 12
  1.55 -0.01 -1.41 -2.44 -3.16 -3.32 -2.50 -0.74  1.17  2.62  3.39  3.28 03072012 00
  2.20  0.71 -0.85 -2.04 -2.87 -3.27 -2.83 -1.27  0.73  2.45  3.49  3.73 03072012 12
  2.92  1.45 -0.21 -1.64 -2.68 -3.39 -3.45 -2.40 -0.43  1.53  2.97  3.63 04072012 00
  3.33  2.04  0.43 -1.17 -2.31 -3.11 -3.41 -2.73 -0.93  1.21  2.85  3.78 04072012 12
  3.82  2.75  1.14 -0.59 -1.98 -2.99 -3.64 -3.54 -2.23 -0.16  1.82  3.14 05072012 00
  3.62  3.12  1.64 -0.03 -1.58 -2.63 -3.32 -3.42 -2.41 -0.40  1.67  3.15 05072012 12
  3.89  3.67  2.37  0.70 -1.00 -2.27 -3.21 -3.71 -3.32 -1.75  0.39  2.22 06072012 00
  3.33  3.58  2.78  1.21 -0.44 -1.86 -2.79 -3.36 -3.24 -1.93  0.12  2.05 06072012 12
  3.32  3.82  3.31  1.87  0.20 -1.38 -2.52 -3.32 -3.64 -2.99 -1.27  0.76 07072012 00
  2.33  3.18  3.17  2.15  0.61 -0.94 -2.15 -2.92 -3.27 -2.81 -1.25  0.74 07072012 12
  2.38  3.37  3.59  2.78  1.34 -0.26 -1.64 -2.61 -3.25 -3.30 -2.32 -0.54 08072012 00
  1.24  2.55  3.13  2.83  1.66  0.21 -1.19 -2.17 -2.78 -2.91 -2.19 -0.58 08072012 12
  1.16  2.49  3.21  3.13  2.16  0.80 -0.65 -1.79 -2.59 -3.04 -2.82 -1.67 09072012 00
 -0.01  1.49  2.52  2.82  2.28  1.12 -0.20 -1.36 -2.14 -2.58 -2.50 -1.62 09072012 12
 -0.12  1.35  2.41  2.89  2.58  1.60  0.33 -0.90 -1.82 -2.43 -2.68 -2.25 10072012 00
 -1.08  0.35  1.59  2.35  2.43  1.79  0.74 -0.40 -1.32 -1.92 -2.21 -2.01 10072012 12
 -1.11  0.19  1.40  2.23  2.48  2.06  1.15  0.04 -0.97 -1.70 -2.17 -2.28 11072012 00
 -1.78 -0.70  0.51  1.52  2.07  2.02  1.40  0.48 -0.48 -1.23 -1.72 -1.94 11072012 12
 -1.70 -0.88  0.23  1.22  1.88  2.01  1.59  0.79 -0.15 -0.97 -1.57 -1.93 12072012 00
 -1.96 -1.45 -0.48  0.58  1.44  1.88  1.82  1.29  0.50 -0.33 -1.00 -1.45 12072012 12
 -1.66 -1.47 -0.75  0.22  1.10  1.68  1.82  1.49  0.83  0.02 -0.73 -1.29 13072012 00
 -1.66 -1.73 -1.31 -0.44  0.52  1.32  1.75  1.72  1.28  0.60 -0.18 -0.85 13072012 12
 -1.35 -1.63 -1.52 -0.92 -0.04  0.84  1.48  1.69  1.45  0.86  0.10 -0.64 14072012 00
 -1.24 -1.64 -1.76 -1.41 -0.59  0.40  1.28  1.81  1.86  1.45  0.71 -0.14 14072012 12
 -0.86 -1.40 -1.76 -1.75 -1.19 -0.23  0.76  1.51  1.81  1.63  1.02  0.18 15072012 00
 -0.68 -1.36 -1.81 -1.94 -1.56 -0.63  0.49  1.48  2.09  2.15  1.65  0.79 15072012 12
 -0.21 -1.06 -1.69 -2.07 -2.02 -1.33 -0.20  0.94  1.80  2.15  1.92  1.21 16072012 00
  0.22 -0.75 -1.48 -1.93 -2.03 -1.52 -0.40  0.86  1.90  2.46  2.39  1.70 16072012 12
  0.65 -0.51 -1.46 -2.13 -2.49 -2.30 -1.35  0.02  1.29  2.15  2.38  1.89 17072012 00
  0.89 -0.29 -1.33 -2.08 -2.50 -2.42 -1.57 -0.12  1.32  2.38  2.85  2.58 17072012 12
  1.64  0.40 -0.84 -1.79 -2.41 -2.61 -2.06 -0.75  0.76  2.03  2.77  2.75 18072012 00
  1.95  0.71 -0.61 -1.67 -2.39 -2.74 -2.43 -1.19  0.49  1.99  2.96  3.22 18072012 12
  2.59  1.34 -0.09 -1.34 -2.25 -2.86 -2.93 -2.08 -0.49  1.19  2.42  2.94 19072012 00
  2.63  1.49  0.07 -1.30 -2.27 -2.88 -3.00 -2.26 -0.63  1.17  2.55  3.30 19072012 12
  3.21  2.17  0.71 -0.83 -2.02 -2.86 -3.30 -2.99 -1.62  0.25  1.91  2.94 20072012 00
  3.18  2.45  1.05 -0.49 -1.81 -2.69 -3.19 -3.05 -1.84  0.08  1.84  3.04 20072012 12
  3.49  2.96  1.61  0.01 -1.48 -2.55 -3.28 -3.50 -2.74 -0.99  0.96  2.43 21072012 00
  3.18  3.06  1.96  0.41 -1.14 -2.29 -3.05 -3.37 -2.81 -1.18  0.84  2.44 21072012 12
  3.36  3.48  2.54  1.01 -0.62 -1.97 -2.90 -3.47 -3.35 -2.10 -0.14  1.71 22072012 00
  2.97  3.45  2.94  1.56 -0.01 -1.46 -2.44 -3.05 -3.09 -2.07 -0.21  1.71 22072012 12
  3.07  3.70  3.37  2.11  0.52 -1.05 -2.20 -3.04 -3.43 -2.92 -1.36  0.60 23072012 00
  2.23  3.17  3.30  2.44  0.98 -0.58 -1.83 -2.66 -3.11 -2.84 -1.49  0.44 23072012 12
  2.12  3.22  3.54  2.86  1.49 -0.10 -1.50 -2.50 -3.18 -3.32 -2.49 -0.79 24072012 00
  1.05  2.42  3.11  2.92  1.83  0.38 -1.06 -2.11 -2.80 -3.05 -2.49 -0.97 24072012 12
  0.84  2.30  3.14  3.20  2.32  0.96 -0.53 -1.74 -2.59 -3.12 -3.04 -2.01 25072012 00
 -0.33  1.27  2.42  2.87  2.47  1.32 -0.03 -1.30 -2.18 -2.74 -2.84 -2.14 25072012 12
 -0.66  0.95  2.20  2.86  2.77  1.87  0.58 -0.75 -1.78 -2.49 -2.88 -2.66 26072012 00
 -1.60 -0.09  1.31  2.29  2.62  2.17  1.14 -0.09 -1.20 -1.97 -2.44 -2.48 26072012 12
 -1.81 -0.49  0.92  2.03  2.61  2.49  1.69  0.57 -0.58 -1.49 -2.14 -2.51 27072012 00
 -2.35 -1.45 -0.13  1.15  2.06  2.37  2.01  1.13  0.03 -0.97 -1.71 -2.20 27072012 12
 -2.32 -1.83 -0.75  0.52  1.63  2.27  2.30  1.71  0.76 -0.28 -1.15 -1.79 28072012 00
 -2.21 -2.20 -1.52 -0.34  0.92  1.91  2.38  2.22  1.51  0.51 -0.51 -1.33 28072012 12
 -1.92 -2.26 -2.07 -1.16  0.09  1.26  2.09  2.36  2.00  1.18  0.13 -0.85 29072012 00
 -1.62 -2.16 -2.33 -1.86 -0.73  0.59  1.75  2.44  2.49  1.90  0.89 -0.24 29072012 12
 -1.21 -1.95 -2.44 -2.45 -1.71 -0.41  0.97  2.04  2.55  2.39  1.58  0.46 30072012 00
 -0.70 -1.62 -2.26 -2.56 -2.23 -1.08  0.44  1.81  2.68  2.89  2.32  1.20 30072012 12
 -0.12 -1.29 -2.17 -2.77 -2.88 -2.17 -0.70  0.90  2.18  2.83  2.72  1.82 31072012 00
  0.54 -0.79 -1.83 -2.54 -2.88 -2.49 -1.13  0.63  2.14  3.10  3.30  2.60 31072012 12
  1.33 -0.14 -1.42 -2.38 -3.00 -3.02 -2.04 -0.32  1.46  2.78  3.42  3.20 01082012 00
  2.14  0.70 -0.78 -1.91 -2.67 -2.95 -2.36 -0.78  1.11  2.68  3.61  3.67 01082012 12
  2.71  1.23 -0.39 -1.72 -2.69 -3.32 -3.28 -2.11 -0.17  1.71  3.02  3.51 02082012 00
  3.04  1.69  0.10 -1.40 -2.46 -3.14 -3.24 -2.29 -0.38  1.65  3.12  3.88 02082012 12
  3.69  2.44  0.80 -0.88 -2.16 -3.09 -3.59 -3.20 -1.65  0.44  2.27  3.37 03082012 00
  3.64  2.84  1.29 -0.38 -1.80 -2.75 -3.32 -3.18 -1.82  0.29  2.22  3.50 03082012 12
  3.98  3.39  1.94  0.24 -1.37 -2.55 -3.38 -3.64 -2.86 -0.98  1.12  2.71 04082012 00
  3.53  3.44  2.28  0.65 -1.00 -2.24 -3.07 -3.44 -2.89 -1.16  0.98  2.68 04082012 12
  3.66  3.81  2.85  1.27 -0.43 -1.85 -2.86 -3.50 -3.45 -2.23 -0.24  1.67 05082012 00
  2.98  3.47  2.98  1.58 -0.02 -1.52 -2.53 -3.16 -3.22 -2.24 -0.34  1.61 05082012 12
  2.99  3.68  3.42  2.19  0.63 -0.96 -2.13 -2.95 -3.33 -2.87 -1.34  0.59 06082012 00
  2.19  3.11  3.23  2.36  0.91 -0.61 -1.85 -2.66 -3.08 -2.79 -1.47  0.39 06082012 12
  2.00  3.07  3.39  2.75  1.44 -0.08 -1.41 -2.35 -2.95 -3.00 -2.14 -0.52 07082012 00
  1.16  2.38  2.96  2.70  1.62  0.25 -1.10 -2.07 -2.67 -2.83 -2.22 -0.78 07082012 12
  0.85  2.13  2.84  2.81  1.94  0.68 -0.66 -1.71 -2.42 -2.79 -2.54 -1.46 08082012 00
  0.03  1.38  2.28  2.52  1.99  0.90 -0.34 -1.41 -2.13 -2.52 -2.44 -1.64 08082012 12
 -0.29  1.04  2.00  2.40  2.11  1.22  0.08 -1.00 -1.79 -2.29 -2.43 -1.97 09082012 00
 -0.88  0.39  1.44  2.04  2.04  1.41  0.44 -0.59 -1.40 -1.92 -2.17 -1.96 09082012 12
 -1.16 -0.03  1.02  1.73  1.92  1.54  0.73 -0.23 -1.08 -1.66 -2.01 -2.02 10082012 00
 -1.52 -0.56  0.48  1.31  1.74  1.65  1.10  0.29 -0.54 -1.18 -1.59 -1.77 10082012 12
 -1.59 -0.92 -0.01  0.83  1.39  1.52  1.21  0.58 -0.19 -0.89 -1.37 -1.66 11082012 00
 -1.67 -1.25 -0.45  0.42  1.14  1.54  1.52  1.13  0.48 -0.23 -0.81 -1.23 11082012 12
 -1.48 -1.42 -0.92 -0.17  0.58  1.15  1.37  1.21  0.73  0.08 -0.56 -1.07 12082012 00
 -1.40 -1.52 -1.26 -0.59  0.24  1.00  1.50  1.63  1.38  0.84  0.15 -0.53 12082012 12
 -1.06 -1.44 -1.54 -1.16 -0.39  0.47  1.20  1.61  1.60  1.20  0.57 -0.16 13082012 00
 -0.81 -1.30 -1.57 -1.47 -0.83  0.13  1.07  1.73  1.98  1.79  1.20  0.37 13082012 12
 -0.47 -1.18 -1.67 -1.86 -1.53 -0.67  0.40  1.35  1.90  1.94  1.45  0.64 14082012 00
 -0.30 -1.10 -1.68 -1.99 -1.85 -1.07  0.13  1.28  2.10  2.40  2.07  1.25 14082012 12
  0.17 -0.87 -1.67 -2.21 -2.38 -1.90 -0.76  0.57  1.70  2.31  2.30  1.66 15082012 00
  0.64 -0.45 -1.32 -1.87 -2.07 -1.64 -0.48  0.95  2.16  2.95  3.13  2.61 15082012 12
  1.56  0.25 -0.95 -1.85 -2.42 -2.41 -1.56 -0.12  1.36  2.47  2.98  2.67 16082012 00
  1.67  0.36 -0.94 -1.90 -2.50 -2.63 -1.90 -0.33  1.39  2.70  3.34  3.19 16082012 12
  2.20  0.82 -0.62 -1.79 -2.63 -3.07 -2.77 -1.45  0.34  1.95  3.04  3.32 17082012 00
  2.64  1.29 -0.27 -1.58 -2.45 -2.92 -2.72 -1.47  0.42  2.18  3.34  3.77 17082012 12
  3.21  1.85  0.21 -1.31 -2.42 -3.18 -3.39 -2.58 -0.80  1.20  2.72  3.51 18082012 00
  3.39  2.23  0.66 -0.96 -2.18 -3.01 -3.37 -2.81 -1.11  0.99  2.67  3.62 18082012 12
  3.74  2.72  1.10 -0.62 -2.03 -3.01 -3.63 -3.51 -2.20 -0.10  1.90  3.20 19082012 00
  3.66  3.12  1.61 -0.10 -1.67 -2.72 -3.41 -3.49 -2.41 -0.31  1.77  3.23 19082012 12
  3.90  3.60  2.22  0.50 -1.21 -2.47 -3.36 -3.75 -3.17 -1.39  0.83  2.58 20082012 00
  3.59  3.69  2.67  1.00 -0.73 -2.11 -3.04 -3.56 -3.26 -1.71  0.48  2.41 20082012 12
  3.58  3.93  3.16  1.55 -0.19 -1.75 -2.83 -3.58 -3.71 -2.68 -0.65  1.44 21082012 00
  2.96  3.63  3.38  2.07  0.40 -1.24 -2.38 -3.14 -3.41 -2.68 -0.86  1.27 21082012 12
  2.88  3.76  3.76  2.65  1.05 -0.64 -1.96 -2.88 -3.43 -3.23 -1.87  0.11 22082012 00
  1.94  3.12  3.50  2.87  1.46 -0.12 -1.55 -2.52 -3.13 -3.18 -2.19 -0.34 22082012 12
  1.52  2.85  3.48  3.19  1.98  0.48 -1.02 -2.12 -2.89 -3.25 -2.77 -1.29 23082012 00
  0.54  2.07  2.97  3.11  2.32  0.98 -0.47 -1.65 -2.45 -2.92 -2.76 -1.65 23082012 12
  0.03  1.60  2.70  3.14  2.72  1.61  0.27 -0.98 -1.87 -2.47 -2.65 -2.05 24082012 00
 -0.69  0.85  2.11  2.81  2.79  2.02  0.84 -0.40 -1.39 -2.06 -2.44 -2.26 24082012 12
 -1.28  0.13  1.48  2.43  2.77  2.38  1.45  0.31 -0.74 -1.54 -2.10 -2.31 25082012 00
 -1.91 -0.84  0.43  1.57  2.27  2.35  1.76  0.79 -0.27 -1.14 -1.78 -2.18 25082012 12
 -2.18 -1.55 -0.44  0.72  1.63  2.07  1.95  1.30  0.40 -0.53 -1.28 -1.82 26082012 00
 -2.12 -1.96 -1.16 -0.01  1.09  1.88  2.14  1.87  1.15  0.22 -0.68 -1.42 26082012 12
 -1.96 -2.18 -1.87 -0.95  0.21  1.29  2.02  2.24  1.89  1.17  0.28 -0.54 27082012 00
 -1.16 -1.57 -1.63 -1.06  0.08  1.27  2.22  2.71  2.62  2.01  1.05 -0.04 27082012 12
 -1.00 -1.76 -2.25 -2.23 -1.51 -0.29  1.03  2.05  2.50  2.31  1.54  0.48 28082012 00
 -0.57 -1.43 -2.05 -2.32 -1.95 -0.80  0.65  1.92  2.69  2.81  2.21  1.13 28082012 12
 -0.13 -1.24 -2.08 -2.63 -2.64 -1.79 -0.31  1.22  2.39  2.94  2.77  1.89 29082012 00
  0.63 -0.64 -1.62 -2.28 -2.52 -2.00 -0.61  1.07  2.47  3.28  3.31  2.48 29082012 12
  1.14 -0.33 -1.56 -2.47 -3.06 -3.04 -2.07 -0.42  1.25  2.50  2.99  2.58 30082012 00
  1.35 -0.13 -1.51 -2.49 -3.12 -3.27 -2.50 -0.79  1.10  2.50  3.26  3.17 30082012 12
  2.06  0.53 -1.05 -2.28 -3.14 -3.62 -3.31 -1.93  0.05  1.79  2.90  3.21 31082012 00
  2.53  1.07 -0.50 -1.89 -2.80 -3.33 -3.18 -1.92  0.07  1.92  3.18  3.70 31082012 12
  3.19  1.78  0.13 -1.46 -2.60 -3.40 -3.67 -2.93 -1.13  0.92  2.50  3.32 01092012 00
  3.26  2.16  0.56 -1.05 -2.27 -3.07 -3.41 -2.83 -1.11  1.01  2.70  3.67 01092012 12
  3.83  2.86  1.27 -0.45 -1.86 -2.87 -3.52 -3.45 -2.23 -0.24  1.68  2.99 02092012 00
  3.44  2.90  1.42 -0.25 -1.78 -2.82 -3.47 -3.53 -2.48 -0.48  1.53  2.95 02092012 12
  3.61  3.33  2.00  0.35 -1.28 -2.47 -3.29 -3.63 -3.04 -1.37  0.71  2.32 03092012 00
  3.23  3.27  2.26  0.67 -0.95 -2.22 -3.02 -3.42 -3.01 -1.48  0.56  2.30 03092012 12
  3.34  3.61  2.82  1.32 -0.31 -1.69 -2.64 -3.24 -3.23 -2.16 -0.31  1.49 04092012 00
  2.74  3.21  2.75  1.42 -0.13 -1.57 -2.56 -3.18 -3.28 -2.43 -0.70  1.14 04092012 12
  2.48  3.16  2.98  1.85  0.38 -1.12 -2.22 -2.94 -3.24 -2.76 -1.34  0.45 05092012 00
  1.91  2.77  2.87  2.04  0.66 -0.79 -1.94 -2.67 -3.04 -2.80 -1.63  0.05 05092012 12
  1.52  2.50  2.78  2.21  1.01 -0.35 -1.56 -2.36 -2.81 -2.75 -1.85 -0.30 06092012 00
  1.23  2.31  2.79  2.50  1.50  0.24 -0.94 -1.78 -2.31 -2.47 -1.93 -0.69 06092012 12
  0.72  1.87  2.48  2.38  1.58  0.43 -0.75 -1.62 -2.17 -2.41 -2.11 -1.10 07092012 00
  0.22  1.38  2.13  2.27  1.75  0.80 -0.30 -1.22 -1.82 -2.16 -2.10 -1.41 07092012 12
 -0.27  0.88  1.72  2.05  1.77  1.00  0.03 -0.89 -1.54 -1.93 -1.99 -1.54 08092012 00
 -0.60  0.47  1.36  1.88  1.86  1.36  0.55 -0.32 -1.04 -1.51 -1.74 -1.58 08092012 12
 -0.94 -0.02  0.85  1.46  1.65  1.39  0.79  0.04 -0.65 -1.14 -1.43 -1.44 09092012 00
 -1.04 -0.27  0.60  1.34  1.75  1.76  1.41  0.80  0.12 -0.47 -0.91 -1.18 09092012 12
 -1.15 -0.71 -0.04  0.67  1.21  1.42  1.31  0.92  0.34 -0.27 -0.77 -1.13 10092012 00
 -1.29 -1.07 -0.46  0.28  0.99  1.50  1.68  1.52  1.06  0.38 -0.29 -0.83 10092012 12
 -1.25 -1.47 -1.28 -0.66  0.16  0.92  1.40  1.52  1.30  0.82  0.16 -0.48 11092012 00
 -1.01 -1.37 -1.40 -1.00 -0.25  0.60  1.34  1.74  1.71  1.26  0.51 -0.33 11092012 12
 -1.05 -1.57 -1.87 -1.75 -1.10 -0.11  0.92  1.68  1.97  1.74  1.09  0.24 12092012 00
 -0.58 -1.23 -1.67 -1.82 -1.38 -0.36  0.77  1.72  2.23  2.15  1.47  0.46 12092012 12
 -0.64 -1.55 -2.22 -2.58 -2.44 -1.57 -0.24  1.07  2.01  2.36  2.04  1.15 13092012 00
  0.01 -1.05 -1.80 -2.24 -2.23 -1.50 -0.12  1.36  2.49  3.04  2.82  1.88 13092012 12
  0.63 -0.63 -1.63 -2.31 -2.61 -2.20 -0.91  0.79  2.23  3.04  3.10  2.31 14092012 00
  1.03 -0.38 -1.55 -2.37 -2.85 -2.70 -1.57  0.15  1.82  2.94  3.29  2.70 14092012 12
  1.37 -0.18 -1.54 -2.52 -3.16 -3.27 -2.40 -0.62  1.26  2.67  3.38  3.18 15092012 00
  2.01  0.48 -1.08 -2.22 -2.97 -3.26 -2.64 -0.93  1.11  2.73  3.64  3.68 15092012 12
  2.64  1.06 -0.64 -2.00 -2.97 -3.55 -3.34 -1.93  0.17  2.13  3.41  3.85 16092012 00
  3.23  1.71  0.01 -1.52 -2.58 -3.27 -3.30 -2.13 -0.02  2.07  3.51  4.14 16092012 12
  3.70  2.22  0.44 -1.29 -2.54 -3.44 -3.84 -3.16 -1.25  1.07  2.88  3.88 17092012 00
  3.95  2.85  1.10 -0.68 -2.07 -3.00 -3.52 -3.19 -1.55  0.76  2.79  3.99 17092012 12
  4.31  3.43  1.73 -0.10 -1.70 -2.81 -3.58 -3.71 -2.61 -0.45  1.77  3.34 18092012 00
  3.98  3.62  2.14  0.35 -1.39 -2.63 -3.50 -3.83 -3.06 -1.05  1.26  3.01 18092012 12
  3.95  3.95  2.73  0.96 -0.84 -2.24 -3.23 -3.86 -3.60 -2.05  0.25  2.26 19092012 00
  3.48  3.83  3.09  1.44 -0.32 -1.89 -2.93 -3.63 -3.68 -2.52 -0.41  1.71 19092012 12
  3.17  3.82  3.49  2.09  0.38 -1.29 -2.47 -3.28 -3.61 -2.97 -1.19  0.96 20092012 00
  2.61  3.53  3.59  2.57  0.98 -0.66 -1.96 -2.85 -3.36 -3.12 -1.73  0.27 20092012 12
  2.06  3.22  3.58  2.94  1.55 -0.02 -1.44 -2.44 -3.12 -3.26 -2.44 -0.75 21092012 00
  1.06  2.43  3.14  2.99  1.92  0.49 -0.97 -2.04 -2.79 -3.17 -2.82 -1.51 21092012 12
  0.22  1.72  2.68  2.92  2.29  1.06 -0.30 -1.46 -2.25 -2.74 -2.73 -1.89 22092012 00
 -0.42  1.08  2.21  2.74  2.52  1.59  0.36 -0.84 -1.76 -2.38 -2.68 -2.36 22092012 12
 -1.26  0.15  1.42  2.25  2.46  1.98  1.02 -0.08 -1.04 -1.72 -2.16 -2.20 23092012 00
 -1.58 -0.41  0.83  1.83  2.34  2.26  1.60  0.63 -0.41 -1.27 -1.90 -2.29 23092012 12
 -2.22 -1.51 -0.37  0.80  1.69  2.09  1.92  1.28  0.42 -0.43 -1.10 -1.57 24092012 00
 -1.77 -1.51 -0.65  0.46  1.46  2.12  2.30  1.94  1.15  0.16 -0.74 -1.42 24092012 12
 -1.92 -2.11 -1.71 -0.74  0.41  1.44  2.06  2.19  1.82  1.08  0.17 -0.65 25092012 00
 -1.30 -1.71 -1.73 -1.13 -0.06  1.04  1.95  2.42  2.28  1.59  0.57 -0.52 25092012 12
 -1.42 -2.09 -2.49 -2.38 -1.57 -0.31  0.97  1.90  2.27  1.99  1.17  0.11 26092012 00
 -0.90 -1.68 -2.19 -2.32 -1.84 -0.70  0.66  1.82  2.49  2.46  1.71  0.58 26092012 12
 -0.66 -1.69 -2.43 -2.85 -2.71 -1.72 -0.19  1.29  2.34  2.77  2.41  1.40 27092012 00
  0.14 -1.07 -1.94 -2.48 -2.57 -1.86 -0.39  1.22  2.46  3.11  2.98  2.03 27092012 12
  0.69 -0.69 -1.78 -2.52 -2.88 -2.56 -1.31  0.41  1.98  2.97  3.21  2.56 28092012 00
  1.31 -0.13 -1.38 -2.26 -2.76 -2.65 -1.57  0.20  1.92  3.09  3.52  3.07 28092012 12
  1.84  0.30 -1.12 -2.17 -2.89 -3.13 -2.49 -0.90  0.97  2.46  3.25  3.18 29092012 00
  2.12  0.64 -0.88 -2.05 -2.84 -3.22 -2.79 -1.27  0.68  2.31  3.28  3.47 29092012 12
  2.63  1.18 -0.41 -1.72 -2.62 -3.13 -2.94 -1.68  0.24  2.03  3.25  3.72 30092012 00
  3.18  1.85  0.26 -1.19 -2.24 -2.93 -3.04 -2.09 -0.25  1.67  3.05  3.68 30092012 12
  3.35  2.09  0.50 -1.09 -2.25 -3.04 -3.34 -2.70 -1.03  0.95  2.55  3.44 01102012 00
  3.48  2.44  0.91 -0.69 -1.92 -2.76 -3.16 -2.74 -1.19  0.85  2.52  3.53 01102012 12
  3.74  2.90  1.44 -0.19 -1.58 -2.56 -3.15 -3.06 -1.87  0.06  1.91  3.19 02102012 00
  3.67  3.17  1.81  0.22 -1.24 -2.25 -2.88 -2.93 -1.92 -0.09  1.76  3.10 02102012 12
  3.72  3.41  2.20  0.64 -0.87 -1.99 -2.75 -3.01 -2.37 -0.77  1.09  2.61 03102012 00
  3.46  3.44  2.45  1.00 -0.56 -1.77 -2.59 -3.01 -2.70 -1.36  0.47  2.04 03102012 12
  3.06  3.28  2.55  1.21 -0.29 -1.56 -2.42 -2.92 -2.81 -1.71  0.03  1.68 04102012 00
  2.81  3.22  2.75  1.55  0.13 -1.19 -2.11 -2.69 -2.78 -1.99 -0.40  1.25 04102012 12
  2.49  3.11  2.95  1.99  0.70 -0.60 -1.58 -2.25 -2.54 -2.08 -0.78  0.82 05102012 00
  2.13  2.87  2.90  2.15  0.94 -0.37 -1.41 -2.12 -2.49 -2.30 -1.32  0.11 05102012 12
  1.44  2.35  2.61  2.11  1.07 -0.14 -1.21 -1.93 -2.33 -2.28 -1.50 -0.15 06102012 00
  1.18  2.16  2.59  2.33  1.46  0.33 -0.76 -1.55 -2.06 -2.24 -1.85 -0.82 06102012 12
  0.41  1.45  2.05  2.04  1.42  0.47 -0.55 -1.34 -1.84 -2.06 -1.84 -1.01 07102012 00
  0.13  1.18  1.89  2.10  1.75  0.96 -0.01 -0.87 -1.49 -1.87 -1.93 -1.48 07102012 12
 -0.57  0.44  1.26  1.69  1.61  1.06  0.29 -0.50 -1.12 -1.51 -1.66 -1.41 08102012 00
 -0.69  0.21  1.05  1.63  1.76  1.46  0.81  0.02 -0.70 -1.25 -1.61 -1.72 08102012 12
 -1.39 -0.64  0.22  0.95  1.34  1.33  0.96  0.36 -0.31 -0.87 -1.27 -1.47 09102012 00
 -1.36 -0.83 -0.04  0.76  1.36  1.60  1.44  0.95  0.28 -0.40 -0.98 -1.43 09102012 12
 -1.67 -1.53 -0.93 -0.09  0.72  1.28  1.48  1.29  0.80  0.13 -0.52 -1.05 10102012 00
 -1.40 -1.50 -1.19 -0.42  0.49  1.28  1.76  1.80  1.40  0.68 -0.15 -0.88 10102012 12
 -1.45 -1.82 -1.84 -1.30 -0.32  0.73  1.56  1.95  1.86  1.31  0.48 -0.39 11102012 00
 -1.11 -1.62 -1.83 -1.56 -0.68  0.45  1.48  2.15  2.27  1.82  0.94 -0.12 11102012 12
 -1.07 -1.76 -2.18 -2.21 -1.58 -0.37  0.98  2.05  2.57  2.42  1.63  0.51 12102012 00
 -0.63 -1.52 -2.12 -2.37 -1.98 -0.81  0.68  1.95  2.72  2.79  2.08  0.89 12102012 12
 -0.43 -1.56 -2.36 -2.85 -2.76 -1.78 -0.20  1.38  2.53  3.00  2.63  1.52 13102012 00
  0.13 -1.19 -2.13 -2.72 -2.83 -2.07 -0.46  1.30  2.65  3.34  3.18  2.12 13102012 12
  0.65 -0.87 -2.06 -2.90 -3.33 -2.96 -1.50  0.44  2.17  3.23  3.49  2.74 14102012 00
  1.28 -0.32 -1.70 -2.65 -3.24 -3.15 -1.93  0.09  1.99  3.30  3.82  3.31 14102012 12
  1.90  0.22 -1.38 -2.54 -3.35 -3.63 -2.85 -0.96  1.21  2.88  3.78  3.75 15102012 00
  2.59  0.90 -0.83 -2.14 -3.06 -3.55 -3.12 -1.42  0.85  2.77  3.91  4.17 15102012 12
  3.27  1.58 -0.24 -1.76 -2.81 -3.49 -3.43 -2.05  0.20  2.34  3.80  4.38 16102012 00
  3.84  2.31  0.50 -1.23 -2.51 -3.45 -3.80 -3.00 -0.97  1.39  3.17  4.11 16102012 12
  4.09  2.86  1.05 -0.80 -2.23 -3.23 -3.80 -3.43 -1.66  0.82  2.92  4.17 17102012 00
  4.52  3.73  2.07  0.27 -1.36 -2.51 -3.28 -3.33 -2.05  0.16  2.32  3.81 17102012 12
  4.45  3.96  2.48  0.70 -1.06 -2.34 -3.29 -3.67 -2.91 -0.97  1.32  3.06 18102012 00
  4.00  4.02  2.87  1.16 -0.64 -2.05 -3.06 -3.68 -3.43 -1.90  0.31  2.28 18102012 12
  3.53  3.92  3.23  1.66 -0.07 -1.64 -2.71 -3.44 -3.56 -2.55 -0.53  1.52 19102012 00
  3.01  3.71  3.48  2.20  0.57 -1.06 -2.27 -3.13 -3.54 -3.06 -1.46  0.61 19102012 12
  2.30  3.31  3.52  2.70  1.25 -0.31 -1.63 -2.52 -3.09 -3.02 -1.90 -0.05 20102012 00
  1.70  2.92  3.42  2.99  1.77  0.29 -1.13 -2.17 -2.90 -3.19 -2.63 -1.15 20102012 12
  0.58  2.02  2.86  2.96  2.17  0.90 -0.46 -1.55 -2.30 -2.73 -2.58 -1.54 21102012 00
  0.02  1.50  2.52  2.90  2.49  1.44  0.15 -1.04 -1.93 -2.56 -2.83 -2.40 21102012 12
 -1.20  0.25  1.51  2.28  2.38  1.79  0.77 -0.36 -1.27 -1.91 -2.29 -2.22 22102012 00
 -1.45 -0.20  1.06  2.01  2.41  2.17  1.36  0.28 -0.77 -1.60 -2.20 -2.52 22102012 12
 -2.33 -1.46 -0.24  0.92  1.74  2.03  1.72  0.98  0.03 -0.85 -1.51 -1.93 23102012 00
 -2.04 -1.61 -0.62  0.53  1.50  2.05  2.06  1.50  0.60 -0.41 -1.28 -1.95 23102012 12
 -2.40 -2.46 -1.89 -0.81  0.38  1.36  1.88  1.84  1.26  0.39 -0.53 -1.28 24102012 00
 -1.82 -2.10 -1.92 -1.11  0.07  1.18  1.95  2.18  1.80  0.96 -0.08 -1.07 24102012 12
 -1.86 -2.42 -2.62 -2.21 -1.15  0.15  1.30  2.02  2.15  1.66  0.76 -0.31 25102012 00
 -1.24 -1.90 -2.25 -2.13 -1.32 -0.04  1.21  2.12  2.48  2.12  1.17 -0.03 25102012 12
 -1.18 -2.07 -2.68 -2.91 -2.47 -1.25  0.23  1.51  2.31  2.45  1.83  0.75 26102012 00
 -0.47 -1.49 -2.18 -2.53 -2.34 -1.38  0.08  1.45  2.40  2.71  2.19  1.04 26102012 12
 -0.29 -1.50 -2.40 -3.00 -3.17 -2.53 -1.07  0.58  1.87  2.58  2.53  1.63 27102012 00
  0.34 -0.99 -1.98 -2.62 -2.87 -2.44 -1.13  0.57  1.97  2.85  2.98  2.23 27102012 12
  0.97 -0.44 -1.61 -2.40 -2.87 -2.78 -1.76 -0.09  1.56  2.71  3.16  2.72 28102012 00
  1.51  0.08 -1.23 -2.13 -2.67 -2.72 -1.88 -0.24  1.49  2.76  3.36  3.11 28102012 12
  2.01  0.55 -0.89 -1.98 -2.73 -3.04 -2.55 -1.09  0.69  2.17  3.01  3.06 29102012 00
  2.16  0.76 -0.73 -1.92 -2.72 -3.12 -2.81 -1.46  0.39  2.00  3.02  3.27 29102012 12
  2.56  1.21 -0.30 -1.62 -2.52 -3.04 -2.96 -1.87 -0.03  1.74  2.99  3.50 30102012 00
  3.05  1.78  0.28 -1.13 -2.12 -2.77 -2.91 -2.10 -0.38  1.46  2.85  3.54 30102012 12
  3.37  2.28  0.80 -0.67 -1.75 -2.46 -2.71 -2.11 -0.52  1.39  2.94  3.80 31102012 00
  3.82  2.92  1.51 -0.05 -1.32 -2.25 -2.81 -2.63 -1.38  0.42  2.08  3.15 31102012 12
  3.44  2.79  1.51  0.03 -1.25 -2.15 -2.68 -2.60 -1.54  0.22  1.92  3.10 01112012 00
  3.56  3.10  1.88  0.41 -0.95 -1.94 -2.60 -2.77 -2.01 -0.37  1.40  2.75 01112012 12
  3.46  3.32  2.28  0.86 -0.54 -1.58 -2.26 -2.57 -2.09 -0.66  1.10  2.56 02112012 00
  3.42  3.50  2.69  1.32 -0.20 -1.39 -2.20 -2.69 -2.56 -1.51  0.10  1.65 02112012 12
  2.70  3.01  2.48  1.34  0.01 -1.17 -1.99 -2.46 -2.39 -1.44  0.14  1.69 03112012 00
  2.78  3.27  2.94  1.93  0.63 -0.64 -1.58 -2.22 -2.45 -1.91 -0.60  0.94 03112012 12
  2.20  2.87  2.82  2.03  0.87 -0.36 -1.30 -1.92 -2.22 -1.92 -0.81  0.64 04112012 00
  1.93  2.75  2.89  2.30  1.25  0.02 -1.05 -1.83 -2.33 -2.37 -1.70 -0.46 04112012 12
  0.82  1.80  2.24  1.98  1.12  0.04 -0.98 -1.70 -2.15 -2.27 -1.81 -0.71 05112012 00
  0.57  1.61  2.21  2.21  1.57  0.58 -0.47 -1.32 -1.90 -2.22 -2.10 -1.36 05112012 12
 -0.22  0.89  1.69  1.95  1.59  0.79 -0.15 -0.97 -1.52 -1.81 -1.76 -1.21 06112012 00
 -0.22  0.85  1.72  2.19  2.09  1.44  0.49 -0.46 -1.20 -1.71 -2.04 -1.96 06112012 12
 -1.30 -0.29  0.71  1.43  1.67  1.42  0.78 -0.02 -0.77 -1.30 -1.58 -1.53 07112012 00
 -1.05 -0.18  0.80  1.63  2.06  2.01  1.50  0.68 -0.18 -0.88 -1.40 -1.75 07112012 12
 -1.70 -1.11 -0.17  0.82  1.54  1.82  1.64  1.07  0.27 -0.53 -1.16 -1.56 08112012 00
 -1.71 -1.41 -0.60  0.40  1.29  1.84  1.91  1.47  0.71 -0.18 -0.98 -1.57 08112012 12
 -1.94 -1.96 -1.42 -0.38  0.78  1.72  2.21  2.18  1.65  0.82 -0.08 -0.80 09112012 00
 -1.33 -1.61 -1.42 -0.59  0.56  1.65  2.37  2.53  2.10  1.24  0.17 -0.83 09112012 12
 -1.60 -2.13 -2.29 -1.80 -0.68  0.68  1.85  2.47  2.48  1.87  0.86 -0.25 10112012 00
 -1.17 -1.80 -2.13 -1.93 -0.95  0.45  1.75  2.64  2.88  2.38  1.31  0.02 10112012 12
 -1.16 -2.05 -2.67 -2.84 -2.21 -0.79  0.82  2.13  2.84  2.78  1.91  0.63 11112012 00
 -0.73 -1.80 -2.52 -2.87 -2.56 -1.31  0.40  1.91  2.91  3.16  2.49  1.21 11112012 12
 -0.29 -1.61 -2.55 -3.16 -3.19 -2.23 -0.43  1.40  2.77  3.42  3.17  2.03 12112012 00
  0.57 -0.93 -2.06 -2.83 -3.16 -2.61 -1.00  0.97  2.60  3.53  3.63  2.67 12112012 12
  1.15 -0.50 -1.87 -2.85 -3.45 -3.31 -1.99  0.05  1.97  3.29  3.78  3.26 13112012 00
  1.85  0.18 -1.39 -2.51 -3.28 -3.48 -2.55 -0.60  1.53  3.09  3.91  3.77 13112012 12
  2.50  0.82 -0.94 -2.27 -3.23 -3.77 -3.38 -1.75  0.51  2.43  3.60  3.89 14112012 00
  3.06  1.40 -0.39 -1.95 -3.03 -3.78 -3.84 -2.64 -0.47  1.74  3.24  3.87 14112012 12
  3.53  2.05  0.26 -1.47 -2.70 -3.58 -3.95 -3.25 -1.27  1.05  2.86  3.83 15112012 00
  3.88  2.75  0.97 -0.83 -2.28 -3.30 -3.94 -3.74 -2.22  0.09  2.19  3.50 15112012 12
  3.95  3.35  1.73 -0.06 -1.70 -2.81 -3.59 -3.75 -2.72 -0.57  1.66  3.24 16112012 00
  3.99  3.78  2.41  0.65 -1.10 -2.39 -3.34 -3.84 -3.38 -1.68  0.60  2.48 16112012 12
  3.61  3.86  3.01  1.37 -0.35 -1.79 -2.76 -3.40 -3.33 -2.03  0.09  2.09 17112012 00
  3.43  3.97  3.48  2.04  0.37 -1.22 -2.36 -3.18 -3.52 -2.87 -1.17  0.90 17112012 12
  2.53  3.45  3.52  2.53  0.99 -0.61 -1.87 -2.72 -3.21 -2.96 -1.61  0.34 18112012 00
  2.06  3.20  3.57  2.96  1.62  0.06 -1.35 -2.37 -3.08 -3.26 -2.45 -0.75 18112012 12
  1.09  2.49  3.28  3.25  2.35  1.10 -0.29 -1.33 -2.02 -2.33 -1.86 -0.44 19112012 00
  1.26  2.65  3.53  3.65  2.95  1.74  0.31 -0.94 -1.92 -2.61 -2.76 -2.05 19112012 12
 -0.67  0.87  2.11  2.73  2.63  1.83  0.69 -0.47 -1.37 -1.97 -2.20 -1.80 20112012 00
 -0.64  0.79  2.03  2.84  3.03  2.54  1.55  0.34 -0.74 -1.55 -2.10 -2.25 20112012 12
 -1.72 -0.58  0.74  1.84  2.41  2.35  1.72  0.77 -0.27 -1.09 -1.69 -2.03 21112012 00
 -1.85 -0.98  0.24  1.41  2.26  2.56  2.24  1.41  0.33 -0.65 -1.41 -1.97 21112012 12
 -2.21 -1.84 -0.82  0.40  1.52  2.24  2.41  2.03  1.32  0.44 -0.30 -0.85 22112012 00
 -1.16 -1.11 -0.49  0.61  1.74  2.51  2.79  2.49  1.76  0.79 -0.24 -1.10 22112012 12
 -1.74 -2.04 -1.77 -0.90  0.26  1.41  2.21  2.44  2.07  1.29  0.31 -0.59 23112012 00
 -1.29 -1.77 -1.90 -1.42 -0.36  0.82  1.82  2.36  2.29  1.66  0.70 -0.33 23112012 12
 -1.20 -1.87 -2.24 -2.09 -1.25 -0.01  1.20  2.05  2.34  1.98  1.12  0.05 24112012 00
 -0.93 -1.66 -2.14 -2.23 -1.66 -0.47  0.84  1.90  2.47  2.39  1.67  0.60 24112012 12
 -0.51 -1.41 -2.03 -2.34 -2.08 -1.06  0.36  1.66  2.52  2.76  2.27  1.24 25112012 00
  0.01 -1.07 -1.85 -2.29 -2.25 -1.45 -0.07  1.31  2.31  2.71  2.36  1.41 25112012 12
  0.21 -0.94 -1.81 -2.41 -2.63 -2.17 -0.95  0.54  1.80  2.50  2.45  1.62 26112012 00
  0.41 -0.83 -1.83 -2.52 -2.90 -2.69 -1.67 -0.14  1.25  2.17  2.41  1.86 26112012 12
  0.69 -0.60 -1.73 -2.50 -2.98 -2.98 -2.19 -0.67  0.89  2.02  2.53  2.21 27112012 00
  1.10 -0.27 -1.55 -2.47 -3.05 -3.22 -2.65 -1.25  0.44  1.76  2.52  2.51 27112012 12
  1.65  0.33 -1.02 -2.08 -2.75 -3.01 -2.60 -1.31  0.38  1.84  2.75  2.92 28112012 00
  2.19  0.90 -0.53 -1.75 -2.58 -3.06 -2.96 -1.94 -0.26  1.33  2.45  2.87 28112012 12
  2.41  1.19 -0.21 -1.52 -2.43 -2.96 -2.97 -2.10 -0.47  1.25  2.48  3.09 29112012 00
  2.87  1.79  0.38 -1.04 -2.10 -2.80 -3.08 -2.57 -1.14  0.60  2.05  2.88 29112012 12
  2.93  2.07  0.71 -0.73 -1.87 -2.61 -2.96 -2.62 -1.31  0.47  1.99  2.98 30112012 00
  3.21  2.53  1.24 -0.24 -1.53 -2.44 -3.00 -2.99 -2.05 -0.38  1.29  2.48 30112012 12
  3.00  2.65  1.51  0.10 -1.24 -2.16 -2.72 -2.83 -2.09 -0.52  1.18  2.47 01122012 00
  3.13  2.98  1.97  0.59 -0.85 -1.94 -2.69 -3.07 -2.71 -1.40  0.30  1.77 01122012 12
  2.67  2.81  2.08  0.80 -0.60 -1.74 -2.48 -2.87 -2.63 -1.48  0.22  1.75 02122012 00
  2.77  3.11  2.58  1.39 -0.03 -1.31 -2.23 -2.82 -2.92 -2.20 -0.72  0.88 02122012 12
  2.12  2.77  2.65  1.75  0.49 -0.78 -1.70 -2.28 -2.45 -1.87 -0.52  1.06 03122012 00
  2.32  3.01  2.97  2.17  0.91 -0.41 -1.46 -2.20 -2.62 -2.44 -1.44  0.05 03122012 12
  1.47  2.45  2.73  2.22  1.12 -0.13 -1.20 -1.93 -2.38 -2.38 -1.61 -0.19 04122012 00
  1.25  2.29  2.74  2.46  1.50  0.25 -0.95 -1.83 -2.43 -2.71 -2.37 -1.26 04122012 12
  0.12  1.33  2.07  2.14  1.48  0.39 -0.76 -1.69 -2.28 -2.55 -2.32 -1.40 05122012 00
 -0.06  1.19  2.05  2.33  1.89  0.92 -0.24 -1.30 -2.05 -2.52 -2.64 -2.11 05122012 12
 -0.96  0.35  1.43  2.02  2.01  1.38  0.43 -0.58 -1.35 -1.81 -1.92 -1.51 06122012 00
 -0.49  0.80  1.91  2.64  2.82  2.42  1.54  0.49 -0.46 -1.15 -1.66 -1.79 06122012 12
 -1.28 -0.29  0.81  1.76  2.24  2.08  1.36  0.34 -0.68 -1.42 -1.87 -2.04 07122012 00
 -1.79 -1.02  0.08  1.14  1.84  2.01  1.58  0.69 -0.34 -1.26 -1.98 -2.47 07122012 12
 -2.66 -2.27 -1.23  0.05  1.16  1.80  1.88  1.37  0.49 -0.48 -1.27 -1.82 08122012 00
 -2.12 -2.00 -1.26 -0.07  1.08  1.90  2.21  1.91  1.09  0.05 -0.96 -1.74 08122012 12
 -2.25 -2.44 -2.06 -1.01  0.33  1.55  2.32  2.45  1.94  0.96 -0.15 -1.07 09122012 00
 -1.73 -2.15 -2.13 -1.41 -0.18  1.10  2.11  2.55  2.30  1.42  0.25 -0.92 09122012 12
 -1.83 -2.49 -2.82 -2.51 -1.38  0.11  1.46  2.37  2.64  2.12  1.04 -0.22 10122012 00
 -1.35 -2.16 -2.67 -2.69 -1.92 -0.48  1.05  2.23  2.80  2.59  1.63  0.31 10122012 12
 -1.04 -2.09 -2.82 -3.16 -2.81 -1.51  0.22  1.77  2.76  3.03  2.42  1.15 11122012 00
 -0.29 -1.58 -2.49 -3.06 -3.07 -2.14 -0.43  1.33  2.62  3.25  3.00  1.86 11122012 12
  0.40 -1.09 -2.20 -2.98 -3.34 -2.85 -1.29  0.69  2.34  3.33  3.53  2.71 12122012 00
  1.28 -0.32 -1.67 -2.63 -3.24 -3.18 -2.00 -0.02  1.87  3.22  3.77  3.35 12122012 12
  2.02  0.39 -1.19 -2.35 -3.17 -3.46 -2.73 -0.91  1.23  2.88  3.80  3.83 13122012 00
  2.74  1.12 -0.62 -2.00 -3.00 -3.63 -3.45 -2.02  0.12  2.11  3.43  3.89 13122012 12
  3.31  1.81  0.08 -1.51 -2.62 -3.37 -3.49 -2.41 -0.29  1.88  3.46  4.25 14122012 00
  4.03  2.70  0.99 -0.76 -2.05 -2.99 -3.48 -2.97 -1.16  1.16  3.08  4.20 14122012 12
  4.46  3.52  1.95  0.19 -1.30 -2.40 -3.13 -3.09 -1.78  0.39  2.49  3.92 15122012 00
  4.50  3.95  2.45  0.68 -0.99 -2.23 -3.17 -3.61 -2.97 -1.15  1.09  2.87 15122012 12
  3.84  3.91  2.85  1.21 -0.51 -1.87 -2.81 -3.38 -3.11 -1.55  0.66  2.60 16122012 00
  3.83  4.22  3.48  1.94  0.19 -1.37 -2.48 -3.30 -3.54 -2.65 -0.72  1.38 16122012 12
  2.96  3.75  3.63  2.45  0.85 -0.77 -1.96 -2.78 -3.15 -2.63 -0.98  1.08 17122012 00
  2.78  3.76  3.90  2.98  1.47 -0.20 -1.59 -2.61 -3.30 -3.38 -2.40 -0.58 17122012 12
  1.27  2.63  3.19  2.85  1.61  0.09 -1.34 -2.34 -3.00 -3.18 -2.45 -0.80 18122012 00
  1.06  2.46  3.26  3.24  2.27  0.86 -0.65 -1.85 -2.71 -3.22 -3.10 -2.00 18122012 12
 -0.31  1.29  2.41  2.84  2.43  1.32  0.03 -1.21 -2.09 -2.63 -2.64 -1.84 19122012 00
 -0.36  1.16  2.31  2.90  2.76  1.89  0.66 -0.61 -1.61 -2.34 -2.74 -2.51 19122012 12
 -1.47 -0.02  1.36  2.27  2.50  2.00  1.02 -0.11 -1.10 -1.80 -2.23 -2.20 20122012 00
 -1.44 -0.11  1.21  2.22  2.71  2.53  1.76  0.68 -0.42 -1.29 -1.92 -2.25 20122012 12
 -2.05 -1.16  0.09  1.27  2.04  2.23  1.85  1.04  0.05 -0.82 -1.46 -1.84 21122012 00
 -1.86 -1.32 -0.28  0.85  1.75  2.20  2.07  1.43  0.50 -0.45 -1.22 -1.77 21122012 12
 -2.08 -1.92 -1.13 -0.04  0.99  1.72  2.00  1.76  1.09  0.22 -0.58 -1.18 22122012 00
 -1.52 -1.52 -1.01 -0.03  1.02  1.88  2.37  2.34  1.84  1.06  0.18 -0.60 22122012 12
 -1.19 -1.54 -1.45 -0.76  0.29  1.38  2.21  2.54  2.29  1.59  0.75 -0.02 23122012 00
 -0.68 -1.24 -1.47 -1.14 -0.37  0.57  1.48  2.04  2.04  1.53  0.69 -0.26 23122012 12
 -1.05 -1.59 -1.94 -1.89 -1.21 -0.11  1.02  1.86  2.21  2.04  1.39  0.49 24122012 00
 -0.42 -1.12 -1.59 -1.73 -1.33 -0.33  0.84  1.86  2.48  2.51  1.94  1.02 24122012 12
 -0.01 -0.87 -1.48 -1.85 -1.75 -0.95  0.28  1.47  2.33  2.63  2.30  1.47 25122012 00
  0.41 -0.62 -1.41 -1.93 -2.07 -1.55 -0.41  0.88  1.98  2.56  2.47  1.75 25122012 12
  0.67 -0.46 -1.31 -1.87 -2.12 -1.83 -0.82  0.58  1.85  2.67  2.79  2.17 26122012 00
  1.10 -0.13 -1.15 -1.85 -2.23 -2.06 -1.13  0.18  1.49  2.48  2.87  2.55 26122012 12
  1.60  0.38 -0.77 -1.66 -2.21 -2.31 -1.64 -0.19  1.42  2.63  3.21  3.01 27122012 00
  2.03  0.70 -0.67 -1.78 -2.60 -3.08 -2.91 -1.83 -0.22  1.29  2.32  2.61 27122012 12
  2.08  0.92 -0.39 -1.53 -2.25 -2.62 -2.39 -1.26  0.44  1.98  2.99  3.37 28122012 00
  2.91  1.80  0.38 -0.91 -1.85 -2.47 -2.57 -1.76 -0.19  1.50  2.82  3.50 28122012 12
  3.36  2.44  1.15 -0.19 -1.22 -1.91 -2.18 -1.63 -0.22  1.48  2.87  3.61 29122012 00
  3.53  2.61  1.26 -0.19 -1.38 -2.25 -2.77 -2.60 -1.39  0.40  2.08  3.17 29122012 12
  3.44  2.79  1.51  0.06 -1.16 -1.98 -2.48 -2.45 -1.44  0.32  2.06  3.28 30122012 00
  3.80  3.36  2.12  0.62 -0.80 -1.85 -2.59 -2.89 -2.25 -0.69  1.11  2.56 30122012 12
  3.34  3.27  2.36  1.02 -0.39 -1.47 -2.15 -2.39 -1.79 -0.28  1.51  3.00 31122012 00
  3.90  3.93  3.01  1.54 -0.05 -1.34 -2.30 -2.93 -2.86 -1.78 -0.04  1.69 31122012 12
