Parameter Z: CS3 Location ( 52, 86) Lat 53.500 Lon -3.417
  0.09  0.15  0.12  0.06  0.02  0.04  0.12  0.17  0.18  0.16  0.16  0.21 01012003 00
  0.26  0.23  0.22  0.25  0.29  0.35  0.42  0.42  0.37  0.38  0.34  0.28 01012003 12
  0.27  0.25  0.22  0.25  0.23  0.17  0.15  0.16  0.20  0.24  0.24  0.27 02012003 00
  0.29  0.30  0.26  0.23  0.24  0.25  0.25  0.26  0.25  0.27  0.26  0.25 02012003 12
  0.20  0.17  0.15  0.14  0.14  0.10  0.04 -0.01  0.01  0.05  0.06  0.03 03012003 00
  0.00 -0.03 -0.01  0.03  0.04  0.03  0.03  0.02  0.03  0.05  0.05  0.02 03012003 12
  0.01 -0.03 -0.05 -0.05 -0.06 -0.08 -0.10 -0.14 -0.16 -0.14 -0.13 -0.11 04012003 00
 -0.09 -0.09 -0.09 -0.08 -0.07 -0.09 -0.09 -0.07 -0.06 -0.05 -0.03 -0.03 04012003 12
 -0.03 -0.03 -0.05 -0.06 -0.06 -0.07 -0.06 -0.06 -0.06 -0.06 -0.06 -0.04 05012003 00
 -0.03 -0.01  0.00  0.00  0.01  0.01  0.02  0.03  0.04  0.04  0.03  0.01 05012003 12
 -0.01 -0.01 -0.02 -0.03 -0.03 -0.04 -0.03 -0.03 -0.03 -0.04 -0.05 -0.06 06012003 00
 -0.06 -0.05 -0.04 -0.04 -0.07 -0.08 -0.10 -0.10 -0.08 -0.08 -0.10 -0.12 06012003 12
 -0.13 -0.12 -0.12 -0.13 -0.13 -0.14 -0.14 -0.13 -0.12 -0.09 -0.05 -0.03 07012003 00
 -0.04 -0.06 -0.04 -0.02 -0.00 -0.00 -0.02 -0.03 -0.03 -0.02 -0.01 -0.01 07012003 12
 -0.02 -0.05 -0.07 -0.06 -0.06 -0.04 -0.01  0.02  0.05  0.08  0.09  0.05 08012003 00
  0.02 -0.00  0.01  0.02  0.01 -0.02 -0.04 -0.05 -0.05 -0.06 -0.09 -0.15 08012003 12
 -0.21 -0.24 -0.26 -0.25 -0.25 -0.27 -0.31 -0.28 -0.25 -0.23 -0.21 -0.23 09012003 00
 -0.25 -0.25 -0.25 -0.20 -0.21 -0.24 -0.27 -0.25 -0.22 -0.21 -0.21 -0.24 09012003 12
 -0.29 -0.28 -0.25 -0.23 -0.18 -0.18 -0.19 -0.20 -0.18 -0.19 -0.19 -0.17 10012003 00
 -0.18 -0.21 -0.21 -0.21 -0.21 -0.21 -0.20 -0.20 -0.18 -0.18 -0.17 -0.17 10012003 12
 -0.18 -0.23 -0.25 -0.26 -0.25 -0.23 -0.24 -0.23 -0.23 -0.22 -0.22 -0.21 11012003 00
 -0.19 -0.19 -0.21 -0.21 -0.23 -0.21 -0.22 -0.22 -0.21 -0.20 -0.21 -0.20 11012003 12
 -0.19 -0.18 -0.19 -0.18 -0.18 -0.16 -0.12 -0.10 -0.11 -0.11 -0.07 -0.04 12012003 00
 -0.01  0.03  0.03  0.02  0.02  0.04  0.05  0.07  0.08  0.10  0.08  0.06 12012003 12
  0.05  0.04  0.01 -0.01 -0.04 -0.06 -0.05 -0.04 -0.02 -0.04 -0.05 -0.03 13012003 00
 -0.00  0.03  0.04  0.03  0.03  0.03  0.05  0.09  0.12  0.15  0.17  0.17 13012003 12
  0.15  0.11  0.09  0.06  0.04  0.01 -0.01 -0.00  0.00  0.04  0.05  0.09 14012003 00
  0.11  0.12  0.15  0.21  0.26  0.31  0.28  0.26  0.25  0.29  0.28  0.29 14012003 12
  0.31  0.34  0.34  0.36  0.41  0.51  0.51  0.44  0.35  0.32  0.34  0.31 15012003 00
  0.23  0.19  0.21  0.20  0.20  0.14  0.11  0.07  0.13  0.18  0.21  0.17 15012003 12
  0.16  0.10  0.07  0.05  0.02 -0.06 -0.10 -0.11 -0.07 -0.03  0.01  0.05 16012003 00
  0.05  0.03  0.02  0.03  0.06  0.10  0.16  0.23  0.26  0.27  0.27  0.33 16012003 12
  0.43  0.51  0.51  0.49  0.52  0.65  0.83  0.89  0.75  0.63  0.49  0.39 17012003 00
  0.31  0.23  0.11  0.15  0.14  0.08  0.06  0.12  0.15  0.19  0.20  0.19 17012003 12
  0.19  0.19  0.17  0.14  0.13  0.10  0.05 -0.00 -0.02 -0.00  0.02  0.02 18012003 00
  0.06  0.11  0.13  0.12  0.13  0.15  0.16  0.21  0.28  0.31  0.23  0.20 18012003 12
  0.18  0.16  0.19  0.17  0.19  0.22  0.21  0.21  0.21  0.18  0.21  0.23 19012003 00
  0.22  0.22  0.25  0.26  0.26  0.25  0.22  0.19  0.19  0.19  0.20  0.18 19012003 12
  0.16  0.17  0.19  0.18  0.18  0.23  0.28  0.35  0.49  0.57  0.53  0.50 20012003 00
  0.43  0.36  0.40  0.35  0.25  0.31  0.37  0.38  0.42  0.49  0.52  0.49 20012003 12
  0.49  0.41  0.37  0.44  0.40  0.38  0.37  0.33  0.32  0.36  0.35  0.34 21012003 00
  0.34  0.31  0.31  0.36  0.32  0.30  0.32  0.34  0.34  0.35  0.37  0.32 21012003 12
  0.34  0.32  0.29  0.28  0.30  0.26  0.27  0.27  0.24  0.21  0.20  0.20 22012003 00
  0.20  0.22  0.21  0.19  0.22  0.16  0.14  0.17  0.15  0.10  0.02 -0.04 22012003 12
 -0.04 -0.04 -0.06 -0.07 -0.09 -0.11 -0.11 -0.11 -0.10 -0.09 -0.08 -0.10 23012003 00
 -0.11 -0.10 -0.10 -0.09 -0.09 -0.09 -0.08 -0.09 -0.10 -0.09 -0.09 -0.07 23012003 12
 -0.04 -0.02 -0.01  0.01  0.02  0.03  0.04  0.06  0.06  0.05  0.03  0.03 24012003 00
  0.00 -0.03 -0.04 -0.05 -0.06 -0.06 -0.04 -0.03 -0.01 -0.01 -0.02  0.01 24012003 12
  0.03  0.05  0.08  0.10  0.10  0.16  0.27  0.29  0.24  0.20  0.16  0.09 25012003 00
  0.08  0.05 -0.01 -0.01 -0.05 -0.04 -0.06 -0.07 -0.09 -0.08 -0.08 -0.09 25012003 12
 -0.13 -0.18 -0.22 -0.22 -0.20 -0.14 -0.07 -0.00  0.05  0.09  0.08  0.09 26012003 00
  0.09  0.06  0.05  0.04  0.02 -0.02 -0.04 -0.09 -0.12 -0.14 -0.13 -0.12 26012003 12
 -0.13 -0.16 -0.18 -0.21 -0.19 -0.14 -0.11 -0.09 -0.07 -0.07 -0.04 -0.02 27012003 00
  0.00  0.01  0.02  0.03  0.05  0.11  0.17  0.15  0.15  0.21  0.21  0.24 27012003 12
  0.23  0.20  0.17  0.12  0.12  0.08  0.09  0.12  0.15  0.13  0.17  0.19 28012003 00
  0.19  0.23  0.38  0.44  0.33  0.17  0.16  0.22  0.16  0.12  0.03 -0.02 28012003 12
  0.01 -0.06 -0.12 -0.15 -0.16 -0.22 -0.30 -0.37 -0.33 -0.27 -0.28 -0.31 29012003 00
 -0.32 -0.28 -0.27 -0.25 -0.25 -0.33 -0.34 -0.28 -0.24 -0.20 -0.18 -0.18 29012003 12
 -0.16 -0.07 -0.03  0.01  0.08  0.08  0.00 -0.06 -0.11 -0.08 -0.10 -0.22 30012003 00
 -0.25 -0.27 -0.27 -0.31 -0.40 -0.49 -0.62 -0.66 -0.59 -0.49 -0.41 -0.34 30012003 12
 -0.31 -0.30 -0.21 -0.23 -0.26 -0.21 -0.15 -0.13 -0.14 -0.13 -0.13 -0.15 31012003 00
 -0.18 -0.20 -0.19 -0.20 -0.20 -0.19 -0.17 -0.13 -0.06 -0.03  0.03  0.10 31012003 12
  0.13  0.15  0.15  0.14  0.13  0.14  0.13  0.08  0.03  0.01  0.00 -0.04 01022003 00
 -0.09 -0.10 -0.08 -0.05 -0.04 -0.04 -0.02  0.01  0.08  0.13  0.16  0.17 01022003 12
  0.21  0.25  0.28  0.26  0.29  0.35  0.38  0.35  0.34  0.30  0.29  0.29 02022003 00
  0.27  0.27  0.35  0.35  0.36  0.41  0.43  0.39  0.39  0.40  0.40  0.43 02022003 12
  0.41  0.41  0.41  0.37  0.33  0.39  0.45  0.47  0.49  0.47  0.37  0.31 03022003 00
  0.28  0.24  0.27  0.30  0.26  0.28  0.28  0.25  0.21  0.20  0.22  0.24 03022003 12
  0.26  0.29  0.31  0.24  0.16  0.18  0.23  0.24  0.20  0.22  0.24  0.19 04022003 00
  0.14  0.11  0.07  0.08  0.06  0.03  0.04  0.04  0.02  0.03  0.07  0.07 04022003 12
  0.05  0.08  0.09  0.07  0.05  0.02  0.01  0.04  0.07  0.06  0.02  0.00 05022003 00
  0.01  0.01  0.01  0.00 -0.02 -0.03 -0.04 -0.05 -0.05 -0.06 -0.07 -0.06 05022003 12
 -0.05 -0.03 -0.02 -0.02 -0.02  0.00  0.04  0.07  0.10  0.12  0.15  0.17 06022003 00
  0.15  0.12  0.11  0.08  0.10  0.12  0.10  0.12  0.12  0.09  0.07  0.08 06022003 12
  0.09  0.09  0.06  0.05  0.04  0.01 -0.02 -0.02 -0.02 -0.02 -0.04 -0.04 07022003 00
 -0.04 -0.03 -0.02 -0.02  0.02  0.02  0.04  0.07  0.08  0.08  0.08  0.10 07022003 12
  0.10  0.10  0.10  0.10  0.11  0.10  0.11  0.11  0.12  0.12  0.12  0.15 08022003 00
  0.18  0.17  0.17  0.14  0.16  0.18  0.21  0.19  0.19  0.18  0.16  0.13 08022003 12
  0.11  0.06  0.06  0.11  0.13  0.10  0.08  0.06  0.05  0.08  0.08  0.03 09022003 00
  0.00 -0.02 -0.04 -0.04 -0.05 -0.07 -0.07 -0.08 -0.08 -0.08 -0.10 -0.12 09022003 12
 -0.13 -0.13 -0.11 -0.11 -0.10 -0.09 -0.07 -0.02  0.03  0.04  0.06  0.10 10022003 00
  0.18  0.26  0.31  0.30  0.27  0.30  0.32  0.35  0.32  0.26  0.21  0.16 10022003 12
  0.12  0.07  0.02 -0.05 -0.05 -0.05 -0.07 -0.11 -0.11 -0.09 -0.09 -0.10 11022003 00
 -0.10 -0.13 -0.15 -0.16 -0.18 -0.19 -0.20 -0.20 -0.19 -0.19 -0.19 -0.18 11022003 12
 -0.17 -0.17 -0.15 -0.14 -0.11 -0.13 -0.12 -0.09 -0.08 -0.09 -0.11 -0.15 12022003 00
 -0.17 -0.18 -0.18 -0.20 -0.26 -0.27 -0.24 -0.20 -0.20 -0.20 -0.20 -0.19 12022003 12
 -0.19 -0.17 -0.15 -0.14 -0.18 -0.18 -0.16 -0.16 -0.14 -0.17 -0.18 -0.17 13022003 00
 -0.15 -0.15 -0.16 -0.18 -0.19 -0.21 -0.19 -0.17 -0.16 -0.13 -0.13 -0.13 13022003 12
 -0.13 -0.13 -0.15 -0.14 -0.10 -0.12 -0.16 -0.17 -0.17 -0.15 -0.14 -0.15 14022003 00
 -0.17 -0.18 -0.19 -0.20 -0.21 -0.22 -0.25 -0.27 -0.27 -0.26 -0.25 -0.26 14022003 12
 -0.26 -0.24 -0.21 -0.21 -0.23 -0.24 -0.27 -0.27 -0.24 -0.23 -0.21 -0.21 15022003 00
 -0.20 -0.21 -0.20 -0.22 -0.23 -0.23 -0.27 -0.30 -0.31 -0.28 -0.27 -0.26 15022003 12
 -0.26 -0.24 -0.22 -0.22 -0.24 -0.22 -0.18 -0.16 -0.13 -0.15 -0.14 -0.11 16022003 00
 -0.11 -0.12 -0.12 -0.13 -0.15 -0.15 -0.14 -0.16 -0.18 -0.19 -0.18 -0.17 16022003 12
 -0.18 -0.19 -0.19 -0.15 -0.16 -0.18 -0.18 -0.18 -0.23 -0.23 -0.24 -0.23 17022003 00
 -0.21 -0.21 -0.24 -0.22 -0.24 -0.25 -0.23 -0.20 -0.20 -0.20 -0.21 -0.23 17022003 12
 -0.21 -0.16 -0.15 -0.15 -0.12 -0.11 -0.10 -0.07 -0.06 -0.08 -0.09 -0.06 18022003 00
 -0.05 -0.03 -0.01 -0.00 -0.01 -0.04 -0.05 -0.03 -0.01 -0.01 -0.02 -0.03 18022003 12
 -0.04 -0.07 -0.09 -0.09 -0.05 -0.03 -0.03 -0.02 -0.00  0.00 -0.01 -0.02 19022003 00
 -0.02 -0.02 -0.01 -0.02 -0.02 -0.02 -0.00  0.01 -0.00 -0.03 -0.04 -0.03 19022003 12
 -0.00  0.00  0.01 -0.02 -0.05 -0.04 -0.03 -0.02 -0.01 -0.02 -0.03 -0.02 20022003 00
 -0.00 -0.01 -0.03 -0.02 -0.01 -0.01 -0.01 -0.00  0.01  0.02  0.02 -0.00 20022003 12
 -0.01  0.00 -0.00 -0.00 -0.01 -0.03 -0.04 -0.02 -0.01 -0.00  0.01  0.01 21022003 00
  0.01  0.00 -0.01 -0.04 -0.05 -0.06 -0.05 -0.05 -0.04 -0.05 -0.06 -0.06 21022003 12
 -0.06 -0.08 -0.09 -0.09 -0.10 -0.11 -0.10 -0.11 -0.11 -0.12 -0.13 -0.13 22022003 00
 -0.13 -0.14 -0.14 -0.13 -0.13 -0.13 -0.13 -0.13 -0.14 -0.13 -0.08 -0.01 22022003 12
  0.03  0.04  0.01  0.01  0.05  0.09  0.11  0.09  0.10  0.15  0.20  0.21 23022003 00
  0.18  0.14  0.09  0.09  0.08  0.07  0.09  0.10  0.10  0.10  0.07  0.01 23022003 12
 -0.03 -0.08 -0.11 -0.13 -0.14 -0.14 -0.15 -0.16 -0.15 -0.14 -0.14 -0.13 24022003 00
 -0.12 -0.14 -0.14 -0.13 -0.12 -0.09 -0.07 -0.07 -0.08 -0.08 -0.11 -0.11 24022003 12
 -0.08 -0.05 -0.03 -0.04 -0.07 -0.06 -0.05 -0.02  0.01  0.03  0.03  0.01 25022003 00
  0.01  0.02  0.01  0.00 -0.00 -0.01 -0.01 -0.00 -0.00 -0.01 -0.01  0.00 25022003 12
  0.02  0.04  0.06  0.04  0.03  0.03  0.01 -0.01 -0.01  0.01  0.06  0.09 26022003 00
  0.07  0.03  0.01  0.01  0.03  0.04  0.04  0.03  0.04  0.04  0.06  0.09 26022003 12
  0.11  0.12  0.10  0.08  0.06  0.05  0.03  0.05  0.05  0.04  0.04  0.04 27022003 00
  0.04  0.03  0.03  0.03  0.04  0.06  0.06  0.06  0.06  0.07  0.07  0.09 27022003 12
  0.11  0.11  0.11  0.10  0.09  0.08  0.10  0.10  0.09  0.06  0.06  0.07 28022003 00
  0.08  0.07  0.07  0.09  0.13  0.18  0.22  0.22  0.24  0.26  0.24  0.23 28022003 12
  0.18  0.16  0.13  0.12  0.12  0.11  0.12  0.15  0.16  0.17  0.14  0.12 01032003 00
  0.09  0.07  0.05  0.09  0.11  0.09  0.11  0.14  0.14  0.12  0.15  0.14 01032003 12
  0.13  0.11  0.08  0.07  0.08  0.08  0.06  0.05  0.05  0.05  0.05  0.04 02032003 00
  0.04  0.04  0.04  0.04  0.04  0.03  0.03  0.04  0.05  0.05  0.04  0.04 02032003 12
  0.03  0.03  0.03  0.02  0.01  0.01 -0.00 -0.00  0.02  0.04  0.04  0.02 03032003 00
  0.01 -0.01 -0.02 -0.01 -0.01 -0.03 -0.03 -0.01  0.03  0.04  0.02  0.01 03032003 12
  0.01  0.03  0.06  0.08  0.09  0.10  0.12  0.17  0.23  0.27  0.26  0.24 04032003 00
  0.20  0.20  0.23  0.24  0.23  0.25  0.26  0.24  0.27  0.34  0.33  0.31 04032003 12
  0.28  0.21  0.20  0.21  0.14  0.14  0.10  0.04  0.03  0.08  0.11  0.12 05032003 00
  0.11  0.09  0.10  0.14  0.15  0.16  0.16  0.16  0.16  0.16  0.11  0.09 05032003 12
  0.06  0.03  0.03  0.03  0.03  0.03  0.05  0.06  0.05  0.06  0.06  0.05 06032003 00
  0.05  0.05  0.06  0.06  0.05  0.04  0.04  0.05  0.04  0.04  0.06  0.07 06032003 12
  0.08  0.10  0.10  0.12  0.16  0.17  0.17  0.21  0.26  0.34  0.36  0.32 07032003 00
  0.29  0.26  0.21  0.22  0.24  0.22  0.25  0.30  0.33  0.37  0.42  0.41 07032003 12
  0.41  0.41  0.27  0.19  0.18  0.13  0.06  0.03  0.02  0.09  0.23  0.32 08032003 00
  0.32  0.30  0.26  0.29  0.38  0.43  0.43  0.44  0.41  0.38  0.34  0.31 08032003 12
  0.26  0.28  0.26  0.26  0.26  0.31  0.31  0.34  0.37  0.40  0.41  0.47 09032003 00
  0.46  0.42  0.37  0.35  0.38  0.47  0.41  0.36  0.32  0.26  0.22  0.30 09032003 12
  0.34  0.31  0.30  0.29  0.33  0.35  0.35  0.34  0.42  0.44  0.44  0.48 10032003 00
  0.47  0.36  0.29  0.24  0.28  0.30  0.28  0.25  0.30  0.33  0.35  0.35 10032003 12
  0.41  0.41  0.40  0.34  0.36  0.38  0.40  0.36  0.34  0.35  0.33  0.30 11032003 00
  0.25  0.18  0.11  0.13  0.20  0.16  0.07  0.08  0.15  0.18  0.12  0.03 11032003 12
 -0.07 -0.14 -0.21 -0.27 -0.34 -0.39 -0.40 -0.42 -0.44 -0.42 -0.41 -0.41 12032003 00
 -0.36 -0.35 -0.33 -0.30 -0.30 -0.27 -0.25 -0.20 -0.21 -0.20 -0.21 -0.21 12032003 12
 -0.22 -0.22 -0.26 -0.26 -0.30 -0.30 -0.29 -0.29 -0.26 -0.26 -0.25 -0.23 13032003 00
 -0.22 -0.21 -0.21 -0.26 -0.25 -0.25 -0.25 -0.25 -0.24 -0.22 -0.21 -0.21 13032003 12
 -0.21 -0.22 -0.23 -0.23 -0.27 -0.25 -0.25 -0.22 -0.21 -0.18 -0.19 -0.18 14032003 00
 -0.18 -0.19 -0.18 -0.18 -0.22 -0.28 -0.29 -0.29 -0.24 -0.23 -0.21 -0.19 14032003 12
 -0.15 -0.14 -0.12 -0.12 -0.13 -0.19 -0.21 -0.22 -0.22 -0.21 -0.22 -0.24 15032003 00
 -0.24 -0.24 -0.25 -0.25 -0.24 -0.25 -0.26 -0.26 -0.25 -0.24 -0.24 -0.22 15032003 12
 -0.22 -0.20 -0.20 -0.22 -0.22 -0.22 -0.27 -0.28 -0.26 -0.26 -0.27 -0.27 16032003 00
 -0.27 -0.26 -0.25 -0.26 -0.26 -0.25 -0.27 -0.28 -0.28 -0.28 -0.25 -0.23 16032003 12
 -0.23 -0.22 -0.21 -0.21 -0.23 -0.23 -0.24 -0.26 -0.26 -0.26 -0.26 -0.24 17032003 00
 -0.24 -0.27 -0.24 -0.25 -0.25 -0.23 -0.23 -0.26 -0.26 -0.26 -0.28 -0.26 17032003 12
 -0.22 -0.24 -0.24 -0.23 -0.25 -0.25 -0.24 -0.27 -0.28 -0.28 -0.26 -0.25 18032003 00
 -0.20 -0.20 -0.21 -0.17 -0.19 -0.19 -0.16 -0.18 -0.19 -0.21 -0.20 -0.20 18032003 12
 -0.20 -0.18 -0.20 -0.18 -0.19 -0.20 -0.19 -0.17 -0.19 -0.18 -0.19 -0.20 19032003 00
 -0.19 -0.15 -0.17 -0.16 -0.16 -0.17 -0.17 -0.16 -0.17 -0.18 -0.16 -0.17 19032003 12
 -0.18 -0.15 -0.14 -0.16 -0.13 -0.14 -0.14 -0.13 -0.15 -0.14 -0.16 -0.15 20032003 00
 -0.15 -0.14 -0.14 -0.16 -0.15 -0.16 -0.16 -0.15 -0.16 -0.19 -0.20 -0.19 20032003 12
 -0.19 -0.19 -0.16 -0.17 -0.16 -0.14 -0.15 -0.15 -0.15 -0.15 -0.16 -0.14 21032003 00
 -0.15 -0.15 -0.12 -0.12 -0.13 -0.11 -0.11 -0.11 -0.11 -0.13 -0.13 -0.13 21032003 12
 -0.11 -0.11 -0.11 -0.10 -0.11 -0.09 -0.09 -0.10 -0.09 -0.07 -0.07 -0.07 22032003 00
 -0.07 -0.09 -0.08 -0.06 -0.07 -0.07 -0.07 -0.08 -0.07 -0.07 -0.07 -0.07 22032003 12
 -0.08 -0.07 -0.08 -0.08 -0.09 -0.11 -0.09 -0.09 -0.11 -0.11 -0.11 -0.12 23032003 00
 -0.12 -0.13 -0.13 -0.11 -0.09 -0.10 -0.09 -0.09 -0.07 -0.05 -0.02 -0.01 23032003 12
 -0.01 -0.02 -0.02 -0.02 -0.03 -0.03 -0.02 -0.01 -0.00  0.00  0.00 -0.01 24032003 00
 -0.02 -0.03 -0.04 -0.06 -0.07 -0.07 -0.07 -0.07 -0.07 -0.08 -0.08 -0.08 24032003 12
 -0.08 -0.09 -0.09 -0.10 -0.10 -0.10 -0.09 -0.09 -0.08 -0.09 -0.09 -0.08 25032003 00
 -0.08 -0.09 -0.10 -0.10 -0.09 -0.09 -0.08 -0.09 -0.09 -0.09 -0.10 -0.10 25032003 12
 -0.10 -0.11 -0.12 -0.12 -0.11 -0.10 -0.10 -0.09 -0.09 -0.08 -0.07 -0.06 26032003 00
 -0.06 -0.06 -0.08 -0.09 -0.09 -0.08 -0.07 -0.08 -0.07 -0.07 -0.06 -0.06 26032003 12
 -0.07 -0.08 -0.07 -0.07 -0.06 -0.06 -0.06 -0.07 -0.08 -0.07 -0.06 -0.07 27032003 00
 -0.07 -0.08 -0.09 -0.09 -0.10 -0.09 -0.09 -0.09 -0.09 -0.07 -0.06 -0.04 27032003 12
 -0.03 -0.03 -0.04 -0.05 -0.06 -0.08 -0.07 -0.06 -0.06 -0.06 -0.05 -0.04 28032003 00
 -0.03 -0.04 -0.04 -0.04 -0.03 -0.01  0.01  0.02  0.02  0.03  0.02  0.01 28032003 12
 -0.01 -0.02 -0.01 -0.00 -0.01 -0.03 -0.05 -0.03 -0.02 -0.03 -0.05 -0.05 29032003 00
 -0.06 -0.06 -0.06 -0.06 -0.07 -0.07 -0.08 -0.08 -0.07 -0.07 -0.06 -0.06 29032003 12
 -0.06 -0.05 -0.04 -0.05 -0.06 -0.07 -0.09 -0.12 -0.11 -0.10 -0.09 -0.09 30032003 00
 -0.10 -0.11 -0.10 -0.10 -0.10 -0.10 -0.12 -0.12 -0.11 -0.10 -0.10 -0.11 30032003 12
 -0.12 -0.13 -0.14 -0.15 -0.17 -0.16 -0.14 -0.14 -0.14 -0.13 -0.12 -0.09 31032003 00
 -0.07 -0.07 -0.06 -0.07 -0.08 -0.08 -0.06 -0.04 -0.01  0.01  0.04  0.09 31032003 12
  0.13  0.16  0.17  0.17  0.19  0.27  0.38  0.50  0.49  0.40  0.36  0.35 01042003 00
  0.34  0.34  0.30  0.23  0.24  0.22  0.20  0.17  0.07  0.02  0.01  0.07 01042003 12
  0.10  0.07  0.04  0.04  0.05  0.05  0.05  0.02 -0.00 -0.00  0.01 -0.00 02042003 00
  0.00 -0.02 -0.04 -0.05 -0.06 -0.08 -0.09 -0.09 -0.12 -0.14 -0.14 -0.12 02042003 12
 -0.09 -0.08 -0.10 -0.11 -0.11 -0.12 -0.11 -0.10 -0.12 -0.13 -0.14 -0.14 03042003 00
 -0.14 -0.15 -0.16 -0.16 -0.15 -0.17 -0.18 -0.18 -0.17 -0.18 -0.16 -0.17 03042003 12
 -0.16 -0.15 -0.15 -0.17 -0.15 -0.15 -0.16 -0.15 -0.15 -0.17 -0.18 -0.18 04042003 00
 -0.19 -0.18 -0.19 -0.21 -0.19 -0.19 -0.19 -0.20 -0.21 -0.23 -0.24 -0.23 04042003 12
 -0.25 -0.25 -0.25 -0.27 -0.27 -0.25 -0.26 -0.25 -0.23 -0.22 -0.21 -0.21 05042003 00
 -0.20 -0.18 -0.19 -0.21 -0.20 -0.19 -0.20 -0.21 -0.20 -0.20 -0.23 -0.23 05042003 12
 -0.24 -0.23 -0.21 -0.22 -0.25 -0.22 -0.21 -0.22 -0.19 -0.18 -0.19 -0.19 06042003 00
 -0.20 -0.22 -0.21 -0.21 -0.22 -0.22 -0.21 -0.23 -0.22 -0.21 -0.22 -0.21 06042003 12
 -0.21 -0.20 -0.18 -0.18 -0.20 -0.19 -0.17 -0.17 -0.15 -0.12 -0.11 -0.11 07042003 00
 -0.12 -0.14 -0.13 -0.11 -0.09 -0.07 -0.05 -0.07 -0.08 -0.09 -0.11 -0.12 07042003 12
 -0.12 -0.12 -0.12 -0.12 -0.12 -0.12 -0.11 -0.11 -0.10 -0.09 -0.09 -0.12 08042003 00
 -0.13 -0.14 -0.14 -0.13 -0.13 -0.13 -0.13 -0.11 -0.10 -0.09 -0.06 -0.06 08042003 12
 -0.05 -0.05 -0.05 -0.06 -0.07 -0.08 -0.09 -0.08 -0.07 -0.07 -0.07 -0.09 09042003 00
 -0.11 -0.11 -0.12 -0.11 -0.09 -0.08 -0.07 -0.06 -0.05 -0.04 -0.05 -0.05 09042003 12
 -0.06 -0.05 -0.05 -0.05 -0.03 -0.03 -0.02 -0.02 -0.02 -0.02 -0.01 -0.01 10042003 00
 -0.02 -0.03 -0.02 -0.00  0.00 -0.01 -0.02 -0.02 -0.02 -0.01  0.01  0.04 10042003 12
  0.05  0.04  0.02  0.02  0.01  0.01  0.02  0.02  0.04  0.05  0.06  0.06 11042003 00
  0.05  0.05  0.07  0.09  0.08  0.07  0.07  0.09  0.08  0.07  0.06  0.07 11042003 12
  0.07  0.05  0.03  0.01  0.01  0.02  0.03  0.03  0.04  0.05  0.05  0.04 12042003 00
  0.03  0.02  0.02  0.01  0.00 -0.01 -0.02 -0.03 -0.03 -0.02 -0.03 -0.04 12042003 12
 -0.04 -0.05 -0.06 -0.07 -0.09 -0.09 -0.07 -0.05 -0.04 -0.05 -0.05 -0.06 13042003 00
 -0.05 -0.03 -0.01  0.02  0.04  0.04  0.05  0.03  0.00 -0.01 -0.01 -0.01 13042003 12
 -0.01 -0.00  0.00 -0.00 -0.01  0.00  0.02  0.03  0.03  0.03  0.02  0.02 14042003 00
  0.04  0.04  0.03  0.02  0.01  0.00  0.00 -0.01 -0.04 -0.04 -0.03 -0.02 14042003 12
 -0.02 -0.03 -0.02 -0.02 -0.03 -0.05 -0.05 -0.04 -0.03 -0.01 -0.00 -0.00 15042003 00
  0.00 -0.00 -0.01 -0.02 -0.02 -0.02 -0.02 -0.03 -0.06 -0.07 -0.06 -0.06 15042003 12
 -0.05 -0.06 -0.06 -0.06 -0.07 -0.06 -0.07 -0.08 -0.08 -0.07 -0.07 -0.06 16042003 00
 -0.05 -0.06 -0.06 -0.06 -0.07 -0.07 -0.08 -0.10 -0.13 -0.13 -0.14 -0.15 16042003 12
 -0.14 -0.15 -0.16 -0.14 -0.14 -0.15 -0.16 -0.18 -0.17 -0.18 -0.16 -0.16 17042003 00
 -0.15 -0.16 -0.20 -0.17 -0.19 -0.19 -0.18 -0.18 -0.19 -0.21 -0.22 -0.21 17042003 12
 -0.21 -0.17 -0.20 -0.21 -0.21 -0.23 -0.25 -0.25 -0.27 -0.30 -0.26 -0.26 18042003 00
 -0.27 -0.24 -0.24 -0.25 -0.22 -0.25 -0.26 -0.25 -0.26 -0.27 -0.29 -0.24 18042003 12
 -0.24 -0.20 -0.18 -0.23 -0.20 -0.21 -0.23 -0.22 -0.20 -0.21 -0.22 -0.24 19042003 00
 -0.25 -0.24 -0.22 -0.26 -0.26 -0.25 -0.26 -0.28 -0.27 -0.29 -0.31 -0.25 19042003 12
 -0.23 -0.24 -0.20 -0.20 -0.24 -0.20 -0.23 -0.22 -0.20 -0.21 -0.20 -0.20 20042003 00
 -0.17 -0.16 -0.13 -0.11 -0.13 -0.10 -0.10 -0.11 -0.09 -0.08 -0.10 -0.10 20042003 12
 -0.07 -0.08 -0.07 -0.06 -0.09 -0.09 -0.07 -0.07 -0.07 -0.05 -0.02  0.02 21042003 00
  0.02  0.01  0.02  0.05  0.06  0.07  0.06  0.05  0.05  0.06  0.06  0.06 21042003 12
  0.06  0.07  0.05  0.01 -0.00  0.00  0.02  0.02  0.02  0.02  0.01  0.01 22042003 00
 -0.00 -0.02 -0.03 -0.03 -0.04 -0.03 -0.03 -0.04 -0.04 -0.04 -0.05 -0.06 22042003 12
 -0.07 -0.07 -0.07 -0.08 -0.08 -0.08 -0.08 -0.08 -0.09 -0.10 -0.10 -0.10 23042003 00
 -0.11 -0.12 -0.11 -0.11 -0.10 -0.10 -0.09 -0.10 -0.09 -0.09 -0.09 -0.08 23042003 12
 -0.06 -0.05 -0.02 -0.02 -0.03 -0.02 -0.02 -0.05 -0.07 -0.07 -0.06 -0.05 24042003 00
 -0.03 -0.02 -0.03 -0.02 -0.02 -0.03 -0.02  0.02  0.04  0.05  0.06  0.06 24042003 12
  0.06  0.05  0.03  0.01 -0.01  0.00  0.02  0.04  0.06  0.07  0.10  0.12 25042003 00
  0.13  0.13  0.12  0.12  0.12  0.09  0.06  0.05  0.09  0.13  0.15  0.16 25042003 12
  0.20  0.22  0.25  0.26  0.30  0.32  0.30  0.26  0.25  0.24  0.24  0.22 26042003 00
  0.22  0.21  0.18  0.17  0.20  0.25  0.25  0.24  0.23  0.29  0.35  0.40 26042003 12
  0.40  0.41  0.42  0.43  0.42  0.46  0.48  0.43  0.37  0.30  0.25  0.24 27042003 00
  0.20  0.17  0.17  0.16  0.13  0.17  0.20  0.16  0.15  0.14  0.16  0.18 27042003 12
  0.21  0.18  0.18  0.18  0.17  0.17  0.23  0.24  0.26  0.27  0.28  0.30 28042003 00
  0.32  0.30  0.30  0.32  0.34  0.35  0.35  0.34  0.32  0.32  0.30  0.29 28042003 12
  0.29  0.27  0.23  0.24  0.22  0.17  0.19  0.21  0.19  0.18  0.15  0.14 29042003 00
  0.15  0.16  0.14  0.16  0.16  0.15  0.19  0.23  0.22  0.21  0.18  0.15 29042003 12
  0.14  0.15  0.14  0.16  0.19  0.18  0.16  0.17  0.19  0.19  0.19  0.16 30042003 00
  0.14  0.15  0.15  0.15  0.16  0.16  0.16  0.20  0.22  0.20  0.20  0.17 30042003 12
  0.17  0.21  0.20  0.18  0.19  0.18  0.17  0.18  0.16  0.16  0.15  0.12 01052003 00
  0.09  0.09  0.09  0.08  0.08  0.08  0.07  0.07  0.08  0.07  0.04  0.01 01052003 12
 -0.00  0.00  0.02  0.01  0.01  0.02  0.02  0.03  0.04  0.04  0.05  0.05 02052003 00
  0.05  0.03  0.03  0.03  0.05  0.07  0.08  0.08  0.08  0.10  0.12  0.14 02052003 12
  0.16  0.19  0.21  0.20  0.16  0.13  0.10  0.03 -0.02 -0.02 -0.02  0.01 03052003 00
 -0.00 -0.00  0.03  0.07  0.11  0.17  0.23  0.30  0.41  0.43  0.38  0.30 03052003 12
  0.26  0.24  0.29  0.31  0.26  0.26  0.25  0.21  0.21  0.25  0.25  0.24 04052003 00
  0.20  0.18  0.22  0.28  0.28  0.26  0.26  0.27  0.25  0.26  0.25  0.22 04052003 12
  0.20  0.15  0.17  0.22  0.22  0.19  0.17  0.12  0.09  0.11  0.14  0.15 05052003 00
  0.14  0.10  0.06  0.04  0.05  0.04  0.07  0.07  0.06  0.06  0.07  0.07 05052003 12
  0.08  0.08  0.07  0.05  0.03 -0.00 -0.02 -0.02 -0.04 -0.07 -0.09 -0.11 06052003 00
 -0.11 -0.10 -0.10 -0.09 -0.08 -0.06 -0.05 -0.04 -0.02  0.02  0.05  0.06 06052003 12
  0.05  0.03 -0.01 -0.03 -0.07 -0.09 -0.11 -0.10 -0.11 -0.13 -0.15 -0.16 07052003 00
 -0.14 -0.12 -0.11 -0.07 -0.03 -0.01  0.02  0.01  0.01  0.10  0.24  0.38 07052003 12
  0.43  0.38  0.29  0.30  0.33  0.34  0.29  0.30  0.28  0.17  0.03 -0.06 08052003 00
 -0.12 -0.18 -0.17 -0.20 -0.22 -0.22 -0.20 -0.17 -0.15 -0.11 -0.06 -0.01 08052003 12
 -0.02 -0.05 -0.07 -0.08 -0.07 -0.04 -0.04 -0.05 -0.04 -0.02 -0.00  0.00 09052003 00
  0.02  0.05  0.09  0.13  0.16  0.17  0.16  0.14  0.13  0.13  0.10  0.04 09052003 12
 -0.02 -0.07 -0.12 -0.16 -0.17 -0.19 -0.17 -0.14 -0.11 -0.08 -0.06 -0.02 10052003 00
  0.01  0.04  0.06  0.07  0.07  0.07  0.08  0.11  0.11  0.10  0.10  0.12 10052003 12
  0.11  0.10  0.08  0.08  0.04  0.04  0.04  0.05  0.04  0.03  0.02  0.02 11052003 00
  0.01  0.01  0.03  0.06  0.08  0.08  0.09  0.11  0.13  0.17  0.18  0.16 11052003 12
  0.16  0.16  0.16  0.12  0.08  0.04  0.06  0.06  0.06  0.06  0.07  0.06 12052003 00
  0.04  0.03  0.03  0.05  0.06  0.07  0.07  0.06  0.04  0.05  0.04  0.04 12052003 12
  0.03  0.05  0.07  0.05  0.00 -0.01  0.00  0.02  0.04  0.06  0.07  0.08 13052003 00
  0.08  0.06  0.06  0.07  0.07  0.05  0.03  0.02  0.03  0.04  0.06  0.04 13052003 12
  0.04  0.05  0.05  0.03 -0.02 -0.06 -0.06 -0.05 -0.07 -0.08 -0.07 -0.08 14052003 00
 -0.08 -0.08 -0.09 -0.09 -0.09 -0.10 -0.12 -0.11 -0.11 -0.11 -0.11 -0.10 14052003 12
 -0.11 -0.11 -0.11 -0.12 -0.12 -0.12 -0.11 -0.08 -0.08 -0.08 -0.09 -0.07 15052003 00
 -0.05 -0.06 -0.05 -0.05 -0.07 -0.07 -0.06 -0.05 -0.04 -0.04 -0.03 -0.02 15052003 12
 -0.00  0.00  0.01 -0.00 -0.02 -0.02 -0.00  0.01  0.00 -0.02 -0.03 -0.03 16052003 00
 -0.04 -0.02 -0.01  0.00  0.01  0.02  0.07  0.13  0.17  0.16  0.14  0.14 16052003 12
  0.13  0.15  0.18  0.15  0.15  0.15  0.14  0.13  0.15  0.13  0.13  0.13 17052003 00
  0.13  0.14  0.19  0.18  0.17  0.19  0.23  0.29  0.35  0.35  0.31  0.29 17052003 12
  0.29  0.25  0.28  0.29  0.25  0.26  0.26  0.23  0.26  0.30  0.26  0.25 18052003 00
  0.22  0.21  0.22  0.27  0.24  0.26  0.28  0.26  0.27  0.30  0.31  0.27 18052003 12
  0.27  0.22  0.19  0.24  0.20  0.19  0.21  0.21  0.21  0.25  0.23  0.22 19052003 00
  0.21  0.21  0.22  0.25  0.30  0.26  0.26  0.26  0.25  0.28  0.29  0.26 19052003 12
  0.24  0.29  0.29  0.33  0.31  0.24  0.24  0.25  0.24  0.20  0.20  0.18 20052003 00
  0.18  0.15  0.10  0.09  0.10  0.10  0.08  0.07  0.06  0.03  0.02  0.02 20052003 12
  0.01  0.01  0.00 -0.00 -0.01 -0.01 -0.02 -0.02 -0.02 -0.03 -0.05 -0.05 21052003 00
 -0.06 -0.06 -0.06 -0.05 -0.04 -0.03 -0.01  0.02  0.04  0.06  0.09  0.12 21052003 12
  0.12  0.08  0.06  0.06  0.04  0.03  0.04  0.04  0.05  0.05  0.06  0.06 22052003 00
  0.08  0.08  0.06  0.05  0.04  0.08  0.12  0.16  0.17  0.19  0.21  0.22 22052003 12
  0.20  0.21  0.17  0.17  0.16  0.16  0.16  0.19  0.18  0.17  0.17  0.15 23052003 00
  0.12  0.12  0.13  0.12  0.12  0.12  0.16  0.17  0.20  0.21  0.21  0.20 23052003 12
  0.19  0.16  0.16  0.11  0.08  0.05  0.04  0.03  0.01 -0.01 -0.01 -0.01 24052003 00
 -0.02 -0.02 -0.00  0.02  0.02  0.04  0.05  0.05  0.06  0.07  0.08  0.07 24052003 12
  0.06  0.05  0.04  0.02 -0.01 -0.04 -0.04 -0.04 -0.04 -0.03 -0.03 -0.03 25052003 00
 -0.03 -0.03 -0.03 -0.02 -0.03 -0.04 -0.03 -0.02 -0.02 -0.02 -0.02 -0.02 25052003 12
 -0.03 -0.03 -0.05 -0.06 -0.06 -0.06 -0.06 -0.06 -0.06 -0.05 -0.04 -0.04 26052003 00
 -0.03 -0.04 -0.03 -0.02 -0.02 -0.01 -0.01 -0.03 -0.04 -0.04 -0.04 -0.04 26052003 12
 -0.04 -0.04 -0.05 -0.06 -0.08 -0.10 -0.11 -0.11 -0.10 -0.09 -0.08 -0.08 27052003 00
 -0.09 -0.10 -0.10 -0.09 -0.08 -0.08 -0.08 -0.09 -0.10 -0.09 -0.10 -0.10 27052003 12
 -0.09 -0.08 -0.07 -0.09 -0.10 -0.10 -0.11 -0.11 -0.10 -0.09 -0.09 -0.08 28052003 00
 -0.08 -0.08 -0.08 -0.08 -0.08 -0.07 -0.07 -0.09 -0.08 -0.07 -0.07 -0.07 28052003 12
 -0.07 -0.06 -0.04 -0.05 -0.05 -0.06 -0.06 -0.06 -0.05 -0.05 -0.05 -0.04 29052003 00
 -0.04 -0.05 -0.06 -0.06 -0.07 -0.07 -0.08 -0.08 -0.09 -0.09 -0.09 -0.07 29052003 12
 -0.06 -0.05 -0.05 -0.06 -0.06 -0.05 -0.05 -0.05 -0.04 -0.02 -0.02 -0.02 30052003 00
 -0.03 -0.03 -0.03 -0.02 -0.02 -0.02 -0.01 -0.01 -0.02 -0.01 -0.02 -0.02 30052003 12
 -0.01 -0.01 -0.01 -0.01 -0.02 -0.01  0.00  0.01  0.01  0.01  0.02  0.02 31052003 00
  0.04  0.04  0.04  0.04  0.04  0.04  0.06  0.08  0.08  0.07  0.06  0.05 31052003 12
  0.05  0.06  0.07  0.06  0.06  0.07  0.08  0.10  0.12  0.13  0.13  0.12 01062003 00
  0.08  0.08  0.10  0.10  0.10  0.11  0.10  0.09  0.10  0.11  0.10  0.11 01062003 12
  0.11  0.11  0.14  0.13  0.11  0.11  0.12  0.12  0.15  0.16  0.16  0.13 02062003 00
  0.11  0.09  0.10  0.12  0.11  0.12  0.13  0.12  0.12  0.14  0.14  0.13 02062003 12
  0.09  0.08  0.08  0.07  0.06  0.06  0.06  0.05  0.04  0.04  0.03  0.03 03062003 00
  0.04  0.03  0.05  0.09  0.13  0.15  0.16  0.16  0.18  0.22  0.24  0.20 03062003 12
  0.16  0.13  0.12  0.12  0.10  0.07  0.07  0.05  0.03  0.02  0.03  0.04 04062003 00
  0.05  0.04  0.02  0.03  0.05  0.04  0.05  0.06  0.07  0.09  0.12  0.12 04062003 12
  0.12  0.11  0.11  0.11  0.12  0.12  0.11  0.11  0.11  0.08  0.08  0.08 05062003 00
  0.06  0.05  0.04  0.04  0.05  0.05  0.06  0.07  0.08  0.10  0.14  0.21 05062003 12
  0.23  0.23  0.22  0.22  0.23  0.25  0.22  0.19  0.16  0.13  0.09  0.08 06062003 00
  0.07  0.07  0.07  0.06  0.06  0.06  0.07  0.07  0.08  0.08  0.09  0.10 06062003 12
  0.10  0.08  0.08  0.06  0.04  0.04  0.05  0.05  0.07  0.07  0.07  0.08 07062003 00
  0.09  0.08  0.06  0.06  0.05  0.07  0.09  0.09  0.08  0.07  0.05  0.03 07062003 12
  0.02  0.03  0.01  0.01  0.01  0.00  0.02  0.02  0.02  0.04  0.05  0.06 08062003 00
  0.06  0.07  0.09  0.11  0.12  0.12  0.12  0.12  0.12  0.11  0.10  0.10 08062003 12
  0.09  0.08  0.07  0.03  0.02  0.01 -0.01 -0.04 -0.04 -0.03 -0.02 -0.02 09062003 00
 -0.01  0.01  0.05  0.08  0.10  0.08  0.07  0.06  0.06  0.08  0.08  0.08 09062003 12
  0.09  0.12  0.17  0.25  0.27  0.24  0.21  0.21  0.24  0.29  0.28  0.26 10062003 00
  0.27  0.26  0.22  0.22  0.23  0.21  0.19  0.15  0.13  0.15  0.19  0.20 10062003 12
  0.20  0.20  0.18  0.15  0.14  0.13  0.11  0.11  0.06  0.04  0.02  0.01 11062003 00
 -0.00  0.01  0.02  0.00 -0.00 -0.01 -0.01 -0.01 -0.01 -0.01  0.00  0.01 11062003 12
  0.01  0.01  0.02  0.01  0.01  0.01  0.02  0.03  0.03  0.03  0.02  0.03 12062003 00
  0.03  0.03  0.04  0.05  0.05  0.06  0.05  0.02  0.02  0.02  0.03  0.04 12062003 12
  0.04  0.03  0.02  0.00 -0.02 -0.05 -0.08 -0.09 -0.08 -0.09 -0.09 -0.09 13062003 00
 -0.10 -0.12 -0.11 -0.11 -0.11 -0.11 -0.12 -0.13 -0.13 -0.13 -0.14 -0.12 13062003 12
 -0.11 -0.13 -0.10 -0.10 -0.12 -0.12 -0.13 -0.16 -0.15 -0.13 -0.11 -0.10 14062003 00
 -0.08 -0.09 -0.08 -0.08 -0.09 -0.09 -0.08 -0.08 -0.09 -0.09 -0.09 -0.08 14062003 12
 -0.07 -0.07 -0.06 -0.05 -0.06 -0.07 -0.07 -0.08 -0.10 -0.09 -0.09 -0.09 15062003 00
 -0.09 -0.09 -0.11 -0.09 -0.10 -0.10 -0.09 -0.09 -0.10 -0.12 -0.11 -0.11 15062003 12
 -0.10 -0.08 -0.09 -0.08 -0.08 -0.09 -0.08 -0.08 -0.08 -0.08 -0.08 -0.06 16062003 00
 -0.05 -0.06 -0.04 -0.04 -0.01 -0.02 -0.02 -0.00  0.01  0.02  0.02  0.01 16062003 12
  0.01  0.01  0.01  0.02  0.02  0.03  0.03  0.02  0.01  0.01  0.01  0.01 17062003 00
  0.01  0.01  0.02  0.03  0.03  0.03  0.03  0.04  0.03  0.02  0.02  0.02 17062003 12
  0.03  0.02  0.01  0.01  0.01  0.00  0.02  0.03  0.06  0.12  0.18  0.22 18062003 00
  0.23  0.23  0.23  0.25  0.28  0.27  0.24  0.23  0.18  0.09  0.05  0.04 18062003 12
  0.04  0.04  0.01 -0.00 -0.01  0.00  0.01  0.04  0.05  0.03  0.01 -0.00 19062003 00
 -0.01 -0.00  0.01  0.05  0.13  0.16  0.10  0.08  0.10  0.11  0.06  0.00 19062003 12
 -0.01  0.01  0.02 -0.02 -0.05 -0.07 -0.06 -0.05 -0.03 -0.04 -0.04 -0.06 20062003 00
 -0.08 -0.09 -0.08 -0.06 -0.05 -0.06 -0.07 -0.08 -0.08 -0.08 -0.09 -0.09 20062003 12
 -0.10 -0.10 -0.09 -0.09 -0.09 -0.10 -0.10 -0.10 -0.09 -0.09 -0.09 -0.06 21062003 00
 -0.06 -0.07 -0.07 -0.06 -0.05 -0.05 -0.05 -0.06 -0.04 -0.05 -0.06 -0.06 21062003 12
 -0.03 -0.02  0.01  0.01 -0.00  0.00  0.02  0.05  0.09  0.10  0.10  0.12 22062003 00
  0.14  0.15  0.16  0.16  0.15  0.14  0.14  0.13  0.13  0.12  0.11  0.09 22062003 12
  0.08  0.05  0.05  0.07  0.08  0.08  0.07  0.08  0.10  0.12  0.12  0.10 23062003 00
  0.08  0.07  0.06  0.07  0.04  0.03  0.03  0.03  0.02  0.02  0.01  0.01 23062003 12
  0.01  0.01 -0.00 -0.04 -0.07 -0.08 -0.07 -0.06 -0.07 -0.07 -0.07 -0.07 24062003 00
 -0.07 -0.08 -0.08 -0.07 -0.08 -0.08 -0.08 -0.08 -0.08 -0.07 -0.07 -0.08 24062003 12
 -0.09 -0.09 -0.09 -0.09 -0.11 -0.13 -0.13 -0.10 -0.08 -0.09 -0.09 -0.08 25062003 00
 -0.08 -0.10 -0.09 -0.06 -0.06 -0.07 -0.07 -0.08 -0.08 -0.08 -0.07 -0.08 25062003 12
 -0.07 -0.08 -0.08 -0.09 -0.10 -0.11 -0.11 -0.09 -0.08 -0.06 -0.06 -0.06 26062003 00
 -0.05 -0.05 -0.05 -0.05 -0.04 -0.02  0.01  0.04  0.04  0.04  0.04  0.05 26062003 12
  0.04  0.03  0.02  0.02  0.02  0.03  0.02  0.01 -0.00 -0.02 -0.03 -0.04 27062003 00
 -0.04 -0.04 -0.03 -0.04 -0.04 -0.03 -0.04 -0.03 -0.02 -0.01 -0.00 -0.01 27062003 12
 -0.01 -0.02 -0.02 -0.01 -0.02 -0.04 -0.07 -0.07 -0.06 -0.06 -0.06 -0.05 28062003 00
 -0.03 -0.03 -0.02 -0.02 -0.01  0.00  0.00  0.00  0.01 -0.00 -0.01 -0.01 28062003 12
 -0.00 -0.00 -0.01 -0.01 -0.01 -0.03 -0.04 -0.03 -0.01  0.01  0.02  0.03 29062003 00
  0.03  0.02  0.02  0.01  0.01  0.00 -0.01 -0.02 -0.02 -0.00 -0.00 -0.01 29062003 12
 -0.02 -0.03 -0.01  0.00  0.01  0.03  0.05  0.04  0.02  0.04  0.07  0.09 30062003 00
  0.09  0.08  0.07  0.08  0.09  0.09  0.09  0.10  0.10  0.11  0.10  0.09 30062003 12
  0.09  0.10  0.12  0.12  0.12  0.12  0.12  0.12  0.12  0.12  0.12  0.12 01072003 00
  0.12  0.12  0.12  0.13  0.12  0.14  0.12  0.10  0.10  0.10  0.09  0.07 01072003 12
  0.06  0.03  0.02  0.02  0.01  0.00  0.00  0.00  0.00  0.01  0.02  0.03 02072003 00
  0.04  0.04  0.05  0.07  0.07  0.08  0.09  0.11  0.11  0.11  0.11  0.11 02072003 12
  0.12  0.09  0.07  0.07  0.05  0.04  0.05  0.05  0.02  0.02  0.02  0.03 03072003 00
  0.04  0.04  0.03  0.03  0.02  0.02  0.02  0.02  0.02  0.01  0.01  0.00 03072003 12
  0.00  0.00 -0.01 -0.02 -0.02 -0.02 -0.02 -0.02 -0.01 -0.01 -0.02 -0.03 04072003 00
 -0.03 -0.04 -0.03 -0.03 -0.03 -0.03 -0.03 -0.04 -0.04 -0.04 -0.05 -0.05 04072003 12
 -0.04 -0.06 -0.06 -0.06 -0.07 -0.07 -0.06 -0.06 -0.06 -0.06 -0.07 -0.07 05072003 00
 -0.06 -0.06 -0.05 -0.04 -0.05 -0.04 -0.04 -0.05 -0.06 -0.06 -0.06 -0.07 05072003 12
 -0.07 -0.07 -0.07 -0.07 -0.07 -0.07 -0.07 -0.07 -0.07 -0.07 -0.06 -0.05 06072003 00
 -0.04 -0.05 -0.05 -0.05 -0.04 -0.03 -0.01 -0.01 -0.02 -0.03 -0.04 -0.04 06072003 12
 -0.04 -0.04 -0.05 -0.05 -0.06 -0.06 -0.05 -0.05 -0.04 -0.03 -0.01  0.01 07072003 00
  0.03  0.04  0.05  0.03  0.02  0.01  0.02  0.02  0.01  0.00  0.01  0.02 07072003 12
  0.02 -0.00 -0.03 -0.04 -0.04 -0.04 -0.05 -0.05 -0.05 -0.05 -0.05 -0.07 08072003 00
 -0.08 -0.08 -0.09 -0.09 -0.09 -0.09 -0.08 -0.08 -0.07 -0.06 -0.06 -0.07 08072003 12
 -0.06 -0.05 -0.05 -0.07 -0.08 -0.09 -0.08 -0.06 -0.05 -0.06 -0.06 -0.06 09072003 00
 -0.06 -0.06 -0.07 -0.07 -0.07 -0.07 -0.07 -0.06 -0.05 -0.04 -0.04 -0.02 09072003 12
 -0.02 -0.01 -0.00  0.00  0.01  0.02  0.02  0.03  0.04  0.05  0.06  0.07 10072003 00
  0.08  0.09  0.08  0.06  0.07  0.08  0.08  0.07  0.04  0.03  0.02  0.02 10072003 12
  0.00 -0.01 -0.01 -0.01 -0.02 -0.02 -0.03 -0.03 -0.01  0.02  0.02  0.02 11072003 00
  0.03  0.03  0.04  0.03  0.00 -0.03 -0.06 -0.06 -0.06 -0.06 -0.06 -0.07 11072003 12
 -0.08 -0.08 -0.08 -0.09 -0.10 -0.12 -0.13 -0.13 -0.11 -0.10 -0.08 -0.07 12072003 00
 -0.07 -0.07 -0.07 -0.08 -0.08 -0.07 -0.07 -0.07 -0.07 -0.06 -0.05 -0.04 12072003 12
 -0.04 -0.04 -0.05 -0.05 -0.06 -0.07 -0.07 -0.08 -0.07 -0.07 -0.07 -0.06 13072003 00
 -0.05 -0.07 -0.06 -0.05 -0.05 -0.04 -0.02 -0.01 -0.00 -0.01 -0.01 -0.01 13072003 12
 -0.01 -0.02 -0.03 -0.03 -0.03 -0.05 -0.06 -0.07 -0.07 -0.05 -0.05 -0.05 14072003 00
 -0.05 -0.05 -0.05 -0.05 -0.04 -0.03 -0.03 -0.04 -0.03 -0.03 -0.03 -0.03 14072003 12
 -0.04 -0.03 -0.04 -0.04 -0.03 -0.03 -0.04 -0.05 -0.05 -0.05 -0.06 -0.04 15072003 00
 -0.03 -0.02 -0.00 -0.01 -0.02 -0.03 -0.03 -0.03 -0.00  0.01  0.01 -0.01 15072003 12
 -0.01  0.01  0.01  0.01 -0.01 -0.02 -0.02 -0.02 -0.01 -0.00  0.01  0.03 16072003 00
  0.03  0.02  0.02  0.02  0.02  0.02  0.03  0.05  0.07  0.08  0.08  0.07 16072003 12
  0.06  0.06  0.07  0.08  0.07  0.05  0.06  0.07  0.06  0.06  0.06  0.06 17072003 00
  0.06  0.05  0.05  0.06  0.06  0.06  0.07  0.09  0.10  0.09  0.07  0.06 17072003 12
  0.07  0.07  0.06  0.06  0.08  0.07  0.06  0.07  0.07  0.04  0.02  0.01 18072003 00
 -0.00  0.00 -0.00  0.01  0.02  0.02  0.01  0.01  0.01  0.02  0.04  0.06 18072003 12
  0.06  0.05  0.03  0.02  0.02  0.03  0.04  0.04  0.04  0.05  0.07  0.10 19072003 00
  0.12  0.11  0.09  0.09  0.07  0.08  0.10  0.09  0.08  0.07  0.05  0.06 19072003 12
  0.09  0.10  0.10  0.09  0.09  0.08  0.09  0.08  0.10  0.11  0.12  0.11 20072003 00
  0.11  0.10  0.10  0.10  0.09  0.09  0.10  0.11  0.10  0.10  0.10  0.10 20072003 12
  0.12  0.12  0.10  0.09  0.07  0.08  0.10  0.12  0.12  0.12  0.11  0.10 21072003 00
  0.11  0.12  0.09  0.09  0.09  0.10  0.09  0.08  0.06  0.06  0.06  0.05 21072003 12
  0.05  0.06  0.04  0.02  0.01 -0.00  0.01  0.02  0.02  0.03  0.03  0.02 22072003 00
  0.00 -0.01 -0.01 -0.02 -0.02 -0.02 -0.01 -0.00 -0.00 -0.01 -0.02 -0.01 22072003 12
  0.00  0.03  0.03  0.02  0.01 -0.00  0.01  0.04  0.07  0.11  0.13  0.14 23072003 00
  0.14  0.13  0.13  0.15  0.14  0.14  0.12  0.12  0.12  0.14  0.15  0.16 23072003 12
  0.16  0.15  0.15  0.14  0.11  0.07  0.05  0.03  0.02  0.00 -0.01 -0.03 24072003 00
 -0.05 -0.05 -0.04 -0.02  0.01  0.05  0.07  0.08  0.11  0.13  0.16  0.18 24072003 12
  0.20  0.21  0.21  0.21  0.17  0.16  0.13  0.11  0.11  0.11  0.09  0.10 25072003 00
  0.10  0.09  0.08  0.07  0.09  0.11  0.11  0.12  0.11  0.12  0.13  0.14 25072003 12
  0.13  0.11  0.10  0.08  0.05  0.03  0.04  0.03  0.02  0.01  0.02  0.03 26072003 00
  0.03  0.04  0.04  0.05  0.06  0.07  0.09  0.10  0.10  0.10  0.08  0.07 26072003 12
  0.07  0.06  0.07  0.08  0.07  0.05  0.04  0.03  0.04  0.05  0.04  0.05 27072003 00
  0.05  0.05  0.05  0.06  0.07  0.08  0.11  0.14  0.13  0.12  0.11  0.10 27072003 12
  0.09  0.08  0.05  0.06  0.05  0.02  0.01  0.01  0.00  0.03  0.03  0.04 28072003 00
  0.08  0.11  0.13  0.14  0.15  0.16  0.17  0.18  0.16  0.12  0.09  0.05 28072003 12
  0.04  0.05  0.05  0.04  0.04  0.02 -0.00  0.01  0.01  0.01  0.01  0.01 29072003 00
  0.01  0.03  0.03  0.03  0.03  0.04  0.05  0.09  0.10  0.08  0.05  0.04 29072003 12
  0.03  0.01  0.02  0.02  0.03  0.03  0.02  0.01 -0.00 -0.04 -0.06 -0.07 30072003 00
 -0.07 -0.07 -0.08 -0.08 -0.08 -0.09 -0.10 -0.10 -0.09 -0.07 -0.06 -0.05 30072003 12
 -0.04 -0.03 -0.03 -0.02 -0.02 -0.03 -0.03 -0.02  0.02  0.04  0.03  0.04 31072003 00
  0.06  0.09  0.13  0.16  0.16  0.14  0.13  0.12  0.15  0.17  0.16  0.15 31072003 12
  0.13  0.09  0.06  0.07  0.05  0.05  0.06  0.04  0.03  0.03  0.01  0.02 01082003 00
  0.02  0.01  0.01  0.02  0.03  0.03  0.04  0.04  0.03  0.01  0.00 -0.01 01082003 12
 -0.00 -0.01 -0.03 -0.04 -0.05 -0.05 -0.05 -0.05 -0.05 -0.05 -0.07 -0.08 02082003 00
 -0.07 -0.07 -0.06 -0.04 -0.05 -0.05 -0.03 -0.04 -0.04 -0.04 -0.05 -0.05 02082003 12
 -0.06 -0.06 -0.07 -0.06 -0.07 -0.09 -0.09 -0.08 -0.09 -0.09 -0.09 -0.09 03082003 00
 -0.09 -0.10 -0.10 -0.08 -0.07 -0.08 -0.07 -0.08 -0.08 -0.09 -0.09 -0.10 03082003 12
 -0.10 -0.12 -0.11 -0.11 -0.12 -0.13 -0.12 -0.11 -0.12 -0.12 -0.11 -0.13 04082003 00
 -0.14 -0.14 -0.16 -0.14 -0.14 -0.13 -0.13 -0.14 -0.14 -0.14 -0.13 -0.12 04082003 12
 -0.13 -0.15 -0.16 -0.16 -0.16 -0.17 -0.16 -0.11 -0.11 -0.14 -0.15 -0.13 05082003 00
 -0.11 -0.10 -0.12 -0.13 -0.10 -0.06 -0.10 -0.13 -0.11 -0.06 -0.03 -0.03 05082003 12
 -0.07 -0.09 -0.08 -0.07 -0.07 -0.08 -0.06 -0.05 -0.04 -0.05 -0.08 -0.08 06082003 00
 -0.06 -0.07 -0.09 -0.10 -0.10 -0.09 -0.09 -0.10 -0.10 -0.09 -0.08 -0.08 06082003 12
 -0.08 -0.08 -0.09 -0.10 -0.12 -0.12 -0.11 -0.11 -0.11 -0.10 -0.10 -0.10 07082003 00
 -0.10 -0.11 -0.13 -0.15 -0.15 -0.15 -0.13 -0.13 -0.14 -0.14 -0.12 -0.11 07082003 12
 -0.12 -0.12 -0.10 -0.10 -0.11 -0.11 -0.11 -0.10 -0.11 -0.11 -0.12 -0.10 08082003 00
 -0.10 -0.10 -0.09 -0.08 -0.09 -0.08 -0.08 -0.08 -0.07 -0.07 -0.07 -0.07 08082003 12
 -0.07 -0.07 -0.07 -0.06 -0.07 -0.08 -0.07 -0.08 -0.07 -0.05 -0.04 -0.04 09082003 00
 -0.04 -0.04 -0.04 -0.03 -0.02 -0.02 -0.03 -0.03 -0.03 -0.02 -0.02 -0.02 09082003 12
 -0.03 -0.04 -0.04 -0.04 -0.04 -0.06 -0.09 -0.12 -0.11 -0.09 -0.09 -0.10 10082003 00
 -0.12 -0.12 -0.10 -0.10 -0.10 -0.10 -0.10 -0.10 -0.09 -0.09 -0.09 -0.11 10082003 12
 -0.13 -0.13 -0.11 -0.11 -0.11 -0.11 -0.13 -0.15 -0.15 -0.14 -0.13 -0.12 11082003 00
 -0.12 -0.14 -0.12 -0.12 -0.12 -0.11 -0.11 -0.12 -0.12 -0.12 -0.11 -0.10 11082003 12
 -0.10 -0.11 -0.10 -0.10 -0.11 -0.11 -0.12 -0.14 -0.15 -0.15 -0.14 -0.12 12082003 00
 -0.10 -0.10 -0.11 -0.10 -0.10 -0.10 -0.09 -0.09 -0.10 -0.09 -0.10 -0.11 12082003 12
 -0.08 -0.07 -0.08 -0.06 -0.06 -0.07 -0.06 -0.06 -0.07 -0.08 -0.07 -0.07 13082003 00
 -0.06 -0.05 -0.05 -0.06 -0.07 -0.09 -0.08 -0.08 -0.09 -0.09 -0.09 -0.09 13082003 12
 -0.10 -0.11 -0.11 -0.09 -0.08 -0.08 -0.10 -0.11 -0.13 -0.16 -0.15 -0.15 14082003 00
 -0.14 -0.13 -0.11 -0.12 -0.10 -0.09 -0.09 -0.08 -0.08 -0.09 -0.10 -0.09 14082003 12
 -0.11 -0.11 -0.12 -0.14 -0.13 -0.12 -0.12 -0.11 -0.11 -0.11 -0.10 -0.10 15082003 00
 -0.09 -0.08 -0.06 -0.06 -0.07 -0.07 -0.07 -0.08 -0.08 -0.08 -0.10 -0.10 15082003 12
 -0.11 -0.11 -0.11 -0.11 -0.12 -0.11 -0.10 -0.11 -0.11 -0.10 -0.10 -0.11 16082003 00
 -0.10 -0.10 -0.09 -0.08 -0.08 -0.07 -0.07 -0.08 -0.09 -0.07 -0.06 -0.06 16082003 12
 -0.06 -0.06 -0.07 -0.07 -0.09 -0.08 -0.07 -0.06 -0.06 -0.06 -0.06 -0.05 17082003 00
 -0.05 -0.04 -0.03 -0.02  0.00  0.02  0.02  0.02  0.03  0.05  0.09  0.14 17082003 12
  0.14  0.13  0.12  0.08  0.06  0.06  0.05  0.05  0.05  0.03 -0.01 -0.04 18082003 00
 -0.04 -0.03 -0.01 -0.00  0.01  0.04  0.06  0.07  0.08  0.09  0.09  0.11 18082003 12
  0.10  0.08  0.05  0.02  0.00 -0.03 -0.04 -0.04 -0.02 -0.03 -0.05 -0.07 19082003 00
 -0.07 -0.05 -0.03 -0.02 -0.02 -0.02 -0.02 -0.02 -0.02 -0.02 -0.02 -0.04 19082003 12
 -0.05 -0.06 -0.07 -0.09 -0.09 -0.09 -0.09 -0.09 -0.08 -0.06 -0.05 -0.05 20082003 00
 -0.05 -0.04 -0.03 -0.02 -0.02 -0.03 -0.03 -0.03 -0.02 -0.02 -0.02 -0.02 20082003 12
 -0.01  0.00 -0.00 -0.01 -0.00  0.02  0.04  0.07  0.11  0.14  0.16  0.17 21082003 00
  0.19  0.19  0.20  0.18  0.18  0.17  0.19  0.17  0.18  0.18  0.18  0.16 21082003 12
  0.12  0.10  0.08  0.08  0.05  0.02  0.03  0.02  0.02  0.00 -0.03 -0.04 22082003 00
 -0.06 -0.05 -0.05 -0.05 -0.05 -0.05 -0.04 -0.02  0.00  0.01  0.02  0.02 22082003 12
  0.02  0.01  0.01  0.00 -0.02 -0.03 -0.03 -0.04 -0.05 -0.06 -0.07 -0.06 23082003 00
 -0.05 -0.05 -0.05 -0.06 -0.07 -0.07 -0.06 -0.07 -0.07 -0.07 -0.08 -0.08 23082003 12
 -0.08 -0.09 -0.10 -0.11 -0.12 -0.13 -0.13 -0.12 -0.10 -0.09 -0.08 -0.09 24082003 00
 -0.10 -0.11 -0.12 -0.12 -0.12 -0.13 -0.13 -0.13 -0.13 -0.13 -0.14 -0.14 24082003 12
 -0.14 -0.12 -0.11 -0.09 -0.08 -0.09 -0.12 -0.12 -0.11 -0.09 -0.09 -0.10 25082003 00
 -0.12 -0.13 -0.13 -0.11 -0.11 -0.10 -0.11 -0.12 -0.12 -0.12 -0.12 -0.12 25082003 12
 -0.11 -0.10 -0.08 -0.10 -0.11 -0.10 -0.10 -0.10 -0.08 -0.08 -0.06 -0.07 26082003 00
 -0.08 -0.11 -0.10 -0.09 -0.08 -0.07 -0.08 -0.09 -0.08 -0.09 -0.07 -0.06 26082003 12
 -0.05 -0.04 -0.03 -0.04 -0.06 -0.08 -0.08 -0.10 -0.10 -0.10 -0.08 -0.06 27082003 00
 -0.06 -0.06 -0.06 -0.05 -0.05 -0.04 -0.03 -0.03 -0.02 -0.01 -0.02 -0.01 27082003 12
 -0.01 -0.02 -0.01 -0.02 -0.03 -0.03 -0.04 -0.05 -0.04 -0.03 -0.03 -0.03 28082003 00
 -0.03 -0.05 -0.07 -0.06 -0.06 -0.06 -0.05 -0.05 -0.04 -0.03 -0.01 -0.02 28082003 12
 -0.03 -0.06 -0.09 -0.08 -0.09 -0.11 -0.13 -0.14 -0.16 -0.16 -0.16 -0.16 29082003 00
 -0.17 -0.13 -0.11 -0.12 -0.09 -0.09 -0.08 -0.06 -0.06 -0.07 -0.07 -0.08 29082003 12
 -0.09 -0.08 -0.08 -0.10 -0.10 -0.10 -0.10 -0.10 -0.09 -0.10 -0.09 -0.09 30082003 00
 -0.09 -0.07 -0.05 -0.07 -0.07 -0.07 -0.06 -0.06 -0.06 -0.08 -0.09 -0.08 30082003 12
 -0.07 -0.07 -0.06 -0.08 -0.08 -0.07 -0.08 -0.07 -0.07 -0.07 -0.08 -0.10 31082003 00
 -0.09 -0.09 -0.09 -0.09 -0.11 -0.09 -0.10 -0.10 -0.10 -0.10 -0.12 -0.11 31082003 12
 -0.10 -0.11 -0.12 -0.12 -0.14 -0.11 -0.12 -0.13 -0.13 -0.12 -0.15 -0.14 01092003 00
 -0.15 -0.14 -0.13 -0.11 -0.11 -0.13 -0.11 -0.11 -0.12 -0.11 -0.11 -0.13 01092003 12
 -0.12 -0.13 -0.14 -0.13 -0.13 -0.14 -0.13 -0.13 -0.13 -0.13 -0.13 -0.15 02092003 00
 -0.16 -0.16 -0.16 -0.15 -0.16 -0.17 -0.16 -0.15 -0.16 -0.16 -0.16 -0.16 02092003 12
 -0.17 -0.17 -0.19 -0.18 -0.18 -0.18 -0.18 -0.16 -0.17 -0.17 -0.16 -0.16 03092003 00
 -0.18 -0.19 -0.19 -0.20 -0.18 -0.18 -0.17 -0.17 -0.16 -0.17 -0.18 -0.16 03092003 12
 -0.18 -0.19 -0.19 -0.19 -0.18 -0.17 -0.17 -0.18 -0.16 -0.16 -0.16 -0.15 04092003 00
 -0.14 -0.15 -0.14 -0.13 -0.12 -0.10 -0.10 -0.10 -0.10 -0.07 -0.07 -0.07 04092003 12
 -0.07 -0.08 -0.10 -0.10 -0.11 -0.10 -0.09 -0.07 -0.06 -0.05 -0.05 -0.04 05092003 00
 -0.03 -0.01 -0.01 -0.03 -0.03 -0.01 -0.00 -0.00 -0.00 -0.02 -0.01  0.01 05092003 12
  0.00 -0.01 -0.02 -0.02 -0.04 -0.05 -0.03 -0.01  0.00  0.01 -0.01 -0.02 06092003 00
 -0.03 -0.03 -0.01 -0.02 -0.04 -0.04 -0.02 -0.02 -0.03 -0.03 -0.01 -0.00 06092003 12
 -0.00 -0.01 -0.03 -0.04 -0.06 -0.06 -0.05 -0.04 -0.02 -0.01  0.00  0.01 07092003 00
  0.02  0.03  0.04  0.07  0.09  0.10  0.10  0.11  0.11  0.09  0.07  0.07 07092003 12
  0.09  0.09  0.09  0.08  0.04  0.01 -0.00 -0.01  0.01  0.01 -0.02 -0.05 08092003 00
 -0.07 -0.07 -0.06 -0.05 -0.07 -0.09 -0.10 -0.09 -0.07 -0.05 -0.02 -0.01 08092003 12
 -0.01 -0.03 -0.03 -0.03 -0.01  0.01  0.00 -0.01 -0.01 -0.00  0.02  0.03 09092003 00
  0.04  0.03  0.03  0.03  0.02  0.01  0.01  0.01  0.01  0.01  0.02  0.04 09092003 12
  0.06  0.07  0.08  0.09  0.09  0.11  0.13  0.14  0.11  0.10  0.06  0.03 10092003 00
  0.00 -0.02 -0.03 -0.04 -0.04 -0.05 -0.06 -0.08 -0.08 -0.07 -0.07 -0.07 10092003 12
 -0.06 -0.06 -0.06 -0.06 -0.07 -0.08 -0.07 -0.05 -0.03 -0.01  0.00  0.01 11092003 00
  0.02  0.03  0.05  0.07  0.10  0.13  0.17  0.18  0.17  0.13  0.05 -0.02 11092003 12
 -0.06 -0.08 -0.08 -0.11 -0.12 -0.14 -0.16 -0.20 -0.24 -0.23 -0.22 -0.20 12092003 00
 -0.20 -0.17 -0.17 -0.19 -0.17 -0.19 -0.19 -0.16 -0.15 -0.17 -0.15 -0.14 12092003 12
 -0.12 -0.10 -0.08 -0.07 -0.04 -0.04 -0.05 -0.03 -0.00 -0.01 -0.02 -0.02 13092003 00
 -0.02 -0.02 -0.00  0.01  0.00 -0.00 -0.01 -0.04 -0.06 -0.05 -0.04 -0.04 13092003 12
 -0.04 -0.03 -0.04 -0.05 -0.05 -0.05 -0.06 -0.08 -0.11 -0.14 -0.16 -0.17 14092003 00
 -0.17 -0.16 -0.15 -0.15 -0.15 -0.13 -0.13 -0.13 -0.11 -0.08 -0.07 -0.07 14092003 12
 -0.10 -0.11 -0.09 -0.09 -0.09 -0.09 -0.10 -0.11 -0.11 -0.12 -0.13 -0.14 15092003 00
 -0.14 -0.14 -0.12 -0.10 -0.09 -0.08 -0.07 -0.08 -0.08 -0.07 -0.07 -0.09 15092003 12
 -0.10 -0.10 -0.08 -0.09 -0.10 -0.10 -0.10 -0.11 -0.12 -0.11 -0.11 -0.11 16092003 00
 -0.11 -0.10 -0.09 -0.08 -0.08 -0.08 -0.07 -0.08 -0.09 -0.07 -0.06 -0.06 16092003 12
 -0.07 -0.07 -0.06 -0.06 -0.06 -0.05 -0.03 -0.03 -0.03 -0.02 -0.02 -0.01 17092003 00
  0.01  0.01  0.01  0.04  0.08  0.11  0.13  0.15  0.16  0.16  0.13  0.11 17092003 12
  0.08  0.06  0.05  0.02  0.01 -0.00 -0.02 -0.03 -0.01 -0.00 -0.01  0.00 18092003 00
  0.02  0.02  0.02  0.03  0.05  0.08  0.12  0.12  0.12  0.13  0.14  0.13 18092003 12
  0.15  0.13  0.11  0.10  0.09  0.09  0.07  0.05  0.05  0.04  0.02  0.03 19092003 00
  0.04  0.05  0.02  0.02 -0.00 -0.01 -0.01 -0.01 -0.02 -0.04 -0.06 -0.08 19092003 12
 -0.08 -0.06 -0.07 -0.08 -0.09 -0.09 -0.07 -0.05 -0.04 -0.03 -0.02 -0.02 20092003 00
 -0.02 -0.03 -0.05 -0.06 -0.08 -0.09 -0.09 -0.08 -0.09 -0.09 -0.10 -0.11 20092003 12
 -0.10 -0.08 -0.06 -0.08 -0.08 -0.06 -0.06 -0.04 -0.02 -0.01  0.01  0.01 21092003 00
  0.01  0.00  0.01  0.03  0.06  0.09  0.10  0.11  0.16  0.21  0.23  0.24 21092003 12
  0.23  0.22  0.22  0.23  0.25  0.26  0.22  0.20  0.20  0.21  0.15  0.09 22092003 00
  0.01 -0.02  0.01 -0.02 -0.07 -0.09 -0.05 -0.02 -0.01 -0.02  0.00  0.05 22092003 12
  0.09  0.08  0.06  0.05  0.06  0.02 -0.05 -0.12 -0.17 -0.14 -0.12 -0.14 23092003 00
 -0.16 -0.14 -0.13 -0.11 -0.09 -0.12 -0.13 -0.12 -0.11 -0.10 -0.11 -0.11 23092003 12
 -0.11 -0.12 -0.13 -0.13 -0.12 -0.12 -0.13 -0.13 -0.13 -0.12 -0.09 -0.08 24092003 00
 -0.08 -0.08 -0.07 -0.08 -0.08 -0.09 -0.11 -0.12 -0.12 -0.12 -0.12 -0.11 24092003 12
 -0.10 -0.10 -0.09 -0.09 -0.10 -0.09 -0.10 -0.11 -0.11 -0.11 -0.10 -0.08 25092003 00
 -0.06 -0.07 -0.04 -0.03 -0.04 -0.03 -0.00  0.02  0.02  0.01 -0.01 -0.00 25092003 12
  0.01  0.03  0.02  0.03  0.04  0.04  0.04  0.04  0.04  0.03  0.01 -0.02 26092003 00
 -0.04 -0.06 -0.05 -0.05 -0.05 -0.07 -0.10 -0.13 -0.14 -0.16 -0.15 -0.14 26092003 12
 -0.13 -0.11 -0.14 -0.12 -0.13 -0.13 -0.12 -0.10 -0.11 -0.10 -0.10 -0.09 27092003 00
 -0.08 -0.06 -0.06 -0.06 -0.06 -0.07 -0.07 -0.07 -0.08 -0.08 -0.06 -0.07 27092003 12
 -0.07 -0.05 -0.05 -0.05 -0.05 -0.06 -0.06 -0.04 -0.04 -0.04 -0.04 -0.05 28092003 00
 -0.05 -0.04 -0.03 -0.04 -0.03 -0.03 -0.02 -0.01 -0.00  0.02  0.03  0.03 28092003 12
  0.02  0.02  0.01  0.02  0.01  0.01  0.02  0.02  0.03  0.06  0.08  0.08 29092003 00
  0.08  0.07  0.06  0.08  0.09  0.08  0.10  0.10  0.08  0.10  0.09  0.08 29092003 12
  0.06  0.05  0.04  0.04  0.05  0.04  0.04  0.03  0.03  0.05  0.08  0.08 30092003 00
  0.05  0.03  0.02  0.01  0.02  0.01  0.01  0.01 -0.00 -0.01 -0.02 -0.03 30092003 12
 -0.04 -0.03 -0.04 -0.05 -0.06 -0.06 -0.06 -0.06 -0.07 -0.07 -0.08 -0.09 01102003 00
 -0.08 -0.09 -0.10 -0.10 -0.10 -0.11 -0.10 -0.10 -0.09 -0.08 -0.07 -0.08 01102003 12
 -0.08 -0.09 -0.08 -0.07 -0.06 -0.06 -0.06 -0.06 -0.06 -0.06 -0.03  0.00 02102003 00
  0.02  0.02 -0.01 -0.02 -0.03 -0.00  0.03  0.03  0.01  0.00  0.01  0.01 02102003 12
  0.02  0.02  0.01  0.01  0.03  0.03  0.02  0.03  0.03  0.04  0.06  0.08 03102003 00
  0.09  0.07  0.05  0.05  0.05  0.06  0.06  0.06  0.06  0.07  0.06  0.04 03102003 12
  0.01 -0.00 -0.01 -0.00  0.01  0.00  0.03  0.03  0.01  0.02  0.03  0.04 04102003 00
  0.05  0.05  0.05  0.01 -0.04 -0.04 -0.03 -0.05 -0.10 -0.13 -0.15 -0.17 04102003 12
 -0.21 -0.24 -0.26 -0.31 -0.32 -0.30 -0.27 -0.20 -0.18 -0.15 -0.12 -0.04 05102003 00
 -0.01  0.03  0.09  0.12  0.09  0.07  0.07  0.09  0.16  0.22  0.26  0.31 05102003 12
  0.36  0.38  0.31  0.25  0.27  0.35  0.34  0.31  0.22  0.21  0.16  0.15 06102003 00
  0.10  0.09  0.09  0.12  0.15  0.17  0.18  0.22  0.23  0.23  0.26  0.28 06102003 12
  0.28  0.32  0.37  0.34  0.25  0.18  0.15  0.14  0.16  0.18  0.17  0.12 07102003 00
  0.10  0.07  0.05  0.05  0.00 -0.07 -0.10 -0.11 -0.10 -0.07 -0.04 -0.01 07102003 12
 -0.00  0.02  0.03  0.04  0.08  0.11  0.13  0.14  0.17  0.19  0.17  0.16 08102003 00
  0.18  0.19  0.19  0.19  0.15  0.08  0.04  0.02 -0.01 -0.02 -0.04 -0.05 08102003 12
 -0.06 -0.05 -0.05 -0.05 -0.04 -0.02  0.01  0.04  0.06  0.08  0.10  0.12 09102003 00
  0.14  0.15  0.14  0.13  0.14  0.16  0.15  0.13  0.13  0.14  0.16  0.15 09102003 12
  0.18  0.18  0.13  0.12  0.13  0.13  0.13  0.15  0.14  0.10  0.06  0.02 10102003 00
  0.01  0.01  0.01 -0.01 -0.01 -0.02 -0.05 -0.08 -0.08 -0.07 -0.06 -0.06 10102003 12
 -0.05 -0.04 -0.03 -0.04 -0.05 -0.07 -0.08 -0.08 -0.09 -0.09 -0.08 -0.07 11102003 00
 -0.05 -0.05 -0.06 -0.06 -0.07 -0.08 -0.09 -0.09 -0.09 -0.09 -0.10 -0.09 11102003 12
 -0.09 -0.10 -0.11 -0.11 -0.10 -0.12 -0.13 -0.15 -0.16 -0.15 -0.15 -0.14 12102003 00
 -0.13 -0.12 -0.13 -0.13 -0.12 -0.13 -0.14 -0.12 -0.10 -0.13 -0.15 -0.17 12102003 12
 -0.15 -0.12 -0.10 -0.12 -0.10 -0.10 -0.12 -0.11 -0.10 -0.10 -0.10 -0.10 13102003 00
 -0.12 -0.11 -0.11 -0.12 -0.12 -0.12 -0.11 -0.11 -0.13 -0.14 -0.14 -0.15 13102003 12
 -0.16 -0.16 -0.14 -0.15 -0.14 -0.14 -0.16 -0.18 -0.19 -0.20 -0.20 -0.19 14102003 00
 -0.17 -0.15 -0.16 -0.18 -0.20 -0.19 -0.20 -0.21 -0.20 -0.19 -0.20 -0.22 14102003 12
 -0.22 -0.22 -0.22 -0.21 -0.23 -0.22 -0.23 -0.25 -0.24 -0.24 -0.25 -0.26 15102003 00
 -0.26 -0.23 -0.22 -0.23 -0.25 -0.25 -0.24 -0.25 -0.24 -0.21 -0.20 -0.19 15102003 12
 -0.20 -0.24 -0.25 -0.25 -0.23 -0.23 -0.22 -0.24 -0.25 -0.23 -0.22 -0.23 16102003 00
 -0.24 -0.24 -0.23 -0.23 -0.23 -0.23 -0.19 -0.19 -0.19 -0.16 -0.17 -0.18 16102003 12
 -0.18 -0.18 -0.17 -0.17 -0.16 -0.17 -0.16 -0.18 -0.21 -0.22 -0.20 -0.21 17102003 00
 -0.21 -0.22 -0.22 -0.19 -0.17 -0.18 -0.18 -0.17 -0.17 -0.15 -0.11 -0.11 17102003 12
 -0.13 -0.13 -0.15 -0.14 -0.16 -0.16 -0.16 -0.15 -0.16 -0.16 -0.17 -0.18 18102003 00
 -0.19 -0.15 -0.15 -0.14 -0.13 -0.11 -0.10 -0.09 -0.08 -0.08 -0.07 -0.06 18102003 12
 -0.07 -0.11 -0.12 -0.13 -0.12 -0.13 -0.12 -0.13 -0.12 -0.11 -0.09 -0.09 19102003 00
 -0.11 -0.13 -0.14 -0.15 -0.17 -0.19 -0.18 -0.17 -0.18 -0.17 -0.16 -0.16 19102003 12
 -0.16 -0.16 -0.20 -0.17 -0.16 -0.14 -0.13 -0.13 -0.12 -0.11 -0.10 -0.09 20102003 00
 -0.08 -0.07 -0.07 -0.11 -0.12 -0.11 -0.08 -0.05 -0.03 -0.01 -0.00  0.00 20102003 12
  0.01  0.03  0.03  0.01 -0.02 -0.02 -0.00  0.01  0.01 -0.01 -0.02 -0.04 21102003 00
 -0.05 -0.06 -0.05 -0.05 -0.08 -0.09 -0.08 -0.06 -0.04 -0.03 -0.03 -0.04 21102003 12
 -0.05 -0.07 -0.07 -0.07 -0.09 -0.10 -0.09 -0.07 -0.06 -0.06 -0.07 -0.07 22102003 00
 -0.07 -0.08 -0.10 -0.12 -0.15 -0.18 -0.20 -0.22 -0.22 -0.21 -0.21 -0.23 22102003 12
 -0.23 -0.22 -0.24 -0.25 -0.24 -0.24 -0.23 -0.19 -0.18 -0.15 -0.14 -0.16 23102003 00
 -0.17 -0.15 -0.15 -0.15 -0.14 -0.15 -0.18 -0.19 -0.18 -0.16 -0.12 -0.10 23102003 12
 -0.10 -0.10 -0.10 -0.10 -0.10 -0.09 -0.09 -0.08 -0.07 -0.09 -0.13 -0.12 24102003 00
 -0.12 -0.12 -0.13 -0.14 -0.15 -0.14 -0.16 -0.18 -0.19 -0.18 -0.16 -0.14 24102003 12
 -0.13 -0.16 -0.14 -0.14 -0.14 -0.14 -0.15 -0.16 -0.13 -0.12 -0.12 -0.09 25102003 00
 -0.05 -0.06 -0.03 -0.01  0.02  0.06  0.08  0.04  0.01 -0.03 -0.07 -0.09 25102003 12
 -0.11 -0.15 -0.15 -0.14 -0.14 -0.15 -0.18 -0.22 -0.24 -0.22 -0.18 -0.16 26102003 00
 -0.11 -0.08 -0.10 -0.06 -0.08 -0.08 -0.06 -0.06 -0.09 -0.10 -0.10 -0.10 26102003 12
 -0.09 -0.08 -0.10 -0.09 -0.10 -0.10 -0.09 -0.08 -0.08 -0.09 -0.09 -0.08 27102003 00
 -0.08 -0.07 -0.07 -0.07 -0.06 -0.06 -0.06 -0.06 -0.06 -0.07 -0.07 -0.07 27102003 12
 -0.06 -0.05 -0.04 -0.04 -0.02 -0.02 -0.01 -0.01 -0.00  0.00  0.00  0.01 28102003 00
  0.01  0.01  0.01  0.02  0.01  0.02  0.03  0.04  0.08  0.13  0.15  0.14 28102003 12
  0.15  0.16  0.14  0.15  0.15  0.14  0.15  0.15  0.14  0.15  0.18  0.17 29102003 00
  0.19  0.20  0.18  0.15  0.14  0.12  0.13  0.13  0.12  0.11  0.10  0.11 29102003 12
  0.12  0.14  0.14  0.14  0.13  0.12  0.13  0.15  0.16  0.18  0.20  0.23 30102003 00
  0.23  0.24  0.24  0.24  0.25  0.25  0.21  0.20  0.18  0.14  0.13  0.17 30102003 12
  0.18  0.20  0.20  0.19  0.20  0.22  0.23  0.24  0.24  0.22  0.21  0.22 31102003 00
  0.24  0.22  0.20  0.14  0.09  0.07  0.07  0.04  0.03  0.00 -0.01  0.00 31102003 12
  0.02  0.01  0.01  0.03  0.05  0.04  0.04  0.07  0.09  0.09  0.08  0.10 01112003 00
  0.14  0.16  0.14  0.14  0.12  0.12  0.13  0.14  0.15  0.19  0.22  0.27 01112003 12
  0.37  0.55  0.70  0.77  0.78  0.73  0.69  0.66  0.62  0.51  0.49  0.41 02112003 00
  0.30  0.27  0.31  0.35  0.34  0.33  0.38  0.44  0.50  0.53  0.54  0.53 02112003 12
  0.49  0.46  0.44  0.50  0.49  0.47  0.45  0.43  0.40  0.42  0.44  0.49 03112003 00
  0.50  0.44  0.34  0.24  0.20  0.20  0.18  0.15  0.09  0.04  0.02 -0.02 03112003 12
 -0.06 -0.10 -0.12 -0.11 -0.09 -0.10 -0.08 -0.05 -0.03  0.01  0.08  0.13 04112003 00
  0.18  0.19  0.22  0.26  0.28  0.30  0.28  0.26  0.24  0.25  0.26  0.29 04112003 12
  0.25  0.23  0.19  0.16  0.14  0.14  0.09  0.03 -0.01 -0.03 -0.01  0.02 05112003 00
  0.02  0.02  0.03  0.03  0.04  0.06  0.08  0.11  0.14  0.18  0.24  0.35 05112003 12
  0.43  0.43  0.36  0.28  0.22  0.17  0.13  0.05 -0.02 -0.08 -0.13 -0.15 06112003 00
 -0.16 -0.17 -0.15 -0.14 -0.14 -0.15 -0.15 -0.12 -0.11 -0.11 -0.10 -0.08 06112003 12
 -0.08 -0.09 -0.10 -0.12 -0.14 -0.14 -0.12 -0.12 -0.13 -0.16 -0.14 -0.11 07112003 00
 -0.09 -0.10 -0.11 -0.13 -0.14 -0.13 -0.14 -0.15 -0.16 -0.15 -0.16 -0.19 07112003 12
 -0.21 -0.23 -0.24 -0.26 -0.28 -0.26 -0.25 -0.24 -0.26 -0.24 -0.25 -0.22 08112003 00
 -0.19 -0.20 -0.17 -0.16 -0.17 -0.15 -0.13 -0.13 -0.11 -0.12 -0.12 -0.09 08112003 12
 -0.08 -0.08 -0.08 -0.08 -0.09 -0.08 -0.05  0.01  0.04  0.02  0.01  0.02 09112003 00
  0.03  0.06  0.06  0.04  0.03  0.01 -0.01 -0.01 -0.03 -0.04 -0.05 -0.06 09112003 12
 -0.06 -0.05 -0.04 -0.04 -0.04 -0.03 -0.02  0.01  0.02  0.02  0.01  0.01 10112003 00
 -0.00 -0.01 -0.01 -0.02 -0.03 -0.05 -0.08 -0.09 -0.11 -0.12 -0.14 -0.13 10112003 12
 -0.12 -0.10 -0.09 -0.08 -0.07 -0.07 -0.07 -0.05 -0.04 -0.05 -0.04 -0.03 11112003 00
 -0.01 -0.01 -0.00  0.01  0.01  0.00  0.01  0.03  0.06  0.09  0.13  0.13 11112003 12
  0.13  0.14  0.12  0.12  0.12  0.13  0.15  0.12  0.07  0.04  0.02  0.04 12112003 00
  0.02 -0.01 -0.01 -0.01 -0.01 -0.01 -0.00  0.02  0.05  0.10  0.12  0.12 12112003 12
  0.12  0.08  0.06  0.04  0.03  0.02  0.01 -0.01 -0.05 -0.07 -0.08 -0.08 13112003 00
 -0.07 -0.06 -0.04 -0.03 -0.02  0.02  0.06  0.11  0.14  0.17  0.20  0.23 13112003 12
  0.25  0.24  0.21  0.24  0.31  0.34  0.36  0.35  0.36  0.43  0.53  0.52 14112003 00
  0.47  0.47  0.50  0.59  0.70  0.64  0.60  0.58  0.50  0.36  0.23  0.20 14112003 12
  0.13  0.13  0.03  0.02 -0.02 -0.00 -0.00  0.02  0.01  0.01  0.01 -0.01 15112003 00
 -0.05 -0.08 -0.09 -0.06 -0.05 -0.05 -0.05 -0.02  0.00  0.01  0.00 -0.02 15112003 12
 -0.03 -0.02 -0.01 -0.01 -0.02 -0.02 -0.01 -0.00 -0.00 -0.01 -0.03 -0.06 16112003 00
 -0.08 -0.09 -0.09 -0.08 -0.07 -0.07 -0.07 -0.07 -0.08 -0.07 -0.06 -0.06 16112003 12
 -0.07 -0.05 -0.02  0.00  0.03  0.09  0.21  0.27  0.27  0.25  0.22  0.19 17112003 00
  0.12  0.09  0.06  0.06  0.06  0.02 -0.03 -0.04 -0.03  0.01  0.02  0.06 17112003 12
  0.10  0.10  0.06  0.02  0.01  0.01  0.05  0.08  0.10  0.11  0.12  0.12 18112003 00
  0.14  0.16  0.17  0.19  0.17  0.17  0.16  0.11  0.06  0.05  0.06  0.06 18112003 12
  0.04  0.02  0.02  0.03  0.03  0.06  0.12  0.19  0.26  0.29  0.25  0.19 19112003 00
  0.14  0.10  0.06  0.02 -0.02 -0.06 -0.06 -0.07 -0.06 -0.05 -0.02  0.02 19112003 12
  0.05  0.08  0.10  0.15  0.18  0.19  0.18  0.15  0.12  0.13  0.14  0.13 20112003 00
  0.11  0.10  0.05  0.02  0.02  0.03  0.03  0.04  0.03  0.05  0.06  0.06 20112003 12
  0.07  0.07  0.07  0.05  0.04  0.02  0.01  0.01  0.01  0.01  0.03  0.04 21112003 00
  0.04  0.04  0.04  0.04  0.04  0.05  0.07  0.08  0.08  0.07  0.07  0.05 21112003 12
  0.05  0.05  0.06  0.05  0.04  0.02  0.03  0.05  0.07  0.07  0.08  0.08 22112003 00
  0.07  0.07  0.07  0.09  0.10  0.10  0.10  0.10  0.10  0.10  0.09  0.08 22112003 12
  0.08  0.07  0.07  0.07  0.06  0.04  0.04  0.03  0.04  0.04  0.04  0.04 23112003 00
  0.03  0.03  0.02  0.02  0.02  0.01  0.01 -0.00 -0.01 -0.00  0.00 -0.00 23112003 12
  0.00 -0.00 -0.02 -0.02 -0.02 -0.02 -0.02 -0.00  0.01  0.01  0.01  0.02 24112003 00
  0.03  0.03  0.03  0.04  0.05  0.06  0.09  0.17  0.21  0.24  0.24  0.25 24112003 12
  0.24  0.25  0.28  0.25  0.28  0.33  0.34  0.32  0.33  0.27  0.27  0.26 25112003 00
  0.18  0.12  0.17  0.12  0.12  0.12  0.12  0.12  0.17  0.22  0.21  0.21 25112003 12
  0.23  0.23  0.28  0.32  0.31  0.34  0.38  0.40  0.42  0.43  0.37  0.38 26112003 00
  0.37  0.33  0.32  0.38  0.32  0.33  0.35  0.35  0.33  0.35  0.34  0.27 26112003 12
  0.28  0.23  0.17  0.21  0.19  0.20  0.23  0.22  0.19  0.20  0.18  0.16 27112003 00
  0.16  0.15  0.13  0.12  0.12  0.11  0.14  0.14  0.12  0.12  0.13  0.13 27112003 12
  0.11  0.11  0.09  0.07  0.09  0.08  0.09  0.10  0.09  0.10  0.10  0.10 28112003 00
  0.10  0.11  0.09  0.10  0.14  0.17  0.17  0.18  0.20  0.22  0.27  0.27 28112003 12
  0.25  0.23  0.20  0.19  0.22  0.24  0.22  0.20  0.18  0.12  0.11  0.21 29112003 00
  0.26  0.32  0.42  0.49  0.51  0.44  0.31  0.28  0.34  0.31  0.21  0.18 29112003 12
  0.19  0.14  0.11  0.07  0.05  0.07  0.12  0.13  0.13  0.14  0.15  0.13 30112003 00
  0.10  0.07  0.06  0.06  0.05  0.06  0.08  0.09  0.09  0.12  0.14  0.13 30112003 12
  0.11  0.11  0.11  0.11  0.10  0.08  0.05  0.05  0.03 -0.01 -0.01 -0.03 01122003 00
 -0.05 -0.10 -0.13 -0.13 -0.12 -0.13 -0.17 -0.21 -0.25 -0.28 -0.31 -0.31 01122003 12
 -0.34 -0.37 -0.42 -0.39 -0.35 -0.30 -0.25 -0.24 -0.24 -0.25 -0.20 -0.15 02122003 00
 -0.13 -0.09 -0.06 -0.08 -0.07 -0.07 -0.07 -0.07 -0.06 -0.07 -0.07 -0.06 02122003 12
 -0.05 -0.06 -0.09 -0.12 -0.12 -0.12 -0.13 -0.13 -0.14 -0.15 -0.15 -0.15 03122003 00
 -0.16 -0.19 -0.21 -0.22 -0.26 -0.27 -0.27 -0.27 -0.26 -0.24 -0.24 -0.24 03122003 12
 -0.21 -0.21 -0.22 -0.23 -0.25 -0.24 -0.23 -0.26 -0.26 -0.27 -0.27 -0.29 04122003 00
 -0.29 -0.30 -0.31 -0.31 -0.31 -0.34 -0.33 -0.32 -0.30 -0.28 -0.28 -0.30 04122003 12
 -0.28 -0.25 -0.26 -0.25 -0.22 -0.23 -0.24 -0.23 -0.25 -0.22 -0.21 -0.19 05122003 00
 -0.20 -0.19 -0.20 -0.21 -0.20 -0.21 -0.25 -0.25 -0.24 -0.21 -0.18 -0.15 05122003 12
 -0.16 -0.15 -0.16 -0.19 -0.19 -0.21 -0.24 -0.27 -0.28 -0.29 -0.28 -0.28 06122003 00
 -0.28 -0.29 -0.30 -0.32 -0.32 -0.29 -0.29 -0.30 -0.29 -0.27 -0.23 -0.21 06122003 12
 -0.18 -0.18 -0.15 -0.17 -0.17 -0.16 -0.17 -0.18 -0.21 -0.22 -0.23 -0.22 07122003 00
 -0.22 -0.24 -0.23 -0.23 -0.22 -0.18 -0.18 -0.19 -0.18 -0.18 -0.15 -0.14 07122003 12
 -0.13 -0.13 -0.13 -0.13 -0.14 -0.14 -0.13 -0.15 -0.16 -0.17 -0.15 -0.12 08122003 00
 -0.10 -0.10 -0.09 -0.07 -0.06 -0.05 -0.03 -0.01  0.01  0.02  0.04  0.03 08122003 12
  0.03  0.05  0.07  0.09  0.10  0.11  0.10  0.09  0.07  0.07  0.05  0.04 09122003 00
  0.04  0.05  0.06  0.04  0.03  0.03  0.04  0.05  0.06  0.05  0.04  0.01 09122003 12
  0.01  0.02  0.03  0.03  0.03  0.02  0.02  0.02  0.04  0.04  0.04  0.04 10122003 00
  0.04  0.06  0.08  0.08  0.08  0.09  0.10  0.12  0.14  0.15  0.16  0.16 10122003 12
  0.15  0.17  0.21  0.25  0.26  0.28  0.27  0.27  0.30  0.28  0.21  0.17 11122003 00
  0.12  0.05 -0.00 -0.03 -0.07 -0.09 -0.11 -0.14 -0.16 -0.16 -0.15 -0.15 11122003 12
 -0.11 -0.07 -0.06 -0.07 -0.07 -0.07 -0.08 -0.05 -0.03  0.01  0.06  0.08 12122003 00
  0.10  0.11  0.15  0.22  0.28  0.30  0.31  0.31  0.29  0.32  0.35  0.33 12122003 12
  0.34  0.30  0.28  0.28  0.29  0.26  0.28  0.26  0.21  0.19  0.21  0.19 13122003 00
  0.17  0.14  0.14  0.16  0.18  0.20  0.25  0.32  0.38  0.41  0.46  0.45 13122003 12
  0.42  0.39  0.33  0.27  0.24  0.24  0.21  0.22  0.16  0.06 -0.01 -0.02 14122003 00
 -0.04 -0.01  0.02  0.05  0.03 -0.01 -0.05 -0.11 -0.14 -0.14 -0.16 -0.21 14122003 12
 -0.24 -0.22 -0.19 -0.13 -0.12 -0.13 -0.13 -0.11 -0.12 -0.12 -0.12 -0.13 15122003 00
 -0.13 -0.12 -0.11 -0.08 -0.08 -0.09 -0.09 -0.09 -0.10 -0.10 -0.09 -0.10 15122003 12
 -0.11 -0.12 -0.13 -0.12 -0.11 -0.09 -0.07 -0.04 -0.03 -0.02  0.02  0.05 16122003 00
  0.06  0.06  0.05  0.04  0.03  0.04  0.04  0.05  0.06  0.07  0.07  0.06 16122003 12
  0.07  0.06  0.02 -0.01 -0.03 -0.04 -0.04 -0.03 -0.03 -0.02 -0.00 -0.01 17122003 00
 -0.03 -0.04 -0.03 -0.02 -0.01  0.00  0.01  0.00 -0.01 -0.01 -0.01  0.01 17122003 12
  0.01 -0.01 -0.02 -0.02 -0.01 -0.01 -0.00  0.01  0.02  0.03  0.04  0.04 18122003 00
  0.04  0.05  0.04  0.04  0.02  0.01  0.02  0.02  0.02  0.02  0.01  0.01 18122003 12
  0.02  0.03  0.03  0.02  0.01  0.01  0.01  0.01  0.02  0.00 -0.01 -0.02 19122003 00
 -0.03 -0.04 -0.05 -0.06 -0.08 -0.09 -0.08 -0.06 -0.04 -0.02 -0.03 -0.04 19122003 12
 -0.04 -0.04 -0.03 -0.02  0.01  0.03  0.05  0.07  0.08  0.10  0.13  0.16 20122003 00
  0.17  0.19  0.24  0.30  0.36  0.34  0.29  0.31  0.36  0.37  0.37  0.41 20122003 12
  0.42  0.42  0.34  0.31  0.25  0.14  0.01 -0.08 -0.12 -0.14 -0.11 -0.16 21122003 00
 -0.18 -0.15 -0.13 -0.13 -0.19 -0.28 -0.30 -0.23 -0.25 -0.24 -0.22 -0.25 21122003 12
 -0.28 -0.24 -0.24 -0.26 -0.27 -0.28 -0.27 -0.25 -0.22 -0.22 -0.18 -0.16 22122003 00
 -0.20 -0.20 -0.17 -0.15 -0.12 -0.11 -0.13 -0.15 -0.13 -0.09 -0.05 -0.00 22122003 12
  0.03  0.03  0.06  0.07  0.08  0.09  0.09  0.08  0.08  0.04 -0.00 -0.01 23122003 00
 -0.03 -0.03 -0.04 -0.01 -0.01 -0.03 -0.07 -0.11 -0.12 -0.11 -0.11 -0.10 23122003 12
 -0.08 -0.09 -0.10 -0.08 -0.08 -0.07 -0.06 -0.05 -0.04 -0.03 -0.02 -0.02 24122003 00
 -0.02 -0.00  0.01  0.01  0.01  0.01  0.01  0.01  0.02  0.03  0.01  0.03 24122003 12
  0.06  0.07  0.12  0.14  0.15  0.15  0.17  0.20  0.24  0.19  0.15  0.13 25122003 00
  0.14  0.12  0.15  0.17  0.15  0.16  0.16  0.15  0.13  0.15  0.11  0.10 25122003 12
  0.11  0.10  0.11  0.17  0.17  0.16  0.17  0.23  0.31  0.42  0.43  0.42 26122003 00
  0.39  0.35  0.34  0.43  0.42  0.41  0.46  0.47  0.43  0.39  0.35  0.31 26122003 12
  0.31  0.31  0.25  0.24  0.29  0.27  0.29  0.30  0.28  0.28  0.30  0.29 27122003 00
  0.32  0.29  0.24  0.21  0.22  0.20  0.19  0.20  0.16  0.13  0.15  0.16 27122003 12
  0.14  0.16  0.15  0.12  0.11  0.14  0.15  0.17  0.23  0.22  0.17  0.12 28122003 00
  0.11  0.12  0.14  0.19  0.23  0.25  0.22  0.21  0.20  0.19  0.15  0.14 28122003 12
  0.13  0.12  0.09  0.07  0.04  0.03  0.04  0.03  0.05  0.05  0.04  0.03 29122003 00
  0.00 -0.03 -0.04 -0.04 -0.05 -0.04 -0.03 -0.02 -0.01 -0.00  0.01  0.03 29122003 12
  0.04  0.05  0.04  0.02  0.01 -0.01 -0.02 -0.02 -0.02 -0.02 -0.02 -0.02 30122003 00
 -0.01  0.00  0.01  0.00 -0.01 -0.01 -0.01 -0.03 -0.06 -0.08 -0.09 -0.12 30122003 12
 -0.14 -0.18 -0.20 -0.21 -0.21 -0.20 -0.19 -0.17 -0.17 -0.15 -0.15 -0.15 31122003 00
 -0.13 -0.08 -0.09 -0.07 -0.05 -0.04  0.01  0.11  0.21  0.36  0.49  0.64 31122003 12
