Parameter Z: CS3 Location ( 52, 86) Lat 53.500 Lon -3.417
  0.77  0.77  0.66  0.57  0.46  0.41  0.36  0.27  0.19  0.11  0.01  0.02 01012004 00
  0.02 -0.03 -0.04  0.01  0.01  0.01 -0.02 -0.08 -0.14 -0.17 -0.19 -0.16 01012004 12
 -0.13 -0.16 -0.21 -0.29 -0.33 -0.35 -0.36 -0.31 -0.29 -0.24 -0.22 -0.18 02012004 00
 -0.17 -0.17 -0.14 -0.10 -0.11 -0.11 -0.14 -0.14 -0.12 -0.13 -0.14 -0.13 02012004 12
 -0.11 -0.12 -0.12 -0.09 -0.08 -0.05 -0.00  0.01  0.02  0.03  0.04  0.03 03012004 00
 -0.00 -0.02 -0.03 -0.06 -0.10 -0.13 -0.14 -0.14 -0.13 -0.11 -0.10 -0.09 03012004 12
 -0.05 -0.04 -0.05 -0.05 -0.05 -0.07 -0.10 -0.10 -0.11 -0.11 -0.12 -0.13 04012004 00
 -0.13 -0.11 -0.10 -0.08 -0.04  0.01  0.04  0.06  0.06  0.08  0.11  0.13 04012004 12
  0.11  0.09  0.08  0.08  0.06  0.03  0.02  0.02  0.03  0.04  0.05  0.07 05012004 00
  0.10  0.12  0.12  0.12  0.15  0.20  0.25  0.27  0.24  0.23  0.19  0.16 05012004 12
  0.13  0.13  0.13  0.18  0.18  0.14  0.15  0.18  0.18  0.19  0.17  0.17 06012004 00
  0.20  0.23  0.21  0.21  0.17  0.10  0.03  0.02 -0.01 -0.02 -0.03 -0.04 06012004 12
 -0.04 -0.01  0.03  0.06  0.09  0.13  0.20  0.26  0.29  0.26  0.24  0.22 07012004 00
  0.24  0.30  0.33  0.31  0.32  0.33  0.34  0.43  0.50  0.47  0.42  0.36 07012004 12
  0.35  0.38  0.43  0.36  0.34  0.29  0.24  0.26  0.34  0.34  0.35  0.37 08012004 00
  0.40  0.47  0.52  0.50  0.48  0.47  0.50  0.47  0.46  0.43  0.39  0.36 08012004 12
  0.29  0.27  0.28  0.31  0.31  0.34  0.31  0.27  0.29  0.31  0.31  0.33 09012004 00
  0.32  0.30  0.34  0.38  0.36  0.37  0.33  0.25  0.20  0.16  0.09  0.07 09012004 12
  0.06  0.05  0.02  0.02  0.07  0.12  0.17  0.20  0.24  0.29  0.27  0.22 10012004 00
  0.18  0.16  0.17  0.19  0.20  0.23  0.26  0.29  0.31  0.35  0.35  0.32 10012004 12
  0.34  0.30  0.29  0.34  0.37  0.38  0.48  0.55  0.52  0.48  0.46  0.41 11012004 00
  0.41  0.42  0.43  0.48  0.53  0.49  0.54  0.59  0.59  0.52  0.47  0.41 11012004 12
  0.38  0.32  0.25  0.23  0.26  0.22  0.21  0.24  0.24  0.24  0.33  0.40 12012004 00
  0.40  0.39  0.33  0.26  0.21  0.19  0.20  0.23  0.24  0.24  0.31  0.38 12012004 12
  0.54  0.69  0.61  0.69  0.75  0.87  0.88  0.88  0.96  0.96  0.80  0.62 13012004 00
  0.41  0.30  0.27  0.22  0.17  0.21  0.19  0.26  0.32  0.36  0.41  0.57 13012004 12
  0.61  0.51  0.45  0.35  0.31  0.30  0.30  0.24  0.28  0.26  0.19  0.17 14012004 00
  0.23  0.22  0.20  0.18  0.16  0.14  0.16  0.15  0.19  0.21  0.23  0.24 14012004 12
  0.27  0.26  0.23  0.25  0.25  0.27  0.26  0.23  0.20  0.21  0.18  0.11 15012004 00
  0.11  0.22  0.30  0.36  0.36  0.39  0.44  0.48  0.46  0.45  0.46  0.46 15012004 12
  0.41  0.40  0.41  0.41  0.40  0.39  0.44  0.46  0.42  0.29  0.24  0.22 16012004 00
  0.21  0.14  0.10  0.02  0.01 -0.01  0.02  0.05  0.10  0.12  0.14  0.13 16012004 12
  0.14  0.14  0.14  0.14  0.13  0.13  0.13  0.12  0.11  0.12  0.10  0.08 17012004 00
  0.05  0.03  0.01 -0.01 -0.04 -0.05 -0.05 -0.08 -0.12 -0.13 -0.14 -0.15 17012004 12
 -0.16 -0.17 -0.16 -0.16 -0.15 -0.13 -0.10 -0.07 -0.05 -0.05 -0.06 -0.04 18012004 00
 -0.03 -0.01  0.00  0.01 -0.00 -0.01 -0.01 -0.00  0.01  0.04  0.09  0.12 18012004 12
  0.12  0.09  0.09  0.10  0.10  0.09  0.07  0.05  0.07  0.13  0.16  0.15 19012004 00
  0.13  0.12  0.14  0.16  0.14  0.10  0.09  0.10  0.12  0.09  0.08  0.06 19012004 12
  0.04 -0.00  0.01  0.02  0.02 -0.01 -0.02 -0.01  0.01  0.02  0.01  0.01 20012004 00
  0.02  0.02  0.02  0.02  0.01 -0.00 -0.02 -0.03 -0.03 -0.01 -0.02 -0.03 20012004 12
 -0.04 -0.04 -0.05 -0.05 -0.06 -0.08 -0.10 -0.09 -0.08 -0.08 -0.08 -0.06 21012004 00
 -0.05 -0.06 -0.04 -0.04 -0.05 -0.04 -0.03 -0.03 -0.03 -0.03 -0.03 -0.02 21012004 12
  0.00  0.03  0.05  0.06  0.07  0.11  0.15  0.22  0.29  0.28  0.25  0.22 22012004 00
  0.18  0.17  0.16  0.11  0.12  0.10  0.06  0.00 -0.04 -0.07 -0.06 -0.05 22012004 12
 -0.02 -0.01  0.01  0.02  0.02  0.00  0.01  0.03  0.05  0.06  0.04  0.04 23012004 00
  0.06  0.08  0.12  0.14  0.13  0.15  0.18  0.19  0.20  0.19  0.12  0.10 23012004 12
  0.08  0.05  0.03  0.03  0.02  0.03  0.04  0.05  0.04  0.05  0.07  0.06 24012004 00
  0.05  0.05  0.06  0.09  0.07  0.06  0.06  0.07  0.07  0.07  0.02  0.02 24012004 12
  0.04  0.04  0.03  0.01  0.00 -0.01  0.00  0.01 -0.00 -0.02 -0.03 -0.04 25012004 00
 -0.03 -0.03 -0.01 -0.01 -0.01 -0.01 -0.01 -0.02 -0.02  0.00  0.03  0.05 25012004 12
  0.04  0.03  0.02 -0.00 -0.00  0.00  0.00  0.00 -0.00 -0.01 -0.03 -0.04 26012004 00
 -0.03 -0.02 -0.01 -0.00 -0.02 -0.02 -0.01 -0.02 -0.03 -0.03 -0.02 -0.02 26012004 12
 -0.04 -0.05 -0.05 -0.04 -0.04 -0.04 -0.04 -0.03 -0.03 -0.01  0.00  0.00 27012004 00
  0.01  0.02  0.01  0.02  0.01  0.01  0.03  0.07  0.14  0.25  0.29  0.17 27012004 12
  0.03  0.03  0.03 -0.04 -0.07 -0.05 -0.07 -0.03  0.05  0.08  0.09  0.13 28012004 00
  0.09  0.07  0.22  0.24  0.13  0.13  0.16  0.17  0.14  0.11  0.06 -0.01 28012004 12
 -0.08 -0.14 -0.19 -0.19 -0.14 -0.09  0.01  0.10  0.18  0.20  0.23  0.26 29012004 00
  0.26  0.27  0.26  0.25  0.18  0.12  0.05  0.05  0.04  0.06  0.06  0.07 29012004 12
  0.10  0.14  0.17  0.21  0.22  0.22  0.25  0.27  0.26  0.23  0.22  0.20 30012004 00
  0.20  0.21  0.26  0.28  0.32  0.34  0.36  0.37  0.40  0.41  0.42  0.42 30012004 12
  0.40  0.37  0.36  0.34  0.26  0.24  0.30  0.37  0.45  0.49  0.51  0.49 31012004 00
  0.47  0.51  0.62  0.68  0.69  0.62  0.63  0.68  0.73  0.57  0.39  0.32 31012004 12
  0.29  0.19  0.13  0.11  0.16  0.12  0.06  0.04  0.11  0.18  0.30  0.35 01022004 00
  0.35  0.34  0.33  0.35  0.37  0.48  0.56  0.60  0.65  0.54  0.44  0.42 01022004 12
  0.36  0.25  0.13  0.07 -0.02 -0.06 -0.06  0.06  0.15  0.21  0.30  0.37 02022004 00
  0.40  0.36  0.33  0.34  0.36  0.31  0.30  0.26  0.26  0.33  0.41  0.44 02022004 12
  0.51  0.59  0.60  0.57  0.52  0.50  0.55  0.51  0.48  0.49  0.55  0.59 03022004 00
  0.65  0.67  0.73  0.73  0.69  0.67  0.65  0.60  0.47  0.34  0.23  0.15 03022004 12
  0.15  0.12  0.12  0.13  0.09  0.03  0.03  0.05  0.09  0.14  0.16  0.26 04022004 00
  0.34  0.40  0.42  0.41  0.40  0.39  0.34  0.32  0.28  0.28  0.27  0.24 04022004 12
  0.23  0.25  0.23  0.25  0.24  0.22  0.21  0.24  0.23  0.22  0.22  0.19 05022004 00
  0.18  0.18  0.13  0.10  0.10  0.10  0.08  0.10  0.13  0.14  0.16  0.15 05022004 12
  0.18  0.21  0.23  0.22  0.24  0.25  0.20  0.16  0.15  0.15  0.17  0.16 06022004 00
  0.16  0.15  0.15  0.17  0.22  0.25  0.25  0.26  0.28  0.28  0.29  0.29 06022004 12
  0.29  0.32  0.33  0.28  0.22  0.19  0.15  0.11  0.13  0.14  0.15  0.15 07022004 00
  0.14  0.14  0.16  0.16  0.16  0.20  0.24  0.30  0.42  0.45  0.37  0.44 07022004 12
  0.50  0.65  0.67  0.54  0.44  0.50  0.51  0.40  0.13 -0.06 -0.13 -0.15 08022004 00
 -0.18 -0.20 -0.21 -0.24 -0.24 -0.24 -0.25 -0.24 -0.23 -0.26 -0.27 -0.24 08022004 12
 -0.23 -0.18 -0.12 -0.15 -0.15 -0.15 -0.16 -0.15 -0.12 -0.13 -0.13 -0.14 09022004 00
 -0.13 -0.12 -0.12 -0.13 -0.12 -0.12 -0.14 -0.16 -0.16 -0.16 -0.16 -0.14 09022004 12
 -0.14 -0.13 -0.11 -0.06 -0.06 -0.04 -0.03 -0.02  0.00  0.04  0.06  0.05 10022004 00
  0.01  0.00 -0.02 -0.03 -0.04 -0.06 -0.03 -0.02 -0.02 -0.04 -0.09 -0.13 10022004 12
 -0.15 -0.15 -0.16 -0.15 -0.16 -0.17 -0.16 -0.16 -0.17 -0.17 -0.18 -0.20 11022004 00
 -0.19 -0.20 -0.17 -0.14 -0.15 -0.16 -0.14 -0.15 -0.16 -0.15 -0.15 -0.16 11022004 12
 -0.18 -0.17 -0.19 -0.17 -0.17 -0.19 -0.19 -0.19 -0.20 -0.20 -0.19 -0.19 12022004 00
 -0.19 -0.19 -0.19 -0.16 -0.16 -0.16 -0.14 -0.12 -0.14 -0.13 -0.12 -0.13 12022004 12
 -0.15 -0.18 -0.18 -0.18 -0.16 -0.16 -0.16 -0.14 -0.13 -0.13 -0.13 -0.13 13022004 00
 -0.15 -0.17 -0.18 -0.18 -0.17 -0.17 -0.19 -0.19 -0.17 -0.18 -0.19 -0.19 13022004 12
 -0.21 -0.23 -0.24 -0.23 -0.22 -0.21 -0.18 -0.19 -0.18 -0.17 -0.17 -0.17 14022004 00
 -0.15 -0.18 -0.19 -0.20 -0.21 -0.19 -0.18 -0.18 -0.18 -0.16 -0.16 -0.15 14022004 12
 -0.12 -0.11 -0.14 -0.15 -0.17 -0.17 -0.16 -0.15 -0.15 -0.14 -0.14 -0.15 15022004 00
 -0.15 -0.15 -0.17 -0.19 -0.19 -0.19 -0.16 -0.16 -0.15 -0.16 -0.15 -0.15 15022004 12
 -0.14 -0.14 -0.13 -0.14 -0.15 -0.17 -0.18 -0.17 -0.17 -0.15 -0.15 -0.14 16022004 00
 -0.14 -0.13 -0.13 -0.14 -0.17 -0.17 -0.18 -0.17 -0.16 -0.16 -0.17 -0.19 16022004 12
 -0.18 -0.19 -0.19 -0.19 -0.22 -0.26 -0.25 -0.26 -0.24 -0.22 -0.21 -0.23 17022004 00
 -0.22 -0.23 -0.25 -0.25 -0.24 -0.28 -0.30 -0.28 -0.28 -0.25 -0.25 -0.25 17022004 12
 -0.27 -0.24 -0.24 -0.24 -0.22 -0.23 -0.25 -0.25 -0.24 -0.22 -0.19 -0.18 18022004 00
 -0.18 -0.18 -0.19 -0.21 -0.22 -0.20 -0.20 -0.23 -0.22 -0.22 -0.18 -0.17 18022004 12
 -0.18 -0.19 -0.18 -0.19 -0.21 -0.22 -0.23 -0.23 -0.25 -0.25 -0.24 -0.21 19022004 00
 -0.21 -0.23 -0.21 -0.21 -0.22 -0.22 -0.23 -0.26 -0.28 -0.27 -0.26 -0.25 19022004 12
 -0.24 -0.26 -0.27 -0.24 -0.26 -0.27 -0.26 -0.27 -0.28 -0.28 -0.28 -0.27 20022004 00
 -0.24 -0.24 -0.26 -0.23 -0.26 -0.27 -0.24 -0.25 -0.30 -0.27 -0.27 -0.26 20022004 12
 -0.21 -0.17 -0.20 -0.18 -0.16 -0.16 -0.15 -0.13 -0.13 -0.15 -0.15 -0.16 21022004 00
 -0.15 -0.14 -0.18 -0.20 -0.22 -0.24 -0.23 -0.24 -0.30 -0.33 -0.34 -0.27 21022004 12
 -0.25 -0.22 -0.22 -0.27 -0.22 -0.23 -0.25 -0.23 -0.24 -0.27 -0.28 -0.31 22022004 00
 -0.33 -0.30 -0.30 -0.35 -0.31 -0.32 -0.32 -0.30 -0.26 -0.28 -0.28 -0.24 22022004 12
 -0.26 -0.24 -0.18 -0.18 -0.17 -0.14 -0.14 -0.12 -0.10 -0.10 -0.11 -0.15 23022004 00
 -0.16 -0.18 -0.17 -0.16 -0.18 -0.16 -0.17 -0.16 -0.12 -0.10 -0.11 -0.07 23022004 12
 -0.06 -0.04 -0.03 -0.01 -0.02 -0.01  0.00  0.02  0.05  0.05  0.02  0.00 24022004 00
 -0.01 -0.03 -0.05 -0.05 -0.03 -0.01  0.01  0.01 -0.00 -0.00 -0.05 -0.10 24022004 12
 -0.11 -0.09 -0.07 -0.08 -0.12 -0.14 -0.11 -0.09 -0.08 -0.08 -0.10 -0.11 25022004 00
 -0.08 -0.05 -0.00  0.01  0.00  0.01  0.02  0.02  0.01 -0.00 -0.03 -0.05 25022004 12
 -0.04 -0.03 -0.01 -0.01 -0.04 -0.04 -0.01  0.00 -0.00  0.00  0.03  0.05 26022004 00
  0.05  0.03  0.03  0.03  0.00 -0.01 -0.02 -0.03 -0.06 -0.08 -0.08 -0.10 26022004 12
 -0.16 -0.19 -0.15 -0.12 -0.12 -0.10 -0.09 -0.07 -0.08 -0.09 -0.09 -0.12 27022004 00
 -0.14 -0.12 -0.10 -0.08 -0.07 -0.09 -0.11 -0.06 -0.04 -0.05 -0.06 -0.05 27022004 12
 -0.08 -0.08 -0.09 -0.08 -0.07 -0.07 -0.08 -0.09 -0.08 -0.09 -0.09 -0.07 28022004 00
 -0.07 -0.09 -0.09 -0.09 -0.10 -0.12 -0.11 -0.11 -0.11 -0.11 -0.10 -0.10 28022004 12
 -0.09 -0.09 -0.09 -0.10 -0.10 -0.10 -0.09 -0.09 -0.09 -0.10 -0.11 -0.13 29022004 00
 -0.14 -0.15 -0.17 -0.18 -0.18 -0.18 -0.19 -0.19 -0.18 -0.15 -0.15 -0.14 29022004 12
 -0.13 -0.14 -0.16 -0.17 -0.18 -0.17 -0.17 -0.17 -0.16 -0.17 -0.17 -0.17 01032004 00
 -0.18 -0.18 -0.19 -0.20 -0.21 -0.21 -0.20 -0.20 -0.19 -0.19 -0.19 -0.18 01032004 12
 -0.18 -0.17 -0.17 -0.17 -0.19 -0.18 -0.15 -0.11 -0.10 -0.09 -0.08 -0.06 02032004 00
 -0.04 -0.03 -0.02 -0.00 -0.00 -0.02 -0.00  0.01  0.02  0.04  0.09  0.09 02032004 12
  0.09  0.09  0.09  0.09  0.11  0.15  0.18  0.19  0.19  0.16  0.13  0.12 03032004 00
  0.14  0.14  0.13  0.10  0.06  0.04  0.03 -0.03 -0.06 -0.06 -0.05 -0.02 03032004 12
  0.00  0.00 -0.00 -0.02 -0.03 -0.01  0.01  0.01  0.01 -0.01 -0.03 -0.03 04032004 00
 -0.03 -0.03 -0.02 -0.01 -0.03 -0.05 -0.09 -0.10 -0.09 -0.08 -0.07 -0.07 04032004 12
 -0.07 -0.07 -0.07 -0.08 -0.08 -0.08 -0.08 -0.10 -0.10 -0.09 -0.09 -0.09 05032004 00
 -0.08 -0.10 -0.09 -0.09 -0.10 -0.11 -0.12 -0.13 -0.13 -0.13 -0.11 -0.09 05032004 12
 -0.09 -0.09 -0.09 -0.08 -0.09 -0.09 -0.10 -0.11 -0.10 -0.09 -0.10 -0.08 06032004 00
 -0.08 -0.10 -0.11 -0.10 -0.10 -0.10 -0.10 -0.09 -0.09 -0.08 -0.08 -0.06 06032004 12
 -0.06 -0.08 -0.10 -0.10 -0.10 -0.11 -0.10 -0.12 -0.16 -0.17 -0.18 -0.17 07032004 00
 -0.15 -0.15 -0.18 -0.17 -0.19 -0.19 -0.20 -0.21 -0.27 -0.29 -0.23 -0.24 07032004 12
 -0.24 -0.20 -0.22 -0.24 -0.23 -0.24 -0.24 -0.23 -0.23 -0.22 -0.24 -0.24 08032004 00
 -0.24 -0.21 -0.20 -0.22 -0.19 -0.21 -0.22 -0.21 -0.24 -0.24 -0.27 -0.24 08032004 12
 -0.22 -0.21 -0.21 -0.25 -0.21 -0.22 -0.23 -0.21 -0.19 -0.22 -0.21 -0.23 09032004 00
 -0.24 -0.21 -0.18 -0.22 -0.20 -0.20 -0.21 -0.22 -0.23 -0.26 -0.28 -0.22 09032004 12
 -0.21 -0.21 -0.18 -0.19 -0.20 -0.17 -0.20 -0.20 -0.20 -0.20 -0.20 -0.22 10032004 00
 -0.21 -0.21 -0.20 -0.18 -0.21 -0.18 -0.19 -0.20 -0.18 -0.16 -0.18 -0.16 10032004 12
 -0.17 -0.16 -0.14 -0.11 -0.12 -0.11 -0.10 -0.10 -0.08 -0.03  0.03  0.04 11032004 00
  0.03  0.01  0.02  0.05  0.09  0.10  0.08  0.07  0.06  0.08  0.11  0.09 11032004 12
  0.01 -0.02 -0.05 -0.07 -0.07 -0.08 -0.08 -0.07 -0.05 -0.03  0.01  0.09 12032004 00
  0.11  0.11  0.07  0.05  0.06  0.10  0.10  0.10  0.10  0.09  0.10  0.11 12032004 12
  0.10  0.10  0.10  0.07  0.06  0.06  0.08  0.08  0.09  0.08  0.08  0.11 13032004 00
  0.13  0.13  0.13  0.14  0.15  0.16  0.18  0.17  0.17  0.18  0.18  0.17 13032004 12
  0.18  0.17  0.14  0.11  0.08  0.09  0.13  0.19  0.24  0.33  0.40  0.48 14032004 00
  0.59  0.66  0.58  0.55  0.50  0.48  0.41  0.35  0.25  0.27  0.30  0.28 14032004 12
  0.25  0.21  0.17  0.06  0.00 -0.02  0.03  0.04  0.05  0.04  0.05  0.06 15032004 00
  0.09  0.15  0.22  0.26  0.25  0.24  0.23  0.24  0.24  0.24  0.21  0.19 15032004 12
  0.14  0.09  0.08  0.09  0.06  0.03  0.02  0.05  0.12  0.16  0.19  0.21 16032004 00
  0.21  0.19  0.21  0.27  0.32  0.27  0.22  0.16  0.13  0.17  0.19  0.20 16032004 12
  0.20  0.19  0.14  0.08  0.05  0.06  0.04  0.04  0.03  0.02  0.01 -0.00 17032004 00
 -0.01  0.01  0.02  0.02 -0.02 -0.06 -0.09 -0.12 -0.12 -0.10 -0.09 -0.10 17032004 12
 -0.11 -0.10 -0.08 -0.08 -0.07 -0.06 -0.04 -0.03 -0.02 -0.00  0.01  0.05 18032004 00
  0.09  0.13  0.20  0.27  0.33  0.31  0.29  0.28  0.26  0.25  0.20  0.18 18032004 12
  0.16  0.11  0.05  0.06  0.05  0.04  0.12  0.28  0.54  0.81  0.90  0.82 19032004 00
  0.67  0.61  0.46  0.41  0.35  0.26  0.12 -0.01 -0.12 -0.11 -0.08 -0.03 19032004 12
  0.03  0.06  0.09  0.14  0.21  0.32  0.45  0.51  0.47  0.39  0.42  0.44 20032004 00
  0.56  0.77  0.81  0.79  0.86  0.92  0.92  0.85  0.76  0.58  0.53  0.42 20032004 12
  0.32  0.28  0.29  0.22  0.31  0.37  0.40  0.40  0.37  0.32  0.27  0.26 21032004 00
  0.22  0.25  0.35  0.37  0.41  0.36  0.27  0.20  0.19  0.18  0.16  0.12 21032004 12
  0.09  0.08  0.08  0.07  0.06  0.09  0.11  0.10  0.06 -0.01 -0.06 -0.06 22032004 00
 -0.05 -0.05 -0.04 -0.02 -0.01 -0.01 -0.01 -0.00 -0.02 -0.03 -0.03 -0.02 22032004 12
 -0.01 -0.02 -0.07 -0.11 -0.13 -0.13 -0.13 -0.13 -0.14 -0.18 -0.17 -0.18 23032004 00
 -0.17 -0.17 -0.15 -0.17 -0.16 -0.17 -0.17 -0.15 -0.15 -0.18 -0.20 -0.19 23032004 12
 -0.19 -0.19 -0.19 -0.23 -0.24 -0.22 -0.22 -0.22 -0.22 -0.24 -0.23 -0.24 24032004 00
 -0.23 -0.24 -0.22 -0.21 -0.23 -0.20 -0.21 -0.23 -0.22 -0.21 -0.22 -0.17 24032004 12
 -0.17 -0.17 -0.15 -0.12 -0.13 -0.09 -0.06 -0.05 -0.07 -0.10 -0.13 -0.15 25032004 00
 -0.18 -0.21 -0.23 -0.27 -0.33 -0.35 -0.35 -0.37 -0.38 -0.39 -0.41 -0.38 25032004 12
 -0.36 -0.31 -0.22 -0.19 -0.19 -0.16 -0.13 -0.14 -0.13 -0.10 -0.11 -0.13 26032004 00
 -0.15 -0.17 -0.16 -0.16 -0.15 -0.16 -0.14 -0.14 -0.14 -0.12 -0.09 -0.10 26032004 12
 -0.09 -0.08 -0.07 -0.07 -0.08 -0.09 -0.08 -0.07 -0.07 -0.08 -0.08 -0.09 27032004 00
 -0.09 -0.09 -0.09 -0.07 -0.07 -0.06 -0.05 -0.04 -0.04 -0.03 -0.02 -0.02 27032004 12
 -0.02 -0.01 -0.00 -0.01 -0.01 -0.01  0.01  0.02  0.04  0.06  0.06  0.05 28032004 00
  0.05  0.03  0.01 -0.01 -0.02 -0.02 -0.03 -0.05 -0.06 -0.06 -0.06 -0.07 28032004 12
 -0.08 -0.10 -0.10 -0.09 -0.09 -0.08 -0.07 -0.08 -0.07 -0.07 -0.07 -0.06 29032004 00
 -0.06 -0.08 -0.09 -0.11 -0.11 -0.11 -0.10 -0.10 -0.10 -0.10 -0.08 -0.08 29032004 12
 -0.11 -0.12 -0.13 -0.14 -0.15 -0.15 -0.14 -0.12 -0.12 -0.12 -0.12 -0.12 30032004 00
 -0.11 -0.11 -0.10 -0.09 -0.08 -0.08 -0.08 -0.06 -0.02 -0.01 -0.01 -0.00 30032004 12
  0.01  0.01 -0.03 -0.08 -0.10 -0.10 -0.09 -0.07 -0.06 -0.06 -0.06 -0.05 31032004 00
 -0.03 -0.01  0.01  0.04  0.05  0.05  0.04  0.03  0.04  0.04  0.05  0.07 31032004 12
  0.06  0.05  0.04  0.03  0.03  0.03  0.04  0.05  0.06  0.06  0.06  0.07 01042004 00
  0.08  0.08  0.08  0.09  0.10  0.11  0.10  0.08  0.06  0.06  0.07  0.09 01042004 12
  0.11  0.13  0.14  0.15  0.14  0.14  0.15  0.14  0.15  0.14  0.14  0.16 02042004 00
  0.17  0.16  0.16  0.16  0.15  0.16  0.15  0.12  0.09  0.06  0.05  0.05 02042004 12
  0.08  0.10  0.11  0.11  0.10  0.08  0.13  0.19  0.22  0.23  0.23  0.26 03042004 00
  0.29  0.29  0.26  0.27  0.29  0.27  0.26  0.22  0.18  0.17  0.16  0.17 03042004 12
  0.20  0.23  0.23  0.22  0.19  0.14  0.11  0.08  0.08  0.09  0.08  0.08 04042004 00
  0.11  0.13  0.15  0.18  0.23  0.27  0.29  0.27  0.24  0.19  0.20  0.15 04042004 12
  0.12  0.14  0.11  0.11  0.11  0.12  0.15  0.20  0.22  0.23  0.21  0.20 05042004 00
  0.21  0.21  0.19  0.19  0.21  0.19  0.15  0.12  0.07  0.05  0.05  0.05 05042004 12
  0.07  0.03  0.02  0.02  0.02  0.03  0.03  0.04  0.06  0.09  0.07  0.08 06042004 00
  0.11  0.09  0.09  0.08  0.08  0.06  0.01 -0.05 -0.09 -0.09 -0.08 -0.09 06042004 12
 -0.10 -0.11 -0.13 -0.12 -0.09 -0.08 -0.08 -0.06 -0.06 -0.07 -0.10 -0.09 07042004 00
 -0.08 -0.09 -0.10 -0.12 -0.11 -0.11 -0.10 -0.09 -0.11 -0.12 -0.11 -0.11 07042004 12
 -0.10 -0.11 -0.11 -0.13 -0.13 -0.12 -0.12 -0.12 -0.13 -0.14 -0.15 -0.13 08042004 00
 -0.13 -0.14 -0.12 -0.14 -0.14 -0.14 -0.15 -0.15 -0.14 -0.14 -0.13 -0.13 08042004 12
 -0.11 -0.11 -0.10 -0.09 -0.11 -0.08 -0.09 -0.10 -0.08 -0.06 -0.06 -0.06 09042004 00
 -0.07 -0.07 -0.06 -0.05 -0.06 -0.06 -0.05 -0.05 -0.04 -0.04 -0.05 -0.04 09042004 12
 -0.05 -0.06 -0.07 -0.08 -0.09 -0.09 -0.09 -0.09 -0.11 -0.11 -0.12 -0.15 10042004 00
 -0.14 -0.15 -0.13 -0.11 -0.10 -0.11 -0.10 -0.10 -0.10 -0.08 -0.06 -0.06 10042004 12
 -0.07 -0.08 -0.09 -0.08 -0.09 -0.09 -0.09 -0.08 -0.08 -0.09 -0.10 -0.12 11042004 00
 -0.12 -0.13 -0.13 -0.13 -0.12 -0.11 -0.11 -0.10 -0.10 -0.10 -0.10 -0.10 11042004 12
 -0.11 -0.12 -0.12 -0.13 -0.13 -0.14 -0.14 -0.13 -0.12 -0.12 -0.12 -0.12 12042004 00
 -0.13 -0.16 -0.16 -0.16 -0.15 -0.15 -0.14 -0.14 -0.14 -0.13 -0.13 -0.13 12042004 12
 -0.13 -0.16 -0.17 -0.17 -0.18 -0.17 -0.16 -0.15 -0.14 -0.13 -0.14 -0.14 13042004 00
 -0.13 -0.11 -0.12 -0.11 -0.10 -0.09 -0.08 -0.09 -0.08 -0.07 -0.05 -0.05 13042004 12
 -0.07 -0.07 -0.06 -0.07 -0.06 -0.05 -0.04 -0.02  0.01  0.02  0.01  0.01 14042004 00
  0.02  0.02  0.03  0.04  0.04  0.05  0.07  0.08  0.07  0.10  0.14  0.18 14042004 12
  0.20  0.21  0.21  0.19  0.17  0.19  0.17  0.15  0.13  0.13  0.11  0.11 15042004 00
  0.07  0.06  0.04  0.02  0.00  0.00  0.01  0.02  0.02  0.02  0.04  0.05 15042004 12
  0.06  0.05  0.04  0.04  0.03  0.02  0.02  0.01  0.02  0.02  0.01 -0.01 16042004 00
 -0.03 -0.03 -0.03 -0.02 -0.02 -0.02 -0.01 -0.00  0.00  0.01  0.02  0.03 16042004 12
  0.03  0.02  0.02  0.03  0.04  0.04  0.04  0.05  0.05  0.05  0.06  0.08 17042004 00
  0.13  0.16  0.17  0.20  0.22  0.28  0.41  0.51  0.57  0.56  0.53  0.49 17042004 12
  0.44  0.41  0.33  0.36  0.33  0.24  0.19  0.19  0.19  0.23  0.23  0.24 18042004 00
  0.27  0.29  0.30  0.32  0.35  0.38  0.37  0.36  0.32  0.34  0.34  0.30 18042004 12
  0.29  0.31  0.29  0.30  0.36  0.40  0.38  0.34  0.31  0.30  0.32  0.24 19042004 00
  0.22  0.24  0.25  0.24  0.26  0.25  0.22  0.25  0.29  0.27  0.26  0.25 19042004 12
  0.21  0.21  0.22  0.17  0.18  0.19  0.18  0.18  0.19  0.19  0.18  0.18 20042004 00
  0.15  0.13  0.15  0.13  0.12  0.12  0.10  0.13  0.22  0.29  0.30  0.26 20042004 12
  0.22  0.21  0.28  0.29  0.28  0.30  0.31  0.33  0.40  0.43  0.36  0.32 21042004 00
  0.25  0.21  0.27  0.28  0.27  0.28  0.27  0.26  0.32  0.39  0.41  0.38 21042004 12
  0.34  0.28  0.24  0.21  0.14  0.16  0.15  0.08  0.02  0.00 -0.03 -0.02 22042004 00
 -0.02 -0.03 -0.03 -0.03 -0.01 -0.00  0.02  0.02  0.02  0.02  0.01 -0.00 22042004 12
 -0.02 -0.03 -0.03 -0.03 -0.04 -0.05 -0.05 -0.05 -0.05 -0.05 -0.04 -0.03 23042004 00
 -0.01 -0.01 -0.00 -0.01 -0.02 -0.03 -0.03 -0.03 -0.03 -0.03 -0.05 -0.07 23042004 12
 -0.08 -0.07 -0.07 -0.07 -0.08 -0.09 -0.09 -0.10 -0.09 -0.09 -0.10 -0.10 24042004 00
 -0.11 -0.12 -0.11 -0.10 -0.10 -0.10 -0.10 -0.10 -0.11 -0.10 -0.11 -0.12 24042004 12
 -0.11 -0.11 -0.11 -0.11 -0.12 -0.13 -0.13 -0.14 -0.14 -0.13 -0.13 -0.16 25042004 00
 -0.18 -0.18 -0.15 -0.14 -0.14 -0.15 -0.13 -0.13 -0.13 -0.12 -0.11 -0.11 25042004 12
 -0.11 -0.11 -0.11 -0.11 -0.11 -0.12 -0.11 -0.10 -0.09 -0.09 -0.08 -0.09 26042004 00
 -0.10 -0.10 -0.09 -0.08 -0.08 -0.07 -0.07 -0.06 -0.06 -0.06 -0.06 -0.06 26042004 12
 -0.08 -0.07 -0.06 -0.06 -0.10 -0.13 -0.15 -0.13 -0.12 -0.12 -0.14 -0.14 27042004 00
 -0.17 -0.18 -0.18 -0.17 -0.15 -0.16 -0.16 -0.16 -0.14 -0.13 -0.11 -0.10 27042004 12
 -0.12 -0.17 -0.18 -0.19 -0.20 -0.22 -0.23 -0.26 -0.25 -0.25 -0.25 -0.25 28042004 00
 -0.26 -0.30 -0.32 -0.28 -0.26 -0.22 -0.23 -0.22 -0.23 -0.21 -0.18 -0.15 28042004 12
 -0.13 -0.14 -0.19 -0.21 -0.20 -0.19 -0.20 -0.20 -0.20 -0.22 -0.20 -0.19 29042004 00
 -0.20 -0.20 -0.23 -0.25 -0.20 -0.18 -0.13 -0.11 -0.09 -0.06 -0.04 -0.03 29042004 12
 -0.05 -0.05 -0.03 -0.06 -0.14 -0.18 -0.17 -0.14 -0.13 -0.14 -0.14 -0.13 30042004 00
 -0.13 -0.13 -0.13 -0.13 -0.14 -0.13 -0.12 -0.12 -0.11 -0.12 -0.10 -0.09 30042004 12
 -0.07 -0.07 -0.06 -0.05 -0.05 -0.06 -0.06 -0.07 -0.07 -0.07 -0.07 -0.06 01052004 00
 -0.06 -0.06 -0.06 -0.05 -0.03 -0.02  0.01  0.03  0.02  0.02  0.02  0.02 01052004 12
  0.03  0.03  0.04  0.04  0.02 -0.00 -0.00  0.00  0.01  0.01  0.01  0.01 02052004 00
  0.01  0.01  0.00  0.01  0.02  0.04  0.06  0.07  0.08  0.09  0.08  0.08 02052004 12
  0.09  0.11  0.13  0.14  0.14  0.11  0.10  0.10  0.11  0.10  0.07  0.06 03052004 00
  0.06  0.05  0.05  0.05  0.04  0.04  0.05  0.07  0.08  0.08  0.09  0.11 03052004 12
  0.13  0.15  0.14  0.19  0.29  0.43  0.63  0.73  0.71  0.59  0.56  0.47 04052004 00
  0.42  0.43  0.32  0.35  0.36  0.30  0.25  0.27  0.29  0.28  0.29  0.28 04052004 12
  0.23  0.26  0.24  0.20  0.19  0.15  0.12  0.14  0.16  0.20  0.19  0.18 05052004 00
  0.19  0.21  0.24  0.22  0.23  0.24  0.23  0.23  0.24  0.21  0.24  0.24 05052004 12
  0.19  0.16  0.19  0.16  0.17  0.17  0.17  0.17  0.18  0.19  0.14  0.15 06052004 00
  0.14  0.10  0.12  0.12  0.11  0.13  0.14  0.14  0.16  0.16  0.16  0.14 06052004 12
  0.13  0.10  0.09  0.10  0.06  0.07  0.07  0.06  0.06  0.08  0.07  0.06 07052004 00
  0.05  0.03  0.02  0.04  0.04  0.05  0.06  0.07  0.08  0.09  0.09  0.10 07052004 12
  0.11  0.10  0.09  0.09  0.09  0.07  0.08  0.08  0.07  0.07  0.07  0.05 08052004 00
  0.05  0.05  0.06  0.06  0.07  0.07  0.08  0.09  0.09  0.09  0.09  0.09 08052004 12
  0.08  0.09  0.08  0.07  0.07  0.06  0.05  0.06  0.05  0.04  0.03  0.02 09052004 00
  0.02  0.03  0.02  0.01  0.01  0.00  0.01  0.02  0.02  0.01  0.00 -0.01 09052004 12
 -0.01 -0.01 -0.01 -0.01 -0.01 -0.02 -0.03 -0.04 -0.04 -0.04 -0.04 -0.04 10052004 00
 -0.05 -0.04 -0.04 -0.04 -0.05 -0.05 -0.04 -0.04 -0.04 -0.04 -0.04 -0.04 10052004 12
 -0.03 -0.04 -0.06 -0.07 -0.08 -0.09 -0.10 -0.10 -0.10 -0.10 -0.10 -0.10 11052004 00
 -0.11 -0.12 -0.11 -0.10 -0.10 -0.11 -0.11 -0.12 -0.11 -0.10 -0.10 -0.11 11052004 12
 -0.12 -0.14 -0.15 -0.15 -0.15 -0.14 -0.13 -0.13 -0.13 -0.12 -0.13 -0.13 12052004 00
 -0.11 -0.11 -0.12 -0.11 -0.11 -0.11 -0.11 -0.12 -0.12 -0.11 -0.10 -0.11 12052004 12
 -0.12 -0.12 -0.11 -0.13 -0.14 -0.13 -0.10 -0.09 -0.07 -0.08 -0.09 -0.09 13052004 00
 -0.09 -0.09 -0.09 -0.10 -0.11 -0.11 -0.11 -0.11 -0.11 -0.11 -0.12 -0.11 13052004 12
 -0.10 -0.10 -0.10 -0.09 -0.09 -0.08 -0.08 -0.08 -0.08 -0.09 -0.10 -0.10 14052004 00
 -0.10 -0.10 -0.11 -0.11 -0.13 -0.14 -0.15 -0.14 -0.13 -0.13 -0.12 -0.11 14052004 12
 -0.10 -0.10 -0.11 -0.12 -0.14 -0.17 -0.17 -0.16 -0.15 -0.13 -0.14 -0.16 15052004 00
 -0.16 -0.16 -0.17 -0.17 -0.16 -0.18 -0.19 -0.19 -0.18 -0.15 -0.14 -0.14 15052004 12
 -0.16 -0.15 -0.16 -0.17 -0.17 -0.19 -0.22 -0.21 -0.20 -0.19 -0.18 -0.17 16052004 00
 -0.19 -0.18 -0.18 -0.18 -0.17 -0.16 -0.16 -0.17 -0.16 -0.16 -0.12 -0.12 16052004 12
 -0.12 -0.11 -0.10 -0.11 -0.12 -0.11 -0.11 -0.12 -0.11 -0.10 -0.09 -0.10 17052004 00
 -0.10 -0.10 -0.10 -0.10 -0.11 -0.11 -0.11 -0.12 -0.14 -0.14 -0.13 -0.12 17052004 12
 -0.12 -0.13 -0.13 -0.13 -0.14 -0.14 -0.15 -0.17 -0.14 -0.13 -0.12 -0.10 18052004 00
 -0.10 -0.10 -0.09 -0.08 -0.07 -0.07 -0.06 -0.06 -0.04 -0.04 -0.04 -0.03 18052004 12
 -0.03 -0.02 -0.01 -0.01 -0.02 -0.03 -0.05 -0.06 -0.08 -0.09 -0.09 -0.10 19052004 00
 -0.09 -0.09 -0.09 -0.08 -0.09 -0.10 -0.11 -0.12 -0.12 -0.12 -0.11 -0.11 19052004 12
 -0.09 -0.09 -0.11 -0.11 -0.11 -0.12 -0.11 -0.11 -0.12 -0.11 -0.12 -0.12 20052004 00
 -0.10 -0.10 -0.11 -0.10 -0.09 -0.09 -0.09 -0.10 -0.11 -0.10 -0.10 -0.10 20052004 12
 -0.09 -0.11 -0.14 -0.13 -0.13 -0.15 -0.16 -0.17 -0.18 -0.20 -0.21 -0.20 21052004 00
 -0.18 -0.15 -0.15 -0.16 -0.15 -0.18 -0.19 -0.18 -0.19 -0.20 -0.23 -0.22 21052004 12
 -0.21 -0.20 -0.20 -0.21 -0.21 -0.21 -0.22 -0.20 -0.18 -0.17 -0.16 -0.17 22052004 00
 -0.17 -0.14 -0.15 -0.16 -0.15 -0.15 -0.17 -0.18 -0.18 -0.19 -0.20 -0.22 22052004 12
 -0.22 -0.20 -0.19 -0.19 -0.20 -0.18 -0.20 -0.20 -0.17 -0.16 -0.17 -0.17 23052004 00
 -0.18 -0.17 -0.16 -0.15 -0.15 -0.15 -0.15 -0.15 -0.14 -0.14 -0.16 -0.17 23052004 12
 -0.18 -0.18 -0.16 -0.16 -0.17 -0.17 -0.17 -0.17 -0.17 -0.16 -0.17 -0.18 24052004 00
 -0.18 -0.18 -0.17 -0.16 -0.15 -0.15 -0.14 -0.14 -0.14 -0.13 -0.14 -0.16 24052004 12
 -0.16 -0.17 -0.15 -0.15 -0.15 -0.15 -0.14 -0.14 -0.14 -0.13 -0.14 -0.17 25052004 00
 -0.17 -0.16 -0.15 -0.13 -0.13 -0.13 -0.13 -0.12 -0.14 -0.13 -0.11 -0.13 25052004 12
 -0.15 -0.14 -0.14 -0.13 -0.14 -0.13 -0.13 -0.11 -0.11 -0.11 -0.10 -0.07 26052004 00
 -0.08 -0.09 -0.10 -0.08 -0.07 -0.08 -0.09 -0.10 -0.09 -0.09 -0.09 -0.09 26052004 12
 -0.10 -0.10 -0.10 -0.11 -0.12 -0.13 -0.13 -0.13 -0.13 -0.13 -0.13 -0.13 27052004 00
 -0.12 -0.13 -0.12 -0.14 -0.14 -0.13 -0.13 -0.11 -0.10 -0.09 -0.10 -0.08 27052004 12
 -0.04 -0.00 -0.01 -0.05 -0.09 -0.09 -0.08 -0.04 -0.01 -0.00 -0.01 -0.03 28052004 00
 -0.04 -0.03 -0.01 -0.01 -0.02 -0.04 -0.05 -0.04 -0.02 -0.01 -0.01 -0.00 28052004 12
 -0.01 -0.01 -0.02 -0.04 -0.08 -0.08 -0.07 -0.06 -0.05 -0.03 -0.01 -0.02 29052004 00
 -0.02 -0.01  0.00  0.01  0.01  0.01  0.00 -0.00  0.00  0.01  0.01  0.01 29052004 12
 -0.00 -0.01 -0.03 -0.05 -0.06 -0.05 -0.05 -0.05 -0.04 -0.03 -0.03 -0.03 30052004 00
 -0.03 -0.04 -0.04 -0.05 -0.06 -0.06 -0.06 -0.06 -0.07 -0.07 -0.06 -0.06 30052004 12
 -0.05 -0.05 -0.05 -0.05 -0.05 -0.07 -0.08 -0.09 -0.08 -0.06 -0.05 -0.04 31052004 00
 -0.03 -0.03 -0.03 -0.01 -0.00 -0.01 -0.01 -0.03 -0.02 -0.01  0.00  0.02 31052004 12
  0.01  0.00 -0.00  0.00  0.00  0.00 -0.00 -0.01 -0.02 -0.03 -0.06 -0.08 01062004 00
 -0.09 -0.10 -0.10 -0.10 -0.09 -0.09 -0.07 -0.06 -0.04 -0.04 -0.03 -0.04 01062004 12
 -0.06 -0.06 -0.06 -0.07 -0.09 -0.13 -0.16 -0.16 -0.16 -0.15 -0.15 -0.14 02062004 00
 -0.15 -0.15 -0.14 -0.15 -0.15 -0.14 -0.15 -0.15 -0.14 -0.16 -0.17 -0.14 02062004 12
 -0.13 -0.16 -0.15 -0.16 -0.17 -0.18 -0.17 -0.18 -0.17 -0.11 -0.10 -0.08 03062004 00
 -0.04 -0.05 -0.05 -0.05 -0.06 -0.06 -0.06 -0.06 -0.08 -0.09 -0.09 -0.09 03062004 12
 -0.08 -0.06 -0.06 -0.05 -0.06 -0.07 -0.08 -0.08 -0.10 -0.09 -0.09 -0.10 04062004 00
 -0.09 -0.09 -0.09 -0.09 -0.09 -0.10 -0.10 -0.10 -0.11 -0.11 -0.10 -0.09 04062004 12
 -0.10 -0.08 -0.08 -0.09 -0.08 -0.08 -0.08 -0.08 -0.10 -0.09 -0.10 -0.10 05062004 00
 -0.09 -0.08 -0.07 -0.08 -0.06 -0.07 -0.07 -0.06 -0.05 -0.06 -0.06 -0.07 05062004 12
 -0.06 -0.05 -0.04 -0.05 -0.04 -0.04 -0.04 -0.04 -0.04 -0.04 -0.04 -0.04 06062004 00
 -0.04 -0.03 -0.03 -0.02 -0.03 -0.03 -0.03 -0.04 -0.03 -0.03 -0.03 -0.04 06062004 12
 -0.04 -0.03 -0.02 -0.02 -0.03 -0.04 -0.05 -0.06 -0.05 -0.04 -0.05 -0.06 07062004 00
 -0.07 -0.07 -0.07 -0.07 -0.07 -0.07 -0.06 -0.06 -0.05 -0.05 -0.04 -0.05 07062004 12
 -0.04 -0.05 -0.05 -0.05 -0.05 -0.04 -0.03 -0.03 -0.03 -0.02 -0.01 -0.01 08062004 00
 -0.00  0.00  0.01  0.02  0.02  0.02  0.03  0.02  0.01  0.01  0.01  0.01 08062004 12
  0.01  0.00 -0.00  0.01  0.01  0.02  0.02  0.02  0.03  0.03  0.03  0.03 09062004 00
  0.02  0.01  0.01  0.01 -0.01  0.00  0.01  0.01  0.00 -0.01 -0.01  0.00 09062004 12
  0.01  0.01 -0.00 -0.00 -0.00 -0.01 -0.01 -0.00  0.01  0.03  0.04  0.05 10062004 00
  0.06  0.09  0.12  0.13  0.12  0.11  0.14  0.18  0.20  0.18  0.17  0.16 10062004 12
  0.15  0.11  0.09  0.06  0.05  0.05  0.05  0.05  0.05  0.04  0.02  0.02 11062004 00
  0.02  0.01  0.02  0.02 -0.00  0.01  0.02  0.02  0.01  0.02  0.02  0.02 11062004 12
  0.01 -0.02 -0.04 -0.05 -0.07 -0.08 -0.08 -0.08 -0.06 -0.06 -0.08 -0.09 12062004 00
 -0.09 -0.10 -0.10 -0.10 -0.13 -0.15 -0.16 -0.15 -0.14 -0.14 -0.15 -0.16 12062004 12
 -0.16 -0.17 -0.18 -0.17 -0.18 -0.19 -0.18 -0.17 -0.14 -0.13 -0.12 -0.12 13062004 00
 -0.12 -0.13 -0.13 -0.12 -0.15 -0.17 -0.16 -0.17 -0.17 -0.15 -0.14 -0.15 13062004 12
 -0.14 -0.14 -0.14 -0.14 -0.15 -0.18 -0.20 -0.19 -0.17 -0.15 -0.15 -0.16 14062004 00
 -0.16 -0.14 -0.14 -0.14 -0.13 -0.14 -0.14 -0.13 -0.12 -0.11 -0.10 -0.10 14062004 12
 -0.11 -0.09 -0.09 -0.08 -0.07 -0.08 -0.12 -0.14 -0.14 -0.13 -0.12 -0.11 15062004 00
 -0.12 -0.11 -0.11 -0.12 -0.13 -0.14 -0.15 -0.16 -0.16 -0.14 -0.13 -0.13 15062004 12
 -0.13 -0.13 -0.12 -0.12 -0.12 -0.10 -0.09 -0.08 -0.07 -0.06 -0.05 -0.04 16062004 00
 -0.02 -0.02 -0.01 -0.02 -0.02 -0.02 -0.01  0.02  0.05  0.08  0.12  0.16 16062004 12
  0.18  0.18  0.16  0.13  0.13  0.17  0.18  0.12  0.09  0.08  0.06  0.01 17062004 00
  0.00 -0.00  0.01  0.01  0.01  0.01 -0.01 -0.03 -0.03 -0.02 -0.00  0.02 17062004 12
  0.04  0.02  0.04  0.05  0.04  0.02  0.01  0.02  0.04  0.04  0.03  0.03 18062004 00
  0.03  0.02  0.03  0.04  0.04  0.03  0.03  0.01  0.00 -0.02 -0.03 -0.03 18062004 12
 -0.04 -0.04 -0.06 -0.07 -0.08 -0.08 -0.08 -0.06 -0.05 -0.03 -0.02 -0.01 19062004 00
  0.02  0.04  0.06  0.08  0.10  0.09  0.08  0.08  0.09  0.08  0.06  0.06 19062004 12
  0.07  0.06  0.04  0.04  0.03  0.03  0.03  0.04  0.05  0.06  0.06  0.05 20062004 00
  0.06  0.07  0.07  0.08  0.08  0.08  0.09  0.09  0.07  0.06  0.07  0.07 20062004 12
  0.07  0.05  0.04  0.03  0.02  0.02  0.02  0.02  0.03  0.05  0.07  0.06 21062004 00
  0.05  0.04  0.05  0.05  0.06  0.05  0.04  0.04  0.03  0.03  0.03  0.02 21062004 12
  0.02  0.01  0.01  0.01  0.00 -0.00 -0.01 -0.01 -0.01  0.00  0.02  0.03 22062004 00
  0.03  0.03  0.03  0.04  0.04  0.05  0.06  0.06  0.06  0.07  0.11  0.17 22062004 12
  0.17  0.15  0.15  0.19  0.26  0.29  0.27  0.27  0.27  0.26  0.26  0.29 23062004 00
  0.28  0.27  0.25  0.27  0.30  0.35  0.38  0.38  0.41  0.41  0.26  0.21 23062004 12
  0.23  0.22  0.19  0.16  0.11  0.13  0.15  0.18  0.20  0.17  0.12  0.13 24062004 00
  0.15  0.11  0.08  0.07  0.07  0.05  0.08  0.08  0.11  0.11  0.07  0.02 24062004 12
  0.02  0.01  0.02  0.00 -0.03 -0.08 -0.08 -0.08 -0.07 -0.06 -0.07 -0.08 25062004 00
 -0.08 -0.05 -0.04 -0.03 -0.03 -0.03 -0.02 -0.01 -0.01 -0.02 -0.03 -0.04 25062004 12
 -0.05 -0.05 -0.05 -0.06 -0.03 -0.01  0.01  0.04  0.05  0.06  0.05  0.06 26062004 00
  0.11  0.18  0.19  0.15  0.11  0.08  0.09  0.12  0.14  0.14  0.16  0.17 26062004 12
  0.19  0.18  0.20  0.18  0.18  0.14  0.12  0.08  0.08  0.07  0.08  0.07 27062004 00
  0.05  0.04  0.05  0.03  0.01  0.02  0.03  0.05  0.07  0.07  0.05  0.05 27062004 12
  0.04  0.03 -0.01 -0.06 -0.09 -0.08 -0.08 -0.07 -0.08 -0.09 -0.08 -0.07 28062004 00
 -0.07 -0.07 -0.06 -0.05 -0.02 -0.00  0.01  0.02  0.04  0.07  0.07  0.06 28062004 12
  0.04  0.03  0.01 -0.03 -0.07 -0.11 -0.11 -0.10 -0.10 -0.09 -0.10 -0.09 29062004 00
 -0.09 -0.09 -0.06 -0.02  0.01  0.02  0.01  0.00  0.02  0.04  0.06  0.08 29062004 12
  0.09  0.09  0.10  0.11  0.12  0.13  0.14  0.13  0.14  0.16  0.17  0.18 30062004 00
  0.18  0.17  0.19  0.15  0.09  0.06  0.04  0.06  0.07  0.06  0.07  0.09 30062004 12
  0.11  0.11  0.11  0.09  0.08  0.06  0.06  0.03  0.04  0.04  0.04  0.06 01072004 00
  0.09  0.10  0.12  0.14  0.14  0.15  0.18  0.20  0.18  0.19  0.17  0.16 01072004 12
  0.18  0.17  0.13  0.13  0.12  0.10  0.09  0.10  0.11  0.12  0.14  0.14 02072004 00
  0.16  0.19  0.19  0.19  0.19  0.20  0.21  0.24  0.23  0.25  0.22  0.19 02072004 12
  0.18  0.21  0.22  0.20  0.21  0.20  0.19  0.20  0.23  0.18  0.18  0.16 03072004 00
  0.12  0.09  0.12  0.10  0.10  0.08  0.07  0.05  0.04  0.04  0.03  0.03 03072004 12
  0.02  0.03  0.04  0.04  0.03  0.02  0.00 -0.00  0.00  0.00  0.01  0.01 04072004 00
  0.00  0.00  0.01  0.03  0.03  0.03  0.04  0.04  0.03  0.01  0.00  0.00 04072004 12
  0.01  0.00 -0.02 -0.02 -0.03 -0.04 -0.06 -0.07 -0.09 -0.09 -0.10 -0.09 05072004 00
 -0.08 -0.08 -0.07 -0.06 -0.06 -0.04 -0.04 -0.03 -0.03 -0.04 -0.06 -0.08 05072004 12
 -0.08 -0.08 -0.08 -0.08 -0.10 -0.09 -0.10 -0.10 -0.10 -0.11 -0.11 -0.10 06072004 00
 -0.10 -0.11 -0.10 -0.07 -0.07 -0.09 -0.09 -0.10 -0.10 -0.10 -0.10 -0.11 06072004 12
 -0.10 -0.10 -0.09 -0.09 -0.11 -0.12 -0.12 -0.13 -0.13 -0.12 -0.12 -0.13 07072004 00
 -0.14 -0.13 -0.15 -0.15 -0.16 -0.17 -0.17 -0.17 -0.19 -0.23 -0.23 -0.23 07072004 12
 -0.22 -0.20 -0.21 -0.21 -0.24 -0.30 -0.32 -0.31 -0.32 -0.32 -0.28 -0.27 08072004 00
 -0.27 -0.25 -0.22 -0.19 -0.15 -0.15 -0.18 -0.17 -0.14 -0.13 -0.09 -0.06 08072004 12
 -0.06 -0.07 -0.08 -0.09 -0.09 -0.08 -0.07 -0.06 -0.04 -0.04 -0.04 -0.03 09072004 00
 -0.04 -0.06 -0.04 -0.01  0.00  0.00  0.01  0.01  0.02  0.02  0.02  0.00 09072004 12
 -0.01 -0.02 -0.01 -0.01 -0.02 -0.03 -0.03 -0.02 -0.02 -0.01 -0.01 -0.00 10072004 00
  0.00 -0.00  0.00  0.01  0.00 -0.01 -0.00  0.01  0.00 -0.00 -0.01 -0.01 10072004 12
 -0.02 -0.03 -0.03 -0.03 -0.05 -0.05 -0.04 -0.03 -0.02  0.00  0.02  0.02 11072004 00
 -0.00 -0.00 -0.01 -0.01 -0.03 -0.03 -0.02 -0.02 -0.03 -0.03 -0.02 -0.01 11072004 12
 -0.00 -0.01 -0.03 -0.05 -0.06 -0.06 -0.04 -0.03 -0.04 -0.05 -0.04 -0.04 12072004 00
 -0.05 -0.05 -0.04 -0.03 -0.02 -0.03 -0.03 -0.02  0.00  0.01 -0.01 -0.02 12072004 12
 -0.03 -0.03 -0.02 -0.03 -0.04 -0.06 -0.06 -0.06 -0.05 -0.04 -0.04 -0.04 13072004 00
 -0.03 -0.03 -0.02 -0.01  0.01  0.01  0.01  0.01  0.00  0.01  0.02  0.02 13072004 12
  0.04  0.06  0.08  0.09  0.09  0.09  0.10  0.10  0.10  0.09  0.09  0.06 14072004 00
  0.05  0.03  0.02  0.01 -0.01 -0.02 -0.03 -0.05 -0.04 -0.03 -0.03 -0.02 14072004 12
 -0.02 -0.02 -0.02 -0.03 -0.04 -0.04 -0.04 -0.04 -0.04 -0.03 -0.02 -0.01 15072004 00
  0.01  0.01  0.02  0.03  0.05  0.06  0.07  0.06  0.05  0.04  0.02  0.01 15072004 12
  0.00  0.01 -0.00 -0.01 -0.02 -0.03 -0.02 -0.00  0.01  0.02  0.01  0.00 16072004 00
  0.00  0.01  0.02  0.02  0.01  0.01  0.01  0.02  0.02  0.02  0.02  0.01 16072004 12
  0.01  0.00 -0.01 -0.00  0.00  0.01  0.04  0.08  0.11  0.12  0.11  0.09 17072004 00
  0.07  0.05  0.05  0.05  0.06  0.06  0.03  0.03  0.04  0.05  0.06  0.06 17072004 12
  0.06  0.06  0.06  0.04  0.02  0.01  0.00 -0.01 -0.01 -0.01 -0.02 -0.02 18072004 00
 -0.03 -0.02 -0.01 -0.00  0.01  0.03  0.05  0.05  0.05  0.05  0.05  0.05 18072004 12
  0.03  0.01  0.00 -0.01 -0.02 -0.03 -0.04 -0.05 -0.04 -0.03 -0.03 -0.03 19072004 00
 -0.02 -0.01  0.00  0.01  0.02  0.02  0.01  0.00 -0.00  0.00  0.01  0.01 19072004 12
  0.00  0.00  0.01  0.01  0.01  0.00  0.00  0.01  0.03  0.06  0.07  0.07 20072004 00
  0.07  0.07  0.08  0.11  0.11  0.09  0.09  0.09  0.09  0.11  0.12  0.10 20072004 12
  0.10  0.11  0.11  0.11  0.11  0.10  0.09  0.08  0.07  0.07  0.07  0.06 21072004 00
  0.04  0.02  0.01  0.02  0.03  0.03  0.03  0.04  0.04  0.04  0.04  0.03 21072004 12
  0.04  0.04  0.02  0.01 -0.00 -0.02 -0.02 -0.02 -0.03 -0.04 -0.03 -0.04 22072004 00
 -0.05 -0.04 -0.03 -0.02 -0.01 -0.01 -0.00  0.01  0.02  0.03  0.03  0.02 22072004 12
  0.01  0.01  0.02  0.02  0.01 -0.01 -0.01 -0.01 -0.00 -0.00 -0.02 -0.03 23072004 00
 -0.04 -0.05 -0.05 -0.04 -0.04 -0.03 -0.03 -0.04 -0.04 -0.04 -0.05 -0.06 23072004 12
 -0.07 -0.09 -0.09 -0.10 -0.10 -0.11 -0.11 -0.09 -0.08 -0.06 -0.06 -0.05 24072004 00
 -0.04 -0.04 -0.04 -0.03 -0.04 -0.03 -0.02 -0.02 -0.02 -0.02 -0.03 -0.05 24072004 12
 -0.09 -0.11 -0.10 -0.09 -0.08 -0.07 -0.06 -0.02  0.04  0.07  0.10  0.08 25072004 00
  0.07  0.07  0.04  0.03  0.01 -0.00 -0.03 -0.04 -0.05 -0.05 -0.05 -0.06 25072004 12
 -0.07 -0.06 -0.06 -0.06 -0.08 -0.08 -0.06 -0.06 -0.05 -0.04 -0.05 -0.05 26072004 00
 -0.05 -0.07 -0.08 -0.07 -0.06 -0.06 -0.07 -0.07 -0.07 -0.06 -0.06 -0.06 26072004 12
 -0.07 -0.06 -0.06 -0.06 -0.08 -0.09 -0.09 -0.08 -0.08 -0.07 -0.07 -0.07 27072004 00
 -0.07 -0.08 -0.09 -0.10 -0.10 -0.10 -0.10 -0.10 -0.09 -0.08 -0.08 -0.07 27072004 12
 -0.08 -0.09 -0.08 -0.08 -0.09 -0.09 -0.09 -0.08 -0.08 -0.07 -0.07 -0.06 28072004 00
 -0.06 -0.05 -0.05 -0.05 -0.05 -0.06 -0.06 -0.06 -0.05 -0.05 -0.04 -0.05 28072004 12
 -0.05 -0.06 -0.06 -0.05 -0.05 -0.05 -0.04 -0.03 -0.02 -0.01  0.00  0.01 29072004 00
  0.03  0.04  0.04  0.06  0.07  0.08  0.08  0.08  0.08  0.06  0.04  0.03 29072004 12
  0.03  0.03  0.03  0.01 -0.03 -0.06 -0.09 -0.10 -0.08 -0.08 -0.09 -0.10 30072004 00
 -0.11 -0.10 -0.09 -0.09 -0.08 -0.08 -0.09 -0.09 -0.09 -0.09 -0.08 -0.07 30072004 12
 -0.08 -0.08 -0.07 -0.07 -0.07 -0.08 -0.10 -0.12 -0.11 -0.10 -0.10 -0.09 31072004 00
 -0.08 -0.10 -0.09 -0.09 -0.09 -0.09 -0.10 -0.11 -0.12 -0.11 -0.11 -0.11 31072004 12
 -0.11 -0.12 -0.12 -0.11 -0.12 -0.12 -0.13 -0.13 -0.11 -0.12 -0.13 -0.11 01082004 00
 -0.09 -0.08 -0.09 -0.08 -0.08 -0.09 -0.08 -0.07 -0.08 -0.08 -0.07 -0.07 01082004 12
 -0.07 -0.05 -0.06 -0.04 -0.05 -0.07 -0.07 -0.06 -0.07 -0.07 -0.07 -0.07 02082004 00
 -0.09 -0.09 -0.09 -0.09 -0.06 -0.05 -0.05 -0.04  0.00  0.04  0.06  0.04 02082004 12
  0.03  0.03  0.04  0.04  0.03  0.03  0.02  0.02  0.03  0.03  0.01  0.01 03082004 00
  0.02  0.01  0.01  0.02  0.02  0.02  0.02  0.01  0.01  0.01  0.01 -0.00 03082004 12
 -0.01  0.01  0.02  0.00 -0.01 -0.02 -0.04 -0.03 -0.03 -0.05 -0.06 -0.06 04082004 00
 -0.05 -0.05 -0.04 -0.03 -0.04 -0.04 -0.04 -0.03 -0.02 -0.02 -0.03 -0.04 04082004 12
 -0.04 -0.03 -0.03 -0.03 -0.04 -0.03 -0.04 -0.05 -0.04 -0.02 -0.01  0.00 05082004 00
  0.01  0.01  0.01  0.02  0.01  0.01  0.01  0.02  0.02  0.03  0.03  0.04 05082004 12
  0.05  0.06  0.05  0.04  0.03  0.05  0.05  0.05  0.04  0.04  0.03  0.03 06082004 00
  0.02  0.01  0.01  0.00 -0.00 -0.01 -0.02 -0.03 -0.02 -0.03 -0.03 -0.04 06082004 12
 -0.05 -0.05 -0.04 -0.04 -0.04 -0.05 -0.05 -0.05 -0.05 -0.04 -0.03 -0.02 07082004 00
 -0.01 -0.02 -0.03 -0.02 -0.00  0.01  0.00 -0.00  0.02  0.03  0.03  0.04 07082004 12
  0.06  0.08  0.07  0.05  0.03  0.01  0.02  0.05  0.06  0.06  0.08  0.11 08082004 00
  0.15  0.16  0.14  0.13  0.12  0.13  0.15  0.19  0.21  0.21  0.23  0.22 08082004 12
  0.17  0.16  0.18  0.16  0.15  0.12  0.11  0.11  0.12  0.11  0.13  0.14 09082004 00
  0.14  0.12  0.12  0.08  0.08  0.06  0.06  0.03  0.02  0.02 -0.00 -0.02 09082004 12
 -0.01  0.01 -0.00 -0.01 -0.00  0.00  0.01  0.02  0.03  0.04  0.05  0.05 10082004 00
  0.06  0.07  0.08  0.08  0.07  0.05  0.03  0.03  0.04  0.04  0.05  0.05 10082004 12
  0.04  0.04  0.03  0.03  0.03  0.01  0.00  0.01  0.02  0.03  0.03  0.03 11082004 00
  0.03  0.04  0.05  0.05  0.06  0.07  0.08  0.07  0.07  0.08  0.09  0.07 11082004 12
  0.07  0.07  0.05  0.04  0.04  0.05  0.03  0.03  0.04  0.05  0.09  0.11 12082004 00
  0.11  0.10  0.09  0.10  0.11  0.09  0.09  0.10  0.10  0.09  0.08  0.06 12082004 12
  0.08  0.09  0.09  0.08  0.07  0.07  0.07  0.08  0.09  0.09  0.09  0.08 13082004 00
  0.08  0.07  0.06  0.06  0.04  0.02  0.02  0.02  0.02  0.02  0.01 -0.00 13082004 12
 -0.01  0.00  0.00 -0.01 -0.02 -0.03 -0.03 -0.03 -0.03 -0.02 -0.02 -0.02 14082004 00
 -0.01  0.00  0.02  0.02  0.02  0.01  0.01  0.01  0.01 -0.00 -0.02 -0.03 14082004 12
 -0.03 -0.03 -0.04 -0.05 -0.04 -0.04 -0.03 -0.02 -0.00  0.00 -0.01 -0.01 15082004 00
  0.00  0.01  0.03  0.03  0.02  0.02  0.03  0.04  0.05  0.05  0.05  0.06 15082004 12
  0.08  0.11  0.12  0.10  0.09  0.09  0.09  0.09  0.09  0.09  0.09  0.08 16082004 00
  0.07  0.08  0.09  0.10  0.10  0.11  0.12  0.13  0.15  0.15  0.13  0.11 16082004 12
  0.11  0.13  0.15  0.13  0.12  0.12  0.12  0.13  0.15  0.16  0.16  0.14 17082004 00
  0.13  0.13  0.15  0.16  0.15  0.14  0.14  0.13  0.13  0.14  0.13  0.13 17082004 12
  0.12  0.10  0.09  0.07  0.06  0.05  0.03  0.02  0.04  0.09  0.15  0.21 18082004 00
  0.22  0.21  0.21  0.23  0.21  0.21  0.22  0.21  0.21  0.24  0.22  0.22 18082004 12
  0.21  0.19  0.17  0.19  0.17  0.17  0.19  0.21  0.22  0.27  0.27  0.27 19082004 00
  0.24  0.21  0.21  0.24  0.24  0.21  0.24  0.26  0.24  0.22  0.21  0.18 19082004 12
  0.17  0.13  0.08  0.07  0.07  0.04  0.05  0.05  0.03  0.02  0.03  0.01 20082004 00
 -0.03 -0.08 -0.08 -0.08 -0.07 -0.04 -0.02  0.00  0.02  0.04  0.02 -0.00 20082004 12
 -0.01  0.00 -0.01 -0.04 -0.07 -0.07 -0.06 -0.05 -0.05 -0.05 -0.05 -0.05 21082004 00
 -0.05 -0.05 -0.03 -0.02 -0.02 -0.01 -0.02 -0.02 -0.03 -0.04 -0.05 -0.05 21082004 12
 -0.05 -0.06 -0.06 -0.06 -0.06 -0.05 -0.05 -0.05 -0.06 -0.05 -0.02  0.01 22082004 00
  0.04  0.04  0.03  0.03  0.02  0.02  0.02 -0.00 -0.01 -0.03 -0.03 -0.01 22082004 12
  0.01  0.01  0.01 -0.02 -0.06 -0.08 -0.04  0.00  0.02  0.03  0.02  0.03 23082004 00
  0.06  0.11  0.10  0.06  0.05  0.07  0.10  0.10  0.09  0.08  0.08  0.08 23082004 12
  0.08  0.10  0.10  0.10  0.08  0.07  0.06  0.08  0.08  0.09  0.08  0.07 24082004 00
  0.07  0.08  0.09  0.10  0.09  0.08  0.10  0.13  0.15  0.14  0.14  0.13 24082004 12
  0.11  0.08  0.06  0.03  0.03  0.02  0.01 -0.00  0.02  0.05  0.05  0.03 25082004 00
  0.03  0.03  0.04  0.06  0.05  0.06  0.06  0.06  0.03  0.03  0.03  0.04 25082004 12
  0.03 -0.00 -0.03 -0.06 -0.09 -0.10 -0.10 -0.08 -0.06 -0.04 -0.04 -0.03 26082004 00
 -0.02 -0.00  0.00 -0.00  0.00  0.02  0.03  0.04  0.08  0.14  0.19  0.24 26082004 12
  0.29  0.33  0.39  0.43  0.41  0.38  0.30  0.28  0.21  0.14  0.06  0.05 27082004 00
  0.01 -0.01 -0.03 -0.07 -0.09 -0.07 -0.02 -0.00  0.00  0.02  0.03  0.04 27082004 12
  0.05  0.05  0.05  0.05  0.03 -0.00 -0.01 -0.01  0.01  0.01  0.01  0.01 28082004 00
  0.02  0.02  0.03  0.04  0.06  0.05  0.06  0.08  0.09  0.09  0.08  0.09 28082004 12
  0.09  0.10  0.08  0.09  0.09  0.11  0.15  0.18  0.19  0.20  0.21  0.20 29082004 00
  0.21  0.24  0.21  0.20  0.22  0.23  0.23  0.19  0.14  0.16  0.17  0.16 29082004 12
  0.13  0.11  0.09  0.10  0.13  0.13  0.12  0.09  0.02  0.01  0.01  0.03 30082004 00
  0.03  0.00  0.01  0.02  0.02  0.02  0.00 -0.02 -0.03 -0.03 -0.03 -0.03 30082004 12
 -0.03 -0.05 -0.06 -0.06 -0.07 -0.07 -0.07 -0.08 -0.09 -0.09 -0.08 -0.07 31082004 00
 -0.05 -0.04 -0.04 -0.04 -0.04 -0.05 -0.05 -0.05 -0.04 -0.04 -0.04 -0.04 31082004 12
 -0.03 -0.03 -0.03 -0.04 -0.04 -0.04 -0.05 -0.04 -0.03 -0.02 -0.02 -0.02 01092004 00
 -0.01  0.00  0.01  0.01  0.01  0.01  0.01  0.02  0.02  0.03  0.03  0.02 01092004 12
  0.01  0.01  0.01  0.01  0.01  0.01  0.01  0.00 -0.00  0.00  0.01  0.01 02092004 00
  0.00 -0.00 -0.01 -0.01 -0.03 -0.04 -0.03 -0.02 -0.02 -0.01 -0.02 -0.03 02092004 12
 -0.03 -0.03 -0.03 -0.02 -0.01 -0.01 -0.02 -0.02 -0.00  0.03  0.05  0.05 03092004 00
  0.04  0.05  0.05  0.07  0.09  0.08  0.08  0.09  0.08  0.06  0.06  0.06 03092004 12
  0.05  0.03  0.00 -0.02 -0.02 -0.03 -0.03 -0.03 -0.03 -0.05 -0.07 -0.10 04092004 00
 -0.13 -0.13 -0.14 -0.14 -0.12 -0.13 -0.12 -0.12 -0.11 -0.10 -0.11 -0.12 04092004 12
 -0.13 -0.14 -0.14 -0.13 -0.12 -0.13 -0.13 -0.15 -0.16 -0.18 -0.18 -0.20 05092004 00
 -0.21 -0.20 -0.20 -0.18 -0.17 -0.17 -0.18 -0.17 -0.18 -0.19 -0.17 -0.17 05092004 12
 -0.19 -0.21 -0.22 -0.22 -0.22 -0.21 -0.24 -0.24 -0.24 -0.24 -0.23 -0.25 06092004 00
 -0.29 -0.30 -0.29 -0.28 -0.27 -0.27 -0.28 -0.27 -0.26 -0.27 -0.26 -0.24 06092004 12
 -0.27 -0.29 -0.29 -0.30 -0.27 -0.28 -0.26 -0.26 -0.25 -0.25 -0.25 -0.25 07092004 00
 -0.26 -0.30 -0.29 -0.31 -0.28 -0.28 -0.28 -0.29 -0.28 -0.28 -0.28 -0.27 07092004 12
 -0.24 -0.27 -0.32 -0.31 -0.31 -0.29 -0.29 -0.26 -0.26 -0.25 -0.25 -0.23 08092004 00
 -0.21 -0.20 -0.25 -0.25 -0.26 -0.24 -0.24 -0.24 -0.22 -0.22 -0.20 -0.16 08092004 12
 -0.15 -0.13 -0.15 -0.19 -0.22 -0.22 -0.21 -0.19 -0.17 -0.15 -0.17 -0.17 09092004 00
 -0.16 -0.15 -0.13 -0.13 -0.14 -0.11 -0.08 -0.07 -0.06 -0.04 -0.03 -0.02 09092004 12
 -0.02 -0.02 -0.01 -0.02 -0.05 -0.08 -0.09 -0.08 -0.06 -0.06 -0.03 -0.00 10092004 00
  0.05  0.06  0.05  0.06  0.09  0.11  0.09  0.08  0.09  0.11  0.12  0.13 10092004 12
  0.14  0.16  0.19  0.20  0.21  0.24  0.27  0.23  0.21  0.20  0.22  0.23 11092004 00
  0.25  0.23  0.25  0.27  0.29  0.29  0.32  0.30  0.30  0.27  0.27  0.22 11092004 12
  0.19  0.17  0.20  0.22  0.19  0.10  0.04  0.00 -0.02  0.00  0.01  0.06 12092004 00
  0.11  0.15  0.17  0.22  0.29  0.36  0.43  0.48  0.47  0.49  0.45  0.51 12092004 12
  0.61  0.69  0.61  0.54  0.44  0.31  0.22  0.23  0.21  0.20  0.17  0.16 13092004 00
  0.20  0.29  0.32  0.35  0.38  0.42  0.47  0.52  0.51  0.48  0.45  0.40 13092004 12
  0.39  0.44  0.41  0.44  0.46  0.47  0.51  0.62  0.63  0.55  0.47  0.34 14092004 00
  0.26  0.25  0.19  0.16  0.22  0.22  0.16  0.15  0.16  0.14  0.10  0.03 14092004 12
  0.02  0.03  0.03  0.01 -0.00 -0.03 -0.04 -0.08 -0.11 -0.11 -0.11 -0.12 15092004 00
 -0.09 -0.08 -0.09 -0.08 -0.08 -0.08 -0.07 -0.05 -0.04 -0.05 -0.05 -0.05 15092004 12
 -0.05 -0.04 -0.02 -0.01 -0.02 -0.00  0.03  0.08  0.14  0.15  0.13  0.11 16092004 00
  0.13  0.14  0.20  0.25  0.26  0.27  0.29  0.31  0.39  0.45  0.39  0.36 16092004 12
  0.30  0.22  0.20  0.15  0.09  0.11  0.09  0.04  0.01  0.00 -0.03 -0.03 17092004 00
 -0.02 -0.02  0.02  0.04  0.05  0.05  0.04  0.05  0.08  0.10  0.12  0.12 17092004 12
  0.12  0.13  0.17  0.22  0.24  0.28  0.37  0.45  0.53  0.59  0.49  0.36 18092004 00
  0.32  0.24  0.17  0.14  0.11  0.08  0.10  0.10  0.08  0.09  0.12  0.13 18092004 12
  0.15  0.14  0.12  0.12  0.12  0.09  0.11  0.11  0.11  0.10  0.10  0.08 19092004 00
  0.06  0.06  0.05  0.07  0.09  0.11  0.14  0.19  0.21  0.24  0.32  0.39 19092004 12
  0.40  0.43  0.42  0.43  0.44  0.45  0.44  0.50  0.50  0.46  0.44  0.44 20092004 00
  0.38  0.33  0.28  0.27  0.28  0.33  0.35  0.41  0.44  0.40  0.32  0.29 20092004 12
  0.27  0.26  0.27  0.21  0.17  0.13  0.12  0.13  0.17  0.15  0.10  0.08 21092004 00
  0.09  0.07  0.10  0.12  0.11  0.08  0.08  0.08  0.10  0.12  0.11  0.07 21092004 12
  0.06  0.05  0.04  0.06  0.05  0.05  0.07  0.07  0.05  0.05  0.04  0.07 22092004 00
  0.13  0.15  0.12  0.11  0.09  0.08  0.06  0.05  0.05  0.05  0.04  0.02 22092004 12
 -0.01 -0.03 -0.02  0.02  0.06  0.07  0.11  0.14  0.17  0.16  0.13  0.10 23092004 00
  0.07  0.05  0.01 -0.04 -0.11 -0.11 -0.11 -0.10 -0.12 -0.13 -0.11 -0.12 23092004 12
 -0.13 -0.13 -0.09 -0.06 -0.03 -0.02 -0.01 -0.01 -0.04 -0.06 -0.08 -0.08 24092004 00
 -0.09 -0.09 -0.10 -0.11 -0.13 -0.14 -0.12 -0.09 -0.08 -0.06 -0.06 -0.05 24092004 12
 -0.04 -0.03 -0.02 -0.00 -0.01 -0.03 -0.03 -0.01  0.03  0.07  0.12  0.13 25092004 00
  0.11  0.08  0.07  0.07  0.03 -0.03 -0.06 -0.07 -0.10 -0.12 -0.13 -0.13 25092004 12
 -0.13 -0.12 -0.13 -0.12 -0.10 -0.09 -0.08 -0.07 -0.05 -0.03 -0.00  0.02 26092004 00
  0.04  0.06  0.07  0.08  0.11  0.13  0.14  0.13  0.12  0.10  0.06  0.03 26092004 12
 -0.01 -0.03 -0.04 -0.03 -0.06 -0.11 -0.16 -0.19 -0.18 -0.16 -0.14 -0.09 27092004 00
 -0.05 -0.05 -0.03 -0.03 -0.03 -0.03 -0.01  0.00  0.03  0.04  0.04  0.04 27092004 12
  0.05  0.05  0.03  0.02  0.03  0.03  0.02 -0.00 -0.00  0.00  0.02  0.03 28092004 00
  0.04  0.05  0.07  0.07  0.05  0.03  0.03  0.03  0.02  0.00 -0.02 -0.04 28092004 12
 -0.05 -0.06 -0.07 -0.07 -0.07 -0.07 -0.07 -0.06 -0.06 -0.05 -0.07 -0.05 29092004 00
 -0.04 -0.04 -0.04 -0.04 -0.04 -0.05 -0.04 -0.02 -0.01  0.00  0.01  0.01 29092004 12
  0.01  0.03  0.04  0.05  0.06  0.06  0.06  0.06  0.06  0.07  0.09  0.06 30092004 00
  0.04  0.01  0.00 -0.00 -0.02 -0.02 -0.03 -0.05 -0.07 -0.06 -0.07 -0.08 30092004 12
 -0.08 -0.07 -0.06 -0.07 -0.07 -0.07 -0.08 -0.07 -0.04 -0.03  0.00  0.02 01102004 00
  0.04  0.06  0.12  0.16  0.16  0.15  0.18  0.24  0.29  0.32  0.28  0.24 01102004 12
  0.21  0.19  0.18  0.23  0.20  0.20  0.21  0.19  0.16  0.19  0.23  0.25 02102004 00
  0.28  0.22  0.21  0.23  0.21  0.19  0.22  0.23  0.20  0.19  0.17  0.14 02102004 12
  0.11  0.06  0.04  0.06  0.07  0.07  0.08  0.08  0.04  0.01  0.04  0.03 03102004 00
  0.03  0.01  0.00  0.04  0.06  0.12  0.26  0.38  0.44  0.46  0.43  0.35 03102004 12
  0.30  0.29  0.27  0.34  0.45  0.49  0.45  0.43  0.41  0.38  0.37  0.31 04102004 00
  0.18  0.11  0.05  0.05  0.07  0.13  0.14  0.18  0.21  0.27  0.34  0.39 04102004 12
  0.35  0.32  0.28  0.29  0.30  0.34  0.33  0.34  0.34  0.32  0.30  0.36 05102004 00
  0.38  0.38  0.39  0.40  0.36  0.28  0.22  0.24  0.29  0.26  0.23  0.20 05102004 12
  0.19  0.13  0.14  0.12  0.17  0.23  0.27  0.25  0.25  0.25  0.24  0.22 06102004 00
  0.20  0.17  0.10  0.06  0.04  0.02 -0.01 -0.02  0.01  0.04  0.02  0.01 06102004 12
 -0.01 -0.02 -0.03 -0.03 -0.03 -0.03 -0.01  0.01 -0.01 -0.02 -0.03 -0.04 07102004 00
 -0.04 -0.04 -0.05 -0.07 -0.09 -0.11 -0.10 -0.08 -0.07 -0.06 -0.06 -0.08 07102004 12
 -0.09 -0.11 -0.11 -0.09 -0.08 -0.09 -0.12 -0.12 -0.11 -0.10 -0.10 -0.11 08102004 00
 -0.10 -0.09 -0.10 -0.10 -0.13 -0.14 -0.17 -0.19 -0.20 -0.20 -0.20 -0.19 08102004 12
 -0.21 -0.21 -0.22 -0.20 -0.21 -0.19 -0.20 -0.19 -0.19 -0.20 -0.23 -0.24 09102004 00
 -0.23 -0.20 -0.20 -0.20 -0.22 -0.26 -0.25 -0.23 -0.21 -0.20 -0.16 -0.15 09102004 12
 -0.13 -0.15 -0.17 -0.18 -0.20 -0.25 -0.27 -0.27 -0.23 -0.18 -0.14 -0.13 10102004 00
 -0.15 -0.14 -0.13 -0.11 -0.08 -0.12 -0.16 -0.15 -0.13 -0.10 -0.09 -0.10 10102004 12
 -0.10 -0.09 -0.12 -0.14 -0.14 -0.15 -0.17 -0.18 -0.19 -0.17 -0.15 -0.12 11102004 00
 -0.12 -0.10 -0.10 -0.10 -0.09 -0.08 -0.10 -0.10 -0.10 -0.10 -0.09 -0.07 11102004 12
 -0.07 -0.07 -0.07 -0.09 -0.09 -0.09 -0.10 -0.10 -0.09 -0.09 -0.08 -0.07 12102004 00
 -0.07 -0.04 -0.03 -0.04 -0.04 -0.03 -0.01  0.01  0.01  0.01  0.02  0.03 12102004 12
  0.04  0.07  0.09  0.09  0.09  0.11  0.14  0.18  0.17  0.14  0.11  0.08 13102004 00
  0.09  0.14  0.12  0.13  0.15  0.15  0.16  0.15  0.12  0.09  0.08  0.06 13102004 12
  0.04  0.04  0.02  0.01  0.01  0.02  0.04  0.07  0.09  0.09  0.08  0.08 14102004 00
  0.08  0.11  0.13  0.13  0.13  0.13  0.13  0.13  0.14  0.14  0.14  0.12 14102004 12
  0.10  0.09  0.07  0.05  0.07  0.09  0.09  0.07  0.07  0.08  0.10  0.10 15102004 00
  0.10  0.10  0.11  0.10  0.11  0.12  0.12  0.11  0.11  0.12  0.11  0.10 15102004 12
  0.10  0.09  0.08  0.06  0.07  0.08  0.07  0.07  0.09  0.10  0.10  0.09 16102004 00
  0.09  0.07  0.06  0.06  0.05  0.05  0.05  0.04  0.02  0.00  0.01  0.03 16102004 12
  0.04  0.04  0.03  0.03  0.04  0.04  0.05  0.06  0.06  0.06  0.06  0.05 17102004 00
  0.06  0.06  0.05  0.05  0.05  0.05  0.05  0.05  0.04  0.03  0.01  0.01 17102004 12
  0.03  0.04  0.04  0.03  0.03  0.03  0.03  0.03  0.03  0.05  0.07  0.08 18102004 00
  0.08  0.08  0.07  0.06  0.06  0.06  0.08  0.09  0.08  0.08  0.09  0.08 18102004 12
  0.09  0.08  0.08  0.09  0.13  0.14  0.14  0.15  0.17  0.21  0.25  0.25 19102004 00
  0.24  0.21  0.20  0.18  0.19  0.18  0.14  0.13  0.13  0.10  0.10  0.12 19102004 12
  0.12  0.10  0.08  0.06  0.05  0.05  0.05  0.04  0.03  0.03  0.03  0.05 20102004 00
  0.08  0.11  0.13  0.15  0.17  0.17  0.18  0.18  0.18  0.19  0.20  0.21 20102004 12
  0.25  0.31  0.41  0.51  0.59  0.65  0.59  0.49  0.43  0.46  0.49  0.51 21102004 00
  0.49  0.62  0.66  0.61  0.55  0.53  0.51  0.52  0.44  0.42  0.38  0.30 21102004 12
  0.27  0.31  0.35  0.26  0.19  0.14  0.14  0.11  0.10  0.12  0.23  0.33 22102004 00
  0.41  0.51  0.57  0.51  0.40  0.30  0.26  0.23  0.20  0.15  0.18  0.25 22102004 12
  0.29  0.34  0.43  0.52  0.52  0.47  0.37  0.28  0.27  0.25  0.18  0.09 23102004 00
  0.10  0.06 -0.01 -0.03 -0.00  0.02  0.08  0.11  0.16  0.23  0.32  0.37 23102004 12
  0.37  0.36  0.37  0.39  0.45  0.49  0.44  0.38  0.30  0.28  0.26  0.30 24102004 00
  0.28  0.30  0.27  0.23  0.22  0.30  0.35  0.37  0.35  0.33  0.33  0.39 24102004 12
  0.40  0.40  0.41  0.41  0.40  0.46  0.46  0.39  0.33  0.27  0.26  0.26 25102004 00
  0.28  0.24  0.28  0.27  0.18  0.08  0.07  0.08  0.08  0.07  0.04  0.02 25102004 12
  0.04  0.03  0.02  0.02  0.02  0.01  0.01 -0.00  0.00  0.01  0.01  0.02 26102004 00
  0.03  0.05  0.06  0.07  0.08  0.08  0.09  0.10  0.10  0.10  0.08  0.06 26102004 12
  0.05  0.05  0.04  0.05  0.05  0.07  0.08  0.09  0.09  0.08  0.07  0.03 27102004 00
  0.02  0.04  0.04  0.04  0.02 -0.01 -0.03  0.01  0.03  0.04  0.08  0.17 27102004 12
  0.27  0.34  0.34  0.31  0.35  0.45  0.57  0.69  0.66  0.53  0.43  0.33 28102004 00
  0.29  0.37  0.37  0.33  0.33  0.28  0.22  0.25  0.35  0.32  0.30  0.26 28102004 12
  0.22  0.22  0.23  0.19  0.20  0.22  0.22  0.25  0.29  0.27  0.22  0.21 29102004 00
  0.17  0.15  0.18  0.15  0.16  0.17  0.15  0.14  0.16  0.15  0.14  0.12 29102004 12
  0.09  0.08  0.09  0.08  0.07  0.06  0.04  0.01  0.00 -0.01 -0.01 -0.02 30102004 00
 -0.03 -0.04 -0.04 -0.04 -0.04 -0.04 -0.04 -0.05 -0.04 -0.04 -0.04 -0.05 30102004 12
 -0.05 -0.05 -0.04 -0.06 -0.07 -0.08 -0.08 -0.08 -0.08 -0.07 -0.08 -0.08 31102004 00
 -0.09 -0.09 -0.09 -0.10 -0.09 -0.09 -0.11 -0.11 -0.10 -0.10 -0.11 -0.13 31102004 12
 -0.13 -0.12 -0.12 -0.12 -0.10 -0.09 -0.11 -0.13 -0.12 -0.10 -0.09 -0.10 01112004 00
 -0.11 -0.12 -0.12 -0.15 -0.16 -0.16 -0.16 -0.16 -0.14 -0.13 -0.11 -0.11 01112004 12
 -0.11 -0.10 -0.12 -0.14 -0.15 -0.14 -0.14 -0.14 -0.13 -0.11 -0.10 -0.09 02112004 00
 -0.10 -0.11 -0.12 -0.13 -0.13 -0.14 -0.13 -0.12 -0.09 -0.05 -0.04 -0.04 02112004 12
 -0.02 -0.02 -0.02 -0.02 -0.01 -0.00  0.00  0.01  0.01  0.03  0.06  0.07 03112004 00
  0.08  0.07  0.06  0.04  0.02  0.04  0.05  0.05  0.05  0.06  0.08  0.09 03112004 12
  0.08  0.12  0.17  0.16  0.08  0.04  0.01 -0.01 -0.01 -0.01 -0.02 -0.00 04112004 00
  0.02  0.03  0.01 -0.01  0.01  0.04  0.03  0.02  0.04  0.07  0.06  0.02 04112004 12
 -0.03 -0.07 -0.10 -0.10 -0.13 -0.16 -0.18 -0.18 -0.18 -0.18 -0.14 -0.09 05112004 00
 -0.05 -0.04 -0.04 -0.05 -0.06 -0.09 -0.12 -0.14 -0.13 -0.12 -0.11 -0.10 05112004 12
 -0.09 -0.08 -0.07 -0.07 -0.06 -0.04 -0.04 -0.06 -0.07 -0.08 -0.09 -0.10 06112004 00
 -0.11 -0.13 -0.12 -0.09 -0.08 -0.10 -0.12 -0.11 -0.13 -0.16 -0.15 -0.12 06112004 12
 -0.09 -0.08 -0.09 -0.13 -0.14 -0.14 -0.14 -0.16 -0.18 -0.23 -0.24 -0.22 07112004 00
 -0.21 -0.19 -0.16 -0.11 -0.09 -0.07 -0.09 -0.11 -0.12 -0.12 -0.13 -0.13 07112004 12
 -0.11 -0.10 -0.09 -0.09 -0.10 -0.10 -0.10 -0.11 -0.13 -0.16 -0.18 -0.18 08112004 00
 -0.16 -0.15 -0.14 -0.10 -0.08 -0.10 -0.11 -0.12 -0.13 -0.16 -0.17 -0.16 08112004 12
 -0.15 -0.14 -0.11 -0.06 -0.03  0.00  0.01 -0.02 -0.02 -0.03 -0.04 -0.06 09112004 00
 -0.06 -0.04 -0.02 -0.01  0.05  0.06 -0.00 -0.06 -0.07 -0.08 -0.06 -0.08 09112004 12
 -0.11 -0.07 -0.02  0.03  0.02 -0.08 -0.20 -0.26 -0.27 -0.28 -0.30 -0.35 10112004 00
 -0.39 -0.35 -0.30 -0.26 -0.20 -0.20 -0.21 -0.19 -0.20 -0.22 -0.23 -0.25 10112004 12
 -0.25 -0.23 -0.21 -0.18 -0.14 -0.10 -0.06 -0.05 -0.06 -0.09 -0.11 -0.12 11112004 00
 -0.13 -0.12 -0.08 -0.06 -0.04 -0.03 -0.03 -0.05 -0.08 -0.10 -0.13 -0.15 11112004 12
 -0.15 -0.13 -0.10 -0.07 -0.04  0.00  0.05  0.06  0.04  0.02  0.03  0.08 12112004 00
  0.08  0.03 -0.00  0.04  0.11  0.14  0.12 -0.02 -0.14 -0.24 -0.34 -0.42 12112004 12
 -0.48 -0.51 -0.48 -0.40 -0.36 -0.32 -0.25 -0.21 -0.23 -0.21 -0.23 -0.25 13112004 00
 -0.22 -0.21 -0.23 -0.17 -0.16 -0.14 -0.13 -0.15 -0.20 -0.23 -0.26 -0.28 13112004 12
 -0.29 -0.30 -0.31 -0.25 -0.22 -0.19 -0.15 -0.10 -0.11 -0.13 -0.17 -0.22 14112004 00
 -0.23 -0.22 -0.22 -0.18 -0.13 -0.10 -0.09 -0.06 -0.05 -0.08 -0.12 -0.15 14112004 12
 -0.17 -0.15 -0.12 -0.10 -0.07 -0.05 -0.02  0.04  0.07  0.07  0.02 -0.03 15112004 00
 -0.06 -0.08 -0.09 -0.06 -0.03  0.01  0.02  0.01 -0.01 -0.03 -0.06 -0.11 15112004 12
 -0.15 -0.16 -0.16 -0.13 -0.11 -0.07 -0.04 -0.03 -0.00  0.02  0.01 -0.03 16112004 00
 -0.05 -0.05 -0.05 -0.04 -0.02  0.00  0.03  0.07  0.09  0.08  0.03 -0.02 16112004 12
 -0.06 -0.06 -0.07 -0.03  0.04  0.07  0.11  0.14  0.17  0.17  0.14  0.10 17112004 00
  0.07  0.04  0.02  0.02  0.07  0.11  0.12  0.15  0.17  0.17  0.16  0.12 17112004 12
  0.07  0.07  0.05 -0.00 -0.02 -0.02 -0.02 -0.00  0.01 -0.01 -0.06 -0.12 18112004 00
 -0.17 -0.15 -0.11 -0.06 -0.01  0.06  0.11  0.17  0.18  0.16  0.11  0.04 18112004 12
 -0.04 -0.10 -0.14 -0.19 -0.23 -0.25 -0.23 -0.21 -0.18 -0.15 -0.13 -0.07 19112004 00
 -0.01  0.02  0.01 -0.02 -0.03 -0.06 -0.06 -0.06 -0.07 -0.08 -0.10 -0.14 19112004 12
 -0.17 -0.18 -0.16 -0.14 -0.12 -0.11 -0.08 -0.04 -0.02 -0.02 -0.03 -0.05 20112004 00
 -0.07 -0.09 -0.12 -0.14 -0.17 -0.17 -0.16 -0.14 -0.11 -0.10 -0.12 -0.15 20112004 12
 -0.16 -0.14 -0.12 -0.11 -0.09 -0.07 -0.03 -0.02 -0.01  0.02  0.04  0.03 21112004 00
  0.03  0.08  0.12  0.10  0.08  0.10  0.13  0.15  0.20  0.23  0.24  0.22 21112004 12
  0.21  0.19  0.17  0.17  0.20  0.20  0.19  0.15  0.10  0.08  0.05  0.04 22112004 00
  0.04  0.09  0.10  0.09  0.06  0.06  0.04  0.06  0.05  0.05  0.02 -0.01 22112004 12
 -0.05 -0.06 -0.09 -0.11 -0.11 -0.11 -0.10 -0.08 -0.07 -0.08 -0.08 -0.08 23112004 00
 -0.10 -0.11 -0.12 -0.11 -0.12 -0.13 -0.14 -0.13 -0.12 -0.11 -0.11 -0.12 23112004 12
 -0.13 -0.13 -0.14 -0.14 -0.11 -0.10 -0.10 -0.09 -0.09 -0.10 -0.13 -0.15 24112004 00
 -0.15 -0.15 -0.13 -0.13 -0.12 -0.10 -0.09 -0.10 -0.10 -0.10 -0.10 -0.10 24112004 12
 -0.09 -0.10 -0.10 -0.11 -0.10 -0.07 -0.04 -0.02 -0.02 -0.03 -0.03 -0.02 25112004 00
 -0.01  0.02  0.03  0.03  0.06  0.09  0.13  0.16  0.16  0.15  0.14  0.12 25112004 12
  0.10  0.10  0.06  0.05  0.04  0.02  0.03  0.05  0.02  0.00 -0.02 -0.05 26112004 00
 -0.08 -0.09 -0.10 -0.08 -0.07 -0.08 -0.09 -0.09 -0.09 -0.10 -0.10 -0.11 26112004 12
 -0.13 -0.14 -0.14 -0.12 -0.11 -0.11 -0.10 -0.07 -0.06 -0.05 -0.07 -0.06 27112004 00
 -0.05 -0.04 -0.03 -0.02  0.01  0.04  0.08  0.13  0.14  0.15  0.13  0.10 27112004 12
  0.04 -0.01 -0.00 -0.01 -0.01 -0.04 -0.10 -0.12 -0.10 -0.11 -0.14 -0.17 28112004 00
 -0.18 -0.19 -0.19 -0.18 -0.19 -0.21 -0.21 -0.18 -0.18 -0.18 -0.17 -0.17 28112004 12
 -0.14 -0.16 -0.19 -0.19 -0.17 -0.15 -0.14 -0.11 -0.07 -0.06 -0.06 -0.06 29112004 00
 -0.05 -0.06 -0.06 -0.06 -0.06 -0.06 -0.07 -0.06 -0.05 -0.03 -0.02 -0.03 29112004 12
 -0.04 -0.02 -0.00  0.03  0.04  0.05  0.06  0.10  0.14  0.18  0.21  0.20 30112004 00
  0.18  0.14  0.11  0.10  0.08  0.08  0.08  0.06  0.03  0.03  0.04  0.03 30112004 12
  0.04  0.03  0.03  0.04  0.04  0.04  0.04  0.04  0.04  0.06  0.08  0.08 01122004 00
  0.07  0.07  0.06  0.04  0.02 -0.00 -0.01  0.00  0.00  0.01  0.02  0.01 01122004 12
  0.01  0.03  0.03  0.02 -0.00 -0.01 -0.02 -0.03 -0.03 -0.02 -0.02 -0.01 02122004 00
 -0.00 -0.02 -0.03 -0.04 -0.06 -0.07 -0.08 -0.08 -0.07 -0.05 -0.03 -0.03 02122004 12
 -0.02 -0.02 -0.03 -0.04 -0.04 -0.04 -0.02  0.00  0.02  0.03  0.04  0.03 03122004 00
  0.05  0.07  0.06  0.03  0.01 -0.01 -0.05 -0.09 -0.10 -0.10 -0.09 -0.09 03122004 12
 -0.08 -0.06 -0.07 -0.08 -0.09 -0.09 -0.10 -0.11 -0.11 -0.10 -0.08 -0.06 04122004 00
 -0.04 -0.02 -0.02 -0.01 -0.00 -0.02 -0.04 -0.05 -0.04 -0.01  0.00  0.02 04122004 12
  0.06  0.10  0.10  0.07  0.00 -0.07 -0.14 -0.17 -0.19 -0.18 -0.17 -0.18 05122004 00
 -0.18 -0.17 -0.14 -0.14 -0.15 -0.15 -0.14 -0.14 -0.13 -0.13 -0.12 -0.09 05122004 12
 -0.01  0.05  0.09  0.10  0.09  0.06  0.08  0.11  0.12  0.11  0.11  0.13 06122004 00
  0.15  0.17  0.16  0.16  0.11  0.06  0.02 -0.03 -0.08 -0.12 -0.13 -0.12 06122004 12
 -0.12 -0.09 -0.05 -0.05 -0.08 -0.11 -0.14 -0.16 -0.18 -0.20 -0.21 -0.18 07122004 00
 -0.14 -0.12 -0.09 -0.09 -0.11 -0.13 -0.16 -0.17 -0.19 -0.20 -0.21 -0.21 07122004 12
 -0.19 -0.15 -0.10 -0.06 -0.04 -0.03 -0.05 -0.08 -0.11 -0.11 -0.10 -0.09 08122004 00
 -0.06 -0.03 -0.01  0.01  0.01 -0.02 -0.05 -0.09 -0.13 -0.15 -0.15 -0.16 08122004 12
 -0.15 -0.12 -0.10 -0.07 -0.04 -0.03 -0.06 -0.10 -0.13 -0.15 -0.14 -0.11 09122004 00
 -0.07 -0.03 -0.00  0.02  0.06  0.07  0.06  0.03 -0.01 -0.05 -0.08 -0.08 09122004 12
 -0.06 -0.03  0.02  0.04  0.06  0.09  0.08  0.04  0.01 -0.03 -0.05 -0.02 10122004 00
  0.01  0.03  0.05  0.07  0.07  0.07  0.05 -0.01 -0.05 -0.09 -0.13 -0.15 10122004 12
 -0.15 -0.13 -0.10 -0.08 -0.05 -0.02  0.00 -0.03 -0.09 -0.12 -0.16 -0.17 11122004 00
 -0.15 -0.14 -0.12 -0.09 -0.07 -0.05 -0.05 -0.08 -0.10 -0.14 -0.15 -0.16 11122004 12
 -0.16 -0.17 -0.15 -0.13 -0.11 -0.08 -0.06 -0.07 -0.12 -0.15 -0.17 -0.20 12122004 00
 -0.20 -0.20 -0.18 -0.15 -0.13 -0.11 -0.09 -0.11 -0.15 -0.20 -0.19 -0.19 12122004 12
 -0.19 -0.17 -0.16 -0.11 -0.09 -0.08 -0.05 -0.04 -0.07 -0.08 -0.12 -0.15 13122004 00
 -0.15 -0.12 -0.11 -0.08 -0.06 -0.04 -0.03 -0.02 -0.04 -0.08 -0.12 -0.13 13122004 12
 -0.12 -0.09 -0.05 -0.01  0.04  0.07  0.11  0.16  0.22  0.24  0.18  0.17 14122004 00
  0.17  0.17  0.22  0.29  0.27  0.32  0.35  0.33  0.31  0.29  0.24  0.18 14122004 12
  0.18  0.16  0.17  0.23  0.22  0.25  0.33  0.30  0.18  0.08  0.03 -0.01 15122004 00
 -0.03 -0.10 -0.12 -0.12 -0.13 -0.12 -0.11 -0.09 -0.09 -0.07 -0.08 -0.07 15122004 12
 -0.06  0.01  0.08  0.15  0.24  0.33  0.39  0.47  0.56  0.58  0.54  0.49 16122004 00
  0.47  0.49  0.43  0.43  0.52  0.54  0.57  0.63  0.57  0.47  0.37  0.26 16122004 12
  0.14  0.07  0.06  0.05  0.08  0.13  0.14  0.17  0.22  0.27  0.38  0.51 17122004 00
  0.53  0.44  0.37  0.33  0.26  0.16  0.01 -0.06 -0.04 -0.03 -0.03 -0.04 17122004 12
 -0.01  0.08  0.20  0.28  0.35  0.38  0.38  0.34  0.30  0.30  0.29  0.22 18122004 00
  0.13  0.04 -0.01  0.01 -0.01 -0.01 -0.00 -0.00 -0.01 -0.02 -0.04 -0.05 18122004 12
 -0.05 -0.02 -0.01 -0.03 -0.07 -0.07 -0.08 -0.07 -0.09 -0.10 -0.12 -0.14 19122004 00
 -0.14 -0.14 -0.10 -0.02  0.02  0.05  0.06  0.08  0.10  0.09  0.05  0.02 19122004 12
 -0.01 -0.04 -0.06 -0.08 -0.08 -0.07 -0.06 -0.04  0.00  0.04  0.06  0.11 20122004 00
  0.16  0.19  0.15  0.14  0.17  0.20  0.17  0.14  0.09  0.07  0.00 -0.04 20122004 12
 -0.08 -0.12 -0.15 -0.17 -0.21 -0.24 -0.26 -0.28 -0.28 -0.29 -0.33 -0.33 21122004 00
 -0.32 -0.29 -0.22 -0.16 -0.15 -0.12 -0.09 -0.06 -0.04 -0.02 -0.01  0.05 21122004 12
  0.12  0.16  0.21  0.26  0.35  0.42  0.42  0.39  0.32  0.32  0.26  0.21 22122004 00
  0.13  0.15  0.14  0.12  0.08  0.04 -0.05 -0.11 -0.17 -0.17 -0.13 -0.06 22122004 12
 -0.04 -0.02  0.08  0.21  0.29  0.42  0.58  0.67  0.69  0.59  0.48  0.40 23122004 00
  0.34  0.27  0.30  0.24  0.15  0.07  0.05  0.01  0.10  0.18  0.24  0.32 23122004 12
  0.41  0.45  0.48  0.49  0.45  0.35  0.32  0.31  0.28  0.25  0.16  0.09 24122004 00
  0.10  0.15  0.25  0.37  0.40  0.43  0.47  0.48  0.41  0.38  0.31  0.31 24122004 12
  0.30  0.29  0.27  0.31  0.30  0.27  0.30  0.32  0.23  0.20  0.21  0.24 25122004 00
  0.20  0.20  0.18  0.18  0.14  0.08  0.03  0.01  0.02  0.05  0.06  0.04 25122004 12
  0.02 -0.04 -0.05 -0.03  0.02  0.07  0.08  0.01 -0.07 -0.14 -0.16 -0.18 26122004 00
 -0.21 -0.24 -0.27 -0.27 -0.27 -0.26 -0.24 -0.27 -0.28 -0.27 -0.22 -0.17 26122004 12
 -0.13 -0.10 -0.08 -0.06 -0.06 -0.05 -0.01  0.03  0.03  0.02 -0.00 -0.02 27122004 00
 -0.02 -0.00  0.00  0.00  0.02  0.04  0.07  0.17  0.31  0.46  0.55  0.61 27122004 12
  0.57  0.47  0.47  0.40  0.34  0.34  0.27  0.12 -0.04 -0.14 -0.14 -0.07 28122004 00
 -0.01  0.08  0.15  0.21  0.25  0.26  0.28  0.27  0.25  0.23  0.18  0.15 28122004 12
  0.08  0.00 -0.05 -0.08 -0.11 -0.09 -0.07 -0.09 -0.11 -0.10 -0.06 -0.04 29122004 00
 -0.01  0.04  0.11  0.16  0.15  0.11  0.07  0.07  0.06  0.08  0.10  0.08 29122004 12
  0.05 -0.00 -0.04 -0.06 -0.04 -0.03  0.00  0.02  0.03  0.08  0.11  0.10 30122004 00
  0.08  0.06  0.07  0.07  0.04 -0.00  0.00  0.01  0.03  0.05  0.06  0.06 30122004 12
  0.07  0.07  0.07  0.08  0.08  0.05  0.02  0.00 -0.02 -0.06 -0.09 -0.10 31122004 00
 -0.09 -0.10 -0.11 -0.12 -0.12 -0.12 -0.10 -0.08 -0.05 -0.00  0.04  0.06 31122004 12
