Parameter Z: CS3 Location ( 52, 86) Lat 53.500 Lon -3.417
  0.18  0.08 -0.05 -0.15 -0.18 -0.17 -0.15 -0.15 -0.16 -0.19 -0.20 -0.19 01012000 00
 -0.18 -0.14 -0.09 -0.02 -0.01 -0.02 -0.04 -0.04 -0.02 -0.00 -0.00  0.00 01012000 12
  0.03  0.05  0.06  0.05  0.05  0.07  0.07  0.07  0.06  0.05  0.00 -0.04 02012000 00
 -0.09 -0.11 -0.12 -0.14 -0.16 -0.19 -0.18 -0.14 -0.09 -0.03  0.07  0.17 02012000 12
  0.29  0.36  0.41  0.54  0.67  0.76  0.74  0.66  0.52  0.38  0.26  0.14 03012000 00
  0.05  0.02  0.06  0.00 -0.08 -0.10 -0.11 -0.13 -0.07 -0.05 -0.02  0.02 03012000 12
  0.00 -0.02 -0.01 -0.00  0.01  0.01  0.01  0.01  0.04  0.08  0.14  0.23 04012000 00
  0.33  0.45  0.55  0.61  0.61  0.54  0.46  0.41  0.32  0.30  0.21  0.16 04012000 12
  0.12  0.06 -0.00  0.01  0.00  0.01  0.11  0.22  0.26  0.27  0.29  0.36 05012000 00
  0.47  0.58  0.62  0.63  0.60  0.62  0.68  0.76  0.75  0.72  0.67  0.60 05012000 12
  0.57  0.57  0.49  0.51  0.53  0.50  0.50  0.57  0.53  0.42  0.39  0.28 06012000 00
  0.19  0.13  0.06  0.03  0.03 -0.05 -0.14 -0.19 -0.22 -0.21 -0.17 -0.13 06012000 12
 -0.06  0.04  0.11  0.18  0.24  0.35  0.44  0.53  0.53  0.49  0.47  0.46 07012000 00
  0.48  0.53  0.59  0.55  0.58  0.59  0.59  0.60  0.66  0.64  0.59  0.52 07012000 12
  0.37  0.32  0.34  0.27  0.25  0.27  0.26  0.26  0.31  0.27  0.22  0.25 08012000 00
  0.23  0.25  0.28  0.25  0.21  0.24  0.23  0.17  0.10  0.03  0.02  0.03 08012000 12
  0.04  0.05  0.05  0.02  0.02  0.02  0.03  0.03  0.01  0.00 -0.01 -0.02 09012000 00
 -0.03 -0.03 -0.05 -0.08 -0.11 -0.13 -0.14 -0.15 -0.17 -0.19 -0.18 -0.21 09012000 12
 -0.19 -0.15 -0.15 -0.14 -0.12 -0.11 -0.11 -0.08 -0.02  0.04  0.07  0.09 10012000 00
  0.10  0.13  0.17  0.23  0.25  0.23  0.20  0.17  0.12  0.09  0.05 -0.01 10012000 12
 -0.04 -0.07 -0.10 -0.09 -0.11 -0.11 -0.11 -0.10 -0.09 -0.07 -0.04 -0.03 11012000 00
 -0.02  0.00  0.03  0.07  0.09  0.11  0.11  0.14  0.21  0.31  0.38  0.33 11012000 12
  0.27  0.24  0.17  0.18  0.22  0.23  0.17  0.18  0.16  0.11  0.09  0.09 12012000 00
  0.07  0.07  0.05  0.03  0.04  0.08  0.07  0.06  0.04  0.02 -0.02 -0.05 12012000 12
 -0.09 -0.11 -0.11 -0.13 -0.14 -0.14 -0.10 -0.07 -0.07 -0.07 -0.06 -0.06 13012000 00
 -0.08 -0.09 -0.10 -0.11 -0.12 -0.15 -0.18 -0.18 -0.21 -0.25 -0.27 -0.30 13012000 12
 -0.32 -0.33 -0.35 -0.36 -0.34 -0.33 -0.35 -0.35 -0.33 -0.34 -0.36 -0.38 14012000 00
 -0.41 -0.37 -0.33 -0.33 -0.32 -0.36 -0.40 -0.41 -0.38 -0.41 -0.42 -0.39 14012000 12
 -0.42 -0.47 -0.49 -0.50 -0.45 -0.39 -0.42 -0.45 -0.43 -0.39 -0.40 -0.38 15012000 00
 -0.34 -0.38 -0.40 -0.39 -0.40 -0.37 -0.35 -0.35 -0.38 -0.34 -0.35 -0.33 15012000 12
 -0.29 -0.31 -0.36 -0.36 -0.33 -0.32 -0.29 -0.29 -0.30 -0.30 -0.27 -0.30 16012000 00
 -0.30 -0.27 -0.31 -0.35 -0.34 -0.34 -0.32 -0.33 -0.33 -0.33 -0.29 -0.30 16012000 12
 -0.30 -0.29 -0.29 -0.33 -0.32 -0.29 -0.27 -0.24 -0.24 -0.23 -0.24 -0.23 17012000 00
 -0.24 -0.24 -0.23 -0.25 -0.30 -0.32 -0.32 -0.31 -0.28 -0.27 -0.29 -0.30 17012000 12
 -0.28 -0.29 -0.29 -0.29 -0.31 -0.30 -0.29 -0.28 -0.27 -0.26 -0.27 -0.30 18012000 00
 -0.26 -0.25 -0.27 -0.26 -0.27 -0.32 -0.35 -0.34 -0.32 -0.27 -0.24 -0.25 18012000 12
 -0.24 -0.22 -0.24 -0.24 -0.21 -0.21 -0.22 -0.21 -0.23 -0.21 -0.19 -0.21 19012000 00
 -0.22 -0.22 -0.24 -0.25 -0.25 -0.27 -0.30 -0.32 -0.29 -0.29 -0.25 -0.23 19012000 12
 -0.24 -0.21 -0.18 -0.20 -0.20 -0.19 -0.19 -0.19 -0.19 -0.19 -0.18 -0.16 20012000 00
 -0.16 -0.18 -0.16 -0.16 -0.19 -0.20 -0.22 -0.27 -0.26 -0.28 -0.28 -0.26 20012000 12
 -0.22 -0.26 -0.25 -0.24 -0.24 -0.23 -0.22 -0.24 -0.27 -0.24 -0.24 -0.24 21012000 00
 -0.20 -0.20 -0.22 -0.19 -0.21 -0.21 -0.19 -0.19 -0.18 -0.18 -0.17 -0.14 21012000 12
 -0.09 -0.04 -0.03  0.02  0.05  0.08  0.13  0.11  0.06  0.07  0.02 -0.02 22012000 00
 -0.01 -0.04 -0.09 -0.14 -0.17 -0.19 -0.22 -0.28 -0.40 -0.45 -0.41 -0.32 22012000 12
 -0.29 -0.19 -0.16 -0.21 -0.14 -0.14 -0.13 -0.11 -0.12 -0.15 -0.17 -0.18 23012000 00
 -0.17 -0.17 -0.17 -0.19 -0.18 -0.19 -0.20 -0.20 -0.19 -0.19 -0.18 -0.13 23012000 12
 -0.13 -0.13 -0.11 -0.11 -0.11 -0.10 -0.12 -0.13 -0.12 -0.12 -0.14 -0.17 24012000 00
 -0.18 -0.18 -0.18 -0.18 -0.21 -0.18 -0.19 -0.20 -0.18 -0.17 -0.19 -0.18 24012000 12
 -0.18 -0.19 -0.18 -0.15 -0.17 -0.16 -0.16 -0.16 -0.16 -0.15 -0.15 -0.16 25012000 00
 -0.17 -0.17 -0.17 -0.16 -0.17 -0.18 -0.17 -0.18 -0.18 -0.15 -0.15 -0.17 25012000 12
 -0.17 -0.19 -0.19 -0.17 -0.17 -0.18 -0.15 -0.15 -0.16 -0.15 -0.14 -0.15 26012000 00
 -0.15 -0.16 -0.16 -0.15 -0.15 -0.17 -0.17 -0.16 -0.16 -0.15 -0.14 -0.16 26012000 12
 -0.18 -0.19 -0.20 -0.19 -0.17 -0.15 -0.14 -0.13 -0.13 -0.12 -0.11 -0.11 27012000 00
 -0.12 -0.11 -0.11 -0.09 -0.08 -0.09 -0.09 -0.08 -0.07 -0.06 -0.04 -0.03 27012000 12
 -0.04 -0.04 -0.04 -0.03 -0.00  0.02  0.04  0.09  0.12  0.16  0.20  0.26 28012000 00
  0.36  0.51  0.54  0.51  0.45  0.44  0.40  0.42  0.38  0.39  0.35  0.31 28012000 12
  0.29  0.31  0.28  0.23  0.25  0.33  0.46  0.54  0.59  0.60  0.70  0.72 29012000 00
  0.62  0.57  0.52  0.48  0.44  0.38  0.37  0.29  0.15  0.09  0.15  0.20 29012000 12
  0.16  0.13  0.13  0.12  0.04  0.02  0.04  0.10  0.16  0.21  0.23  0.25 30012000 00
  0.27  0.33  0.39  0.44  0.53  0.53  0.55  0.55  0.53  0.56  0.54  0.53 30012000 12
  0.54  0.54  0.54  0.47  0.33  0.16  0.02 -0.03 -0.08 -0.12 -0.17 -0.20 31012000 00
 -0.17 -0.16 -0.15 -0.07  0.00  0.05  0.04  0.04  0.11  0.18  0.26  0.32 31012000 12
  0.34  0.36  0.37  0.37  0.35  0.37  0.33  0.33  0.29  0.27  0.27  0.28 01022000 00
  0.25  0.28  0.28  0.22  0.16  0.13  0.11  0.04  0.04  0.01  0.00 -0.02 01022000 12
 -0.04 -0.03 -0.02 -0.02 -0.04 -0.03 -0.04 -0.03  0.02  0.04  0.07  0.07 02022000 00
  0.07  0.10  0.13  0.12  0.11  0.08  0.08  0.05  0.03  0.04  0.02  0.00 02022000 12
 -0.03 -0.08 -0.09 -0.10 -0.12 -0.14 -0.17 -0.18 -0.18 -0.16 -0.14 -0.12 03022000 00
 -0.10 -0.08 -0.05 -0.05 -0.05 -0.03 -0.00  0.01  0.03  0.04  0.05  0.06 03022000 12
  0.07  0.09  0.08  0.07  0.08  0.10  0.12  0.12  0.10  0.08  0.09  0.08 04022000 00
  0.08  0.09  0.08  0.08  0.09  0.09  0.08  0.09  0.07  0.04  0.05  0.03 04022000 12
  0.04  0.08  0.08  0.09  0.10  0.08  0.08  0.11  0.11  0.09  0.08  0.07 05022000 00
  0.07  0.10  0.10  0.11  0.12  0.12  0.12  0.14  0.14  0.12  0.15  0.16 05022000 12
  0.16  0.17  0.16  0.13  0.11  0.09  0.05  0.02  0.03  0.02  0.02  0.02 06022000 00
  0.06  0.11  0.17  0.23  0.25  0.30  0.43  0.62  0.76  0.76  0.68  0.65 06022000 12
  0.56  0.45  0.37  0.22  0.13  0.14  0.06 -0.01 -0.04 -0.04 -0.05  0.06 07022000 00
  0.19  0.34  0.56  0.72  0.77  0.78  0.75  0.70  0.59  0.49  0.45  0.44 07022000 12
  0.41  0.31  0.26  0.25  0.16  0.16  0.16  0.13  0.18  0.34  0.41  0.49 08022000 00
  0.52  0.53  0.50  0.55  0.53  0.55  0.58  0.59  0.48  0.44  0.53  0.56 08022000 12
  0.60  0.53  0.46  0.46  0.48  0.40  0.38  0.30  0.19  0.05 -0.06 -0.09 09022000 00
 -0.03  0.03  0.05  0.10  0.12  0.15  0.17  0.20  0.26  0.35  0.42  0.39 09022000 12
  0.38  0.37  0.38  0.48  0.63  0.72  0.89  1.07  1.04  0.81  0.75  0.73 10022000 00
  0.58  0.50  0.35  0.20  0.11 -0.03 -0.07 -0.01 -0.04 -0.07 -0.01  0.03 10022000 12
  0.03  0.03  0.01  0.01  0.04  0.08  0.07  0.08  0.09  0.10  0.07  0.04 11022000 00
  0.03  0.05  0.08  0.08  0.10  0.10  0.11  0.13  0.16  0.19  0.21  0.27 11022000 12
  0.30  0.35  0.41  0.44  0.47  0.52  0.50  0.48  0.54  0.52  0.43  0.31 12022000 00
  0.24  0.16  0.14  0.04 -0.03 -0.02  0.09  0.15  0.19  0.19  0.21  0.22 12022000 12
  0.25  0.26  0.21  0.18  0.13  0.12  0.08  0.07  0.06  0.09  0.05 -0.03 13022000 00
 -0.09 -0.08 -0.08 -0.07 -0.08 -0.09 -0.09 -0.09 -0.10 -0.10 -0.09 -0.09 13022000 12
 -0.08 -0.08 -0.08 -0.08 -0.07 -0.05 -0.02  0.01  0.05  0.10  0.14  0.21 14022000 00
  0.30  0.38  0.44  0.44  0.38  0.29  0.21  0.13  0.12  0.07  0.04  0.02 14022000 12
 -0.02 -0.08 -0.11 -0.12 -0.13 -0.10 -0.09 -0.03  0.01  0.02  0.02  0.02 15022000 00
  0.03  0.06  0.09  0.13  0.20  0.27  0.36  0.42  0.46  0.45  0.41  0.36 15022000 12
  0.35  0.32  0.29  0.23  0.21  0.19  0.19  0.19  0.16  0.16  0.17  0.20 16022000 00
  0.21  0.25  0.26  0.24  0.23  0.22  0.16  0.15  0.16  0.17  0.17  0.17 16022000 12
  0.16  0.12  0.07  0.03 -0.00 -0.03 -0.04 -0.04 -0.01 -0.01  0.01  0.00 17022000 00
  0.00 -0.00  0.00  0.01  0.02  0.04  0.07  0.10  0.12  0.13  0.17  0.25 17022000 12
  0.33  0.38  0.38  0.35  0.32  0.26  0.21  0.18  0.19  0.23  0.19  0.17 18022000 00
  0.18  0.20  0.23  0.28  0.31  0.31  0.33  0.34  0.30  0.26  0.24  0.16 18022000 12
  0.10  0.11  0.05  0.04  0.03 -0.03 -0.09 -0.13 -0.16 -0.14 -0.12 -0.11 19022000 00
 -0.10 -0.12 -0.13 -0.13 -0.14 -0.15 -0.16 -0.17 -0.16 -0.16 -0.13 -0.12 19022000 12
 -0.10 -0.09 -0.12 -0.10 -0.12 -0.13 -0.13 -0.14 -0.17 -0.16 -0.16 -0.16 20022000 00
 -0.13 -0.10 -0.11 -0.09 -0.08 -0.08 -0.06 -0.05 -0.02  0.01  0.04  0.04 20022000 12
  0.05  0.06  0.08  0.10  0.08  0.07  0.06  0.02 -0.02 -0.05 -0.04 -0.07 21022000 00
 -0.10 -0.11 -0.12 -0.12 -0.12 -0.12 -0.12 -0.13 -0.13 -0.15 -0.16 -0.17 21022000 12
 -0.18 -0.16 -0.13 -0.13 -0.11 -0.10 -0.10 -0.09 -0.06 -0.02 -0.01 -0.01 22022000 00
 -0.04 -0.03 -0.01  0.02  0.04  0.04  0.05  0.06  0.05  0.03  0.01  0.01 22022000 12
  0.00 -0.01 -0.02 -0.04 -0.04 -0.04 -0.04 -0.05 -0.06 -0.06 -0.05 -0.01 23022000 00
  0.01  0.02  0.02  0.06  0.11  0.15  0.17  0.20  0.24  0.29  0.32  0.26 23022000 12
  0.20  0.14  0.13  0.11  0.10  0.04  0.01  0.02  0.01 -0.04 -0.07 -0.07 24022000 00
 -0.06 -0.02 -0.02 -0.00  0.01  0.02  0.04  0.06  0.07  0.08  0.08  0.07 24022000 12
  0.06  0.05  0.03  0.01 -0.00 -0.00 -0.01 -0.00  0.02  0.03  0.01  0.02 25022000 00
  0.02  0.02  0.02  0.03  0.01 -0.02 -0.05 -0.07 -0.07 -0.07 -0.08 -0.09 25022000 12
 -0.10 -0.10 -0.09 -0.07 -0.05 -0.02 -0.02 -0.01 -0.01  0.01  0.03  0.03 26022000 00
  0.01 -0.00 -0.00  0.00  0.01  0.03  0.05  0.07  0.07  0.09  0.14  0.20 26022000 12
  0.27  0.30  0.29  0.28  0.30  0.39  0.46  0.50  0.48  0.51  0.56  0.65 27022000 00
  0.73  0.75  0.60  0.44  0.36  0.26  0.21  0.18  0.11  0.09  0.02 -0.05 27022000 12
 -0.06  0.01  0.05  0.09  0.11  0.18  0.31  0.36  0.38  0.40  0.43  0.47 28022000 00
  0.45  0.41  0.35  0.29  0.19  0.16  0.12  0.09  0.08  0.11  0.15  0.15 28022000 12
  0.12  0.15  0.19  0.23  0.26  0.29  0.32  0.35  0.35  0.34  0.31  0.27 29022000 00
  0.25  0.19  0.13  0.09  0.11  0.10  0.09  0.13  0.15  0.16  0.18  0.21 29022000 12
  0.21  0.18  0.14  0.11  0.10  0.10  0.09  0.09  0.07  0.06  0.02  0.02 01032000 00
  0.06  0.04  0.03  0.06  0.04 -0.01 -0.06 -0.05 -0.06 -0.06 -0.08 -0.08 01032000 12
 -0.08 -0.07 -0.07 -0.08 -0.05  0.00  0.05  0.08  0.12  0.21  0.32  0.40 02032000 00
  0.45  0.48  0.47  0.45  0.47  0.46  0.48  0.46  0.45  0.44  0.45  0.44 02032000 12
  0.45  0.43  0.47  0.46  0.45  0.39  0.36  0.27  0.20  0.11  0.04  0.01 03032000 00
  0.02 -0.04 -0.04 -0.06 -0.08 -0.07 -0.07 -0.09 -0.08 -0.04 -0.02  0.01 03032000 12
  0.03  0.04  0.05  0.04  0.03  0.00 -0.03 -0.05 -0.07 -0.07 -0.06 -0.06 04032000 00
 -0.10 -0.11 -0.12 -0.12 -0.13 -0.14 -0.13 -0.11 -0.11 -0.12 -0.10 -0.09 04032000 12
 -0.09 -0.08 -0.09 -0.11 -0.13 -0.13 -0.13 -0.15 -0.14 -0.13 -0.12 -0.09 05032000 00
 -0.05 -0.02  0.03  0.04  0.02  0.04  0.08  0.11  0.12  0.08  0.08  0.07 05032000 12
  0.09  0.09  0.08  0.06  0.06  0.05  0.01 -0.01 -0.00 -0.00 -0.01 -0.00 06032000 00
  0.00  0.03  0.05  0.06  0.06  0.07  0.08  0.09  0.07  0.06  0.04  0.06 06032000 12
  0.05  0.05  0.06  0.04  0.05  0.07  0.08  0.13  0.18  0.18  0.18  0.15 07032000 00
  0.13  0.12  0.12  0.10  0.09  0.10  0.08  0.05  0.02 -0.01 -0.00  0.03 07032000 12
  0.06  0.10  0.14  0.19  0.22  0.23  0.25  0.26  0.27  0.29  0.27  0.26 08032000 00
  0.25  0.20  0.19  0.22  0.16  0.19  0.18  0.15  0.09  0.06  0.07  0.06 08032000 12
  0.10  0.11  0.11  0.16  0.17  0.17  0.18  0.15  0.08  0.03  0.02  0.04 09032000 00
  0.01 -0.02 -0.05 -0.07 -0.08 -0.10 -0.10 -0.11 -0.13 -0.16 -0.18 -0.18 09032000 12
 -0.17 -0.16 -0.13 -0.12 -0.14 -0.11 -0.11 -0.11 -0.09 -0.06 -0.04 -0.04 10032000 00
 -0.04 -0.03 -0.00  0.00 -0.01  0.01  0.04  0.06  0.06  0.05  0.04  0.03 10032000 12
  0.04  0.01 -0.02 -0.03 -0.04 -0.05 -0.05 -0.05 -0.05 -0.07 -0.10 -0.11 11032000 00
 -0.10 -0.11 -0.12 -0.10 -0.12 -0.13 -0.12 -0.12 -0.13 -0.13 -0.13 -0.13 11032000 12
 -0.11 -0.09 -0.08 -0.08 -0.07 -0.08 -0.08 -0.09 -0.10 -0.11 -0.11 -0.11 12032000 00
 -0.11 -0.12 -0.13 -0.13 -0.14 -0.14 -0.14 -0.13 -0.13 -0.13 -0.10 -0.08 12032000 12
 -0.07 -0.07 -0.07 -0.08 -0.09 -0.08 -0.08 -0.08 -0.08 -0.10 -0.11 -0.11 13032000 00
 -0.12 -0.11 -0.10 -0.11 -0.10 -0.10 -0.10 -0.09 -0.06 -0.03  0.00  0.01 13032000 12
  0.00 -0.01 -0.02 -0.01 -0.00 -0.02 -0.03 -0.04 -0.05 -0.04 -0.01 -0.02 14032000 00
 -0.04 -0.06 -0.07 -0.07 -0.10 -0.13 -0.12 -0.12 -0.14 -0.14 -0.13 -0.15 14032000 12
 -0.17 -0.19 -0.22 -0.24 -0.22 -0.22 -0.20 -0.19 -0.17 -0.16 -0.14 -0.14 15032000 00
 -0.10 -0.06 -0.05 -0.08 -0.09 -0.09 -0.10 -0.11 -0.11 -0.14 -0.17 -0.18 15032000 12
 -0.18 -0.20 -0.21 -0.23 -0.27 -0.26 -0.26 -0.25 -0.23 -0.21 -0.20 -0.17 16032000 00
 -0.14 -0.15 -0.14 -0.12 -0.13 -0.16 -0.17 -0.18 -0.18 -0.18 -0.19 -0.20 16032000 12
 -0.20 -0.20 -0.21 -0.23 -0.23 -0.23 -0.23 -0.22 -0.21 -0.20 -0.19 -0.18 17032000 00
 -0.17 -0.15 -0.16 -0.17 -0.16 -0.19 -0.22 -0.23 -0.22 -0.22 -0.20 -0.20 17032000 12
 -0.22 -0.22 -0.22 -0.24 -0.24 -0.25 -0.30 -0.30 -0.31 -0.30 -0.27 -0.26 18032000 00
 -0.27 -0.25 -0.24 -0.25 -0.26 -0.25 -0.26 -0.28 -0.28 -0.28 -0.26 -0.21 18032000 12
 -0.18 -0.21 -0.19 -0.21 -0.23 -0.23 -0.23 -0.25 -0.27 -0.25 -0.27 -0.23 19032000 00
 -0.21 -0.24 -0.20 -0.20 -0.21 -0.22 -0.22 -0.23 -0.25 -0.23 -0.22 -0.24 19032000 12
 -0.20 -0.20 -0.22 -0.19 -0.20 -0.20 -0.19 -0.19 -0.19 -0.20 -0.20 -0.20 20032000 00
 -0.19 -0.16 -0.18 -0.15 -0.16 -0.18 -0.18 -0.19 -0.21 -0.20 -0.20 -0.20 20032000 12
 -0.17 -0.13 -0.16 -0.15 -0.14 -0.13 -0.13 -0.11 -0.11 -0.11 -0.08 -0.10 21032000 00
 -0.11 -0.09 -0.10 -0.11 -0.11 -0.11 -0.11 -0.12 -0.12 -0.11 -0.12 -0.10 21032000 12
 -0.11 -0.09 -0.08 -0.09 -0.07 -0.08 -0.08 -0.07 -0.06 -0.06 -0.04 -0.06 22032000 00
 -0.06 -0.05 -0.05 -0.06 -0.05 -0.05 -0.06 -0.07 -0.08 -0.09 -0.10 -0.07 22032000 12
 -0.07 -0.07 -0.07 -0.09 -0.09 -0.09 -0.10 -0.11 -0.10 -0.09 -0.06 -0.08 23032000 00
 -0.06 -0.04 -0.01  0.02  0.01 -0.01 -0.05 -0.04  0.00  0.06  0.09  0.10 23032000 12
  0.09  0.10  0.11  0.14  0.16  0.16  0.16  0.16  0.14  0.14  0.17  0.19 24032000 00
  0.21  0.22  0.20  0.19  0.22  0.20  0.20  0.21  0.20  0.19  0.20  0.19 24032000 12
  0.16  0.16  0.09  0.06  0.08  0.08  0.08  0.10  0.09  0.08  0.09  0.09 25032000 00
  0.09  0.09  0.09  0.08  0.10  0.11  0.12  0.13  0.13  0.12  0.10  0.09 25032000 12
  0.09  0.09  0.07  0.05  0.06  0.06  0.06  0.05  0.04  0.03  0.04  0.04 26032000 00
  0.03  0.02  0.01 -0.01 -0.01 -0.02 -0.02 -0.01 -0.01 -0.04 -0.07 -0.10 26032000 12
 -0.13 -0.15 -0.17 -0.16 -0.17 -0.17 -0.18 -0.17 -0.16 -0.14 -0.12 -0.11 27032000 00
 -0.12 -0.10 -0.12 -0.13 -0.16 -0.21 -0.25 -0.27 -0.27 -0.25 -0.26 -0.24 27032000 12
 -0.26 -0.25 -0.24 -0.23 -0.19 -0.18 -0.15 -0.13 -0.12 -0.12 -0.12 -0.13 28032000 00
 -0.16 -0.24 -0.26 -0.28 -0.28 -0.29 -0.28 -0.29 -0.27 -0.26 -0.25 -0.22 28032000 12
 -0.17 -0.18 -0.20 -0.19 -0.19 -0.14 -0.14 -0.14 -0.17 -0.16 -0.16 -0.18 29032000 00
 -0.18 -0.20 -0.25 -0.26 -0.26 -0.24 -0.22 -0.21 -0.18 -0.17 -0.17 -0.15 29032000 12
 -0.12 -0.09 -0.09 -0.13 -0.13 -0.12 -0.09 -0.08 -0.08 -0.08 -0.09 -0.09 30032000 00
 -0.07 -0.07 -0.07 -0.07 -0.09 -0.08 -0.08 -0.06 -0.04 -0.02 -0.01 -0.02 30032000 12
 -0.02 -0.02 -0.01 -0.00 -0.01 -0.03 -0.02 -0.01  0.00  0.01  0.03  0.04 31032000 00
  0.04  0.05  0.06  0.07  0.07  0.06  0.06  0.06  0.07  0.08  0.09  0.10 31032000 12
  0.10  0.09  0.09  0.10  0.11  0.12  0.13  0.12  0.12  0.11  0.12  0.13 01042000 00
  0.14  0.14  0.14  0.14  0.13  0.13  0.15  0.14  0.13  0.12  0.12  0.13 01042000 12
  0.14  0.12  0.11  0.11  0.10  0.10  0.12  0.12  0.10  0.09  0.07  0.06 02042000 00
  0.06  0.06  0.05  0.05  0.04  0.02  0.01  0.01 -0.02 -0.03 -0.02 -0.04 02042000 12
 -0.07 -0.11 -0.14 -0.16 -0.16 -0.17 -0.25 -0.31 -0.34 -0.36 -0.38 -0.36 03042000 00
 -0.41 -0.49 -0.46 -0.46 -0.46 -0.43 -0.45 -0.48 -0.40 -0.36 -0.34 -0.26 03042000 12
 -0.25 -0.34 -0.31 -0.27 -0.24 -0.22 -0.25 -0.31 -0.36 -0.33 -0.30 -0.25 04042000 00
 -0.20 -0.21 -0.20 -0.17 -0.17 -0.15 -0.14 -0.16 -0.15 -0.15 -0.12 -0.09 04042000 12
 -0.06 -0.05 -0.07 -0.04 -0.04 -0.04 -0.03 -0.03 -0.05 -0.03 -0.03 -0.03 05042000 00
 -0.04 -0.02 -0.03 -0.03 -0.04 -0.05 -0.05 -0.07 -0.09 -0.09 -0.09 -0.10 05042000 12
 -0.09 -0.09 -0.11 -0.11 -0.11 -0.12 -0.13 -0.12 -0.11 -0.10 -0.11 -0.10 06042000 00
 -0.12 -0.10 -0.10 -0.11 -0.10 -0.12 -0.12 -0.13 -0.16 -0.17 -0.18 -0.18 06042000 12
 -0.17 -0.15 -0.14 -0.18 -0.16 -0.17 -0.18 -0.16 -0.15 -0.16 -0.16 -0.16 07042000 00
 -0.16 -0.13 -0.11 -0.12 -0.10 -0.09 -0.10 -0.11 -0.10 -0.11 -0.12 -0.11 07042000 12
 -0.11 -0.12 -0.10 -0.11 -0.12 -0.10 -0.11 -0.12 -0.12 -0.13 -0.16 -0.17 08042000 00
 -0.17 -0.16 -0.13 -0.10 -0.13 -0.11 -0.12 -0.13 -0.12 -0.10 -0.12 -0.14 08042000 12
 -0.14 -0.13 -0.13 -0.12 -0.16 -0.16 -0.15 -0.16 -0.18 -0.20 -0.24 -0.23 09042000 00
 -0.23 -0.22 -0.21 -0.18 -0.18 -0.20 -0.18 -0.19 -0.21 -0.20 -0.23 -0.26 09042000 12
 -0.26 -0.24 -0.24 -0.21 -0.20 -0.22 -0.18 -0.15 -0.14 -0.10 -0.07 -0.08 10042000 00
 -0.08 -0.08 -0.08 -0.06 -0.06 -0.08 -0.08 -0.08 -0.07 -0.04 -0.01  0.04 10042000 12
  0.06  0.06  0.05  0.07  0.08  0.10  0.12  0.12  0.13  0.15  0.15  0.15 11042000 00
  0.14  0.13  0.11  0.10  0.08  0.08  0.08  0.08  0.08  0.09  0.10  0.11 11042000 12
  0.11  0.12  0.10  0.08  0.07  0.07  0.08  0.08  0.05  0.03  0.03  0.04 12042000 00
  0.06  0.10  0.14  0.13  0.11  0.10  0.08  0.07  0.06  0.04  0.06  0.06 12042000 12
  0.02 -0.01 -0.03 -0.04 -0.04 -0.05 -0.05 -0.04 -0.02 -0.02 -0.01 -0.01 13042000 00
 -0.00  0.01  0.04  0.07  0.09  0.09  0.08  0.08  0.07  0.05  0.05  0.06 13042000 12
  0.07  0.07  0.05  0.02  0.01  0.00 -0.01 -0.01 -0.02 -0.02 -0.00  0.00 14042000 00
 -0.01 -0.02 -0.02 -0.01 -0.01  0.00  0.02  0.03  0.02  0.02  0.03  0.04 14042000 12
  0.04  0.03  0.03  0.03  0.03  0.04  0.07  0.10  0.13  0.14  0.14  0.15 15042000 00
  0.14  0.13  0.13  0.14  0.13  0.15  0.16  0.16  0.17  0.16  0.16  0.18 15042000 12
  0.19  0.17  0.16  0.17  0.18  0.20  0.24  0.24  0.21  0.20  0.18  0.16 16042000 00
  0.18  0.16  0.16  0.16  0.15  0.14  0.17  0.19  0.18  0.16  0.13  0.11 16042000 12
  0.11  0.12  0.12  0.13  0.13  0.12  0.09  0.12  0.16  0.19  0.21  0.23 17042000 00
  0.23  0.25  0.26  0.28  0.30  0.31  0.33  0.33  0.32  0.29  0.29  0.24 17042000 12
  0.20  0.22  0.18  0.17  0.19  0.19  0.17  0.18  0.17  0.17  0.15  0.13 18042000 00
  0.12  0.13  0.12  0.11  0.12  0.11  0.11  0.11  0.11  0.10  0.11  0.10 18042000 12
  0.09  0.09  0.09  0.08  0.08  0.08  0.07  0.07  0.09  0.10  0.10  0.11 19042000 00
  0.10  0.11  0.14  0.13  0.14  0.15  0.17  0.20  0.21  0.19  0.13  0.11 19042000 12
  0.13  0.19  0.27  0.27  0.25  0.27  0.31  0.35  0.41  0.43  0.40  0.36 20042000 00
  0.32  0.29  0.32  0.33  0.31  0.34  0.35  0.33  0.34  0.40  0.37  0.34 20042000 12
  0.31  0.26  0.27  0.31  0.27  0.28  0.28  0.24  0.24  0.28  0.29  0.25 21042000 00
  0.24  0.20  0.18  0.22  0.20  0.21  0.23  0.22  0.22  0.25  0.22  0.20 21042000 12
  0.17  0.13  0.11  0.15  0.13  0.12  0.12  0.10  0.08  0.09  0.11  0.11 22042000 00
  0.11  0.10  0.10  0.11  0.12  0.12  0.13  0.14  0.14  0.15  0.16  0.16 22042000 12
  0.15  0.14  0.12  0.09  0.09  0.09  0.09  0.09  0.08  0.07  0.08  0.08 23042000 00
  0.07  0.07  0.06  0.06  0.07  0.06  0.06  0.06  0.06  0.08  0.12  0.13 23042000 12
  0.11  0.09  0.08  0.07  0.08  0.08  0.07  0.08  0.07  0.07  0.07  0.07 24042000 00
  0.07  0.06  0.06  0.05  0.03  0.03  0.03  0.02  0.01  0.01  0.01 -0.02 24042000 12
 -0.05 -0.06 -0.06 -0.06 -0.05 -0.05 -0.02  0.01  0.01  0.00  0.01  0.04 25042000 00
  0.06  0.06  0.06  0.06  0.03  0.02  0.03  0.03  0.02  0.01  0.00  0.00 25042000 12
 -0.01 -0.04 -0.07 -0.09 -0.10 -0.10 -0.09 -0.06 -0.04 -0.03 -0.04 -0.04 26042000 00
 -0.03  0.00 -0.01 -0.04 -0.04 -0.03 -0.00  0.03  0.05  0.06  0.07  0.10 26042000 12
  0.10  0.10  0.09  0.07  0.03  0.01 -0.01 -0.01 -0.02 -0.01 -0.02 -0.03 27042000 00
 -0.01  0.02  0.05  0.04 -0.01 -0.03 -0.02 -0.01  0.02  0.04  0.05  0.05 27042000 12
  0.04  0.04  0.04  0.04  0.02  0.01 -0.00 -0.01 -0.01  0.01  0.02  0.02 28042000 00
  0.02  0.02  0.03  0.05  0.05  0.04  0.03  0.02  0.03  0.04  0.05  0.05 28042000 12
  0.05  0.03  0.02  0.01  0.01  0.01  0.01  0.01  0.00 -0.01 -0.01 -0.00 29042000 00
  0.01  0.01  0.01  0.01  0.01  0.00 -0.01 -0.02 -0.02 -0.01 -0.02 -0.03 29042000 12
 -0.03 -0.04 -0.04 -0.05 -0.05 -0.06 -0.06 -0.06 -0.06 -0.07 -0.08 -0.09 30042000 00
 -0.10 -0.10 -0.09 -0.08 -0.09 -0.12 -0.13 -0.13 -0.12 -0.11 -0.10 -0.10 30042000 12
 -0.09 -0.09 -0.10 -0.11 -0.10 -0.11 -0.12 -0.13 -0.13 -0.13 -0.13 -0.13 01052000 00
 -0.13 -0.11 -0.11 -0.11 -0.11 -0.13 -0.14 -0.16 -0.14 -0.13 -0.13 -0.13 01052000 12
 -0.14 -0.15 -0.15 -0.16 -0.16 -0.15 -0.17 -0.18 -0.19 -0.18 -0.16 -0.15 02052000 00
 -0.16 -0.15 -0.15 -0.15 -0.15 -0.16 -0.20 -0.20 -0.20 -0.18 -0.18 -0.17 02052000 12
 -0.19 -0.20 -0.18 -0.19 -0.20 -0.19 -0.21 -0.24 -0.22 -0.23 -0.22 -0.19 03052000 00
 -0.18 -0.19 -0.16 -0.17 -0.19 -0.19 -0.20 -0.24 -0.22 -0.20 -0.22 -0.21 03052000 12
 -0.19 -0.21 -0.20 -0.19 -0.19 -0.20 -0.20 -0.21 -0.22 -0.22 -0.20 -0.20 04052000 00
 -0.17 -0.18 -0.17 -0.16 -0.18 -0.19 -0.17 -0.19 -0.19 -0.21 -0.18 -0.18 04052000 12
 -0.15 -0.14 -0.19 -0.16 -0.17 -0.17 -0.16 -0.16 -0.17 -0.15 -0.15 -0.16 05052000 00
 -0.15 -0.12 -0.11 -0.08 -0.08 -0.11 -0.13 -0.13 -0.13 -0.13 -0.10 -0.10 05052000 12
 -0.11 -0.09 -0.10 -0.12 -0.10 -0.12 -0.12 -0.11 -0.09 -0.06 -0.06 -0.06 06052000 00
 -0.06 -0.05 -0.02 -0.04 -0.04 -0.05 -0.06 -0.06 -0.05 -0.06 -0.07 -0.05 06052000 12
 -0.05 -0.06 -0.05 -0.07 -0.08 -0.09 -0.10 -0.09 -0.09 -0.09 -0.08 -0.09 07052000 00
 -0.08 -0.08 -0.06 -0.07 -0.09 -0.07 -0.09 -0.10 -0.10 -0.09 -0.11 -0.08 07052000 12
 -0.09 -0.10 -0.09 -0.08 -0.10 -0.09 -0.10 -0.11 -0.11 -0.10 -0.11 -0.11 08052000 00
 -0.10 -0.10 -0.08 -0.05 -0.06 -0.07 -0.07 -0.08 -0.08 -0.08 -0.07 -0.07 08052000 12
 -0.06 -0.07 -0.07 -0.07 -0.07 -0.08 -0.08 -0.07 -0.08 -0.07 -0.07 -0.09 09052000 00
 -0.09 -0.09 -0.08 -0.07 -0.07 -0.08 -0.09 -0.09 -0.09 -0.10 -0.09 -0.08 09052000 12
 -0.08 -0.09 -0.11 -0.12 -0.13 -0.12 -0.14 -0.14 -0.13 -0.13 -0.15 -0.16 10052000 00
 -0.18 -0.18 -0.15 -0.15 -0.15 -0.16 -0.18 -0.22 -0.21 -0.20 -0.18 -0.14 10052000 12
 -0.16 -0.21 -0.21 -0.22 -0.22 -0.22 -0.22 -0.25 -0.23 -0.24 -0.27 -0.27 11052000 00
 -0.23 -0.26 -0.26 -0.23 -0.22 -0.20 -0.19 -0.20 -0.20 -0.17 -0.18 -0.20 11052000 12
 -0.21 -0.21 -0.24 -0.22 -0.24 -0.24 -0.19 -0.19 -0.16 -0.13 -0.10 -0.08 12052000 00
 -0.06 -0.03 -0.01  0.00  0.01 -0.02 -0.03 -0.04 -0.06 -0.07 -0.08 -0.09 12052000 12
 -0.09 -0.10 -0.08 -0.09 -0.11 -0.11 -0.10 -0.10 -0.09 -0.06 -0.07 -0.05 13052000 00
 -0.05 -0.05 -0.05 -0.05 -0.06 -0.08 -0.10 -0.11 -0.10 -0.09 -0.09 -0.07 13052000 12
 -0.06 -0.06 -0.06 -0.05 -0.05 -0.06 -0.06 -0.05 -0.05 -0.05 -0.05 -0.05 14052000 00
 -0.04 -0.04 -0.04 -0.03 -0.03 -0.05 -0.05 -0.07 -0.07 -0.06 -0.04 -0.05 14052000 12
 -0.07 -0.06 -0.05 -0.04 -0.04 -0.05 -0.04 -0.03 -0.01  0.01  0.01  0.01 15052000 00
  0.02  0.04  0.04  0.04  0.03  0.02  0.01  0.01  0.01  0.02  0.03  0.04 15052000 12
  0.05  0.06  0.07  0.07  0.07  0.09  0.12  0.14  0.13  0.13  0.12  0.12 16052000 00
  0.15  0.17  0.15  0.15  0.16  0.15  0.16  0.14  0.12  0.10  0.10  0.09 16052000 12
  0.10  0.12  0.10  0.10  0.12  0.13  0.15  0.16  0.16  0.16  0.14  0.12 17052000 00
  0.14  0.18  0.17  0.16  0.16  0.17  0.18  0.21  0.20  0.21  0.20  0.15 17052000 12
  0.14  0.16  0.13  0.10  0.10  0.10  0.07  0.06  0.06  0.05  0.08  0.07 18052000 00
  0.08  0.08  0.10  0.11  0.12  0.11  0.08  0.04  0.02  0.02  0.04  0.06 18052000 12
  0.06  0.04  0.04  0.06  0.07  0.09  0.10  0.11  0.12  0.13  0.14  0.13 19052000 00
  0.11  0.07  0.06  0.05  0.06  0.05  0.03 -0.02 -0.05 -0.05 -0.03 -0.01 19052000 12
 -0.02 -0.01  0.00  0.00  0.00 -0.00 -0.01 -0.00  0.01  0.02  0.02  0.03 20052000 00
  0.03  0.03  0.04  0.04  0.04  0.04  0.03  0.03  0.04  0.06  0.07  0.05 20052000 12
  0.04  0.04  0.05  0.06  0.04  0.04  0.03  0.01 -0.01 -0.02 -0.03 -0.02 21052000 00
 -0.02 -0.03 -0.04 -0.03 -0.01  0.01  0.02  0.03  0.03  0.04  0.06  0.07 21052000 12
  0.07  0.06  0.05  0.03  0.01 -0.00  0.00 -0.01 -0.03 -0.05 -0.06 -0.06 22052000 00
 -0.05 -0.04 -0.03 -0.02 -0.01 -0.01 -0.01 -0.01 -0.00  0.01  0.02  0.02 22052000 12
  0.01  0.01 -0.00  0.01  0.04  0.07  0.09  0.11  0.15  0.23  0.33  0.41 23052000 00
  0.43  0.40  0.36  0.36  0.35  0.29  0.16  0.14  0.09  0.00 -0.07 -0.10 23052000 12
 -0.11 -0.07 -0.04 -0.02 -0.00  0.03  0.05  0.04  0.05  0.06  0.05  0.02 24052000 00
 -0.02 -0.03 -0.04 -0.04 -0.04 -0.01  0.02  0.04  0.06  0.08  0.07  0.09 24052000 12
  0.13  0.16  0.17  0.15  0.12  0.11  0.09  0.07  0.08  0.08  0.06  0.06 25052000 00
  0.07  0.06  0.06  0.07  0.09  0.12  0.15  0.15  0.14  0.14  0.14  0.13 25052000 12
  0.15  0.13  0.09  0.05  0.02  0.02  0.01  0.00  0.01  0.02  0.03  0.01 26052000 00
  0.01  0.02  0.03  0.05  0.04  0.04  0.05  0.07  0.08  0.09  0.10  0.11 26052000 12
  0.11  0.11  0.10  0.10  0.10  0.11  0.12  0.12  0.11  0.11  0.10  0.10 27052000 00
  0.12  0.13  0.17  0.15  0.14  0.14  0.14  0.12  0.11  0.10  0.10  0.10 27052000 12
  0.08  0.04  0.04  0.07  0.05  0.05  0.05  0.07  0.08  0.09  0.10  0.11 28052000 00
  0.12  0.14  0.15  0.17  0.16  0.14  0.12  0.12  0.13  0.16  0.17  0.15 28052000 12
  0.13  0.08  0.03 -0.00  0.01  0.00  0.02  0.01  0.01  0.01  0.02  0.01 29052000 00
  0.01  0.00 -0.01 -0.01 -0.01 -0.01 -0.01 -0.01 -0.01 -0.00 -0.01 -0.01 29052000 12
 -0.01 -0.01 -0.02 -0.03 -0.04 -0.04 -0.03 -0.02 -0.01 -0.01 -0.01 -0.02 30052000 00
 -0.02 -0.02 -0.01 -0.00  0.00  0.00 -0.01 -0.02 -0.01  0.00  0.00 -0.00 30052000 12
  0.01  0.01 -0.01 -0.02 -0.03 -0.04 -0.06 -0.06 -0.06 -0.04 -0.03 -0.02 31052000 00
 -0.02 -0.01 -0.01  0.01  0.02  0.04  0.06  0.06  0.06  0.09  0.13  0.17 31052000 12
  0.19  0.16  0.14  0.15  0.17  0.20  0.21  0.20  0.21  0.19  0.16  0.18 01062000 00
  0.24  0.23  0.19  0.19  0.20  0.22  0.27  0.26  0.22  0.21  0.18  0.14 01062000 12
  0.16  0.17  0.12  0.12  0.11  0.07  0.03  0.01 -0.00 -0.01 -0.01 -0.03 02062000 00
 -0.03 -0.02 -0.03 -0.03 -0.03 -0.03 -0.03 -0.03 -0.04 -0.04 -0.06 -0.07 02062000 12
 -0.05 -0.06 -0.07 -0.08 -0.10 -0.11 -0.11 -0.12 -0.10 -0.11 -0.11 -0.10 03062000 00
 -0.09 -0.09 -0.11 -0.09 -0.10 -0.11 -0.11 -0.10 -0.09 -0.08 -0.08 -0.09 03062000 12
 -0.07 -0.04 -0.04 -0.04 -0.05 -0.06 -0.06 -0.04 -0.03 -0.03 -0.05 -0.04 04062000 00
 -0.05 -0.05 -0.05 -0.05 -0.04 -0.05 -0.05 -0.04 -0.03 -0.05 -0.07 -0.07 04062000 12
 -0.07 -0.08 -0.09 -0.11 -0.10 -0.11 -0.12 -0.11 -0.10 -0.11 -0.12 -0.11 05062000 00
 -0.11 -0.11 -0.09 -0.08 -0.09 -0.07 -0.08 -0.08 -0.07 -0.07 -0.09 -0.08 05062000 12
 -0.08 -0.08 -0.07 -0.05 -0.05 -0.03 -0.03 -0.03 -0.01  0.02  0.06  0.08 06062000 00
  0.07  0.05  0.03  0.01  0.01  0.01 -0.01 -0.00 -0.01 -0.03 -0.07 -0.09 06062000 12
 -0.10 -0.09 -0.11 -0.11 -0.11 -0.11 -0.10 -0.09 -0.08 -0.07 -0.07 -0.09 07062000 00
 -0.10 -0.10 -0.09 -0.08 -0.06 -0.05 -0.03 -0.02 -0.04 -0.04 -0.03 -0.02 07062000 12
 -0.01 -0.00  0.02  0.05  0.07  0.09  0.09  0.09  0.08  0.10  0.11  0.12 08062000 00
  0.15  0.14  0.10  0.07  0.06  0.08  0.09  0.09  0.09  0.12  0.12  0.11 08062000 12
  0.12  0.12  0.11  0.09  0.04  0.02 -0.01 -0.03 -0.04 -0.01 -0.02 -0.05 09062000 00
 -0.08 -0.09 -0.06 -0.03 -0.02 -0.00  0.04  0.08  0.10  0.09  0.08  0.08 09062000 12
  0.10  0.11  0.09  0.04  0.02  0.02 -0.00 -0.02 -0.03 -0.03  0.00  0.01 10062000 00
 -0.01 -0.01  0.05  0.11  0.14  0.15  0.17  0.22  0.28  0.31  0.28  0.27 10062000 12
  0.25  0.25  0.20  0.15  0.07  0.06  0.05  0.04  0.02  0.01 -0.01 -0.01 11062000 00
 -0.00  0.01  0.03  0.08  0.11  0.10  0.09  0.06  0.07  0.09  0.11  0.10 11062000 12
  0.12  0.11  0.08  0.02 -0.01 -0.02  0.01  0.04  0.07  0.09  0.08  0.08 12062000 00
  0.09  0.10  0.11  0.11  0.14  0.17  0.15  0.13  0.13  0.16  0.19  0.22 12062000 12
  0.21  0.22  0.20  0.16  0.14  0.14  0.12  0.13  0.14  0.12  0.09  0.05 13062000 00
  0.01  0.04  0.06  0.04 -0.03 -0.08 -0.11 -0.12 -0.12 -0.13 -0.11 -0.10 13062000 12
 -0.10 -0.07 -0.05 -0.04 -0.04 -0.02  0.01  0.03  0.03  0.05  0.07  0.06 14062000 00
  0.05  0.04  0.04  0.04  0.02 -0.01 -0.03 -0.04 -0.05 -0.06 -0.05 -0.05 14062000 12
 -0.05 -0.07 -0.10 -0.12 -0.15 -0.17 -0.18 -0.19 -0.17 -0.16 -0.14 -0.13 15062000 00
 -0.13 -0.13 -0.11 -0.13 -0.14 -0.12 -0.13 -0.17 -0.18 -0.19 -0.16 -0.14 15062000 12
 -0.15 -0.15 -0.15 -0.15 -0.17 -0.18 -0.18 -0.20 -0.19 -0.16 -0.15 -0.11 16062000 00
 -0.11 -0.13 -0.12 -0.11 -0.12 -0.13 -0.12 -0.12 -0.12 -0.12 -0.14 -0.13 16062000 12
 -0.11 -0.10 -0.08 -0.06 -0.08 -0.10 -0.11 -0.09 -0.04 -0.01 -0.02 -0.04 17062000 00
 -0.04 -0.02 -0.01 -0.02 -0.02 -0.03 -0.04 -0.05 -0.08 -0.09 -0.10 -0.10 17062000 12
 -0.10 -0.11 -0.13 -0.13 -0.13 -0.14 -0.14 -0.14 -0.14 -0.12 -0.12 -0.13 18062000 00
 -0.12 -0.10 -0.10 -0.07 -0.06 -0.07 -0.07 -0.05 -0.02 -0.00  0.01 -0.00 18062000 12
  0.01  0.02  0.03  0.02  0.01  0.01  0.01  0.02  0.06  0.09  0.10  0.09 19062000 00
  0.10  0.10  0.12  0.12  0.08  0.06  0.06  0.05  0.04  0.04  0.03  0.01 19062000 12
 -0.01 -0.04 -0.03 -0.01 -0.01 -0.01 -0.00  0.00  0.04  0.09  0.11  0.11 20062000 00
  0.11  0.13  0.11  0.09  0.11  0.10  0.11  0.10  0.09  0.12  0.16  0.17 20062000 12
  0.17  0.17  0.19  0.20  0.21  0.20  0.22  0.24  0.26  0.27  0.30  0.30 21062000 00
  0.26  0.25  0.22  0.23  0.26  0.25  0.25  0.28  0.32  0.31  0.31  0.31 21062000 12
  0.30  0.31  0.27  0.27  0.30  0.30  0.27  0.29  0.30  0.29  0.31  0.31 22062000 00
  0.26  0.23  0.18  0.16  0.16  0.18  0.16  0.16  0.15  0.10  0.05  0.03 22062000 12
  0.02  0.04  0.04  0.02  0.01  0.01  0.02  0.05  0.05  0.02 -0.00 -0.01 23062000 00
 -0.02 -0.02 -0.01 -0.00  0.02  0.02  0.00  0.02  0.04  0.04  0.01 -0.02 23062000 12
 -0.04 -0.07 -0.07 -0.08 -0.09 -0.09 -0.09 -0.08 -0.07 -0.06 -0.05 -0.06 24062000 00
 -0.07 -0.05 -0.03 -0.01 -0.01 -0.03 -0.05 -0.06 -0.06 -0.06 -0.07 -0.07 24062000 12
 -0.09 -0.10 -0.10 -0.11 -0.11 -0.10 -0.10 -0.09 -0.08 -0.08 -0.08 -0.08 25062000 00
 -0.07 -0.08 -0.09 -0.09 -0.09 -0.09 -0.10 -0.10 -0.10 -0.11 -0.11 -0.10 25062000 12
 -0.09 -0.09 -0.10 -0.11 -0.13 -0.14 -0.14 -0.12 -0.11 -0.10 -0.10 -0.10 26062000 00
 -0.11 -0.11 -0.12 -0.12 -0.13 -0.13 -0.13 -0.14 -0.14 -0.14 -0.14 -0.14 26062000 12
 -0.13 -0.12 -0.13 -0.15 -0.15 -0.15 -0.14 -0.14 -0.13 -0.13 -0.12 -0.12 27062000 00
 -0.11 -0.10 -0.10 -0.12 -0.13 -0.13 -0.12 -0.10 -0.10 -0.11 -0.11 -0.09 27062000 12
 -0.09 -0.09 -0.08 -0.08 -0.10 -0.10 -0.10 -0.10 -0.10 -0.09 -0.09 -0.09 28062000 00
 -0.08 -0.09 -0.09 -0.07 -0.07 -0.08 -0.07 -0.07 -0.07 -0.07 -0.06 -0.06 28062000 12
 -0.05 -0.05 -0.06 -0.07 -0.09 -0.10 -0.10 -0.10 -0.10 -0.08 -0.07 -0.08 29062000 00
 -0.08 -0.08 -0.08 -0.08 -0.07 -0.08 -0.09 -0.08 -0.06 -0.05 -0.05 -0.06 29062000 12
 -0.06 -0.06 -0.08 -0.08 -0.08 -0.08 -0.08 -0.09 -0.09 -0.08 -0.07 -0.06 30062000 00
 -0.06 -0.05 -0.05 -0.05 -0.03 -0.03 -0.04 -0.04 -0.04 -0.03 -0.02 -0.01 30062000 12
 -0.01 -0.01 -0.02 -0.03 -0.03 -0.02  0.00  0.01  0.01  0.01  0.02  0.02 01072000 00
  0.02  0.04  0.05  0.06  0.05  0.06  0.07  0.09  0.09  0.08  0.07  0.06 01072000 12
  0.04  0.05  0.03  0.03  0.03  0.02  0.01  0.01  0.03  0.04  0.03  0.02 02072000 00
  0.02  0.02  0.02  0.01  0.01  0.02  0.02  0.03  0.04  0.02  0.02  0.02 02072000 12
  0.02  0.01  0.00 -0.00 -0.00  0.00 -0.00 -0.00  0.01  0.01  0.00 -0.00 03072000 00
 -0.00  0.00  0.01  0.00  0.00  0.01  0.01  0.01  0.01  0.02  0.01  0.02 03072000 12
  0.02  0.02  0.02  0.00 -0.00 -0.01 -0.01 -0.01  0.00  0.02  0.04  0.04 04072000 00
  0.02  0.02  0.03  0.03  0.03  0.04  0.04  0.04  0.03  0.03  0.04  0.04 04072000 12
  0.03  0.03  0.02  0.01  0.01 -0.00 -0.00 -0.00 -0.00  0.00  0.00 -0.00 05072000 00
 -0.01 -0.02 -0.01 -0.01 -0.01 -0.02 -0.02 -0.02 -0.03 -0.04 -0.04 -0.03 05072000 12
 -0.03 -0.03 -0.04 -0.05 -0.06 -0.06 -0.07 -0.07 -0.07 -0.06 -0.06 -0.07 06072000 00
 -0.07 -0.09 -0.09 -0.09 -0.10 -0.10 -0.09 -0.10 -0.11 -0.14 -0.16 -0.19 06072000 12
 -0.18 -0.19 -0.19 -0.20 -0.21 -0.23 -0.21 -0.19 -0.20 -0.20 -0.18 -0.17 07072000 00
 -0.17 -0.14 -0.15 -0.13 -0.11 -0.10 -0.12 -0.09 -0.07 -0.06 -0.05 -0.03 07072000 12
 -0.04 -0.04 -0.05 -0.07 -0.06 -0.06 -0.06 -0.06 -0.04 -0.04 -0.04 -0.04 08072000 00
 -0.05 -0.05 -0.05 -0.05 -0.03 -0.01  0.01  0.04  0.07  0.10  0.14  0.19 08072000 12
  0.24  0.27  0.24  0.20  0.16  0.13  0.12  0.14  0.12  0.13  0.16  0.15 09072000 00
  0.14  0.17  0.19  0.19  0.19  0.15  0.13  0.16  0.19  0.19  0.19  0.20 09072000 12
  0.22  0.22  0.23  0.23  0.20  0.16  0.08 -0.00 -0.01  0.02  0.05  0.03 10072000 00
 -0.03 -0.08 -0.09 -0.07 -0.03 -0.00  0.03  0.05  0.04  0.00  0.01  0.04 10072000 12
  0.04  0.01 -0.02 -0.04 -0.04 -0.04 -0.03 -0.03 -0.04 -0.05 -0.06 -0.06 11072000 00
 -0.07 -0.05 -0.03 -0.03 -0.01  0.03  0.03  0.06  0.08  0.07  0.07  0.06 11072000 12
  0.05  0.06  0.05  0.02  0.02  0.03  0.02  0.02  0.02  0.03  0.03  0.02 12072000 00
  0.02  0.02  0.02  0.02  0.03  0.02 -0.00 -0.01 -0.02 -0.01  0.01  0.02 12072000 12
  0.02  0.03  0.02  0.02  0.04  0.06  0.08  0.09  0.10  0.10  0.10  0.06 13072000 00
  0.04  0.02  0.02  0.02  0.01  0.00  0.00  0.00  0.00  0.01  0.05  0.09 13072000 12
  0.11  0.12  0.12  0.10  0.10  0.08  0.04  0.01  0.02  0.02  0.01 -0.01 14072000 00
 -0.02 -0.02 -0.02 -0.02  0.00  0.00 -0.01 -0.01  0.00  0.03  0.03  0.03 14072000 12
  0.02  0.02  0.01 -0.00 -0.01 -0.03 -0.06 -0.08 -0.09 -0.09 -0.09 -0.10 15072000 00
 -0.11 -0.13 -0.12 -0.10 -0.09 -0.07 -0.06 -0.05 -0.04 -0.04 -0.03 -0.02 15072000 12
 -0.03 -0.04 -0.06 -0.07 -0.08 -0.09 -0.10 -0.10 -0.09 -0.08 -0.08 -0.07 16072000 00
 -0.07 -0.06 -0.07 -0.05 -0.05 -0.06 -0.06 -0.06 -0.06 -0.06 -0.06 -0.05 16072000 12
 -0.04 -0.05 -0.06 -0.06 -0.07 -0.07 -0.07 -0.07 -0.08 -0.08 -0.09 -0.08 17072000 00
 -0.07 -0.06 -0.07 -0.07 -0.07 -0.08 -0.09 -0.09 -0.09 -0.08 -0.08 -0.07 17072000 12
 -0.06 -0.06 -0.07 -0.08 -0.08 -0.09 -0.09 -0.08 -0.08 -0.09 -0.10 -0.10 18072000 00
 -0.10 -0.09 -0.09 -0.09 -0.08 -0.08 -0.08 -0.08 -0.08 -0.09 -0.09 -0.09 18072000 12
 -0.10 -0.09 -0.09 -0.09 -0.09 -0.09 -0.09 -0.08 -0.08 -0.09 -0.08 -0.08 19072000 00
 -0.08 -0.08 -0.08 -0.08 -0.07 -0.07 -0.08 -0.09 -0.08 -0.08 -0.09 -0.08 19072000 12
 -0.08 -0.08 -0.08 -0.10 -0.10 -0.10 -0.11 -0.12 -0.11 -0.12 -0.13 -0.14 20072000 00
 -0.14 -0.14 -0.13 -0.12 -0.13 -0.13 -0.13 -0.14 -0.13 -0.14 -0.16 -0.16 20072000 12
 -0.16 -0.15 -0.14 -0.15 -0.17 -0.17 -0.16 -0.17 -0.16 -0.16 -0.18 -0.18 21072000 00
 -0.19 -0.18 -0.16 -0.16 -0.17 -0.16 -0.15 -0.16 -0.17 -0.17 -0.18 -0.18 21072000 12
 -0.17 -0.17 -0.17 -0.16 -0.16 -0.17 -0.14 -0.15 -0.15 -0.14 -0.15 -0.16 22072000 00
 -0.15 -0.16 -0.15 -0.13 -0.13 -0.13 -0.13 -0.13 -0.14 -0.16 -0.15 -0.15 22072000 12
 -0.15 -0.15 -0.16 -0.14 -0.13 -0.14 -0.13 -0.12 -0.11 -0.10 -0.07 -0.08 23072000 00
 -0.08 -0.08 -0.09 -0.08 -0.07 -0.06 -0.06 -0.05 -0.05 -0.06 -0.06 -0.05 23072000 12
 -0.05 -0.05 -0.06 -0.06 -0.05 -0.03 -0.02 -0.01 -0.01 -0.01  0.01  0.03 24072000 00
  0.02  0.01  0.01  0.01  0.00 -0.01 -0.01 -0.00  0.00  0.01  0.00 -0.00 24072000 12
 -0.00  0.01  0.01  0.02  0.03  0.03  0.03  0.04  0.04  0.05  0.05  0.05 25072000 00
  0.06  0.06  0.05  0.04  0.04  0.04  0.04  0.04  0.04  0.02  0.02  0.03 25072000 12
  0.04  0.05  0.06  0.05  0.04  0.03  0.03  0.03  0.04  0.04  0.04  0.04 26072000 00
  0.03  0.02  0.03  0.05  0.05  0.04  0.03  0.03  0.03  0.04  0.03  0.03 26072000 12
  0.03  0.03  0.03  0.03  0.02  0.02  0.02  0.02  0.01  0.02  0.03  0.03 27072000 00
  0.03  0.02  0.02  0.03  0.04  0.04  0.03  0.03  0.03  0.04  0.05  0.06 27072000 12
  0.05  0.04  0.03  0.03  0.04  0.03  0.02  0.02  0.02  0.02  0.02  0.02 28072000 00
  0.01  0.02  0.02  0.01  0.02  0.02  0.02  0.01  0.01  0.02  0.02  0.02 28072000 12
  0.02  0.01  0.00 -0.01 -0.02 -0.03 -0.04 -0.04 -0.04 -0.03 -0.03 -0.03 29072000 00
 -0.03 -0.03 -0.04 -0.04 -0.04 -0.05 -0.05 -0.05 -0.04 -0.04 -0.03 -0.03 29072000 12
 -0.03 -0.03 -0.05 -0.06 -0.07 -0.09 -0.10 -0.10 -0.09 -0.07 -0.07 -0.07 30072000 00
 -0.07 -0.08 -0.07 -0.07 -0.07 -0.07 -0.06 -0.07 -0.07 -0.07 -0.07 -0.06 30072000 12
 -0.05 -0.04 -0.04 -0.05 -0.06 -0.06 -0.05 -0.02 -0.02 -0.01 -0.02 -0.02 31072000 00
  0.01  0.04  0.05  0.04  0.04  0.05  0.06  0.08  0.08  0.07  0.05  0.04 31072000 12
  0.04  0.06  0.08  0.06  0.06  0.07  0.06  0.05  0.06  0.07  0.05  0.05 01082000 00
  0.04  0.03  0.04  0.04  0.04  0.05  0.06  0.07  0.10  0.11  0.09  0.08 01082000 12
  0.09  0.09  0.12  0.15  0.13  0.13  0.13  0.14  0.18  0.19  0.16  0.14 02082000 00
  0.11  0.09  0.07  0.11  0.10  0.09  0.09  0.10  0.10  0.11  0.11  0.06 02082000 12
  0.06  0.04  0.01 -0.00 -0.02 -0.02 -0.01 -0.02 -0.03 -0.05 -0.06 -0.07 03082000 00
 -0.08 -0.07 -0.06 -0.07 -0.08 -0.06 -0.05 -0.05 -0.05 -0.07 -0.09 -0.10 03082000 12
 -0.11 -0.12 -0.12 -0.13 -0.15 -0.13 -0.13 -0.13 -0.12 -0.12 -0.12 -0.10 04082000 00
 -0.10 -0.10 -0.09 -0.08 -0.09 -0.10 -0.09 -0.10 -0.10 -0.10 -0.09 -0.11 04082000 12
 -0.11 -0.14 -0.15 -0.13 -0.14 -0.15 -0.13 -0.13 -0.13 -0.12 -0.13 -0.13 05082000 00
 -0.12 -0.11 -0.11 -0.10 -0.09 -0.08 -0.08 -0.07 -0.08 -0.09 -0.08 -0.08 05082000 12
 -0.09 -0.09 -0.10 -0.11 -0.11 -0.10 -0.10 -0.09 -0.10 -0.10 -0.10 -0.11 06082000 00
 -0.13 -0.13 -0.13 -0.14 -0.13 -0.13 -0.12 -0.12 -0.12 -0.13 -0.14 -0.13 06082000 12
 -0.14 -0.15 -0.15 -0.16 -0.15 -0.14 -0.14 -0.13 -0.11 -0.12 -0.11 -0.10 07082000 00
 -0.11 -0.12 -0.13 -0.13 -0.10 -0.11 -0.11 -0.10 -0.10 -0.10 -0.10 -0.09 07082000 12
 -0.07 -0.07 -0.08 -0.10 -0.11 -0.10 -0.11 -0.09 -0.07 -0.06 -0.06 -0.07 08082000 00
 -0.07 -0.08 -0.09 -0.08 -0.08 -0.08 -0.08 -0.07 -0.07 -0.07 -0.06 -0.06 08082000 12
 -0.04 -0.02 -0.01 -0.01 -0.01 -0.02 -0.01  0.00  0.02  0.03  0.05  0.06 09082000 00
  0.09  0.13  0.18  0.22  0.21  0.20  0.18  0.16  0.13  0.12  0.08  0.06 09082000 12
  0.05  0.03 -0.01 -0.05 -0.09 -0.11 -0.09 -0.07 -0.06 -0.04 -0.02 -0.02 10082000 00
 -0.01 -0.02 -0.02 -0.03 -0.05 -0.07 -0.08 -0.07 -0.07 -0.08 -0.07 -0.07 10082000 12
 -0.05 -0.05 -0.06 -0.06 -0.06 -0.05 -0.04 -0.03 -0.02 -0.02 -0.02 -0.02 11082000 00
 -0.02 -0.02 -0.02 -0.01 -0.01 -0.02 -0.03 -0.03 -0.01  0.00  0.01  0.02 11082000 12
  0.04  0.05  0.05  0.04  0.03  0.02  0.03  0.04  0.05  0.05  0.05  0.06 12082000 00
  0.07  0.08  0.08  0.08  0.08  0.08  0.07  0.04  0.04  0.04  0.03  0.03 12082000 12
  0.04  0.06  0.05  0.02  0.00 -0.00  0.02  0.03  0.02  0.02  0.02  0.02 13082000 00
  0.02  0.01  0.00  0.01  0.01  0.01  0.00 -0.01 -0.02 -0.01  0.01  0.02 13082000 12
  0.03  0.04  0.06  0.06  0.07  0.07  0.08  0.10  0.12  0.11  0.10  0.09 14082000 00
  0.06  0.05  0.05  0.03  0.04  0.03  0.01  0.01  0.00 -0.00 -0.01  0.01 14082000 12
  0.02 -0.00 -0.02 -0.03 -0.03 -0.03 -0.03 -0.04 -0.03 -0.01 -0.01 -0.01 15082000 00
 -0.00  0.00  0.01  0.02  0.03  0.05  0.07  0.09  0.08  0.05  0.05  0.05 15082000 12
  0.04  0.05  0.05  0.03  0.03  0.04  0.03  0.01  0.03  0.03  0.04  0.04 16082000 00
  0.03  0.04  0.08  0.09  0.10  0.11  0.12  0.13  0.14  0.14  0.11  0.13 16082000 12
  0.11  0.10  0.10  0.07  0.06  0.07  0.06  0.05  0.06  0.07  0.07  0.07 17082000 00
  0.06  0.06  0.07  0.08  0.08  0.08  0.09  0.08  0.08  0.08  0.08  0.08 17082000 12
  0.07  0.06  0.04  0.04  0.02  0.02  0.02  0.02  0.03  0.03  0.02  0.01 18082000 00
  0.00 -0.00  0.01  0.01  0.01  0.01  0.02  0.02  0.02  0.02  0.02  0.03 18082000 12
  0.03  0.02  0.03  0.02  0.01  0.01  0.02  0.02  0.05  0.06  0.06  0.05 19082000 00
  0.04  0.04  0.04  0.03  0.04  0.03  0.03  0.03  0.03  0.02  0.02  0.00 19082000 12
  0.00 -0.00 -0.01 -0.02 -0.03 -0.03 -0.03 -0.03 -0.03 -0.02 -0.02 -0.02 20082000 00
 -0.03 -0.02 -0.02 -0.01 -0.01 -0.00  0.00  0.00  0.00  0.01  0.01  0.01 20082000 12
  0.01  0.01  0.00 -0.01 -0.01 -0.00 -0.00 -0.01 -0.01  0.00  0.01  0.00 21082000 00
 -0.00  0.00  0.01  0.01  0.01 -0.00 -0.00 -0.00 -0.01 -0.01 -0.01  0.01 21082000 12
 -0.01 -0.03 -0.03 -0.05 -0.05 -0.05 -0.05 -0.06 -0.06 -0.06 -0.06 -0.07 22082000 00
 -0.07 -0.05 -0.04 -0.06 -0.08 -0.09 -0.12 -0.12 -0.12 -0.12 -0.12 -0.11 22082000 12
 -0.13 -0.14 -0.15 -0.16 -0.15 -0.15 -0.16 -0.16 -0.14 -0.13 -0.11 -0.09 23082000 00
 -0.09 -0.10 -0.10 -0.12 -0.12 -0.11 -0.11 -0.12 -0.10 -0.09 -0.08 -0.07 23082000 12
 -0.07 -0.10 -0.13 -0.14 -0.15 -0.13 -0.11 -0.10 -0.10 -0.10 -0.11 -0.11 24082000 00
 -0.11 -0.11 -0.13 -0.14 -0.15 -0.16 -0.15 -0.15 -0.15 -0.15 -0.14 -0.14 24082000 12
 -0.13 -0.10 -0.11 -0.13 -0.12 -0.11 -0.11 -0.10 -0.08 -0.08 -0.08 -0.08 25082000 00
 -0.09 -0.10 -0.08 -0.08 -0.10 -0.08 -0.07 -0.05 -0.08 -0.06 -0.09 -0.09 25082000 12
 -0.10 -0.07 -0.06 -0.01  0.06  0.07  0.06  0.06  0.04  0.06  0.09  0.10 26082000 00
  0.11  0.10  0.11  0.12  0.10  0.08  0.05  0.05  0.05  0.05  0.06  0.06 26082000 12
  0.04  0.04  0.05  0.03  0.00  0.00  0.01  0.02  0.02  0.01  0.01  0.02 27082000 00
  0.02  0.03  0.02  0.02  0.00 -0.00 -0.00  0.01  0.01  0.00  0.00  0.00 27082000 12
  0.01 -0.01 -0.02 -0.02 -0.04 -0.06 -0.07 -0.07 -0.06 -0.05 -0.05 -0.04 28082000 00
 -0.04 -0.04 -0.04 -0.04 -0.04 -0.04 -0.05 -0.06 -0.05 -0.06 -0.06 -0.06 28082000 12
 -0.06 -0.06 -0.05 -0.06 -0.07 -0.07 -0.07 -0.07 -0.07 -0.07 -0.09 -0.08 29082000 00
 -0.07 -0.07 -0.07 -0.07 -0.07 -0.08 -0.09 -0.10 -0.09 -0.09 -0.09 -0.09 29082000 12
 -0.09 -0.09 -0.10 -0.10 -0.10 -0.11 -0.10 -0.10 -0.10 -0.10 -0.10 -0.09 30082000 00
 -0.09 -0.07 -0.08 -0.07 -0.07 -0.08 -0.08 -0.07 -0.05 -0.05 -0.03 -0.04 30082000 12
 -0.03 -0.01 -0.00 -0.00 -0.01 -0.00  0.01  0.06  0.15  0.23  0.22  0.17 31082000 00
  0.27  0.27  0.21  0.25  0.21  0.23  0.22  0.17  0.13  0.14  0.10  0.14 31082000 12
  0.14  0.12  0.10  0.12  0.12  0.15  0.15  0.15  0.17  0.21  0.23  0.17 01092000 00
  0.15  0.17  0.15  0.16  0.17  0.15  0.15  0.15  0.11  0.09  0.05  0.04 01092000 12
  0.04  0.02 -0.01 -0.04 -0.03 -0.00  0.01 -0.00 -0.04 -0.02  0.01  0.01 02092000 00
 -0.00  0.01  0.01  0.00 -0.01 -0.01 -0.01 -0.02 -0.04 -0.08 -0.11 -0.13 02092000 12
 -0.11 -0.10 -0.08 -0.09 -0.10 -0.09 -0.08 -0.09 -0.08 -0.07 -0.06 -0.06 03092000 00
 -0.05 -0.07 -0.07 -0.06 -0.07 -0.07 -0.08 -0.08 -0.10 -0.09 -0.09 -0.10 03092000 12
 -0.10 -0.10 -0.10 -0.10 -0.09 -0.09 -0.08 -0.07 -0.07 -0.06 -0.05 -0.05 04092000 00
 -0.05 -0.05 -0.05 -0.03 -0.02 -0.00 -0.01 -0.00  0.01  0.03  0.05  0.08 04092000 12
  0.08  0.07  0.07  0.04  0.00  0.00  0.01  0.00  0.00 -0.00 -0.02 -0.05 05092000 00
 -0.07 -0.09 -0.10 -0.09 -0.07 -0.06 -0.05 -0.03 -0.02 -0.00  0.03  0.06 05092000 12
  0.08  0.10  0.09  0.08  0.09  0.13  0.24  0.37  0.46  0.49  0.42  0.32 06092000 00
  0.19  0.13  0.06  0.02  0.03 -0.01 -0.06 -0.12 -0.16 -0.16 -0.14 -0.11 06092000 12
 -0.05  0.03  0.06  0.06  0.01  0.01  0.04  0.07  0.14  0.24  0.32  0.37 07092000 00
  0.42  0.47  0.48  0.51  0.48  0.41  0.37  0.30  0.22  0.14  0.08  0.05 07092000 12
  0.00 -0.04 -0.08 -0.11 -0.14 -0.14 -0.12 -0.07 -0.01  0.01  0.02 -0.00 08092000 00
 -0.00  0.03  0.04  0.00 -0.00  0.01  0.04  0.06  0.07  0.06  0.05  0.07 08092000 12
  0.11  0.14  0.12  0.07 -0.02 -0.05 -0.07 -0.07 -0.06 -0.06 -0.09 -0.12 09092000 00
 -0.14 -0.15 -0.15 -0.14 -0.11 -0.11 -0.09 -0.08 -0.05 -0.04 -0.02 -0.02 09092000 12
 -0.01 -0.00  0.01  0.02  0.01 -0.00 -0.03 -0.06 -0.05 -0.04 -0.04 -0.04 10092000 00
 -0.06 -0.08 -0.09 -0.09 -0.09 -0.11 -0.12 -0.11 -0.11 -0.10 -0.09 -0.08 10092000 12
 -0.08 -0.07 -0.07 -0.08 -0.08 -0.06 -0.06 -0.05 -0.03 -0.01 -0.00  0.01 11092000 00
  0.03  0.04  0.04  0.04  0.05  0.06  0.07  0.07  0.07  0.06  0.05  0.06 11092000 12
  0.06  0.06  0.03  0.02  0.02  0.02  0.03  0.03  0.03  0.04  0.05  0.05 12092000 00
  0.04  0.05  0.05  0.04  0.03  0.03  0.02  0.01  0.00 -0.02 -0.03 -0.03 12092000 12
 -0.05 -0.05 -0.04 -0.04 -0.05 -0.05 -0.05 -0.04 -0.02 -0.02 -0.01  0.00 13092000 00
  0.01  0.03  0.04  0.05  0.06  0.06  0.09  0.12  0.13  0.12  0.12  0.11 13092000 12
  0.11  0.11  0.10  0.08  0.07  0.07  0.07  0.06  0.04  0.01  0.02  0.01 14092000 00
  0.00  0.00  0.00 -0.01 -0.01 -0.00  0.01  0.02  0.02  0.03  0.02  0.02 14092000 12
  0.01  0.01  0.02  0.03  0.03  0.02  0.01  0.03  0.05  0.04  0.03  0.03 15092000 00
  0.03  0.01  0.01  0.01  0.01  0.02  0.02  0.03  0.03  0.02  0.01  0.00 15092000 12
  0.01  0.01 -0.00 -0.01  0.00  0.02  0.02  0.01 -0.00 -0.01 -0.01 -0.01 16092000 00
 -0.01  0.01  0.00  0.01  0.02  0.02  0.01 -0.00  0.00  0.01  0.02  0.03 16092000 12
  0.04  0.03  0.03  0.02  0.02  0.02  0.03  0.04  0.03  0.03  0.04  0.04 17092000 00
  0.04  0.05  0.07  0.09  0.10  0.09  0.10  0.12  0.14  0.19  0.25  0.26 17092000 12
  0.23  0.19  0.23  0.30  0.34  0.29  0.27  0.24  0.19  0.14  0.10  0.10 18092000 00
  0.09  0.10  0.07  0.06  0.09  0.11  0.11  0.12  0.13  0.15  0.17  0.16 18092000 12
  0.15  0.13  0.10  0.07  0.09  0.08  0.07  0.08  0.09  0.08  0.10  0.10 19092000 00
  0.11  0.12  0.13  0.12  0.11  0.12  0.11  0.11  0.11  0.10  0.11  0.14 19092000 12
  0.14  0.14  0.15  0.14  0.16  0.19  0.23  0.23  0.18  0.18  0.19  0.20 20092000 00
  0.21  0.21  0.20  0.16  0.14  0.10  0.07  0.03  0.04  0.03  0.02  0.04 20092000 12
  0.06  0.04  0.05  0.04  0.04  0.06  0.09  0.12  0.14  0.13  0.10  0.09 21092000 00
  0.14  0.18  0.11  0.03 -0.01 -0.01  0.01  0.05  0.07  0.13  0.17  0.19 21092000 12
  0.21  0.23  0.22  0.20  0.16  0.15  0.15  0.15  0.16  0.13  0.10  0.08 22092000 00
  0.06  0.04  0.04  0.02  0.02 -0.02 -0.03 -0.05 -0.06 -0.06 -0.06 -0.07 22092000 12
 -0.08 -0.09 -0.11 -0.15 -0.18 -0.18 -0.12 -0.05  0.02  0.02  0.02  0.02 23092000 00
  0.01  0.02  0.02  0.02  0.01  0.00 -0.02 -0.03 -0.03 -0.02 -0.00 -0.01 23092000 12
 -0.02 -0.00  0.03  0.05  0.04  0.03  0.01  0.01  0.01  0.01  0.06  0.08 24092000 00
  0.08  0.06  0.04  0.01  0.01  0.02  0.03  0.03  0.02  0.01 -0.01 -0.00 24092000 12
  0.01  0.02  0.02  0.02 -0.01 -0.03 -0.05 -0.05 -0.05 -0.06 -0.05 -0.05 25092000 00
 -0.05 -0.04 -0.03 -0.02  0.00  0.02  0.01 -0.01 -0.03 -0.03 -0.04 -0.01 25092000 12
 -0.02 -0.03 -0.03 -0.03 -0.04 -0.04 -0.05 -0.06 -0.07 -0.07 -0.06 -0.05 26092000 00
 -0.05 -0.03 -0.02 -0.01  0.01  0.05  0.09  0.11  0.12  0.13  0.13  0.13 26092000 12
  0.14  0.16  0.15  0.14  0.12  0.09  0.06  0.10  0.10  0.12  0.12  0.12 27092000 00
  0.15  0.20  0.21  0.24  0.33  0.46  0.61  0.69  0.58  0.48  0.37  0.24 27092000 12
  0.15  0.20  0.14  0.14  0.17  0.16  0.14  0.16  0.17  0.21  0.22  0.22 28092000 00
  0.22  0.24  0.30  0.29  0.30  0.31  0.30  0.33  0.40  0.32  0.28  0.24 28092000 12
  0.18  0.15  0.20  0.13  0.14  0.14  0.12  0.13  0.16  0.17  0.15  0.18 29092000 00
  0.17  0.12  0.12  0.11  0.11  0.12  0.11  0.09  0.10  0.10  0.09  0.08 29092000 12
  0.08  0.07  0.05  0.03  0.03  0.04  0.03  0.01  0.02  0.05  0.06  0.04 30092000 00
  0.04  0.02  0.02  0.02  0.01  0.02  0.02  0.02  0.02  0.02  0.02  0.01 30092000 12
 -0.00 -0.01 -0.02 -0.02 -0.01 -0.01  0.00  0.00  0.01  0.03  0.06  0.07 01102000 00
  0.07  0.09  0.13  0.17  0.20  0.22  0.26  0.30  0.30  0.30  0.31  0.28 01102000 12
  0.26  0.23  0.20  0.21  0.24  0.24  0.30  0.41  0.45  0.39  0.35  0.32 02102000 00
  0.29  0.21  0.14  0.08  0.05 -0.01 -0.04 -0.05 -0.09 -0.13 -0.13 -0.11 02102000 12
 -0.07 -0.03  0.02  0.08  0.13  0.18  0.17  0.15  0.18  0.24  0.32  0.35 03102000 00
  0.32  0.29  0.29  0.31  0.38  0.46  0.51  0.60  0.68  0.73  0.80  0.89 03102000 12
  0.79  0.59  0.34  0.19  0.07  0.04 -0.11 -0.16 -0.17 -0.20 -0.16 -0.07 04102000 00
 -0.02  0.02  0.07  0.10  0.14  0.18  0.19  0.19  0.19  0.17  0.14  0.09 04102000 12
  0.06  0.02  0.02 -0.01 -0.03 -0.02  0.01  0.04  0.07  0.08  0.08  0.08 05102000 00
  0.09  0.10  0.08  0.04  0.04  0.02 -0.03 -0.06 -0.10 -0.14 -0.14 -0.14 05102000 12
 -0.18 -0.21 -0.19 -0.17 -0.15 -0.14 -0.11 -0.08 -0.05 -0.05 -0.05 -0.05 06102000 00
 -0.06 -0.08 -0.09 -0.10 -0.11 -0.12 -0.12 -0.12 -0.11 -0.10 -0.07 -0.06 06102000 12
 -0.05 -0.03 -0.02 -0.02 -0.02 -0.00  0.01  0.01  0.02  0.02  0.02  0.02 07102000 00
  0.01  0.01  0.00 -0.01  0.00  0.04  0.08  0.11  0.14  0.14  0.12  0.11 07102000 12
  0.09  0.06  0.03 -0.01 -0.03 -0.07 -0.07 -0.06 -0.05 -0.06 -0.06 -0.05 08102000 00
 -0.02 -0.00  0.00 -0.00 -0.01 -0.01 -0.02 -0.02 -0.02 -0.01 -0.00 -0.00 08102000 12
  0.00  0.01  0.01  0.02  0.02  0.03  0.04  0.08  0.11  0.15  0.21  0.28 09102000 00
  0.31  0.32  0.33  0.45  0.53  0.46  0.29  0.20  0.26  0.38  0.41  0.34 09102000 12
  0.27  0.32  0.37  0.38  0.33  0.33  0.40  0.42  0.42  0.38  0.40  0.38 10102000 00
  0.40  0.36  0.39  0.39  0.40  0.37  0.39  0.39  0.43  0.43  0.40  0.36 10102000 12
  0.31  0.22  0.20  0.17  0.12  0.07  0.09  0.13  0.17  0.23  0.30  0.40 11102000 00
  0.50  0.54  0.52  0.50  0.50  0.46  0.43  0.38  0.31  0.27  0.21  0.19 11102000 12
  0.18  0.19  0.18  0.20  0.18  0.15  0.17  0.19  0.20  0.18  0.17  0.14 12102000 00
  0.11  0.12  0.10  0.13  0.15  0.15  0.12  0.11  0.09  0.08  0.07  0.04 12102000 12
 -0.00 -0.03 -0.06 -0.07 -0.06 -0.07 -0.09 -0.08 -0.08 -0.06 -0.04 -0.02 13102000 00
 -0.01  0.01  0.02  0.03  0.02  0.04  0.05  0.05  0.07  0.09  0.07  0.06 13102000 12
  0.06  0.08  0.11  0.12  0.17  0.25  0.29  0.30  0.30  0.20  0.17  0.15 14102000 00
  0.08  0.04  0.06  0.02  0.02 -0.00 -0.02 -0.04 -0.03 -0.01  0.02  0.02 14102000 12
  0.02  0.02  0.02  0.02  0.02  0.02  0.02  0.02  0.02  0.02  0.01  0.01 15102000 00
  0.02  0.03  0.05  0.06  0.07  0.08  0.09  0.11  0.15  0.18  0.15  0.13 15102000 12
  0.13  0.11  0.10  0.10  0.08  0.10  0.11  0.12  0.13  0.15  0.15  0.16 16102000 00
  0.17  0.19  0.20  0.23  0.23  0.24  0.24  0.20  0.17  0.17  0.15  0.15 16102000 12
  0.12  0.09  0.06  0.05  0.04  0.01  0.01  0.00 -0.02 -0.02 -0.00 -0.00 17102000 00
  0.00  0.04  0.06  0.09  0.11  0.09  0.09  0.09  0.13  0.26  0.41  0.46 17102000 12
  0.44  0.45  0.40  0.40  0.44  0.33  0.25  0.21  0.15  0.08  0.07  0.08 18102000 00
  0.10  0.13  0.11  0.11  0.14  0.17  0.19  0.19  0.19  0.18  0.18  0.14 18102000 12
  0.10  0.09  0.07  0.06  0.05  0.03  0.04  0.07  0.10  0.10  0.09  0.11 19102000 00
  0.11  0.11  0.11  0.09  0.08  0.08  0.06  0.05  0.05  0.03 -0.01 -0.03 19102000 12
 -0.03 -0.04 -0.02 -0.01  0.02  0.06  0.11  0.15  0.14  0.11  0.08  0.06 20102000 00
  0.05  0.04 -0.01 -0.04 -0.02  0.01  0.05  0.11  0.15  0.18  0.21  0.23 20102000 12
  0.20  0.14  0.07  0.04 -0.00 -0.04 -0.09 -0.13 -0.17 -0.20 -0.20 -0.18 21102000 00
 -0.15 -0.11 -0.09 -0.09 -0.09 -0.07 -0.06 -0.06 -0.07 -0.06 -0.05 -0.05 21102000 12
 -0.08 -0.12 -0.16 -0.17 -0.16 -0.13 -0.10 -0.06 -0.02 -0.00  0.03  0.04 22102000 00
  0.07  0.14  0.22  0.27  0.28  0.26  0.22  0.22  0.25  0.29  0.30  0.30 22102000 12
  0.31  0.27  0.23  0.25  0.26  0.21  0.19  0.17  0.17  0.18  0.20  0.23 23102000 00
  0.25  0.28  0.28  0.26  0.29  0.32  0.30  0.33  0.32  0.35  0.33  0.29 23102000 12
  0.22  0.22  0.20  0.17  0.13  0.08  0.05  0.05  0.05  0.04  0.06  0.05 24102000 00
  0.06  0.05  0.04  0.02 -0.02 -0.02  0.05  0.10  0.16  0.28  0.40  0.47 24102000 12
  0.50  0.47  0.48  0.56  0.71  0.90  0.96  0.87  0.73  0.59  0.46  0.33 25102000 00
  0.33  0.22  0.25  0.25  0.16  0.03  0.02  0.03  0.05  0.08  0.11  0.15 25102000 12
  0.18  0.17  0.17  0.19  0.22  0.23  0.21  0.17  0.14  0.18  0.18  0.18 26102000 00
  0.17  0.17  0.15  0.15  0.16  0.14  0.10  0.07  0.06  0.05  0.08  0.08 26102000 12
  0.10  0.15  0.16  0.18  0.22  0.30  0.46  0.61  0.62  0.56  0.51  0.43 27102000 00
  0.34  0.36  0.26  0.21  0.20  0.14  0.05 -0.00 -0.01  0.03  0.06  0.05 27102000 12
  0.05  0.06  0.06  0.07  0.08  0.08  0.07  0.07  0.08  0.06  0.05  0.03 28102000 00
  0.09  0.20  0.32  0.40  0.43  0.48  0.59  0.85  1.08  0.97  0.74  0.70 28102000 12
  0.61  0.64  0.77  0.65  0.72  0.79  0.70  0.55  0.52  0.49  0.49  0.49 29102000 00
  0.42  0.39  0.44  0.40  0.34  0.38  0.40  0.48  0.67  0.74  0.67  0.57 29102000 12
  0.44  0.33  0.26  0.26  0.19  0.33  0.45  0.57  0.78  0.92  0.86  0.64 30102000 00
  0.46  0.34  0.39  0.60  0.57  0.63  0.66  0.64  0.63  0.71  0.68  0.62 30102000 12
  0.55  0.39  0.28  0.26  0.21  0.24  0.31  0.30  0.22  0.18  0.15  0.13 31102000 00
  0.17  0.23  0.27  0.30  0.35  0.36  0.37  0.38  0.37  0.36  0.39  0.42 31102000 12
  0.46  0.44  0.41  0.41  0.47  0.46  0.46  0.44  0.41  0.36  0.38  0.40 01112000 00
  0.40  0.41  0.38  0.35  0.38  0.37  0.34  0.33  0.28  0.20  0.19  0.20 01112000 12
  0.15  0.14  0.12  0.13  0.15  0.20  0.21  0.25  0.26  0.25  0.27  0.32 02112000 00
  0.30  0.29  0.28  0.30  0.32  0.31  0.28  0.33  0.37  0.34  0.28  0.28 02112000 12
  0.29  0.25  0.21  0.16  0.17  0.21  0.21  0.20  0.19  0.13  0.10  0.12 03112000 00
  0.16  0.17  0.19  0.17  0.19  0.20  0.24  0.25  0.26  0.23  0.19  0.14 03112000 12
  0.12  0.11  0.13  0.16  0.14  0.15  0.16  0.15  0.15  0.14  0.14  0.15 04112000 00
  0.15  0.16  0.15  0.14  0.12  0.11  0.08  0.08  0.07  0.06  0.04  0.02 04112000 12
 -0.00  0.01  0.03  0.02  0.03  0.04  0.04  0.06  0.08  0.08  0.09  0.10 05112000 00
  0.11  0.15  0.16  0.12  0.10  0.09  0.07  0.09  0.04 -0.03 -0.04 -0.05 05112000 12
 -0.06  0.01  0.06  0.09  0.12  0.10  0.07  0.05  0.10  0.06  0.00 -0.04 06112000 00
 -0.13 -0.25 -0.34 -0.43 -0.46 -0.44 -0.42 -0.43 -0.42 -0.38 -0.35 -0.25 06112000 12
 -0.20 -0.14 -0.05 -0.01 -0.05 -0.04 -0.10 -0.12 -0.11 -0.07 -0.09 -0.09 07112000 00
 -0.04 -0.01  0.01  0.01  0.00 -0.01 -0.01  0.01 -0.01 -0.04 -0.02  0.01 07112000 12
 -0.01 -0.02  0.01  0.05  0.07  0.10  0.14  0.15  0.16  0.18  0.16  0.17 08112000 00
  0.20  0.24  0.26  0.24  0.19  0.16  0.16  0.18  0.17  0.13  0.12  0.12 08112000 12
  0.10  0.09  0.11  0.13  0.13  0.14  0.14  0.12  0.13  0.13  0.14  0.13 09112000 00
  0.12  0.11  0.13  0.14  0.13  0.10  0.07  0.07  0.09  0.10  0.08  0.05 09112000 12
  0.03  0.02  0.02  0.03  0.02  0.01  0.02  0.02  0.02  0.01  0.02  0.04 10112000 00
  0.05  0.07  0.08  0.08  0.07  0.09  0.17  0.26  0.30  0.33  0.33  0.35 10112000 12
  0.39  0.37  0.30  0.27  0.24  0.19  0.17  0.19  0.17  0.20  0.17  0.15 11112000 00
  0.17  0.22  0.22  0.23  0.27  0.32  0.38  0.43  0.43  0.42  0.44  0.42 11112000 12
  0.41  0.47  0.40  0.37  0.37  0.36  0.36  0.40  0.34  0.34  0.30  0.28 12112000 00
  0.24  0.27  0.28  0.25  0.28  0.30  0.26  0.25  0.29  0.26  0.31  0.32 12112000 12
  0.27  0.24  0.27  0.23  0.25  0.25  0.22  0.20  0.24  0.22  0.20  0.20 13112000 00
  0.17  0.14  0.18  0.15  0.15  0.16  0.16  0.17  0.19  0.17  0.16  0.16 13112000 12
  0.16  0.11  0.10  0.09  0.08  0.11  0.12  0.09  0.07  0.07  0.07  0.05 14112000 00
  0.03  0.01 -0.02 -0.02 -0.03 -0.04 -0.04 -0.04 -0.04 -0.03 -0.02 -0.02 14112000 12
 -0.03 -0.02 -0.02 -0.02 -0.01  0.01  0.02  0.03  0.05  0.08  0.08  0.08 15112000 00
  0.08  0.09  0.10  0.13  0.18  0.18  0.21  0.27  0.34  0.43  0.50  0.47 15112000 12
  0.43  0.39  0.29  0.23  0.23  0.14  0.14  0.14  0.11  0.06  0.07  0.10 16112000 00
  0.14  0.15  0.14  0.16  0.19  0.20  0.21  0.22  0.22  0.19  0.16  0.14 16112000 12
  0.10  0.10  0.10  0.09  0.11  0.15  0.19  0.22  0.22  0.20  0.19  0.21 17112000 00
  0.21  0.19  0.16  0.11  0.07  0.06  0.03  0.02  0.02  0.00 -0.03 -0.03 17112000 12
 -0.03 -0.04 -0.03 -0.01  0.03  0.08  0.11  0.13  0.14  0.17  0.22  0.28 18112000 00
  0.31  0.29  0.26  0.24  0.20  0.17  0.20  0.19  0.19  0.23  0.26  0.27 18112000 12
  0.31  0.33  0.29  0.28  0.24  0.22  0.20  0.22  0.20  0.18  0.20  0.19 19112000 00
  0.15  0.15  0.13  0.11  0.11  0.11  0.14  0.14  0.14  0.14  0.16  0.16 19112000 12
  0.14  0.13  0.12  0.11  0.13  0.14  0.12  0.12  0.11  0.11  0.12  0.14 20112000 00
  0.14  0.12  0.11  0.13  0.11  0.09  0.06  0.05  0.06  0.08  0.09  0.10 20112000 12
  0.09  0.08  0.08  0.11  0.13  0.13  0.12  0.10  0.10  0.12  0.14  0.14 21112000 00
  0.16  0.16  0.15  0.16  0.21  0.24  0.24  0.24  0.23  0.22  0.21  0.19 21112000 12
  0.22  0.29  0.38  0.45  0.52  0.54  0.50  0.45  0.39  0.38  0.40  0.48 22112000 00
  0.45  0.44  0.41  0.34  0.25  0.24  0.23  0.23  0.21  0.17  0.17  0.21 22112000 12
  0.21  0.21  0.23  0.21  0.18  0.17  0.13  0.09  0.07  0.03  0.03  0.06 23112000 00
  0.10  0.13  0.16  0.17  0.17  0.19  0.20  0.18  0.17  0.16  0.15  0.14 23112000 12
  0.13  0.10  0.11  0.12  0.11  0.09  0.09  0.08  0.10  0.11  0.11  0.12 24112000 00
  0.15  0.16  0.15  0.15  0.16  0.20  0.27  0.30  0.31  0.27  0.23  0.23 24112000 12
  0.27  0.30  0.25  0.24  0.21  0.19  0.19  0.21  0.24  0.23  0.20  0.18 25112000 00
  0.20  0.30  0.42  0.53  0.60  0.64  0.75  0.95  0.96  0.89  0.86  0.83 25112000 12
  0.90  0.99  0.85  0.81  0.86  0.84  0.72  0.60  0.48  0.35  0.38  0.31 26112000 00
  0.27  0.31  0.37  0.34  0.34  0.32  0.30  0.32  0.33  0.28  0.23  0.21 26112000 12
  0.18  0.17  0.19  0.15  0.16  0.16  0.13  0.10  0.11  0.12  0.12  0.12 27112000 00
  0.10  0.09  0.11  0.11  0.10  0.10  0.12  0.18  0.22  0.20  0.20  0.22 27112000 12
  0.20  0.20  0.20  0.21  0.24  0.29  0.32  0.34  0.40  0.44  0.44  0.42 28112000 00
  0.41  0.41  0.47  0.52  0.46  0.45  0.41  0.33  0.25  0.23  0.19  0.19 28112000 12
  0.19  0.22  0.32  0.40  0.40  0.38  0.39  0.45  0.56  0.68  0.69  0.64 29112000 00
  0.59  0.52  0.54  0.63  0.58  0.53  0.51  0.44  0.35  0.40  0.48  0.52 29112000 12
  0.50  0.43  0.35  0.28  0.23  0.15  0.17  0.15  0.08  0.04  0.04  0.05 30112000 00
  0.08  0.08  0.12  0.19  0.29  0.37  0.41  0.51  0.65  0.74  0.75  0.59 30112000 12
  0.37  0.30  0.28  0.26  0.27  0.27  0.31  0.35  0.32  0.27  0.30  0.35 01122000 00
  0.37  0.37  0.33  0.35  0.38  0.40  0.40  0.42  0.40  0.36  0.33  0.33 01122000 12
  0.27  0.25  0.24  0.29  0.38  0.51  0.54  0.56  0.59  0.59  0.55  0.58 02122000 00
  0.51  0.41  0.33  0.29  0.25  0.25  0.21  0.24  0.26  0.24  0.20  0.21 02122000 12
  0.21  0.15  0.12  0.07  0.10  0.12  0.14  0.15  0.18  0.18  0.17  0.16 03122000 00
  0.17  0.13  0.12  0.10  0.13  0.16  0.20  0.25  0.36  0.46  0.49  0.46 03122000 12
  0.45  0.45  0.35  0.24  0.17  0.17  0.18  0.20  0.21  0.26  0.35  0.50 04122000 00
  0.63  0.67  0.64  0.55  0.53  0.56  0.59  0.59  0.53  0.52  0.49  0.39 04122000 12
  0.31  0.28  0.28  0.18  0.15  0.16  0.25  0.40  0.59  0.71  0.73  0.66 05122000 00
  0.56  0.47  0.40  0.40  0.34  0.24  0.24  0.29  0.33  0.32  0.32  0.34 05122000 12
  0.31  0.27  0.29  0.33  0.30  0.32  0.33  0.35  0.32  0.31  0.31  0.36 06122000 00
  0.40  0.37  0.32  0.29  0.29  0.23  0.20  0.19  0.22  0.27  0.31  0.30 06122000 12
  0.30  0.29  0.28  0.25  0.24  0.20  0.19  0.17  0.18  0.16  0.16  0.16 07122000 00
  0.17  0.17  0.14  0.08  0.03  0.00 -0.01  0.01 -0.01 -0.05 -0.13 -0.15 07122000 12
 -0.07  0.00  0.02  0.08  0.20  0.27  0.29  0.31  0.35  0.42  0.56  0.69 08122000 00
  0.72  0.76  0.77  0.70  0.58  0.51  0.47  0.39  0.40  0.35  0.34  0.38 08122000 12
  0.34  0.35  0.37  0.34  0.29  0.33  0.35  0.32  0.31  0.26  0.30  0.37 09122000 00
  0.43  0.40  0.42  0.43  0.41  0.41  0.42  0.37  0.31  0.23  0.15  0.12 09122000 12
  0.16  0.13  0.16  0.24  0.34  0.50  0.58  0.47  0.35  0.31  0.27  0.31 10122000 00
  0.37  0.38  0.43  0.46  0.41  0.35  0.36  0.34  0.29  0.24  0.16  0.08 10122000 12
  0.15  0.27  0.39  0.58  0.72  0.74  0.73  0.70  0.56  0.41  0.34  0.24 11122000 00
  0.19  0.21  0.11  0.12  0.14  0.12  0.11  0.12  0.09  0.09  0.11  0.13 11122000 12
  0.17  0.24  0.32  0.32  0.29  0.28  0.28  0.31  0.36  0.32  0.31  0.28 12122000 00
  0.26  0.23  0.26  0.22  0.31  0.37  0.36  0.42  0.58  0.64  0.57  0.57 12122000 12
  0.55  0.70  1.06  1.08  1.11  0.96  0.73  0.51  0.37  0.31  0.29  0.32 13122000 00
  0.30  0.28  0.38  0.47  0.45  0.46  0.47  0.44  0.40  0.35  0.25  0.21 13122000 12
  0.19  0.13  0.10  0.15  0.13  0.18  0.21  0.20  0.17  0.15  0.15  0.14 14122000 00
  0.14  0.14  0.14  0.19  0.21  0.22  0.24  0.22  0.16  0.08 -0.01 -0.03 14122000 12
 -0.01  0.01  0.03  0.02  0.04  0.07  0.06  0.05  0.03 -0.00 -0.06 -0.10 15122000 00
 -0.10 -0.06 -0.03  0.00  0.02  0.05  0.06  0.06  0.06  0.05  0.04  0.03 15122000 12
  0.03  0.02  0.03  0.05  0.07  0.10  0.10  0.09  0.08  0.05 -0.00 -0.06 16122000 00
 -0.08 -0.09 -0.09 -0.08 -0.07 -0.06 -0.03 -0.01 -0.02 -0.02 -0.01 -0.04 16122000 12
 -0.07 -0.08 -0.06 -0.04 -0.01  0.02  0.03  0.04  0.04  0.04  0.03  0.01 17122000 00
 -0.00 -0.02 -0.02  0.00  0.04  0.08  0.10  0.12  0.12  0.12  0.12  0.11 17122000 12
  0.08  0.06  0.04  0.04  0.03  0.04  0.06  0.07  0.06  0.05  0.04  0.03 18122000 00
 -0.00 -0.04 -0.05 -0.04 -0.04 -0.04 -0.01  0.00  0.00 -0.01 -0.02 -0.03 18122000 12
 -0.05 -0.08 -0.11 -0.15 -0.16 -0.14 -0.11 -0.05 -0.02 -0.01 -0.02 -0.04 19122000 00
 -0.01  0.03  0.05  0.03  0.01  0.01  0.01  0.05  0.09  0.09  0.09  0.11 19122000 12
  0.11  0.09  0.05  0.02  0.01  0.04  0.05  0.06  0.07  0.07  0.05  0.03 20122000 00
  0.02  0.03  0.04  0.05  0.03 -0.01 -0.02 -0.02 -0.03 -0.04 -0.05 -0.05 20122000 12
 -0.04 -0.03 -0.04 -0.05 -0.07 -0.08 -0.07 -0.07 -0.06 -0.08 -0.09 -0.09 21122000 00
 -0.08 -0.09 -0.09 -0.09 -0.09 -0.08 -0.07 -0.07 -0.07 -0.08 -0.08 -0.07 21122000 12
 -0.06 -0.06 -0.06 -0.06 -0.05 -0.04 -0.03 -0.02 -0.05 -0.07 -0.09 -0.11 22122000 00
 -0.10 -0.08 -0.06 -0.07 -0.07 -0.06 -0.06 -0.04 -0.04 -0.02 -0.02 -0.02 22122000 12
 -0.02 -0.02 -0.03 -0.02  0.00  0.03  0.04  0.03  0.01 -0.01 -0.03 -0.02 23122000 00
 -0.01 -0.01  0.01  0.03  0.05  0.06  0.07  0.07  0.06  0.04  0.04  0.05 23122000 12
  0.04  0.05  0.03  0.01 -0.01 -0.01 -0.01 -0.01 -0.03 -0.04 -0.07 -0.09 24122000 00
 -0.07 -0.08 -0.08 -0.07 -0.07 -0.06 -0.06 -0.05 -0.04 -0.06 -0.06 -0.07 24122000 12
 -0.10 -0.13 -0.15 -0.15 -0.13 -0.12 -0.09 -0.10 -0.09 -0.12 -0.11 -0.10 25122000 00
 -0.12 -0.13 -0.12 -0.10 -0.10 -0.09 -0.06 -0.04 -0.03 -0.06 -0.10 -0.09 25122000 12
 -0.07 -0.03 -0.01 -0.01  0.00  0.02  0.04  0.05  0.03  0.02  0.02  0.03 26122000 00
  0.04  0.05  0.05  0.06  0.08  0.10  0.13  0.14  0.15  0.13  0.11  0.10 26122000 12
  0.08  0.09  0.10  0.10  0.12  0.15  0.17  0.18  0.18  0.17  0.14  0.14 27122000 00
  0.11  0.11  0.13  0.13  0.14  0.17  0.19  0.21  0.26  0.26  0.26  0.23 27122000 12
  0.20  0.20  0.22  0.23  0.22  0.26  0.27  0.24  0.22  0.18  0.14  0.15 28122000 00
  0.14  0.16  0.18  0.19  0.19  0.20  0.20  0.21  0.20  0.19  0.19  0.16 28122000 12
  0.14  0.09  0.07  0.09  0.10  0.11  0.14  0.14  0.13  0.12  0.10  0.10 29122000 00
  0.06  0.03  0.01  0.02  0.04  0.03  0.06  0.08  0.09  0.11  0.13  0.13 29122000 12
  0.11  0.08  0.07  0.05  0.07  0.10  0.11  0.13  0.13  0.11  0.08  0.04 30122000 00
  0.01  0.00  0.01  0.02  0.04  0.06  0.07  0.08  0.08  0.07  0.06  0.04 30122000 12
  0.02 -0.00 -0.01 -0.01  0.02  0.05  0.08  0.12  0.16  0.21  0.29  0.35 31122000 00
  0.33  0.32  0.36  0.40  0.47  0.55  0.53  0.54  0.53  0.56  0.59  0.58 31122000 12
