Parameter Z: CS3 Location ( 52, 86) Lat 53.500 Lon -3.417
  0.07  0.07  0.04  0.00 -0.02 -0.02 -0.02  0.00 -0.01 -0.04 -0.04  0.02 01012005 00
  0.08  0.14  0.26  0.45  0.62  0.73  0.72  0.69  0.68  0.70  0.64  0.47 01012005 12
  0.31  0.22  0.23  0.11  0.05  0.05  0.05  0.06  0.07  0.08  0.07  0.10 02012005 00
  0.12  0.09  0.08  0.06  0.06  0.04  0.02  0.01  0.01 -0.02 -0.07 -0.10 02012005 12
 -0.09 -0.05  0.01  0.05  0.05  0.05  0.06  0.06  0.03  0.02  0.01 -0.01 03012005 00
 -0.03 -0.04 -0.05 -0.04 -0.01  0.04  0.10  0.15  0.16  0.19  0.23  0.27 03012005 12
  0.31  0.37  0.36  0.36  0.32  0.38  0.43  0.51  0.57  0.70  0.80  0.69 04012005 00
  0.47  0.28  0.13  0.01 -0.07 -0.08 -0.11 -0.13 -0.18 -0.15 -0.12 -0.10 04012005 12
 -0.07  0.01  0.09  0.14  0.12  0.06  0.06  0.09  0.09  0.10  0.14  0.21 05012005 00
  0.24  0.26  0.37  0.51  0.60  0.63  0.59  0.54  0.48  0.36  0.29  0.26 05012005 12
  0.15  0.02 -0.12 -0.22 -0.34 -0.35 -0.32 -0.23 -0.14 -0.04  0.02  0.07 06012005 00
  0.08  0.16  0.26  0.35  0.43  0.45  0.42  0.40  0.42  0.39  0.36  0.33 06012005 12
  0.36  0.33  0.34  0.38  0.45  0.46  0.51  0.52  0.54  0.58  0.56  0.46 07012005 00
  0.42  0.46  0.47  0.47  0.48  0.43  0.29  0.28  0.25  0.31  0.44  0.60 07012005 12
  0.66  0.68  0.76  0.94  1.13  1.26  1.26  1.22  1.26  1.15  0.85  0.67 08012005 00
  0.43  0.50  0.49  0.27  0.12  0.10  0.07 -0.05 -0.07 -0.02  0.09  0.23 08012005 12
  0.31  0.36  0.41  0.43  0.40  0.33  0.30  0.26  0.21  0.16  0.09  0.10 09012005 00
  0.11  0.09  0.12  0.18  0.20  0.24  0.42  0.53  0.50  0.46  0.48  0.54 09012005 12
  0.66  0.74  0.69  0.71  0.73  0.75  0.79  0.84  0.75  0.63  0.52  0.34 10012005 00
  0.21  0.16  0.02  0.05  0.07  0.02 -0.02 -0.01 -0.03 -0.01  0.01  0.03 10012005 12
  0.07  0.12  0.16  0.17  0.16  0.17  0.18  0.21  0.23  0.20  0.22  0.22 11012005 00
  0.21  0.29  0.46  0.56  0.61  0.63  0.65  0.74  0.89  0.90  0.85  0.85 11012005 12
  0.80  0.71  0.75  0.61  0.55  0.60  0.55  0.52  0.60  0.54  0.34  0.38 12012005 00
  0.31  0.20  0.18  0.18  0.18  0.25  0.25  0.19  0.10  0.05  0.01  0.01 12012005 12
  0.04  0.03  0.00  0.01 -0.01 -0.02 -0.02 -0.02 -0.06 -0.10 -0.11 -0.11 13012005 00
 -0.11 -0.11 -0.09 -0.09 -0.09 -0.09 -0.10 -0.10 -0.09 -0.09 -0.07 -0.06 13012005 12
 -0.06 -0.06 -0.04 -0.01 -0.00 -0.01 -0.04 -0.05 -0.05 -0.01  0.03  0.05 14012005 00
  0.03  0.01  0.00  0.02  0.05  0.04  0.01  0.00  0.01  0.03  0.03  0.01 14012005 12
  0.01  0.01  0.00  0.01  0.05  0.08  0.09  0.08  0.09  0.12  0.18  0.20 15012005 00
  0.18  0.13  0.10  0.06  0.05  0.07  0.06  0.06  0.07  0.07  0.08  0.08 15012005 12
  0.05  0.01  0.01 -0.01 -0.00  0.03  0.04  0.05  0.07  0.08  0.09  0.12 16012005 00
  0.14  0.13  0.13  0.12  0.09  0.07  0.06  0.07  0.12  0.17  0.21  0.23 16012005 12
  0.25  0.24  0.22  0.24  0.24  0.30  0.34  0.34  0.31  0.31  0.29  0.24 17012005 00
  0.21  0.21  0.18  0.22  0.24  0.30  0.34  0.38  0.33  0.33  0.33  0.35 17012005 12
  0.34  0.31  0.24  0.21  0.22  0.21  0.25  0.22  0.18  0.15  0.17  0.29 18012005 00
  0.49  0.60  0.68  0.71  0.68  0.62  0.48  0.36  0.33  0.27  0.26  0.19 18012005 12
  0.08 -0.03 -0.14 -0.22 -0.25 -0.16 -0.06 -0.00  0.04  0.06  0.11  0.10 19012005 00
  0.08  0.10  0.11  0.13  0.16  0.21  0.22  0.25  0.29  0.31  0.30  0.33 19012005 12
  0.34  0.31  0.27  0.22  0.20  0.18  0.19  0.17  0.16  0.08  0.06  0.07 20012005 00
  0.11  0.08  0.08  0.13  0.15  0.16  0.17  0.15  0.25  0.36  0.38  0.35 20012005 12
  0.31  0.26  0.21  0.18  0.10  0.08  0.04  0.04  0.01 -0.02 -0.10 -0.13 21012005 00
 -0.12 -0.08 -0.05 -0.01  0.00  0.01  0.04  0.03  0.01  0.01  0.01  0.00 21012005 12
 -0.02 -0.05 -0.07 -0.08 -0.10 -0.11 -0.10 -0.08 -0.08 -0.06 -0.06 -0.04 22012005 00
 -0.03 -0.01 -0.02 -0.01 -0.02 -0.04 -0.05 -0.06 -0.10 -0.14 -0.19 -0.24 22012005 12
 -0.27 -0.31 -0.33 -0.35 -0.39 -0.41 -0.45 -0.46 -0.41 -0.32 -0.21 -0.15 23012005 00
 -0.08 -0.06 -0.02 -0.04 -0.07 -0.10 -0.17 -0.25 -0.27 -0.26 -0.25 -0.27 23012005 12
 -0.31 -0.34 -0.33 -0.32 -0.34 -0.32 -0.30 -0.30 -0.30 -0.27 -0.25 -0.21 24012005 00
 -0.20 -0.21 -0.20 -0.17 -0.18 -0.20 -0.21 -0.25 -0.27 -0.28 -0.29 -0.29 24012005 12
 -0.27 -0.27 -0.30 -0.30 -0.31 -0.32 -0.29 -0.30 -0.31 -0.32 -0.31 -0.29 25012005 00
 -0.28 -0.28 -0.30 -0.28 -0.27 -0.28 -0.26 -0.30 -0.34 -0.32 -0.32 -0.33 25012005 12
 -0.32 -0.34 -0.39 -0.38 -0.36 -0.36 -0.35 -0.35 -0.38 -0.34 -0.34 -0.32 26012005 00
 -0.26 -0.24 -0.24 -0.22 -0.21 -0.25 -0.27 -0.26 -0.27 -0.30 -0.30 -0.32 26012005 12
 -0.30 -0.30 -0.30 -0.31 -0.27 -0.28 -0.30 -0.29 -0.28 -0.30 -0.31 -0.32 27012005 00
 -0.32 -0.27 -0.25 -0.27 -0.24 -0.24 -0.25 -0.24 -0.25 -0.26 -0.26 -0.23 27012005 12
 -0.22 -0.19 -0.20 -0.24 -0.23 -0.21 -0.21 -0.21 -0.22 -0.23 -0.21 -0.22 28012005 00
 -0.21 -0.22 -0.22 -0.24 -0.24 -0.25 -0.27 -0.27 -0.28 -0.31 -0.35 -0.35 28012005 12
 -0.35 -0.31 -0.26 -0.24 -0.26 -0.21 -0.20 -0.21 -0.19 -0.18 -0.18 -0.20 29012005 00
 -0.20 -0.22 -0.22 -0.22 -0.23 -0.22 -0.22 -0.21 -0.20 -0.20 -0.20 -0.20 29012005 12
 -0.21 -0.22 -0.20 -0.19 -0.19 -0.17 -0.16 -0.18 -0.19 -0.20 -0.19 -0.18 30012005 00
 -0.17 -0.19 -0.15 -0.14 -0.18 -0.18 -0.18 -0.19 -0.19 -0.18 -0.20 -0.23 30012005 12
 -0.24 -0.24 -0.21 -0.17 -0.20 -0.23 -0.19 -0.18 -0.18 -0.17 -0.18 -0.20 31012005 00
 -0.20 -0.20 -0.19 -0.17 -0.16 -0.17 -0.16 -0.16 -0.16 -0.15 -0.14 -0.17 31012005 12
 -0.22 -0.25 -0.25 -0.21 -0.21 -0.26 -0.28 -0.26 -0.26 -0.27 -0.27 -0.29 01022005 00
 -0.28 -0.26 -0.27 -0.25 -0.24 -0.25 -0.27 -0.25 -0.23 -0.21 -0.19 -0.20 01022005 12
 -0.23 -0.24 -0.24 -0.25 -0.23 -0.22 -0.21 -0.22 -0.22 -0.24 -0.26 -0.25 02022005 00
 -0.26 -0.27 -0.28 -0.28 -0.24 -0.24 -0.25 -0.25 -0.23 -0.24 -0.22 -0.19 02022005 12
 -0.22 -0.25 -0.25 -0.24 -0.23 -0.22 -0.23 -0.24 -0.23 -0.22 -0.22 -0.23 03022005 00
 -0.21 -0.22 -0.23 -0.24 -0.23 -0.20 -0.19 -0.18 -0.17 -0.13 -0.13 -0.14 03022005 12
 -0.13 -0.11 -0.12 -0.13 -0.14 -0.14 -0.13 -0.12 -0.11 -0.10 -0.10 -0.10 04022005 00
 -0.09 -0.06 -0.04 -0.03 -0.02 -0.02 -0.02 -0.01  0.03  0.08  0.11  0.12 04022005 12
  0.12  0.12  0.12  0.12  0.08  0.02 -0.01 -0.04 -0.05 -0.07 -0.08 -0.10 05022005 00
 -0.10 -0.11 -0.11 -0.10 -0.09 -0.09 -0.09 -0.09 -0.07 -0.06 -0.06 -0.07 05022005 12
 -0.06 -0.07 -0.08 -0.09 -0.11 -0.14 -0.16 -0.16 -0.15 -0.15 -0.14 -0.15 06022005 00
 -0.15 -0.15 -0.16 -0.18 -0.18 -0.19 -0.20 -0.19 -0.19 -0.16 -0.16 -0.15 06022005 12
 -0.14 -0.12 -0.13 -0.14 -0.12 -0.11 -0.12 -0.14 -0.14 -0.14 -0.12 -0.11 07022005 00
 -0.08 -0.07 -0.07 -0.06 -0.05 -0.03  0.01  0.05  0.05  0.02  0.02  0.02 07022005 12
  0.02  0.02  0.01  0.00 -0.00 -0.02 -0.04 -0.05 -0.05 -0.05 -0.05 -0.05 08022005 00
 -0.03 -0.02 -0.02 -0.03 -0.02 -0.02 -0.01  0.01  0.02  0.02  0.01 -0.02 08022005 12
 -0.03 -0.02  0.01  0.02  0.03  0.04  0.06  0.08  0.09  0.08  0.09  0.08 09022005 00
  0.06  0.04  0.05  0.04  0.05  0.07  0.08  0.10  0.16  0.17  0.15  0.19 09022005 12
  0.21  0.23  0.29  0.30  0.30  0.29  0.27  0.26  0.27  0.21  0.18  0.14 10022005 00
  0.09  0.03  0.01 -0.00 -0.01  0.02  0.00 -0.05 -0.08 -0.09 -0.11 -0.11 10022005 12
 -0.12 -0.11 -0.09 -0.09 -0.10 -0.10 -0.08 -0.07 -0.06 -0.05 -0.05 -0.05 11022005 00
 -0.06 -0.06 -0.04 -0.02 -0.00  0.01  0.02  0.06  0.11  0.17  0.18  0.18 11022005 12
  0.18  0.20  0.23  0.27  0.34  0.40  0.50  0.54  0.58  0.53  0.37  0.26 12022005 00
  0.27  0.24  0.16  0.11  0.13  0.13  0.21  0.21  0.20  0.15  0.13  0.16 12022005 12
  0.20  0.20  0.20  0.20  0.27  0.31  0.30  0.32  0.34  0.30  0.16  0.09 13022005 00
  0.16  0.11 -0.03 -0.11 -0.27 -0.40 -0.42 -0.41 -0.41 -0.43 -0.48 -0.54 13022005 12
 -0.47 -0.43 -0.33 -0.16 -0.09 -0.12 -0.06 -0.01 -0.01 -0.01 -0.02 -0.09 14022005 00
 -0.13 -0.13 -0.11 -0.10 -0.14 -0.18 -0.17 -0.16 -0.17 -0.17 -0.17 -0.19 14022005 12
 -0.19 -0.21 -0.20 -0.17 -0.14 -0.15 -0.15 -0.14 -0.15 -0.16 -0.13 -0.12 15022005 00
 -0.16 -0.16 -0.16 -0.16 -0.16 -0.17 -0.18 -0.18 -0.18 -0.19 -0.19 -0.18 15022005 12
 -0.18 -0.18 -0.19 -0.19 -0.16 -0.14 -0.14 -0.15 -0.14 -0.16 -0.15 -0.11 16022005 00
 -0.10 -0.15 -0.17 -0.16 -0.13 -0.12 -0.12 -0.12 -0.10 -0.10 -0.10 -0.10 16022005 12
 -0.11 -0.14 -0.15 -0.15 -0.15 -0.15 -0.16 -0.18 -0.19 -0.18 -0.17 -0.15 17022005 00
 -0.14 -0.16 -0.21 -0.22 -0.24 -0.22 -0.19 -0.18 -0.18 -0.16 -0.16 -0.17 17022005 12
 -0.17 -0.16 -0.17 -0.19 -0.14 -0.11 -0.10 -0.09 -0.05 -0.01  0.04  0.05 18022005 00
  0.04  0.03  0.03  0.02  0.00 -0.02 -0.01  0.02 -0.00 -0.07 -0.12 -0.14 18022005 12
 -0.11 -0.14 -0.21 -0.23 -0.25 -0.21 -0.21 -0.23 -0.25 -0.21 -0.20 -0.18 19022005 00
 -0.18 -0.18 -0.17 -0.15 -0.15 -0.21 -0.19 -0.15 -0.11 -0.11 -0.12 -0.16 19022005 12
 -0.16 -0.18 -0.20 -0.21 -0.21 -0.24 -0.26 -0.25 -0.23 -0.20 -0.20 -0.18 20022005 00
 -0.18 -0.17 -0.17 -0.16 -0.17 -0.19 -0.22 -0.19 -0.16 -0.13 -0.13 -0.13 20022005 12
 -0.15 -0.15 -0.14 -0.13 -0.13 -0.10 -0.09 -0.09 -0.13 -0.13 -0.10 -0.08 21022005 00
 -0.09 -0.09 -0.09 -0.11 -0.12 -0.12 -0.13 -0.13 -0.12 -0.11 -0.11 -0.13 21022005 12
 -0.14 -0.17 -0.20 -0.23 -0.25 -0.24 -0.24 -0.25 -0.25 -0.25 -0.24 -0.23 22022005 00
 -0.22 -0.23 -0.21 -0.20 -0.20 -0.19 -0.18 -0.19 -0.16 -0.13 -0.14 -0.12 22022005 12
 -0.12 -0.10 -0.10 -0.10 -0.13 -0.15 -0.14 -0.14 -0.14 -0.14 -0.14 -0.12 23022005 00
 -0.11 -0.11 -0.12 -0.12 -0.14 -0.16 -0.14 -0.13 -0.13 -0.15 -0.16 -0.17 23022005 12
 -0.16 -0.14 -0.16 -0.16 -0.16 -0.18 -0.18 -0.20 -0.21 -0.21 -0.19 -0.20 24022005 00
 -0.18 -0.18 -0.21 -0.20 -0.21 -0.25 -0.24 -0.26 -0.30 -0.31 -0.28 -0.29 24022005 12
 -0.26 -0.26 -0.30 -0.30 -0.26 -0.26 -0.24 -0.21 -0.21 -0.19 -0.18 -0.16 25022005 00
 -0.15 -0.16 -0.18 -0.19 -0.19 -0.21 -0.23 -0.23 -0.26 -0.28 -0.27 -0.27 25022005 12
 -0.26 -0.23 -0.20 -0.23 -0.19 -0.19 -0.19 -0.17 -0.16 -0.19 -0.17 -0.16 26022005 00
 -0.16 -0.13 -0.13 -0.16 -0.16 -0.19 -0.21 -0.21 -0.22 -0.25 -0.25 -0.21 26022005 12
 -0.22 -0.20 -0.17 -0.20 -0.20 -0.18 -0.20 -0.20 -0.18 -0.18 -0.17 -0.18 27022005 00
 -0.18 -0.19 -0.19 -0.21 -0.21 -0.20 -0.21 -0.21 -0.20 -0.21 -0.22 -0.21 27022005 12
 -0.22 -0.21 -0.19 -0.16 -0.19 -0.16 -0.16 -0.16 -0.13 -0.10 -0.11 -0.12 28022005 00
 -0.11 -0.11 -0.09 -0.08 -0.08 -0.06 -0.04 -0.02  0.01  0.04  0.03  0.04 28022005 12
  0.06  0.06  0.06  0.09  0.12  0.15  0.14  0.11  0.08  0.05  0.04  0.04 01032005 00
  0.02  0.02  0.02  0.02  0.02  0.01 -0.01 -0.01 -0.01 -0.01 -0.01 -0.00 01032005 12
  0.00  0.00 -0.01 -0.02 -0.03 -0.03 -0.03 -0.03 -0.03 -0.04 -0.06 -0.08 02032005 00
 -0.11 -0.12 -0.12 -0.15 -0.17 -0.18 -0.20 -0.24 -0.27 -0.24 -0.18 -0.18 02032005 12
 -0.19 -0.21 -0.19 -0.18 -0.16 -0.16 -0.15 -0.10 -0.09 -0.10 -0.11 -0.13 03032005 00
 -0.15 -0.14 -0.15 -0.16 -0.17 -0.16 -0.18 -0.17 -0.17 -0.15 -0.14 -0.11 03032005 12
 -0.08 -0.03  0.02  0.05  0.09  0.14  0.15  0.16  0.20  0.21  0.17  0.10 04032005 00
  0.01 -0.08 -0.16 -0.18 -0.19 -0.22 -0.23 -0.22 -0.22 -0.21 -0.19 -0.15 04032005 12
 -0.12 -0.14 -0.17 -0.15 -0.12 -0.07 -0.05 -0.03 -0.02 -0.01 -0.00 -0.01 05032005 00
 -0.02 -0.05 -0.12 -0.18 -0.24 -0.27 -0.26 -0.26 -0.26 -0.32 -0.35 -0.36 05032005 12
 -0.34 -0.31 -0.28 -0.33 -0.33 -0.31 -0.27 -0.19 -0.15 -0.11 -0.10 -0.11 06032005 00
 -0.13 -0.13 -0.14 -0.16 -0.22 -0.24 -0.25 -0.23 -0.21 -0.21 -0.20 -0.21 06032005 12
 -0.21 -0.21 -0.19 -0.14 -0.13 -0.16 -0.16 -0.17 -0.16 -0.16 -0.16 -0.17 07032005 00
 -0.16 -0.16 -0.17 -0.18 -0.18 -0.23 -0.25 -0.23 -0.21 -0.17 -0.16 -0.16 07032005 12
 -0.18 -0.16 -0.18 -0.18 -0.17 -0.17 -0.20 -0.21 -0.20 -0.19 -0.18 -0.17 08032005 00
 -0.18 -0.17 -0.18 -0.20 -0.20 -0.20 -0.23 -0.22 -0.23 -0.21 -0.20 -0.19 08032005 12
 -0.20 -0.21 -0.19 -0.20 -0.20 -0.18 -0.19 -0.22 -0.22 -0.24 -0.23 -0.20 09032005 00
 -0.19 -0.21 -0.19 -0.21 -0.23 -0.22 -0.21 -0.24 -0.25 -0.21 -0.21 -0.21 09032005 12
 -0.18 -0.19 -0.19 -0.18 -0.19 -0.19 -0.19 -0.20 -0.20 -0.21 -0.21 -0.22 10032005 00
 -0.19 -0.18 -0.20 -0.17 -0.18 -0.17 -0.16 -0.18 -0.18 -0.16 -0.14 -0.13 10032005 12
 -0.10 -0.04 -0.03 -0.01  0.01  0.03  0.07  0.11  0.11  0.12  0.10  0.12 11032005 00
  0.14  0.12  0.13  0.10  0.10  0.08  0.03  0.02  0.07  0.10  0.08  0.03 11032005 12
  0.06  0.07  0.06  0.06  0.04  0.06  0.09  0.09  0.06  0.03  0.02  0.01 12032005 00
  0.02  0.01  0.01  0.03  0.03  0.04  0.04  0.05  0.03  0.02  0.03  0.03 12032005 12
  0.03  0.04  0.02  0.03  0.03  0.02  0.02  0.02  0.03  0.02  0.01 -0.00 13032005 00
 -0.00  0.00  0.00  0.00  0.01  0.02  0.02  0.02  0.02  0.02  0.02  0.02 13032005 12
  0.02  0.03  0.03  0.04  0.05  0.05  0.05  0.07  0.09  0.11  0.13  0.13 14032005 00
  0.11  0.11  0.09  0.10  0.14  0.14  0.15  0.17  0.20  0.27  0.32  0.29 14032005 12
  0.24  0.24  0.23  0.26  0.31  0.27  0.24  0.25  0.25  0.21  0.22  0.24 15032005 00
  0.25  0.24  0.24  0.25  0.28  0.30  0.28  0.28  0.28  0.25  0.24  0.26 15032005 12
  0.26  0.25  0.23  0.20  0.21  0.24  0.22  0.24  0.29  0.33  0.36  0.41 16032005 00
  0.41  0.36  0.32  0.26  0.22  0.21  0.20  0.19  0.22  0.18  0.15  0.21 16032005 12
  0.26  0.21  0.22  0.20  0.26  0.31  0.33  0.29  0.30  0.27  0.24  0.18 17032005 00
  0.13  0.03 -0.01 -0.03 -0.04 -0.03 -0.02 -0.01  0.02  0.03  0.02  0.02 17032005 12
  0.05  0.07  0.05  0.05  0.07  0.10  0.08  0.04  0.01  0.02  0.03  0.00 18032005 00
 -0.03 -0.07 -0.12 -0.13 -0.14 -0.15 -0.17 -0.17 -0.17 -0.16 -0.15 -0.15 18032005 12
 -0.14 -0.12 -0.12 -0.11 -0.12 -0.12 -0.11 -0.09 -0.10 -0.09 -0.10 -0.10 19032005 00
 -0.09 -0.11 -0.12 -0.14 -0.14 -0.12 -0.12 -0.12 -0.11 -0.10 -0.11 -0.13 19032005 12
 -0.12 -0.09 -0.09 -0.08 -0.07 -0.06 -0.07 -0.09 -0.09 -0.08 -0.08 -0.09 20032005 00
 -0.10 -0.10 -0.10 -0.11 -0.12 -0.12 -0.09 -0.06 -0.03 -0.01  0.02  0.02 20032005 12
  0.02  0.02 -0.00  0.00  0.02  0.01 -0.00  0.00  0.01 -0.01  0.00  0.02 21032005 00
  0.03  0.04  0.05  0.04  0.05  0.07  0.07  0.07  0.09  0.11  0.13  0.15 21032005 12
  0.16  0.20  0.23  0.24  0.23  0.19  0.20  0.20  0.22  0.21  0.22  0.24 22032005 00
  0.29  0.31  0.29  0.25  0.24  0.23  0.26  0.26  0.23  0.22  0.20  0.21 22032005 12
  0.22  0.22  0.21  0.22  0.23  0.21  0.19  0.17  0.15  0.13  0.08  0.07 23032005 00
  0.07  0.08  0.07  0.06  0.04  0.01 -0.00  0.01  0.01  0.01  0.02  0.05 23032005 12
  0.09  0.12  0.10  0.07  0.07  0.08  0.09  0.11  0.12  0.13  0.15  0.18 24032005 00
  0.20  0.22  0.21  0.21  0.21  0.20  0.18  0.17  0.14  0.11  0.10  0.07 24032005 12
  0.06  0.08  0.08  0.08  0.08  0.07  0.06  0.06  0.06  0.04  0.04  0.02 25032005 00
  0.00  0.00 -0.01 -0.01 -0.01 -0.02 -0.03 -0.06 -0.07 -0.07 -0.05 -0.05 25032005 12
 -0.03 -0.02 -0.02 -0.01 -0.01 -0.01  0.00  0.01  0.00  0.01  0.01  0.02 26032005 00
  0.01  0.00 -0.01 -0.01 -0.01 -0.00 -0.00 -0.02 -0.05 -0.03 -0.01 -0.00 26032005 12
 -0.01  0.00 -0.01 -0.02 -0.01 -0.01 -0.01 -0.00  0.00  0.01  0.02  0.03 27032005 00
  0.03  0.03  0.02  0.01  0.01  0.01  0.01  0.01  0.00 -0.01 -0.02 -0.02 27032005 12
 -0.02 -0.02 -0.01 -0.02 -0.01 -0.02 -0.02 -0.02 -0.01 -0.01 -0.01 -0.00 28032005 00
  0.00  0.01  0.00 -0.01 -0.01 -0.01 -0.02 -0.02 -0.02 -0.01 -0.01 -0.01 28032005 12
 -0.01 -0.01 -0.01 -0.02 -0.02 -0.02 -0.02 -0.03 -0.03 -0.03 -0.02 -0.03 29032005 00
 -0.03 -0.03 -0.03 -0.03 -0.03 -0.02 -0.02 -0.02 -0.01 -0.01 -0.03 -0.05 29032005 12
 -0.05 -0.04 -0.03 -0.03 -0.04 -0.04 -0.04 -0.04 -0.04 -0.04 -0.05 -0.06 30032005 00
 -0.05 -0.05 -0.05 -0.05 -0.06 -0.06 -0.07 -0.08 -0.10 -0.11 -0.12 -0.13 30032005 12
 -0.14 -0.15 -0.13 -0.14 -0.15 -0.14 -0.14 -0.15 -0.16 -0.15 -0.14 -0.13 31032005 00
 -0.14 -0.12 -0.11 -0.11 -0.10 -0.11 -0.11 -0.10 -0.10 -0.09 -0.07 -0.07 31032005 12
 -0.07 -0.07 -0.08 -0.08 -0.06 -0.05 -0.04 -0.03 -0.04 -0.02  0.01  0.03 01042005 00
  0.04  0.01 -0.03 -0.05 -0.05 -0.05 -0.07 -0.08 -0.08 -0.08 -0.10 -0.13 01042005 12
 -0.14 -0.14 -0.13 -0.12 -0.11 -0.12 -0.13 -0.13 -0.12 -0.13 -0.12 -0.10 02042005 00
 -0.09 -0.09 -0.08 -0.08 -0.07 -0.07 -0.05 -0.05 -0.05 -0.04 -0.03 -0.02 02042005 12
 -0.02 -0.03 -0.03 -0.03 -0.03 -0.02 -0.03 -0.03 -0.03 -0.03 -0.03 -0.01 03042005 00
  0.01  0.03  0.03  0.03  0.03  0.02  0.01  0.03  0.03  0.04  0.03  0.02 03042005 12
  0.01 -0.02 -0.04 -0.06 -0.07 -0.07 -0.06 -0.05 -0.03 -0.01 -0.01  0.01 04042005 00
  0.01  0.01  0.00 -0.01  0.00  0.01  0.00 -0.01 -0.00  0.02  0.02  0.01 04042005 12
  0.00  0.02  0.03  0.04  0.05  0.06  0.04  0.04  0.05  0.08  0.07  0.06 05042005 00
  0.04  0.03  0.01 -0.02 -0.05 -0.06 -0.05 -0.04 -0.04 -0.02  0.02  0.07 05042005 12
  0.14  0.20  0.25  0.31  0.41  0.53  0.59  0.50  0.43  0.37  0.33  0.28 06042005 00
  0.26  0.19  0.22  0.20  0.15  0.13  0.19  0.21  0.25  0.25  0.24  0.26 06042005 12
  0.29  0.27  0.26  0.32  0.35  0.32  0.28  0.23  0.19  0.19  0.16  0.17 07042005 00
  0.19  0.16  0.12  0.16  0.18  0.16  0.09  0.01  0.01  0.05  0.05  0.00 07042005 12
 -0.03 -0.06 -0.06 -0.05 -0.03 -0.04 -0.09 -0.18 -0.21 -0.20 -0.21 -0.18 08042005 00
 -0.17 -0.25 -0.25 -0.23 -0.24 -0.23 -0.22 -0.27 -0.29 -0.26 -0.22 -0.23 08042005 12
 -0.18 -0.14 -0.15 -0.06 -0.05 -0.04 -0.03 -0.01  0.00  0.01  0.01  0.05 09042005 00
  0.04  0.02  0.02  0.01  0.00  0.01  0.03  0.02 -0.00 -0.03 -0.04 -0.02 09042005 12
 -0.01 -0.01 -0.01 -0.00 -0.01 -0.03 -0.07 -0.11 -0.14 -0.13 -0.10 -0.09 10042005 00
 -0.11 -0.10 -0.10 -0.10 -0.09 -0.10 -0.09 -0.08 -0.10 -0.12 -0.13 -0.13 10042005 12
 -0.13 -0.11 -0.11 -0.12 -0.10 -0.11 -0.13 -0.14 -0.14 -0.15 -0.13 -0.13 11042005 00
 -0.13 -0.11 -0.09 -0.09 -0.07 -0.06 -0.05 -0.04 -0.02  0.01  0.02  0.02 11042005 12
  0.00 -0.02 -0.02 -0.00  0.01  0.01  0.02 -0.00 -0.04 -0.07 -0.10 -0.10 12042005 00
 -0.09 -0.09 -0.07 -0.06 -0.07 -0.06 -0.07 -0.07 -0.06 -0.04 -0.04 -0.05 12042005 12
 -0.05 -0.04 -0.04 -0.03 -0.03 -0.02 -0.01 -0.01 -0.01  0.00  0.02  0.03 13042005 00
  0.04  0.05  0.07  0.09  0.12  0.12  0.13  0.14  0.16  0.16  0.17  0.17 13042005 12
  0.14  0.13  0.11  0.09  0.09  0.09  0.07  0.08  0.08  0.07  0.08  0.09 14042005 00
  0.08  0.08  0.07  0.06  0.06  0.07  0.07  0.07  0.07  0.07  0.06  0.05 14042005 12
  0.04  0.02 -0.01 -0.04 -0.09 -0.13 -0.15 -0.15 -0.14 -0.16 -0.15 -0.15 15042005 00
 -0.16 -0.18 -0.19 -0.16 -0.16 -0.15 -0.13 -0.10 -0.11 -0.12 -0.09 -0.07 15042005 12
 -0.08 -0.05 -0.04 -0.04 -0.06 -0.04 -0.04 -0.03 -0.03 -0.02 -0.01  0.00 16042005 00
  0.01  0.03  0.05  0.05  0.06  0.06  0.06  0.05  0.03  0.02  0.02  0.03 16042005 12
  0.03  0.02  0.02  0.02  0.02  0.02  0.03  0.07  0.11  0.13  0.15  0.17 17042005 00
  0.21  0.24  0.27  0.27  0.24  0.22  0.24  0.27  0.28  0.29  0.27  0.24 17042005 12
  0.24  0.29  0.33  0.33  0.30  0.27  0.26  0.24  0.23  0.23  0.26  0.29 18042005 00
  0.28  0.26  0.27  0.24  0.21  0.15  0.12  0.17  0.20  0.20  0.17  0.15 18042005 12
  0.12  0.07  0.03  0.04  0.02 -0.00 -0.03 -0.04 -0.04 -0.02 -0.01 -0.01 19042005 00
 -0.00 -0.01 -0.01  0.00  0.00 -0.01 -0.00  0.01  0.01  0.01  0.00 -0.01 19042005 12
 -0.01 -0.02 -0.04 -0.07 -0.10 -0.12 -0.10 -0.08 -0.07 -0.07 -0.06 -0.06 20042005 00
 -0.06 -0.06 -0.06 -0.06 -0.05 -0.06 -0.06 -0.06 -0.06 -0.06 -0.08 -0.09 20042005 12
 -0.10 -0.10 -0.11 -0.12 -0.12 -0.12 -0.13 -0.12 -0.12 -0.11 -0.11 -0.10 21042005 00
 -0.09 -0.08 -0.08 -0.07 -0.07 -0.06 -0.06 -0.05 -0.05 -0.05 -0.06 -0.06 21042005 12
 -0.05 -0.06 -0.06 -0.06 -0.06 -0.06 -0.05 -0.05 -0.05 -0.04 -0.02 -0.01 22042005 00
 -0.00 -0.00 -0.00 -0.01 -0.02 -0.01 -0.01  0.01  0.03  0.02  0.00 -0.00 22042005 12
 -0.01  0.00  0.01 -0.01 -0.02 -0.03 -0.04 -0.04 -0.03 -0.02 -0.03 -0.04 23042005 00
 -0.03 -0.04 -0.04 -0.04 -0.03 -0.02 -0.02 -0.02 -0.03 -0.02 -0.03 -0.03 23042005 12
 -0.03 -0.03 -0.02 -0.02 -0.02 -0.03 -0.05 -0.06 -0.05 -0.04 -0.04 -0.03 24042005 00
 -0.02 -0.03 -0.02 -0.02 -0.03 -0.01 -0.00 -0.00  0.01  0.03  0.03  0.00 24042005 12
 -0.01 -0.00 -0.01 -0.01 -0.01 -0.01 -0.02 -0.02 -0.02 -0.01 -0.01 -0.01 25042005 00
 -0.00  0.01  0.01  0.02  0.02  0.02  0.02  0.02  0.02  0.03  0.03  0.02 25042005 12
  0.00 -0.01 -0.01  0.00  0.01  0.00  0.00  0.01  0.03  0.04  0.04  0.04 26042005 00
  0.05  0.06  0.07  0.08  0.08  0.08  0.09  0.11  0.13  0.16  0.13  0.11 26042005 12
  0.10  0.11  0.11  0.14  0.12  0.13  0.13  0.12  0.11  0.12  0.13  0.10 27042005 00
  0.10  0.08  0.07  0.09  0.07  0.07  0.07  0.06  0.05  0.05  0.04  0.03 27042005 12
  0.03  0.04  0.06  0.10  0.13  0.14  0.13  0.12  0.11  0.17  0.25  0.26 28042005 00
  0.25  0.25  0.23  0.26  0.31  0.27  0.26  0.29  0.31  0.33  0.35  0.33 28042005 12
  0.30  0.27  0.17  0.09  0.05  0.00 -0.00  0.02 -0.00 -0.04 -0.08 -0.12 29042005 00
 -0.14 -0.11 -0.09 -0.05  0.00  0.01  0.01 -0.01 -0.01 -0.00 -0.00 -0.02 29042005 12
 -0.02 -0.02 -0.02 -0.02 -0.03 -0.03 -0.02 -0.00  0.02  0.04  0.06  0.07 30042005 00
  0.07  0.05  0.03  0.01  0.00  0.00  0.01 -0.00 -0.00 -0.00 -0.02 -0.03 30042005 12
 -0.02  0.00  0.00 -0.01 -0.03 -0.03 -0.01  0.03  0.05  0.09  0.12  0.15 01052005 00
  0.19  0.22  0.21  0.20  0.18  0.18  0.18  0.20  0.19  0.19  0.17  0.13 01052005 12
  0.08  0.08  0.11  0.09  0.09  0.08  0.10  0.12  0.15  0.16  0.15  0.13 02052005 00
  0.12  0.11  0.13  0.14  0.16  0.15  0.14  0.14  0.15  0.17  0.18  0.19 02052005 12
  0.17  0.16  0.16  0.17  0.16  0.15  0.12  0.11  0.10  0.12  0.11  0.09 03052005 00
  0.07  0.05  0.04  0.05  0.05  0.04  0.05  0.06  0.08  0.08  0.06  0.02 03052005 12
  0.00 -0.00 -0.03 -0.10 -0.20 -0.24 -0.22 -0.20 -0.20 -0.21 -0.22 -0.21 04052005 00
 -0.19 -0.20 -0.19 -0.17 -0.18 -0.19 -0.19 -0.18 -0.13 -0.10 -0.11 -0.12 04052005 12
 -0.11 -0.10 -0.08 -0.05 -0.02 -0.03 -0.05 -0.05 -0.05 -0.03 -0.02 -0.02 05052005 00
 -0.00 -0.00 -0.02 -0.02 -0.03 -0.03 -0.03  0.00  0.02  0.02  0.01 -0.01 05052005 12
 -0.02 -0.03 -0.02  0.01  0.02 -0.00 -0.02 -0.03 -0.04 -0.05 -0.06 -0.07 06052005 00
 -0.06 -0.06 -0.06 -0.05 -0.05 -0.05 -0.06 -0.04 -0.01  0.04  0.07  0.10 06052005 12
  0.11  0.09  0.08  0.09  0.11  0.10  0.08  0.06  0.05  0.03  0.02  0.00 07052005 00
 -0.01 -0.01 -0.01 -0.00  0.02  0.04  0.05  0.06  0.06  0.05  0.05  0.05 07052005 12
  0.05  0.04  0.04  0.03  0.03  0.02  0.00 -0.03 -0.03 -0.02 -0.01  0.01 08052005 00
  0.03  0.03  0.05  0.07  0.08  0.07  0.07  0.05  0.05  0.05  0.03  0.01 08052005 12
 -0.00 -0.03 -0.05 -0.07 -0.07 -0.07 -0.07 -0.08 -0.09 -0.09 -0.07 -0.07 09052005 00
 -0.04 -0.03 -0.05 -0.04 -0.05 -0.06 -0.06 -0.05 -0.05 -0.06 -0.08 -0.09 09052005 12
 -0.09 -0.09 -0.12 -0.14 -0.14 -0.14 -0.14 -0.15 -0.17 -0.18 -0.17 -0.16 10052005 00
 -0.15 -0.13 -0.13 -0.13 -0.11 -0.12 -0.14 -0.13 -0.12 -0.13 -0.14 -0.14 10052005 12
 -0.16 -0.14 -0.13 -0.16 -0.14 -0.15 -0.15 -0.15 -0.15 -0.15 -0.14 -0.13 11052005 00
 -0.13 -0.13 -0.13 -0.13 -0.12 -0.11 -0.13 -0.13 -0.14 -0.14 -0.15 -0.14 11052005 12
 -0.15 -0.13 -0.12 -0.13 -0.12 -0.11 -0.12 -0.13 -0.13 -0.14 -0.14 -0.15 12052005 00
 -0.15 -0.14 -0.14 -0.14 -0.15 -0.14 -0.15 -0.17 -0.16 -0.15 -0.17 -0.18 12052005 12
 -0.17 -0.15 -0.13 -0.12 -0.14 -0.15 -0.16 -0.19 -0.22 -0.21 -0.22 -0.22 13052005 00
 -0.21 -0.20 -0.19 -0.19 -0.21 -0.24 -0.23 -0.22 -0.20 -0.15 -0.17 -0.20 13052005 12
 -0.20 -0.18 -0.16 -0.17 -0.18 -0.19 -0.17 -0.19 -0.20 -0.19 -0.17 -0.18 14052005 00
 -0.17 -0.15 -0.14 -0.10 -0.08 -0.08 -0.08 -0.05 -0.05 -0.04 -0.03 -0.04 14052005 12
 -0.06 -0.06 -0.06 -0.04 -0.03 -0.02 -0.02 -0.03 -0.05 -0.04 -0.04 -0.04 15052005 00
 -0.06 -0.05 -0.05 -0.05 -0.04 -0.03 -0.01  0.00  0.01  0.01  0.02  0.02 15052005 12
  0.01  0.01  0.01 -0.00 -0.00  0.00 -0.01 -0.01 -0.02 -0.03 -0.07 -0.13 16052005 00
 -0.16 -0.18 -0.18 -0.17 -0.16 -0.16 -0.16 -0.14 -0.12 -0.11 -0.13 -0.14 16052005 12
 -0.13 -0.12 -0.13 -0.12 -0.11 -0.11 -0.10 -0.09 -0.10 -0.09 -0.09 -0.09 17052005 00
 -0.09 -0.09 -0.09 -0.07 -0.06 -0.07 -0.07 -0.07 -0.07 -0.06 -0.07 -0.08 17052005 12
 -0.08 -0.08 -0.09 -0.09 -0.08 -0.08 -0.07 -0.06 -0.03 -0.00  0.01  0.02 18052005 00
  0.03  0.03  0.02  0.03  0.04  0.04  0.03  0.03  0.07  0.10  0.12  0.10 18052005 12
  0.10  0.11  0.14  0.17  0.19  0.16  0.12  0.08  0.07  0.08  0.11  0.10 19052005 00
  0.10  0.08  0.06  0.07  0.10  0.12  0.12  0.11  0.10  0.10  0.11  0.14 19052005 12
  0.15  0.15  0.14  0.15  0.18  0.21  0.20  0.20  0.19  0.22  0.24  0.26 20052005 00
  0.24  0.23  0.21  0.19  0.17  0.19  0.18  0.16  0.14  0.11  0.09  0.09 20052005 12
  0.09  0.08  0.09  0.08  0.05  0.05  0.05  0.04  0.04  0.03  0.05  0.06 21052005 00
  0.07  0.07  0.08  0.09  0.10  0.12  0.14  0.14  0.15  0.14  0.14  0.16 21052005 12
  0.18  0.17  0.17  0.17  0.17  0.13  0.12  0.11  0.12  0.13  0.11  0.12 22052005 00
  0.13  0.15  0.14  0.14  0.14  0.13  0.14  0.15  0.14  0.14  0.12  0.10 22052005 12
  0.10  0.11  0.12  0.13  0.12  0.11  0.11  0.10  0.10  0.10  0.12  0.13 23052005 00
  0.17  0.19  0.18  0.20  0.20  0.21  0.25  0.28  0.22  0.19  0.16  0.11 23052005 12
  0.09  0.12  0.08  0.08  0.12  0.12  0.14  0.21  0.24  0.22  0.18  0.16 24052005 00
  0.13  0.14  0.15  0.12  0.11  0.10  0.08  0.07  0.09  0.07  0.06  0.04 24052005 12
  0.02  0.02  0.04  0.03  0.03  0.03  0.04  0.08  0.12  0.12  0.07  0.05 25052005 00
  0.03  0.05  0.08  0.07  0.07  0.08  0.07  0.06  0.08  0.10  0.09  0.08 25052005 12
  0.08  0.09  0.12  0.14  0.13  0.14  0.14  0.11  0.10  0.11  0.08  0.05 26052005 00
  0.04  0.01  0.00  0.01 -0.00  0.01  0.01  0.01  0.02  0.02  0.01 -0.02 26052005 12
 -0.05 -0.06 -0.05 -0.05 -0.06 -0.07 -0.07 -0.07 -0.08 -0.09 -0.09 -0.06 27052005 00
 -0.05 -0.04 -0.02 -0.00  0.00  0.02  0.01  0.02  0.03  0.06  0.07  0.06 27052005 12
  0.05  0.07  0.10  0.13  0.18  0.21  0.21  0.18  0.18  0.22  0.31  0.37 28052005 00
  0.36  0.28  0.24  0.19  0.21  0.25  0.21  0.22  0.23  0.20  0.14  0.14 28052005 12
  0.12  0.11  0.08  0.00 -0.06 -0.07 -0.07 -0.09 -0.10 -0.12 -0.13 -0.13 29052005 00
 -0.13 -0.15 -0.14 -0.13 -0.10 -0.08 -0.06 -0.05 -0.05 -0.06 -0.07 -0.08 29052005 12
 -0.09 -0.08 -0.07 -0.07 -0.08 -0.09 -0.09 -0.09 -0.08 -0.07 -0.06 -0.06 30052005 00
 -0.07 -0.09 -0.10 -0.10 -0.11 -0.11 -0.11 -0.11 -0.11 -0.11 -0.12 -0.13 30052005 12
 -0.12 -0.11 -0.09 -0.10 -0.12 -0.12 -0.13 -0.13 -0.12 -0.12 -0.13 -0.13 31052005 00
 -0.11 -0.11 -0.13 -0.14 -0.14 -0.14 -0.13 -0.13 -0.13 -0.13 -0.12 -0.13 31052005 12
 -0.14 -0.12 -0.11 -0.11 -0.10 -0.11 -0.09 -0.09 -0.06 -0.02  0.01  0.02 01062005 00
  0.04  0.06  0.10  0.12  0.12  0.11  0.12  0.10  0.10  0.09  0.07  0.04 01062005 12
  0.04  0.02  0.01  0.01  0.03  0.02  0.02  0.03  0.04  0.06  0.08  0.08 02062005 00
  0.09  0.10  0.11  0.12  0.14  0.14  0.12  0.12  0.11  0.12  0.13  0.14 02062005 12
  0.14  0.16  0.16  0.14  0.13  0.14  0.12  0.12  0.11  0.11  0.12  0.13 03062005 00
  0.11  0.11  0.10  0.10  0.11  0.14  0.16  0.17  0.18  0.17  0.17  0.18 03062005 12
  0.18  0.16  0.17  0.16  0.14  0.13  0.13  0.11  0.12  0.12  0.13  0.13 04062005 00
  0.15  0.13  0.14  0.14  0.13  0.11  0.10  0.09  0.09  0.07  0.05  0.05 04062005 12
  0.05  0.04  0.03  0.03  0.02 -0.01 -0.02 -0.03 -0.03 -0.02 -0.02 -0.01 05062005 00
 -0.00 -0.01 -0.01 -0.00 -0.00 -0.01 -0.02 -0.02 -0.03 -0.03 -0.03 -0.03 05062005 12
 -0.03 -0.05 -0.06 -0.07 -0.08 -0.09 -0.10 -0.13 -0.14 -0.15 -0.15 -0.13 06062005 00
 -0.13 -0.15 -0.15 -0.14 -0.15 -0.16 -0.17 -0.19 -0.19 -0.18 -0.18 -0.17 06062005 12
 -0.18 -0.19 -0.18 -0.17 -0.18 -0.18 -0.17 -0.18 -0.20 -0.21 -0.21 -0.20 07062005 00
 -0.17 -0.17 -0.19 -0.18 -0.18 -0.18 -0.18 -0.18 -0.18 -0.19 -0.20 -0.22 07062005 12
 -0.21 -0.20 -0.20 -0.19 -0.19 -0.21 -0.21 -0.21 -0.24 -0.23 -0.25 -0.25 08062005 00
 -0.23 -0.23 -0.23 -0.22 -0.21 -0.22 -0.23 -0.22 -0.21 -0.22 -0.22 -0.25 08062005 12
 -0.23 -0.21 -0.21 -0.21 -0.20 -0.21 -0.21 -0.21 -0.22 -0.23 -0.25 -0.25 09062005 00
 -0.24 -0.22 -0.22 -0.22 -0.19 -0.17 -0.18 -0.18 -0.17 -0.19 -0.20 -0.21 09062005 12
 -0.20 -0.17 -0.17 -0.18 -0.17 -0.17 -0.18 -0.18 -0.17 -0.19 -0.20 -0.21 10062005 00
 -0.20 -0.19 -0.18 -0.18 -0.18 -0.15 -0.15 -0.16 -0.14 -0.13 -0.13 -0.13 10062005 12
 -0.14 -0.13 -0.12 -0.11 -0.12 -0.10 -0.11 -0.11 -0.10 -0.10 -0.12 -0.13 11062005 00
 -0.13 -0.13 -0.11 -0.09 -0.09 -0.09 -0.07 -0.07 -0.06 -0.03 -0.03 -0.03 11062005 12
 -0.02 -0.00  0.01  0.00 -0.01 -0.01  0.02  0.04  0.04  0.04  0.04  0.05 12062005 00
  0.06  0.05  0.05  0.05  0.04  0.05  0.04  0.03  0.03  0.03  0.03  0.02 12062005 12
 -0.01 -0.03 -0.02  0.00  0.02  0.02  0.03  0.05  0.09  0.14  0.14  0.13 13062005 00
  0.15  0.17  0.17  0.15  0.15  0.13  0.14  0.12  0.13  0.12  0.11  0.08 13062005 12
  0.08  0.06  0.06  0.05  0.07  0.07  0.08  0.07  0.07  0.07  0.09  0.10 14062005 00
  0.12  0.12  0.11  0.11  0.11  0.11  0.12  0.13  0.12  0.12  0.11  0.08 14062005 12
  0.08  0.12  0.12  0.11  0.12  0.14  0.15  0.18  0.17  0.15  0.14  0.13 15062005 00
  0.15  0.19  0.20  0.19  0.17  0.14  0.14  0.14  0.15  0.13  0.11  0.06 15062005 12
  0.02 -0.01 -0.00 -0.01 -0.00 -0.01 -0.00  0.01  0.04  0.08  0.10  0.13 16062005 00
  0.17  0.21  0.22  0.20  0.15  0.10  0.07  0.07  0.08  0.08  0.04  0.03 16062005 12
 -0.00 -0.04 -0.04 -0.01 -0.00  0.00 -0.01 -0.03 -0.04 -0.02 -0.04 -0.06 17062005 00
 -0.07 -0.08 -0.11 -0.14 -0.16 -0.16 -0.15 -0.12 -0.10 -0.09 -0.10 -0.10 17062005 12
 -0.12 -0.12 -0.12 -0.12 -0.14 -0.15 -0.17 -0.16 -0.15 -0.14 -0.16 -0.15 18062005 00
 -0.14 -0.14 -0.13 -0.11 -0.11 -0.10 -0.09 -0.09 -0.07 -0.06 -0.07 -0.07 18062005 12
 -0.05 -0.05 -0.05 -0.04 -0.04 -0.04 -0.04 -0.04 -0.02 -0.01 -0.00 -0.00 19062005 00
  0.00  0.00  0.00  0.00  0.00 -0.02 -0.05 -0.05 -0.04 -0.03 -0.02 -0.01 19062005 12
 -0.00  0.00 -0.00 -0.01 -0.02 -0.04 -0.06 -0.06 -0.04 -0.04 -0.04 -0.04 20062005 00
 -0.05 -0.04 -0.03 -0.03 -0.03 -0.02 -0.02 -0.01 -0.01 -0.01 -0.01 -0.00 20062005 12
 -0.01 -0.02 -0.02 -0.02  0.00  0.02  0.03  0.02  0.03  0.05  0.05  0.05 21062005 00
  0.04  0.01 -0.00 -0.01 -0.02 -0.04 -0.06 -0.05 -0.06 -0.07 -0.08 -0.08 21062005 12
 -0.08 -0.07 -0.06 -0.05 -0.05 -0.04 -0.03 -0.02 -0.01 -0.01 -0.01 -0.02 22062005 00
 -0.02 -0.02 -0.02 -0.01  0.00 -0.01 -0.02 -0.01 -0.00 -0.01 -0.02 -0.01 22062005 12
  0.00  0.02  0.01  0.01  0.00  0.00 -0.00 -0.02 -0.04 -0.04 -0.04 -0.03 23062005 00
 -0.03 -0.03 -0.03 -0.02 -0.02 -0.02 -0.03 -0.04 -0.04 -0.04 -0.04 -0.04 23062005 12
 -0.03 -0.02 -0.02 -0.03 -0.04 -0.04 -0.03 -0.04 -0.05 -0.06 -0.07 -0.07 24062005 00
 -0.06 -0.04 -0.03 -0.05 -0.05 -0.06 -0.07 -0.05 -0.04 -0.04 -0.06 -0.08 24062005 12
 -0.09 -0.09 -0.07 -0.08 -0.09 -0.10 -0.13 -0.14 -0.14 -0.18 -0.19 -0.20 25062005 00
 -0.18 -0.16 -0.14 -0.15 -0.20 -0.18 -0.19 -0.19 -0.17 -0.17 -0.20 -0.21 25062005 12
 -0.18 -0.18 -0.15 -0.13 -0.15 -0.13 -0.14 -0.16 -0.18 -0.17 -0.17 -0.15 26062005 00
 -0.16 -0.17 -0.18 -0.16 -0.15 -0.19 -0.17 -0.17 -0.16 -0.15 -0.17 -0.18 26062005 12
 -0.19 -0.18 -0.19 -0.17 -0.16 -0.16 -0.14 -0.14 -0.15 -0.14 -0.14 -0.16 27062005 00
 -0.17 -0.18 -0.18 -0.16 -0.15 -0.15 -0.16 -0.14 -0.15 -0.17 -0.17 -0.18 27062005 12
 -0.19 -0.17 -0.16 -0.14 -0.13 -0.13 -0.13 -0.11 -0.13 -0.13 -0.12 -0.10 28062005 00
 -0.12 -0.14 -0.12 -0.11 -0.07 -0.07 -0.08 -0.08 -0.06 -0.06 -0.06 -0.05 28062005 12
 -0.04 -0.03 -0.01 -0.00 -0.01 -0.02 -0.01  0.00  0.02  0.02  0.02  0.03 29062005 00
  0.05  0.07  0.07  0.06  0.05  0.04  0.03  0.04  0.06  0.06  0.05  0.05 29062005 12
  0.05  0.07  0.08  0.07  0.08  0.09  0.09  0.10  0.12  0.12  0.12  0.12 30062005 00
  0.13  0.12  0.12  0.12  0.11  0.10  0.11  0.13  0.14  0.17  0.16  0.14 30062005 12
  0.13  0.12  0.12  0.13  0.10  0.09  0.08  0.05  0.04  0.04  0.04  0.04 01072005 00
  0.05  0.04  0.04  0.06  0.08  0.07  0.07  0.06  0.06  0.06  0.05  0.05 01072005 12
  0.04  0.03  0.01 -0.00 -0.01 -0.01 -0.03 -0.04 -0.04 -0.03 -0.02 -0.02 02072005 00
 -0.01 -0.00  0.02  0.04  0.08  0.11  0.11  0.11  0.11  0.14  0.16  0.19 02072005 12
  0.21  0.23  0.26  0.26  0.22  0.18  0.16  0.18  0.20  0.18  0.15  0.09 03072005 00
  0.04  0.02  0.04  0.04  0.01  0.00 -0.00 -0.02 -0.02 -0.02 -0.02 -0.01 03072005 12
 -0.00  0.01  0.02  0.01  0.00 -0.00 -0.01 -0.03 -0.02  0.00  0.01  0.01 04072005 00
  0.02  0.03  0.05  0.06  0.08  0.10  0.10  0.11  0.10  0.09  0.09  0.09 04072005 12
  0.08  0.08  0.05  0.05  0.03  0.02  0.01  0.04  0.06  0.08  0.09  0.09 05072005 00
  0.11  0.14  0.15  0.15  0.16  0.17  0.18  0.18  0.16  0.14  0.12  0.09 05072005 12
  0.08  0.08  0.09  0.09  0.09  0.08  0.05 -0.00 -0.06 -0.06 -0.02 -0.01 06072005 00
  0.00 -0.00  0.01  0.04  0.04  0.05  0.05  0.07  0.08  0.05  0.02 -0.01 06072005 12
 -0.02 -0.03 -0.04 -0.06 -0.06 -0.07 -0.09 -0.12 -0.14 -0.14 -0.11 -0.09 07072005 00
 -0.06 -0.07 -0.09 -0.09 -0.08 -0.08 -0.09 -0.08 -0.08 -0.08 -0.09 -0.09 07072005 12
 -0.08 -0.08 -0.09 -0.09 -0.09 -0.09 -0.09 -0.10 -0.10 -0.08 -0.09 -0.09 08072005 00
 -0.09 -0.09 -0.11 -0.11 -0.10 -0.10 -0.10 -0.09 -0.10 -0.12 -0.12 -0.13 08072005 12
 -0.12 -0.10 -0.10 -0.11 -0.11 -0.12 -0.12 -0.13 -0.13 -0.14 -0.14 -0.14 09072005 00
 -0.14 -0.12 -0.12 -0.13 -0.12 -0.12 -0.13 -0.14 -0.14 -0.15 -0.16 -0.17 09072005 12
 -0.17 -0.15 -0.14 -0.15 -0.16 -0.15 -0.17 -0.17 -0.17 -0.18 -0.19 -0.20 10072005 00
 -0.20 -0.20 -0.19 -0.18 -0.19 -0.18 -0.17 -0.18 -0.17 -0.17 -0.21 -0.23 10072005 12
 -0.22 -0.22 -0.20 -0.20 -0.21 -0.21 -0.21 -0.22 -0.22 -0.20 -0.20 -0.20 11072005 00
 -0.21 -0.23 -0.22 -0.21 -0.22 -0.22 -0.20 -0.20 -0.21 -0.19 -0.19 -0.21 11072005 12
 -0.23 -0.22 -0.20 -0.19 -0.19 -0.20 -0.18 -0.19 -0.19 -0.16 -0.17 -0.19 12072005 00
 -0.21 -0.20 -0.20 -0.18 -0.19 -0.19 -0.18 -0.16 -0.16 -0.16 -0.15 -0.16 12072005 12
 -0.18 -0.19 -0.18 -0.17 -0.17 -0.17 -0.18 -0.18 -0.18 -0.18 -0.17 -0.19 13072005 00
 -0.19 -0.18 -0.18 -0.17 -0.15 -0.15 -0.16 -0.14 -0.14 -0.14 -0.13 -0.13 13072005 12
 -0.15 -0.13 -0.12 -0.11 -0.10 -0.10 -0.11 -0.10 -0.09 -0.08 -0.07 -0.06 14072005 00
 -0.05 -0.06 -0.05 -0.05 -0.03 -0.01  0.01  0.02  0.04  0.04  0.03  0.01 14072005 12
  0.02  0.02  0.01  0.02  0.01 -0.00 -0.02 -0.03 -0.04 -0.03 -0.02 -0.02 15072005 00
 -0.02 -0.03 -0.04 -0.05 -0.06 -0.06 -0.05 -0.05 -0.04 -0.03 -0.04 -0.05 15072005 12
 -0.05 -0.04 -0.04 -0.05 -0.05 -0.05 -0.05 -0.06 -0.06 -0.05 -0.06 -0.06 16072005 00
 -0.06 -0.06 -0.07 -0.06 -0.06 -0.06 -0.07 -0.07 -0.06 -0.04 -0.05 -0.05 16072005 12
 -0.05 -0.05 -0.05 -0.06 -0.06 -0.06 -0.06 -0.06 -0.05 -0.05 -0.04 -0.04 17072005 00
 -0.02 -0.01 -0.02 -0.02 -0.01 -0.01 -0.01  0.01  0.03  0.05  0.06  0.06 17072005 12
  0.06  0.08  0.12  0.14  0.15  0.14  0.13  0.12  0.13  0.14  0.15  0.13 18072005 00
  0.12  0.11  0.11  0.10  0.12  0.13  0.11  0.12  0.12  0.14  0.14  0.14 18072005 12
  0.14  0.16  0.16  0.13  0.08  0.07  0.05  0.04  0.04  0.04  0.05  0.05 19072005 00
  0.07  0.06  0.06  0.07  0.07  0.08  0.10  0.10  0.10  0.09  0.08  0.06 19072005 12
  0.07  0.05  0.05  0.06  0.07  0.05  0.03  0.01  0.01  0.03  0.00 -0.02 20072005 00
 -0.03 -0.04 -0.06 -0.06 -0.07 -0.08 -0.09 -0.10 -0.10 -0.11 -0.11 -0.11 20072005 12
 -0.11 -0.10 -0.08 -0.08 -0.08 -0.07 -0.08 -0.09 -0.09 -0.08 -0.08 -0.06 21072005 00
 -0.05 -0.07 -0.06 -0.07 -0.08 -0.08 -0.09 -0.11 -0.11 -0.10 -0.09 -0.08 21072005 12
 -0.08 -0.08 -0.07 -0.06 -0.07 -0.08 -0.07 -0.07 -0.07 -0.06 -0.06 -0.06 22072005 00
 -0.04 -0.04 -0.05 -0.03 -0.03 -0.03 -0.03 -0.03 -0.02 -0.03 -0.04 -0.04 22072005 12
 -0.04 -0.02 -0.01 -0.01 -0.01 -0.01 -0.01 -0.00  0.01  0.02  0.02  0.02 23072005 00
  0.03  0.03  0.02  0.02  0.02  0.02  0.03  0.03  0.04  0.04  0.03  0.02 23072005 12
  0.02  0.02  0.03  0.03  0.02  0.01  0.00 -0.00 -0.01 -0.02 -0.01  0.00 24072005 00
  0.02  0.03  0.02  0.01  0.01  0.01  0.01  0.01  0.01  0.02  0.04  0.04 24072005 12
  0.03  0.02  0.03  0.02  0.01  0.01  0.01  0.02  0.02  0.01  0.01  0.01 25072005 00
  0.01  0.02  0.02  0.01  0.01  0.01  0.01  0.02  0.02  0.02  0.01  0.00 25072005 12
  0.00  0.00 -0.00 -0.00 -0.00 -0.01 -0.02 -0.03 -0.04 -0.04 -0.03 -0.02 26072005 00
 -0.03 -0.03 -0.03 -0.01 -0.01 -0.03 -0.02 -0.01 -0.01 -0.01 -0.01 -0.00 26072005 12
  0.01  0.02  0.01  0.00 -0.01 -0.02 -0.01 -0.01 -0.02 -0.02 -0.02 -0.03 27072005 00
 -0.03 -0.04 -0.03 -0.02 -0.01 -0.00 -0.01 -0.01 -0.02 -0.02 -0.03 -0.05 27072005 12
 -0.07 -0.06 -0.04 -0.06 -0.06 -0.07 -0.10 -0.13 -0.13 -0.13 -0.12 -0.11 28072005 00
 -0.12 -0.12 -0.11 -0.10 -0.09 -0.07 -0.06 -0.05 -0.02 -0.01 -0.03 -0.04 28072005 12
 -0.00  0.01  0.01  0.00 -0.01 -0.02 -0.02 -0.03 -0.04 -0.03 -0.03 -0.02 29072005 00
 -0.01 -0.03 -0.04 -0.03 -0.02 -0.02 -0.02 -0.01 -0.02 -0.01 -0.01 -0.01 29072005 12
 -0.02 -0.02 -0.02 -0.02 -0.03 -0.05 -0.05 -0.06 -0.06 -0.04 -0.04 -0.05 30072005 00
 -0.06 -0.07 -0.07 -0.07 -0.05 -0.04 -0.05 -0.05 -0.05 -0.05 -0.04 -0.05 30072005 12
 -0.05 -0.04 -0.04 -0.06 -0.08 -0.08 -0.08 -0.08 -0.08 -0.07 -0.07 -0.06 31072005 00
 -0.06 -0.06 -0.05 -0.05 -0.05 -0.05 -0.03 -0.02 -0.02 -0.03 -0.05 -0.04 31072005 12
 -0.04 -0.03 -0.02 -0.03 -0.03 -0.04 -0.04 -0.05 -0.05 -0.04 -0.04 -0.05 01082005 00
 -0.05 -0.06 -0.06 -0.07 -0.08 -0.09 -0.09 -0.07 -0.07 -0.08 -0.09 -0.09 01082005 12
 -0.07 -0.06 -0.06 -0.06 -0.07 -0.07 -0.09 -0.09 -0.08 -0.06 -0.05 -0.04 02082005 00
 -0.03 -0.02  0.00  0.01  0.03  0.06  0.08  0.08  0.06  0.04  0.01 -0.00 02082005 12
 -0.02 -0.03 -0.04 -0.02 -0.02 -0.02 -0.02 -0.02 -0.03 -0.03 -0.03 -0.02 03082005 00
 -0.01 -0.01 -0.03 -0.04 -0.04 -0.04 -0.05 -0.08 -0.09 -0.07 -0.06 -0.06 03082005 12
 -0.05 -0.05 -0.04 -0.03 -0.05 -0.05 -0.06 -0.09 -0.12 -0.11 -0.09 -0.09 04082005 00
 -0.08 -0.08 -0.07 -0.07 -0.08 -0.08 -0.06 -0.04 -0.02 -0.02 -0.02 -0.01 04082005 12
  0.02  0.07  0.10  0.11  0.10  0.08  0.05 -0.00 -0.05 -0.08 -0.10 -0.11 05082005 00
 -0.11 -0.12 -0.13 -0.13 -0.13 -0.14 -0.13 -0.10 -0.07 -0.06 -0.07 -0.08 05082005 12
 -0.08 -0.09 -0.08 -0.08 -0.08 -0.08 -0.09 -0.10 -0.11 -0.11 -0.10 -0.09 06082005 00
 -0.07 -0.06 -0.05 -0.05 -0.06 -0.08 -0.08 -0.07 -0.06 -0.06 -0.06 -0.08 06082005 12
 -0.08 -0.07 -0.07 -0.07 -0.07 -0.09 -0.09 -0.09 -0.09 -0.11 -0.13 -0.12 07082005 00
 -0.11 -0.10 -0.09 -0.09 -0.08 -0.08 -0.09 -0.08 -0.08 -0.09 -0.10 -0.11 07082005 12
 -0.11 -0.09 -0.08 -0.08 -0.08 -0.09 -0.10 -0.09 -0.09 -0.10 -0.09 -0.09 08082005 00
 -0.07 -0.07 -0.06 -0.05 -0.05 -0.05 -0.05 -0.05 -0.04 -0.04 -0.06 -0.07 08082005 12
 -0.06 -0.06 -0.05 -0.05 -0.05 -0.05 -0.06 -0.06 -0.06 -0.05 -0.05 -0.06 09082005 00
 -0.06 -0.07 -0.06 -0.06 -0.06 -0.06 -0.05 -0.05 -0.04 -0.04 -0.05 -0.04 09082005 12
 -0.05 -0.05 -0.04 -0.03 -0.04 -0.04 -0.03 -0.03 -0.03 -0.03 -0.05 -0.05 10082005 00
 -0.05 -0.04 -0.04 -0.04 -0.04 -0.04 -0.04 -0.04 -0.04 -0.04 -0.05 -0.05 10082005 12
 -0.06 -0.06 -0.05 -0.04 -0.03 -0.04 -0.03 -0.04 -0.04 -0.02 -0.01 -0.02 11082005 00
 -0.01 -0.01 -0.01 -0.00 -0.00 -0.00 -0.00  0.00  0.01  0.01 -0.00 -0.02 11082005 12
 -0.02 -0.00  0.01 -0.01 -0.02 -0.03 -0.02 -0.03 -0.05 -0.06 -0.06 -0.06 12082005 00
 -0.06 -0.07 -0.07 -0.06 -0.05 -0.06 -0.06 -0.04 -0.03 -0.03 -0.04 -0.05 12082005 12
 -0.05 -0.04 -0.04 -0.04 -0.00  0.01  0.02  0.05  0.09  0.12  0.14  0.15 13082005 00
  0.17  0.18  0.16  0.14  0.11  0.08  0.05  0.05  0.04  0.05  0.01 -0.06 13082005 12
 -0.09 -0.07 -0.05 -0.02 -0.01 -0.01 -0.02 -0.03 -0.04 -0.06 -0.07 -0.07 14082005 00
 -0.07 -0.10 -0.13 -0.15 -0.14 -0.12 -0.13 -0.13 -0.14 -0.12 -0.12 -0.12 14082005 12
 -0.13 -0.12 -0.13 -0.12 -0.12 -0.12 -0.11 -0.11 -0.11 -0.10 -0.09 -0.09 15082005 00
 -0.08 -0.07 -0.09 -0.11 -0.11 -0.12 -0.12 -0.12 -0.12 -0.12 -0.12 -0.12 15082005 12
 -0.12 -0.11 -0.10 -0.10 -0.12 -0.13 -0.15 -0.14 -0.13 -0.12 -0.12 -0.10 16082005 00
 -0.10 -0.10 -0.09 -0.09 -0.10 -0.10 -0.10 -0.09 -0.07 -0.07 -0.07 -0.08 16082005 12
 -0.07 -0.07 -0.07 -0.06 -0.05 -0.06 -0.05 -0.06 -0.06 -0.04 -0.03 -0.02 17082005 00
 -0.01 -0.01 -0.01 -0.01 -0.01 -0.02 -0.02 -0.03 -0.03 -0.02 -0.03 -0.04 17082005 12
 -0.04 -0.04 -0.04 -0.03 -0.03 -0.02 -0.02 -0.03 -0.03 -0.02 -0.01 -0.00 18082005 00
  0.01  0.01  0.01 -0.00 -0.02 -0.04 -0.06 -0.05 -0.04 -0.04 -0.05 -0.06 18082005 12
 -0.07 -0.07 -0.07 -0.06 -0.07 -0.06 -0.06 -0.07 -0.08 -0.07 -0.07 -0.06 19082005 00
 -0.05 -0.07 -0.06 -0.06 -0.06 -0.04 -0.05 -0.07 -0.08 -0.07 -0.07 -0.08 19082005 12
 -0.09 -0.11 -0.10 -0.09 -0.11 -0.13 -0.15 -0.17 -0.16 -0.18 -0.16 -0.15 20082005 00
 -0.14 -0.14 -0.16 -0.14 -0.14 -0.14 -0.11 -0.10 -0.12 -0.12 -0.13 -0.14 20082005 12
 -0.12 -0.10 -0.12 -0.10 -0.11 -0.12 -0.13 -0.12 -0.12 -0.13 -0.12 -0.11 21082005 00
 -0.11 -0.08 -0.06 -0.06 -0.04 -0.05 -0.04 -0.02  0.01  0.03  0.04  0.02 21082005 12
  0.02  0.03  0.04  0.03  0.02  0.04  0.04  0.04 -0.00 -0.05 -0.08 -0.09 22082005 00
 -0.09 -0.09 -0.09 -0.12 -0.13 -0.10 -0.10 -0.10 -0.11 -0.11 -0.10 -0.09 22082005 12
 -0.09 -0.09 -0.07 -0.06 -0.06 -0.06 -0.07 -0.07 -0.06 -0.05 -0.03 -0.00 23082005 00
  0.01  0.03  0.05  0.08  0.10  0.09  0.08  0.09  0.09  0.09  0.11  0.11 23082005 12
  0.10  0.10  0.08  0.13  0.26  0.34  0.42  0.53  0.63  0.66  0.62  0.48 24082005 00
  0.39  0.36  0.25  0.13  0.10  0.06  0.00  0.01  0.01 -0.01  0.04  0.13 24082005 12
  0.19  0.21  0.19  0.18  0.16  0.18  0.17  0.17  0.16  0.14  0.09  0.04 25082005 00
  0.04  0.06  0.10  0.11  0.16  0.19  0.21  0.20  0.20  0.21  0.20  0.19 25082005 12
  0.18  0.15  0.14  0.12  0.09  0.05  0.05  0.02  0.03  0.03  0.03  0.02 26082005 00
  0.05  0.06  0.05  0.05  0.05  0.04  0.08  0.11  0.11  0.13  0.12  0.08 26082005 12
  0.07  0.08  0.06  0.06  0.04  0.03  0.01 -0.00 -0.03 -0.02 -0.01 -0.01 27082005 00
 -0.01 -0.00 -0.00  0.00 -0.01 -0.02 -0.01 -0.01 -0.00 -0.00 -0.01 -0.03 27082005 12
 -0.04 -0.05 -0.05 -0.05 -0.05 -0.04 -0.02 -0.00  0.01  0.04  0.04  0.07 28082005 00
  0.14  0.19  0.21  0.21  0.19  0.16  0.18  0.20  0.19  0.16  0.13  0.12 28082005 12
  0.10  0.08  0.08  0.07  0.07  0.06  0.04  0.04  0.08  0.07  0.03 -0.01 29082005 00
 -0.02 -0.04 -0.08 -0.11 -0.16 -0.18 -0.17 -0.15 -0.14 -0.12 -0.12 -0.13 29082005 12
 -0.13 -0.12 -0.10 -0.10 -0.10 -0.10 -0.09 -0.10 -0.10 -0.09 -0.07 -0.08 30082005 00
 -0.07 -0.07 -0.06 -0.07 -0.08 -0.10 -0.09 -0.09 -0.07 -0.06 -0.06 -0.05 30082005 12
 -0.05 -0.05 -0.06 -0.07 -0.07 -0.06 -0.06 -0.04 -0.02  0.00  0.01  0.03 31082005 00
  0.03  0.04  0.05  0.07  0.08  0.09  0.08  0.09  0.11  0.11  0.08  0.06 31082005 12
  0.06  0.07  0.06  0.07  0.07  0.08  0.07  0.05  0.03  0.02 -0.00 -0.02 01092005 00
 -0.03 -0.01 -0.01 -0.01 -0.01 -0.03 -0.05 -0.05 -0.05 -0.06 -0.07 -0.08 01092005 12
 -0.08 -0.08 -0.07 -0.07 -0.07 -0.07 -0.08 -0.10 -0.13 -0.14 -0.15 -0.14 02092005 00
 -0.12 -0.11 -0.10 -0.09 -0.09 -0.09 -0.10 -0.11 -0.13 -0.13 -0.15 -0.17 02092005 12
 -0.19 -0.20 -0.19 -0.18 -0.19 -0.20 -0.18 -0.17 -0.19 -0.19 -0.21 -0.19 03092005 00
 -0.17 -0.17 -0.15 -0.13 -0.13 -0.13 -0.10 -0.07 -0.06 -0.08 -0.10 -0.12 03092005 12
 -0.13 -0.13 -0.12 -0.11 -0.11 -0.11 -0.09 -0.08 -0.11 -0.13 -0.12 -0.12 04092005 00
 -0.12 -0.10 -0.11 -0.09 -0.07 -0.07 -0.06 -0.03 -0.02 -0.02 -0.05 -0.08 04092005 12
 -0.09 -0.08 -0.08 -0.05 -0.02  0.01  0.02  0.03  0.03  0.03  0.02  0.01 05092005 00
 -0.01 -0.03 -0.03 -0.02 -0.02 -0.01 -0.00  0.01  0.04  0.05  0.03  0.01 05092005 12
 -0.01 -0.03 -0.04 -0.03 -0.02 -0.00  0.01  0.03  0.05  0.06  0.04  0.02 06092005 00
  0.00 -0.01 -0.01  0.01  0.01  0.02  0.04  0.06  0.08  0.10  0.10  0.09 06092005 12
  0.07  0.06  0.06  0.07  0.06  0.08  0.11  0.13  0.15  0.17  0.13  0.13 07092005 00
  0.10  0.06  0.05  0.06  0.07  0.08  0.11  0.13  0.15  0.21  0.23  0.20 07092005 12
  0.20  0.18  0.17  0.21  0.21  0.19  0.20  0.17  0.12  0.11  0.10  0.08 08092005 00
  0.04  0.02 -0.03 -0.06 -0.07 -0.07 -0.04 -0.02 -0.01  0.02  0.03  0.02 08092005 12
 -0.01 -0.03 -0.04 -0.05 -0.05 -0.05 -0.04 -0.02 -0.01  0.02  0.03  0.03 09092005 00
  0.01 -0.02 -0.02 -0.03 -0.03 -0.02 -0.02 -0.02 -0.01  0.01  0.01 -0.01 09092005 12
 -0.03 -0.06 -0.07 -0.10 -0.10 -0.10 -0.08 -0.07 -0.06 -0.05 -0.03 -0.00 10092005 00
  0.00 -0.03 -0.08 -0.10 -0.12 -0.11 -0.10 -0.08 -0.07 -0.07 -0.06 -0.07 10092005 12
 -0.09 -0.10 -0.12 -0.12 -0.13 -0.14 -0.15 -0.12 -0.09 -0.06 -0.04 -0.06 11092005 00
 -0.09 -0.09 -0.11 -0.13 -0.14 -0.14 -0.13 -0.11 -0.08 -0.07 -0.06 -0.07 11092005 12
 -0.09 -0.11 -0.12 -0.13 -0.13 -0.13 -0.11 -0.10 -0.08 -0.06 -0.05 -0.04 12092005 00
 -0.05 -0.08 -0.09 -0.10 -0.11 -0.12 -0.11 -0.08 -0.04 -0.01 -0.02 -0.03 12092005 12
 -0.04 -0.06 -0.08 -0.08 -0.08 -0.07 -0.06 -0.05 -0.03  0.01  0.03  0.06 13092005 00
  0.07  0.05  0.03  0.01 -0.02 -0.03 -0.00  0.05  0.10  0.17  0.20  0.22 13092005 12
  0.27  0.33  0.34  0.28  0.19  0.11  0.09  0.04  0.03 -0.02 -0.06 -0.09 14092005 00
 -0.12 -0.15 -0.17 -0.18 -0.20 -0.20 -0.17 -0.13 -0.08 -0.05 -0.05 -0.03 14092005 12
 -0.02 -0.02 -0.02 -0.03 -0.06 -0.06 -0.03  0.01  0.05  0.08  0.10  0.09 15092005 00
  0.07  0.02 -0.02 -0.03 -0.03 -0.06 -0.09 -0.10 -0.11 -0.11 -0.13 -0.16 15092005 12
 -0.18 -0.18 -0.20 -0.23 -0.24 -0.27 -0.28 -0.27 -0.23 -0.22 -0.15 -0.14 16092005 00
 -0.18 -0.16 -0.16 -0.18 -0.18 -0.17 -0.19 -0.16 -0.14 -0.11 -0.10 -0.12 16092005 12
 -0.16 -0.16 -0.16 -0.17 -0.18 -0.18 -0.17 -0.13 -0.11 -0.11 -0.10 -0.09 17092005 00
 -0.07 -0.10 -0.08 -0.08 -0.09 -0.09 -0.08 -0.09 -0.07 -0.06 -0.06 -0.06 17092005 12
 -0.08 -0.11 -0.11 -0.12 -0.13 -0.14 -0.15 -0.14 -0.14 -0.11 -0.11 -0.12 18092005 00
 -0.11 -0.13 -0.15 -0.14 -0.15 -0.15 -0.14 -0.11 -0.06 -0.05 -0.06 -0.07 18092005 12
 -0.07 -0.07 -0.08 -0.08 -0.09 -0.09 -0.07 -0.03  0.01  0.03  0.03  0.03 19092005 00
  0.04  0.05  0.06  0.06  0.06  0.07  0.07  0.08  0.10  0.10  0.07  0.06 19092005 12
  0.04 -0.01 -0.02 -0.04 -0.07 -0.06 -0.08 -0.10 -0.09 -0.07 -0.08 -0.08 20092005 00
 -0.08 -0.10 -0.13 -0.16 -0.15 -0.15 -0.15 -0.14 -0.10 -0.08 -0.06 -0.09 20092005 12
 -0.10 -0.10 -0.11 -0.13 -0.13 -0.13 -0.12 -0.11 -0.07 -0.03 -0.01  0.01 21092005 00
  0.02  0.00 -0.03 -0.04 -0.04 -0.03 -0.02  0.00  0.04  0.10  0.13  0.11 21092005 12
  0.09  0.07  0.03  0.02  0.04  0.02  0.02  0.02  0.02  0.06  0.10  0.11 22092005 00
  0.07  0.04 -0.01 -0.03 -0.02 -0.03 -0.02  0.01  0.02  0.05  0.12  0.14 22092005 12
  0.13  0.11  0.09  0.10  0.15  0.16  0.17  0.20  0.24  0.29  0.34  0.35 23092005 00
  0.31  0.29  0.26  0.23  0.18  0.11  0.01  0.01 -0.02 -0.08 -0.13 -0.14 23092005 12
 -0.15 -0.15 -0.17 -0.19 -0.22 -0.22 -0.19 -0.17 -0.16 -0.13 -0.07 -0.01 24092005 00
  0.01  0.00 -0.02 -0.00  0.01 -0.01 -0.00  0.05  0.10  0.14  0.16  0.20 24092005 12
  0.27  0.29  0.28  0.25  0.22  0.20  0.21  0.19  0.19  0.17  0.14  0.13 25092005 00
  0.16  0.14  0.12  0.10  0.05  0.04  0.03  0.01  0.02  0.02  0.02  0.00 25092005 12
  0.01  0.02 -0.01 -0.05 -0.09 -0.09 -0.06 -0.03 -0.01  0.05  0.13  0.22 26092005 00
  0.30  0.34  0.41  0.44  0.44  0.46  0.48  0.53  0.57  0.52  0.42  0.32 26092005 12
  0.25  0.23  0.17  0.12  0.07  0.02  0.05  0.07  0.12  0.19  0.30  0.35 27092005 00
  0.34  0.30  0.26  0.20  0.14  0.08  0.05  0.02 -0.02 -0.05 -0.07 -0.05 27092005 12
  0.03  0.07  0.10  0.13  0.12  0.08  0.04 -0.00 -0.01  0.00  0.03  0.07 28092005 00
  0.12  0.14  0.18  0.25  0.37  0.51  0.63  0.55  0.42  0.30  0.26  0.20 28092005 12
  0.10  0.09  0.11  0.06 -0.06 -0.17 -0.25 -0.28 -0.23 -0.15 -0.06  0.01 29092005 00
  0.04  0.04 -0.00 -0.00  0.01 -0.02 -0.05 -0.06 -0.06 -0.05 -0.06 -0.03 29092005 12
  0.05  0.13  0.17  0.20  0.22  0.24  0.25  0.21  0.17  0.14  0.13  0.14 30092005 00
  0.15  0.13  0.13  0.16  0.19  0.20  0.19  0.17  0.18  0.20  0.18  0.17 30092005 12
  0.17  0.18  0.19  0.21  0.23  0.23  0.24  0.22  0.16  0.13  0.06  0.04 01102005 00
  0.01 -0.01 -0.02  0.03  0.03  0.02  0.01 -0.02 -0.05 -0.04 -0.05 -0.09 01102005 12
 -0.15 -0.19 -0.19 -0.19 -0.21 -0.21 -0.21 -0.21 -0.21 -0.20 -0.20 -0.16 02102005 00
 -0.13 -0.14 -0.12 -0.10 -0.11 -0.09 -0.08 -0.09 -0.10 -0.13 -0.14 -0.14 02102005 12
 -0.16 -0.18 -0.18 -0.17 -0.17 -0.16 -0.15 -0.15 -0.15 -0.18 -0.18 -0.19 03102005 00
 -0.18 -0.19 -0.20 -0.17 -0.18 -0.18 -0.16 -0.14 -0.15 -0.16 -0.20 -0.21 03102005 12
 -0.22 -0.21 -0.20 -0.18 -0.18 -0.17 -0.14 -0.12 -0.16 -0.15 -0.18 -0.18 04102005 00
 -0.18 -0.18 -0.20 -0.18 -0.17 -0.16 -0.14 -0.13 -0.12 -0.14 -0.15 -0.18 04102005 12
 -0.18 -0.18 -0.20 -0.18 -0.15 -0.14 -0.13 -0.13 -0.14 -0.15 -0.18 -0.19 05102005 00
 -0.18 -0.15 -0.17 -0.18 -0.14 -0.13 -0.12 -0.10 -0.08 -0.10 -0.13 -0.16 05102005 12
 -0.17 -0.17 -0.18 -0.18 -0.15 -0.13 -0.13 -0.10 -0.09 -0.10 -0.10 -0.12 06102005 00
 -0.13 -0.13 -0.11 -0.11 -0.09 -0.07 -0.06 -0.04 -0.03 -0.03 -0.03 -0.04 06102005 12
 -0.07 -0.08 -0.08 -0.07 -0.05 -0.03 -0.02 -0.00  0.01  0.02  0.01 -0.01 07102005 00
 -0.04 -0.06 -0.05 -0.01  0.01  0.03  0.05  0.07  0.09  0.12  0.14  0.14 07102005 12
  0.13  0.11  0.11  0.12  0.13  0.13  0.17  0.20  0.21  0.21  0.16  0.06 08102005 00
  0.04 -0.01 -0.04 -0.01  0.01  0.04  0.07  0.10  0.12  0.12  0.09  0.05 08102005 12
  0.01  0.01 -0.01 -0.01 -0.03 -0.03 -0.03 -0.01 -0.01 -0.01  0.00  0.02 09102005 00
  0.02  0.01  0.02  0.05  0.11  0.14  0.16  0.19  0.24  0.28  0.31  0.34 09102005 12
  0.30  0.25  0.21  0.18  0.19  0.21  0.22  0.25  0.30  0.28  0.24  0.24 10102005 00
  0.23  0.15  0.11  0.07  0.06  0.07  0.10  0.09  0.09  0.06  0.07  0.10 10102005 12
  0.15  0.14  0.12  0.11  0.11  0.12  0.12  0.11  0.11  0.10  0.06  0.00 11102005 00
 -0.05 -0.08 -0.13 -0.15 -0.15 -0.16 -0.14 -0.13 -0.09 -0.04 -0.03 -0.05 11102005 12
 -0.07 -0.07 -0.07 -0.04 -0.02  0.00  0.03  0.07  0.08  0.08  0.07  0.07 12102005 00
  0.06  0.02 -0.03 -0.04 -0.03 -0.01 -0.02 -0.01 -0.01  0.00  0.01 -0.01 12102005 12
 -0.03 -0.06 -0.08 -0.11 -0.13 -0.10 -0.06 -0.04 -0.05 -0.07 -0.11 -0.12 13102005 00
 -0.12 -0.13 -0.15 -0.16 -0.20 -0.18 -0.15 -0.15 -0.17 -0.18 -0.19 -0.20 13102005 12
 -0.19 -0.21 -0.21 -0.21 -0.22 -0.21 -0.18 -0.17 -0.14 -0.12 -0.13 -0.15 14102005 00
 -0.16 -0.18 -0.20 -0.21 -0.19 -0.18 -0.17 -0.16 -0.15 -0.14 -0.13 -0.14 14102005 12
 -0.15 -0.17 -0.19 -0.19 -0.17 -0.16 -0.14 -0.12 -0.15 -0.16 -0.15 -0.15 15102005 00
 -0.18 -0.21 -0.21 -0.21 -0.18 -0.15 -0.13 -0.11 -0.09 -0.10 -0.11 -0.13 15102005 12
 -0.16 -0.17 -0.17 -0.17 -0.16 -0.14 -0.14 -0.13 -0.14 -0.14 -0.15 -0.14 16102005 00
 -0.15 -0.18 -0.16 -0.17 -0.18 -0.14 -0.08 -0.04 -0.01 -0.04 -0.07 -0.10 16102005 12
 -0.13 -0.16 -0.16 -0.15 -0.14 -0.12 -0.10 -0.08 -0.05 -0.07 -0.08 -0.08 17102005 00
 -0.08 -0.11 -0.11 -0.11 -0.11 -0.11 -0.10 -0.06 -0.05 -0.04 -0.07 -0.11 17102005 12
 -0.13 -0.15 -0.19 -0.20 -0.19 -0.18 -0.14 -0.10 -0.05 -0.08 -0.08 -0.09 18102005 00
 -0.11 -0.12 -0.14 -0.13 -0.13 -0.12 -0.09 -0.02  0.04  0.06  0.01 -0.01 18102005 12
 -0.04 -0.05 -0.06 -0.07 -0.05 -0.03 -0.02  0.01  0.08  0.12  0.11  0.08 19102005 00
  0.06  0.04  0.03  0.04  0.04  0.06  0.07  0.10  0.15  0.17  0.17  0.14 19102005 12
  0.11  0.07  0.06  0.08  0.08  0.12  0.15  0.17  0.19  0.23  0.23  0.21 20102005 00
  0.18  0.14  0.10  0.14  0.11  0.14  0.16  0.16  0.19  0.22  0.23  0.19 20102005 12
  0.16  0.12  0.11  0.16  0.18  0.20  0.22  0.25  0.29  0.36  0.38  0.32 21102005 00
  0.30  0.25  0.21  0.23  0.23  0.23  0.25  0.26  0.25  0.26  0.29  0.29 21102005 12
  0.25  0.20  0.14  0.10  0.10  0.09  0.11  0.13  0.13  0.14  0.17  0.17 22102005 00
  0.15  0.15  0.11  0.07  0.05  0.04  0.06  0.08  0.09  0.09  0.13  0.15 22102005 12
  0.13  0.10  0.08  0.05  0.03  0.03  0.03  0.05  0.07  0.08  0.10  0.11 23102005 00
  0.11  0.09  0.07  0.05  0.01  0.00 -0.01  0.01  0.03  0.03  0.04  0.06 23102005 12
  0.06  0.04  0.01 -0.01 -0.01  0.03  0.07  0.09  0.13  0.20  0.31  0.46 24102005 00
  0.56  0.55  0.48  0.42  0.41  0.42  0.42  0.37  0.36  0.30  0.21  0.15 24102005 12
  0.18  0.23  0.24  0.24  0.23  0.24  0.21  0.24  0.27  0.32  0.38  0.45 25102005 00
  0.50  0.49  0.43  0.34  0.35  0.38  0.41  0.42  0.42  0.43  0.40  0.35 25102005 12
  0.32  0.28  0.22  0.16  0.05  0.02  0.02  0.04  0.06  0.09  0.10  0.12 26102005 00
  0.16  0.24  0.31  0.32  0.27  0.19  0.18  0.20  0.21  0.20  0.17  0.17 26102005 12
  0.17  0.20  0.22  0.23  0.21  0.19  0.17  0.19  0.20  0.19  0.19  0.20 27102005 00
  0.20  0.21  0.21  0.23  0.22  0.21  0.15  0.16  0.19  0.24  0.27  0.28 27102005 12
  0.29  0.32  0.34  0.35  0.34  0.33  0.28  0.23  0.19  0.23  0.26  0.30 28102005 00
  0.31  0.34  0.36  0.37  0.38  0.40  0.36  0.30  0.23  0.17  0.10  0.06 28102005 12
  0.01  0.03  0.05  0.02  0.04  0.07  0.05  0.02  0.02  0.05  0.08  0.12 29102005 00
  0.15  0.17  0.17  0.20  0.29  0.42  0.47  0.39  0.28  0.22  0.22  0.27 29102005 12
  0.34  0.42  0.52  0.50  0.42  0.43  0.52  0.48  0.39  0.32  0.32  0.35 30102005 00
  0.39  0.34  0.36  0.40  0.42  0.45  0.55  0.60  0.65  0.65  0.59  0.50 30102005 12
  0.41  0.27  0.27  0.29  0.21  0.13  0.14  0.13  0.10  0.11  0.11  0.16 31102005 00
  0.24  0.27  0.26  0.27  0.28  0.31  0.36  0.38  0.32  0.27  0.22  0.17 31102005 12
  0.15  0.16  0.15  0.19  0.21  0.19  0.20  0.18  0.17  0.16  0.18  0.16 01112005 00
  0.16  0.16  0.13  0.12  0.13  0.11  0.11  0.13  0.10  0.09  0.06  0.03 01112005 12
  0.03  0.06  0.07  0.09  0.13  0.20  0.33  0.42  0.35  0.27  0.22  0.19 02112005 00
  0.20  0.26  0.26  0.26  0.30  0.33  0.34  0.38  0.42  0.37  0.34  0.29 02112005 12
  0.27  0.34  0.38  0.39  0.46  0.51  0.54  0.61  0.65  0.60  0.51  0.48 03112005 00
  0.41  0.42  0.47  0.40  0.41  0.41  0.38  0.36  0.41  0.37  0.36  0.31 03112005 12
  0.21  0.16  0.22  0.18  0.19  0.23  0.23  0.22  0.26  0.24  0.18  0.09 04112005 00
  0.06  0.04  0.06  0.07  0.06  0.09  0.11  0.09  0.07  0.05  0.02  0.03 04112005 12
  0.02 -0.01 -0.01 -0.00 -0.01  0.00  0.02  0.02  0.02  0.01  0.01  0.02 05112005 00
  0.05  0.08  0.15  0.22  0.25  0.25  0.24  0.21  0.15  0.11  0.08  0.08 05112005 12
  0.09  0.08  0.12  0.19  0.23  0.24  0.25  0.31  0.39  0.50  0.50  0.40 06112005 00
  0.29  0.23  0.19  0.19  0.22  0.19  0.22  0.22  0.19  0.18  0.19  0.17 06112005 12
  0.17  0.17  0.17  0.21  0.22  0.19  0.17  0.18  0.18  0.14  0.10  0.06 07112005 00
  0.04  0.04  0.04  0.08  0.13  0.17  0.19  0.21  0.28  0.45  0.65  0.73 07112005 12
  0.63  0.45  0.36  0.35  0.37  0.36  0.27  0.23  0.19  0.10  0.07  0.18 08112005 00
  0.26  0.24  0.18  0.06  0.02  0.03  0.06  0.05  0.09  0.09  0.06  0.05 08112005 12
  0.03 -0.02 -0.05 -0.04 -0.01  0.02  0.04  0.02  0.01 -0.01 -0.05 -0.07 09112005 00
 -0.07 -0.07 -0.06 -0.05 -0.05 -0.03 -0.03 -0.03 -0.02 -0.05 -0.05 -0.02 09112005 12
  0.05  0.13  0.20  0.25  0.27  0.29  0.31  0.30  0.29  0.23  0.21  0.20 10112005 00
  0.13  0.01 -0.07 -0.11 -0.11 -0.08 -0.09 -0.05 -0.05 -0.07 -0.10 -0.14 10112005 12
 -0.13 -0.06  0.03  0.06  0.06  0.06  0.08  0.12  0.21  0.31  0.36  0.40 11112005 00
  0.47  0.54  0.66  0.76  0.83  0.78  0.68  0.61  0.54  0.46  0.31  0.20 11112005 12
  0.22  0.18  0.09 -0.00 -0.03 -0.03 -0.01  0.02  0.06  0.11  0.11  0.07 12112005 00
  0.05  0.06  0.06  0.05  0.05  0.05  0.03  0.01 -0.04 -0.09 -0.15 -0.18 12112005 12
 -0.19 -0.20 -0.23 -0.26 -0.27 -0.28 -0.26 -0.27 -0.25 -0.23 -0.26 -0.30 13112005 00
 -0.32 -0.30 -0.29 -0.28 -0.23 -0.18 -0.15 -0.15 -0.17 -0.17 -0.18 -0.19 13112005 12
 -0.20 -0.20 -0.20 -0.19 -0.16 -0.12 -0.08 -0.06 -0.05 -0.07 -0.08 -0.09 14112005 00
 -0.10 -0.08 -0.06 -0.04 -0.02  0.01  0.07  0.11  0.10  0.09  0.07  0.07 14112005 12
  0.07  0.04  0.04  0.07  0.09  0.09  0.09  0.07  0.05  0.03 -0.01 -0.05 15112005 00
 -0.09 -0.11 -0.11 -0.09 -0.08 -0.06 -0.04 -0.02  0.01  0.04  0.03  0.06 15112005 12
  0.07  0.07  0.09  0.10  0.12  0.14  0.15  0.12  0.05  0.00 -0.04 -0.07 16112005 00
 -0.12 -0.16 -0.18 -0.17 -0.14 -0.11 -0.09 -0.05 -0.01  0.00 -0.01 -0.02 16112005 12
 -0.03 -0.02 -0.02 -0.02 -0.00  0.01  0.03  0.04  0.05  0.04  0.02  0.00 17112005 00
 -0.03 -0.05 -0.06 -0.07 -0.06 -0.05 -0.05 -0.03 -0.01  0.00 -0.01 -0.04 17112005 12
 -0.07 -0.10 -0.12 -0.12 -0.11 -0.10 -0.08 -0.05 -0.02 -0.00 -0.02 -0.05 18112005 00
 -0.06 -0.09 -0.10 -0.11 -0.11 -0.11 -0.10 -0.09 -0.09 -0.09 -0.10 -0.13 18112005 12
 -0.16 -0.16 -0.17 -0.18 -0.16 -0.15 -0.14 -0.11 -0.08 -0.08 -0.08 -0.12 19112005 00
 -0.13 -0.15 -0.17 -0.19 -0.18 -0.17 -0.16 -0.15 -0.14 -0.14 -0.16 -0.17 19112005 12
 -0.19 -0.19 -0.20 -0.21 -0.21 -0.20 -0.19 -0.18 -0.15 -0.13 -0.14 -0.15 20112005 00
 -0.18 -0.19 -0.19 -0.18 -0.19 -0.19 -0.19 -0.18 -0.17 -0.17 -0.18 -0.19 20112005 12
 -0.18 -0.18 -0.18 -0.21 -0.22 -0.23 -0.22 -0.22 -0.21 -0.18 -0.16 -0.17 21112005 00
 -0.18 -0.20 -0.20 -0.21 -0.21 -0.23 -0.22 -0.22 -0.21 -0.18 -0.18 -0.21 21112005 12
 -0.21 -0.22 -0.23 -0.24 -0.25 -0.25 -0.24 -0.22 -0.22 -0.22 -0.19 -0.20 22112005 00
 -0.20 -0.23 -0.25 -0.24 -0.25 -0.26 -0.26 -0.25 -0.26 -0.24 -0.20 -0.21 22112005 12
 -0.25 -0.27 -0.28 -0.28 -0.29 -0.28 -0.29 -0.28 -0.26 -0.26 -0.26 -0.24 23112005 00
 -0.26 -0.25 -0.27 -0.27 -0.26 -0.25 -0.26 -0.25 -0.22 -0.20 -0.19 -0.16 23112005 12
 -0.15 -0.17 -0.15 -0.13 -0.09 -0.09 -0.09 -0.09 -0.06 -0.01  0.05  0.18 24112005 00
  0.34  0.31  0.19  0.11  0.05 -0.00 -0.11 -0.21 -0.26 -0.25 -0.26 -0.28 24112005 12
 -0.29 -0.32 -0.37 -0.32 -0.24 -0.11 -0.01  0.04  0.06  0.06  0.06  0.05 25112005 00
  0.11  0.21  0.19  0.10 -0.01 -0.12 -0.17 -0.21 -0.29 -0.36 -0.33 -0.25 25112005 12
 -0.24 -0.32 -0.38 -0.39 -0.27 -0.19 -0.15 -0.13 -0.11 -0.08 -0.06 -0.03 26112005 00
  0.00  0.03  0.02 -0.02 -0.08 -0.11 -0.15 -0.17 -0.21 -0.23 -0.22 -0.18 26112005 12
 -0.15 -0.14 -0.12 -0.07 -0.03  0.02  0.03  0.03  0.04  0.05  0.06  0.06 27112005 00
  0.06  0.07  0.08  0.08  0.07  0.05  0.04  0.02 -0.00 -0.01 -0.01 -0.00 27112005 12
  0.01  0.03  0.05  0.05  0.06  0.09  0.11  0.10  0.09  0.08  0.07  0.06 28112005 00
  0.06  0.06  0.06  0.04  0.00 -0.04 -0.07 -0.09 -0.11 -0.12 -0.14 -0.17 28112005 12
 -0.16 -0.13 -0.12 -0.09 -0.04  0.00  0.03  0.04  0.04  0.03  0.03  0.02 29112005 00
  0.04  0.05  0.07  0.08  0.07  0.06  0.04  0.01 -0.01 -0.01 -0.02 -0.02 29112005 12
 -0.01 -0.01  0.00  0.03  0.05  0.08  0.08  0.07  0.06  0.06  0.05  0.04 30112005 00
  0.05  0.07  0.08  0.09  0.10  0.11  0.13  0.13  0.13  0.11  0.11  0.13 30112005 12
  0.17  0.21  0.22  0.24  0.25  0.28  0.35  0.38  0.33  0.24  0.21  0.15 01122005 00
  0.15  0.17  0.11  0.12  0.18  0.22  0.27  0.29  0.23  0.24  0.21  0.17 01122005 12
  0.16  0.17  0.15  0.16  0.20  0.23  0.30  0.40  0.40  0.33  0.24  0.19 02122005 00
  0.19  0.21  0.18  0.16  0.18  0.17  0.14  0.13  0.16  0.15  0.15  0.14 02122005 12
  0.13  0.19  0.27  0.30  0.32  0.35  0.37  0.38  0.40  0.36  0.34  0.31 03122005 00
  0.26  0.24  0.27  0.26  0.27  0.30  0.30  0.28  0.29  0.30  0.27  0.25 03122005 12
  0.21  0.19  0.23  0.26  0.26  0.27  0.29  0.28  0.27  0.27  0.26  0.24 04122005 00
  0.24  0.19  0.16  0.20  0.19  0.23  0.27  0.25  0.23  0.23  0.19  0.18 04122005 12
  0.17  0.17  0.20  0.23  0.23  0.22  0.23  0.24  0.21  0.19  0.17  0.16 05122005 00
  0.17  0.18  0.18  0.17  0.15  0.13  0.15  0.16  0.13  0.08  0.02 -0.01 05122005 12
 -0.00  0.02  0.04  0.06  0.06  0.06  0.04  0.02 -0.00 -0.02 -0.03 -0.04 06122005 00
 -0.02 -0.01 -0.01 -0.02 -0.04 -0.07 -0.07 -0.07 -0.06 -0.05 -0.05 -0.05 06122005 12
 -0.04 -0.04 -0.02 -0.00  0.01  0.01  0.02 -0.00 -0.03 -0.04 -0.05 -0.05 07122005 00
 -0.02  0.02  0.04  0.07  0.09  0.14  0.19  0.20  0.18  0.13  0.08  0.03 07122005 12
  0.01  0.02  0.04  0.02 -0.02 -0.07 -0.11 -0.12 -0.14 -0.17 -0.20 -0.20 08122005 00
 -0.20 -0.19 -0.16 -0.13 -0.11 -0.10 -0.10 -0.12 -0.10 -0.11 -0.12 -0.12 08122005 12
 -0.11 -0.11 -0.10 -0.09 -0.10 -0.09 -0.09 -0.11 -0.13 -0.14 -0.16 -0.17 09122005 00
 -0.14 -0.11 -0.11 -0.10 -0.10 -0.09 -0.09 -0.08 -0.10 -0.10 -0.10 -0.11 09122005 12
 -0.10 -0.08 -0.08 -0.08 -0.06 -0.06 -0.10 -0.13 -0.16 -0.18 -0.19 -0.18 10122005 00
 -0.18 -0.19 -0.17 -0.16 -0.14 -0.16 -0.17 -0.18 -0.18 -0.19 -0.20 -0.19 10122005 12
 -0.19 -0.17 -0.13 -0.11 -0.10 -0.12 -0.14 -0.15 -0.16 -0.17 -0.18 -0.18 11122005 00
 -0.17 -0.16 -0.14 -0.11 -0.09 -0.08 -0.08 -0.11 -0.15 -0.17 -0.22 -0.26 11122005 12
 -0.24 -0.23 -0.25 -0.27 -0.31 -0.32 -0.35 -0.36 -0.37 -0.39 -0.41 -0.42 12122005 00
 -0.42 -0.41 -0.40 -0.36 -0.31 -0.29 -0.28 -0.27 -0.31 -0.29 -0.28 -0.29 12122005 12
 -0.29 -0.26 -0.27 -0.27 -0.23 -0.22 -0.24 -0.28 -0.27 -0.28 -0.30 -0.32 13122005 00
 -0.33 -0.29 -0.25 -0.24 -0.21 -0.16 -0.15 -0.17 -0.21 -0.21 -0.21 -0.20 13122005 12
 -0.21 -0.22 -0.22 -0.21 -0.21 -0.20 -0.22 -0.23 -0.24 -0.28 -0.28 -0.30 14122005 00
 -0.34 -0.35 -0.31 -0.29 -0.29 -0.26 -0.22 -0.21 -0.21 -0.19 -0.18 -0.15 14122005 12
 -0.17 -0.19 -0.16 -0.12 -0.09 -0.06 -0.07 -0.10 -0.12 -0.14 -0.15 -0.17 15122005 00
 -0.17 -0.18 -0.16 -0.12 -0.11 -0.10 -0.09 -0.06  0.01  0.06  0.06  0.06 15122005 12
  0.05  0.09  0.18  0.25  0.28  0.29  0.27  0.24  0.19  0.13  0.07  0.03 16122005 00
 -0.01 -0.10 -0.14 -0.16 -0.16 -0.17 -0.16 -0.19 -0.19 -0.15 -0.11 -0.13 16122005 12
 -0.09 -0.07 -0.04  0.01  0.00 -0.01  0.02  0.02 -0.02 -0.06 -0.10 -0.12 17122005 00
 -0.13 -0.15 -0.17 -0.16 -0.14 -0.14 -0.14 -0.12 -0.11 -0.11 -0.11 -0.13 17122005 12
 -0.12 -0.10 -0.08 -0.07 -0.06 -0.07 -0.06 -0.03 -0.01 -0.00 -0.01 -0.03 18122005 00
 -0.02 -0.01  0.01  0.04  0.07  0.10  0.15  0.21  0.29  0.35  0.27  0.12 18122005 12
  0.08  0.04 -0.00 -0.04 -0.08 -0.10 -0.07 -0.10 -0.14 -0.17 -0.16 -0.14 19122005 00
 -0.10 -0.09 -0.09 -0.10 -0.11 -0.10 -0.10 -0.08 -0.06 -0.05 -0.05 -0.05 19122005 12
 -0.06 -0.05 -0.03 -0.02 -0.03 -0.04 -0.04 -0.03 -0.01 -0.00 -0.00 -0.02 20122005 00
 -0.04 -0.05 -0.07 -0.09 -0.10 -0.12 -0.12 -0.11 -0.09 -0.07 -0.05 -0.05 20122005 12
 -0.05 -0.07 -0.08 -0.06 -0.04 -0.00  0.03  0.07  0.13  0.21  0.26  0.22 21122005 00
  0.10  0.02 -0.02 -0.04 -0.09 -0.12 -0.16 -0.15 -0.16 -0.18 -0.19 -0.18 21122005 12
 -0.16 -0.13 -0.12 -0.10 -0.11 -0.12 -0.12 -0.09 -0.08 -0.04  0.03  0.08 22122005 00
  0.09  0.07  0.06  0.06  0.07  0.08  0.09  0.08  0.10  0.11  0.11  0.10 22122005 12
  0.09  0.04  0.00 -0.02 -0.04 -0.06 -0.05 -0.05 -0.04 -0.02 -0.01  0.00 23122005 00
  0.02  0.02 -0.00 -0.03 -0.08 -0.11 -0.13 -0.14 -0.12 -0.09 -0.08 -0.08 23122005 12
 -0.08 -0.11 -0.11 -0.10 -0.10 -0.10 -0.11 -0.13 -0.13 -0.11 -0.10 -0.08 24122005 00
 -0.05 -0.05 -0.07 -0.09 -0.13 -0.15 -0.15 -0.15 -0.16 -0.15 -0.15 -0.15 24122005 12
 -0.13 -0.13 -0.14 -0.13 -0.14 -0.15 -0.16 -0.18 -0.19 -0.19 -0.18 -0.17 25122005 00
 -0.14 -0.10 -0.11 -0.13 -0.16 -0.17 -0.17 -0.17 -0.17 -0.16 -0.14 -0.12 25122005 12
 -0.12 -0.09 -0.09 -0.10 -0.11 -0.13 -0.15 -0.17 -0.17 -0.17 -0.17 -0.15 26122005 00
 -0.13 -0.10 -0.06 -0.07 -0.10 -0.12 -0.15 -0.16 -0.16 -0.12 -0.11 -0.11 26122005 12
 -0.11 -0.10 -0.07 -0.09 -0.13 -0.14 -0.15 -0.15 -0.15 -0.14 -0.13 -0.11 27122005 00
 -0.09 -0.08 -0.07 -0.07 -0.11 -0.15 -0.18 -0.18 -0.16 -0.14 -0.13 -0.14 27122005 12
 -0.11 -0.09 -0.07 -0.04 -0.04 -0.07 -0.08 -0.10 -0.11 -0.11 -0.10 -0.09 28122005 00
 -0.06 -0.04 -0.03 -0.02 -0.02 -0.05 -0.08 -0.09 -0.10 -0.09 -0.07 -0.07 28122005 12
 -0.07 -0.04 -0.03 -0.01 -0.00 -0.00 -0.01 -0.02 -0.03 -0.03 -0.02  0.04 29122005 00
  0.10  0.13  0.15  0.15  0.15  0.16  0.17  0.15  0.10  0.08  0.07  0.09 29122005 12
  0.13  0.14  0.15  0.17  0.19  0.21  0.23  0.21  0.22  0.23  0.22  0.26 30122005 00
  0.34  0.39  0.39  0.40  0.40  0.37  0.37  0.38  0.36  0.36  0.33  0.31 30122005 12
  0.35  0.42  0.42  0.46  0.50  0.52  0.50  0.46  0.38  0.36  0.33  0.27 31122005 00
  0.27  0.29  0.29  0.30  0.33  0.32  0.29  0.30  0.34  0.33  0.32  0.27 31122005 12
