Parameter Z: CS3 Location ( 52, 86) Lat 53.500 Lon -3.417
  0.14  0.13  0.12  0.13  0.17  0.16  0.14  0.12  0.11  0.12  0.14  0.14 01011996 00
  0.13  0.13  0.12  0.11  0.13  0.16  0.15  0.13  0.11  0.12  0.12  0.12 01011996 12
  0.12  0.13  0.12  0.11  0.11  0.11  0.09  0.08  0.07  0.05  0.04  0.04 02011996 00
  0.03  0.02  0.02  0.02  0.02  0.02  0.02  0.01  0.01  0.01  0.02  0.02 02011996 12
  0.02  0.03  0.04  0.05  0.06  0.07  0.08  0.08  0.08  0.09  0.09  0.10 03011996 00
  0.12  0.13  0.15  0.15  0.14  0.16  0.21  0.23  0.20  0.15  0.11  0.11 03011996 12
  0.13  0.15  0.15  0.17  0.16  0.14  0.15  0.15  0.15  0.16  0.14  0.17 04011996 00
  0.20  0.20  0.16  0.16  0.15  0.16  0.16  0.16  0.14  0.14  0.15  0.14 04011996 12
  0.15  0.18  0.20  0.19  0.20  0.20  0.23  0.30  0.33  0.32  0.29  0.23 05011996 00
  0.19  0.19  0.17  0.16  0.17  0.16  0.15  0.20  0.23  0.23  0.23  0.21 05011996 12
  0.21  0.22  0.24  0.22  0.22  0.22  0.21  0.25  0.30  0.34  0.36  0.34 06011996 00
  0.31  0.31  0.34  0.30  0.26  0.24  0.24  0.26  0.30  0.29  0.25  0.21 06011996 12
  0.19  0.21  0.27  0.29  0.28  0.30  0.34  0.46  0.64  0.69  0.62  0.57 07011996 00
  0.50  0.49  0.57  0.54  0.52  0.54  0.49  0.41  0.42  0.43  0.42  0.39 07011996 12
  0.32  0.26  0.22  0.21  0.16  0.18  0.16  0.13  0.16  0.21  0.26  0.29 08011996 00
  0.31  0.37  0.48  0.59  0.61  0.60  0.58  0.58  0.63  0.73  0.69  0.57 08011996 12
  0.50  0.41  0.39  0.46  0.41  0.40  0.44  0.42  0.37  0.41  0.43  0.42 09011996 00
  0.42  0.36  0.34  0.37  0.36  0.34  0.37  0.35  0.30  0.32  0.32  0.30 09011996 12
  0.26  0.22  0.20  0.19  0.19  0.17  0.18  0.19  0.17  0.16  0.17  0.17 10011996 00
  0.18  0.17  0.15  0.14  0.11  0.09  0.10  0.10  0.09  0.07  0.07  0.06 10011996 12
  0.07  0.09  0.09  0.12  0.16  0.17  0.16  0.17  0.19  0.25  0.38  0.45 11011996 00
  0.42  0.39  0.37  0.33  0.33  0.35  0.32  0.33  0.31  0.28  0.33  0.43 11011996 12
  0.46  0.44  0.40  0.38  0.38  0.43  0.41  0.40  0.39  0.37  0.32  0.34 12011996 00
  0.34  0.31  0.29  0.25  0.25  0.29  0.29  0.29  0.32  0.32  0.33  0.44 12011996 12
  0.51  0.49  0.47  0.42  0.39  0.36  0.36  0.28  0.28  0.25  0.19  0.16 13011996 00
  0.19  0.18  0.17  0.16  0.17  0.21  0.27  0.28  0.28  0.28  0.27  0.25 13011996 12
  0.29  0.31  0.28  0.24  0.19  0.20  0.20  0.22  0.21  0.22  0.20  0.19 14011996 00
  0.18  0.20  0.15  0.10  0.06  0.06  0.06  0.08  0.08  0.09  0.08  0.07 14011996 12
  0.07  0.08  0.08  0.05  0.02 -0.01 -0.01 -0.01 -0.00 -0.01 -0.02 -0.04 15011996 00
 -0.06 -0.04 -0.03 -0.04 -0.05 -0.05 -0.06 -0.07 -0.08 -0.09 -0.09 -0.10 15011996 12
 -0.11 -0.11 -0.13 -0.14 -0.14 -0.14 -0.14 -0.15 -0.15 -0.15 -0.14 -0.12 16011996 00
 -0.11 -0.11 -0.11 -0.13 -0.16 -0.15 -0.14 -0.13 -0.12 -0.11 -0.11 -0.10 16011996 12
 -0.10 -0.10 -0.08 -0.07 -0.06 -0.05 -0.05 -0.05 -0.06 -0.05 -0.03 -0.02 17011996 00
 -0.01 -0.02 -0.02 -0.02 -0.04 -0.04 -0.04 -0.03 -0.03 -0.02 -0.02 -0.03 17011996 12
 -0.03 -0.03 -0.02 -0.01 -0.00  0.00  0.01  0.00 -0.00  0.01  0.03  0.04 18011996 00
  0.04  0.05  0.04  0.05  0.05  0.06  0.05  0.04  0.02  0.01  0.01  0.00 18011996 12
 -0.01 -0.02 -0.04 -0.04 -0.05 -0.04 -0.03 -0.03 -0.03 -0.03 -0.02 -0.02 19011996 00
 -0.01  0.00  0.01  0.01 -0.00 -0.00  0.02  0.03  0.01 -0.00 -0.01 -0.01 19011996 12
  0.02  0.03  0.01  0.01  0.02  0.04  0.06  0.08  0.07  0.06  0.04  0.02 20011996 00
  0.02  0.03  0.01 -0.01 -0.02 -0.04 -0.05 -0.05 -0.04 -0.04 -0.04 -0.06 20011996 12
 -0.08 -0.09 -0.09 -0.08 -0.08 -0.09 -0.09 -0.10 -0.10 -0.11 -0.11 -0.11 21011996 00
 -0.10 -0.10 -0.13 -0.13 -0.15 -0.16 -0.16 -0.16 -0.17 -0.17 -0.14 -0.15 21011996 12
 -0.16 -0.15 -0.17 -0.18 -0.16 -0.17 -0.18 -0.18 -0.17 -0.15 -0.14 -0.13 22011996 00
 -0.15 -0.13 -0.12 -0.14 -0.12 -0.13 -0.13 -0.11 -0.11 -0.09 -0.07 -0.07 22011996 12
 -0.08 -0.08 -0.06 -0.06 -0.06 -0.05 -0.06 -0.07 -0.06 -0.07 -0.08 -0.07 23011996 00
 -0.08 -0.09 -0.10 -0.13 -0.15 -0.14 -0.15 -0.16 -0.15 -0.14 -0.10 -0.13 23011996 12
 -0.13 -0.15 -0.14 -0.13 -0.15 -0.13 -0.13 -0.14 -0.13 -0.15 -0.18 -0.15 24011996 00
 -0.13 -0.14 -0.13 -0.13 -0.17 -0.16 -0.15 -0.16 -0.17 -0.16 -0.16 -0.14 24011996 12
 -0.16 -0.17 -0.18 -0.15 -0.13 -0.15 -0.14 -0.17 -0.18 -0.16 -0.16 -0.19 25011996 00
 -0.18 -0.20 -0.21 -0.22 -0.21 -0.22 -0.19 -0.19 -0.19 -0.16 -0.13 -0.12 25011996 12
 -0.14 -0.16 -0.16 -0.17 -0.19 -0.20 -0.21 -0.19 -0.19 -0.21 -0.21 -0.21 26011996 00
 -0.22 -0.23 -0.25 -0.24 -0.24 -0.26 -0.28 -0.27 -0.27 -0.27 -0.25 -0.28 26011996 12
 -0.34 -0.35 -0.34 -0.31 -0.27 -0.27 -0.30 -0.31 -0.29 -0.30 -0.30 -0.26 27011996 00
 -0.26 -0.27 -0.27 -0.28 -0.26 -0.24 -0.19 -0.18 -0.14 -0.15 -0.16 -0.13 27011996 12
 -0.12 -0.17 -0.19 -0.20 -0.19 -0.20 -0.22 -0.23 -0.22 -0.22 -0.23 -0.24 28011996 00
 -0.20 -0.19 -0.18 -0.18 -0.22 -0.23 -0.27 -0.28 -0.29 -0.25 -0.24 -0.25 28011996 12
 -0.25 -0.22 -0.22 -0.20 -0.21 -0.21 -0.18 -0.17 -0.16 -0.16 -0.13 -0.11 29011996 00
 -0.09 -0.08 -0.11 -0.15 -0.14 -0.14 -0.13 -0.15 -0.13 -0.12 -0.10 -0.11 29011996 12
 -0.11 -0.12 -0.12 -0.14 -0.15 -0.16 -0.16 -0.15 -0.16 -0.17 -0.18 -0.18 30011996 00
 -0.17 -0.17 -0.18 -0.19 -0.23 -0.21 -0.21 -0.19 -0.18 -0.17 -0.17 -0.16 30011996 12
 -0.16 -0.17 -0.17 -0.15 -0.16 -0.19 -0.18 -0.19 -0.17 -0.18 -0.18 -0.17 31011996 00
 -0.14 -0.13 -0.13 -0.15 -0.17 -0.19 -0.17 -0.16 -0.14 -0.12 -0.14 -0.15 31011996 12
 -0.17 -0.17 -0.17 -0.15 -0.13 -0.15 -0.16 -0.16 -0.15 -0.12 -0.13 -0.11 01021996 00
 -0.09 -0.07 -0.07 -0.07 -0.08 -0.09 -0.11 -0.11 -0.11 -0.09 -0.08 -0.07 01021996 12
 -0.07 -0.07 -0.06 -0.06 -0.05 -0.04 -0.04 -0.05 -0.05 -0.05 -0.05 -0.05 02021996 00
 -0.04 -0.04 -0.05 -0.06 -0.07 -0.07 -0.08 -0.08 -0.08 -0.08 -0.08 -0.07 02021996 12
 -0.07 -0.07 -0.06 -0.07 -0.09 -0.09 -0.10 -0.10 -0.10 -0.11 -0.12 -0.10 03021996 00
 -0.09 -0.10 -0.10 -0.11 -0.12 -0.12 -0.11 -0.11 -0.11 -0.10 -0.10 -0.09 03021996 12
 -0.09 -0.10 -0.11 -0.09 -0.10 -0.09 -0.08 -0.08 -0.08 -0.08 -0.08 -0.07 04021996 00
 -0.05 -0.05 -0.05 -0.05 -0.06 -0.05 -0.03 -0.02 -0.00  0.01  0.02  0.02 04021996 12
  0.04  0.08  0.10  0.12  0.13  0.17  0.22  0.31  0.39  0.38  0.35  0.32 05021996 00
  0.30  0.29  0.31  0.25  0.21  0.18  0.14  0.12  0.13  0.10  0.10  0.11 05021996 12
  0.09  0.10  0.13  0.16  0.19  0.20  0.23  0.23  0.22  0.19  0.12  0.10 06021996 00
  0.05  0.02  0.00 -0.02 -0.02  0.01  0.03  0.03  0.04  0.06  0.07  0.09 06021996 12
  0.10  0.09  0.09  0.11  0.10  0.11  0.12  0.13  0.15  0.21  0.26  0.28 07021996 00
  0.27  0.21  0.13  0.10  0.03 -0.00 -0.03 -0.08 -0.14 -0.15 -0.09 -0.01 07021996 12
  0.05  0.10  0.14  0.15  0.17  0.17  0.16  0.16  0.14  0.10  0.07  0.04 08021996 00
  0.04 -0.00 -0.03 -0.04 -0.05 -0.06 -0.06 -0.07 -0.07 -0.07 -0.05 -0.05 08021996 12
 -0.05 -0.03 -0.01  0.04  0.10  0.15  0.17  0.20  0.28  0.46  0.57  0.55 09021996 00
  0.49  0.44  0.41  0.45  0.54  0.51  0.50  0.49  0.46  0.46  0.52  0.51 09021996 12
  0.43  0.40  0.33  0.32  0.38  0.39  0.36  0.38  0.36  0.31  0.30  0.29 10021996 00
  0.24  0.23  0.19  0.17  0.18  0.21  0.20  0.22  0.22  0.21  0.20  0.21 10021996 12
  0.18  0.14  0.12  0.10  0.12  0.14  0.15  0.15  0.16  0.16  0.13  0.13 11021996 00
  0.11  0.08  0.08  0.06  0.05  0.05  0.04  0.03  0.04  0.02  0.02  0.05 11021996 12
  0.13  0.20  0.28  0.37  0.42  0.46  0.49  0.45  0.40  0.35  0.27  0.16 12021996 00
  0.08 -0.01 -0.08 -0.09 -0.13 -0.21 -0.29 -0.33 -0.32 -0.32 -0.30 -0.25 12021996 12
 -0.20 -0.14 -0.07 -0.03  0.02  0.05  0.06  0.05  0.03  0.01 -0.03 -0.07 13021996 00
 -0.13 -0.20 -0.24 -0.25 -0.24 -0.22 -0.24 -0.24 -0.25 -0.22 -0.21 -0.19 13021996 12
 -0.16 -0.15 -0.16 -0.15 -0.15 -0.15 -0.15 -0.17 -0.18 -0.20 -0.19 -0.20 14021996 00
 -0.21 -0.20 -0.23 -0.30 -0.30 -0.29 -0.26 -0.24 -0.22 -0.23 -0.22 -0.19 14021996 12
 -0.18 -0.17 -0.16 -0.19 -0.22 -0.21 -0.19 -0.17 -0.18 -0.17 -0.16 -0.12 15021996 00
 -0.10 -0.11 -0.11 -0.11 -0.14 -0.16 -0.15 -0.14 -0.13 -0.13 -0.15 -0.16 15021996 12
 -0.14 -0.13 -0.13 -0.10 -0.09 -0.10 -0.08 -0.05 -0.01  0.04  0.06  0.05 16021996 00
  0.04  0.05  0.07  0.09  0.09  0.09  0.10  0.11  0.12  0.14  0.16  0.16 16021996 12
  0.16  0.17  0.20  0.18  0.09 -0.02 -0.09 -0.11 -0.09 -0.13 -0.15 -0.14 17021996 00
 -0.15 -0.13 -0.13 -0.13 -0.11 -0.08 -0.04 -0.03 -0.01  0.08  0.20  0.34 17021996 12
  0.45  0.53  0.60  0.65  0.65  0.61  0.55  0.47  0.37  0.33  0.29  0.17 18021996 00
  0.12  0.12  0.07  0.09  0.09  0.09  0.10  0.12  0.11  0.06 -0.02 -0.10 18021996 12
 -0.17 -0.24 -0.27 -0.25 -0.25 -0.31 -0.39 -0.51 -0.53 -0.46 -0.33 -0.30 19021996 00
 -0.21 -0.17 -0.20 -0.13 -0.18 -0.21 -0.23 -0.27 -0.32 -0.31 -0.29 -0.29 19021996 12
 -0.32 -0.32 -0.39 -0.39 -0.38 -0.40 -0.43 -0.42 -0.49 -0.50 -0.42 -0.40 20021996 00
 -0.37 -0.29 -0.33 -0.35 -0.30 -0.32 -0.33 -0.33 -0.38 -0.42 -0.43 -0.36 20021996 12
 -0.36 -0.31 -0.27 -0.31 -0.25 -0.25 -0.25 -0.24 -0.24 -0.27 -0.27 -0.25 21021996 00
 -0.23 -0.22 -0.18 -0.20 -0.16 -0.16 -0.16 -0.15 -0.13 -0.14 -0.16 -0.13 21021996 12
 -0.12 -0.11 -0.07 -0.06 -0.05 -0.02 -0.03 -0.04 -0.04 -0.08 -0.10 -0.12 22021996 00
 -0.11 -0.13 -0.13 -0.14 -0.16 -0.14 -0.14 -0.13 -0.11 -0.08 -0.07 -0.05 22021996 12
 -0.05 -0.06 -0.03 -0.00  0.00  0.01  0.02  0.03  0.05  0.08  0.13  0.16 23021996 00
  0.19  0.18  0.18  0.17  0.19  0.20  0.19  0.19  0.18  0.16  0.16  0.18 23021996 12
  0.18  0.20  0.20  0.19  0.21  0.24  0.23  0.23  0.24  0.24  0.25  0.26 24021996 00
  0.25  0.25  0.23  0.21  0.24  0.27  0.28  0.29  0.31  0.31  0.30  0.31 24021996 12
  0.31  0.28  0.27  0.24  0.24  0.23  0.23  0.20  0.21  0.21  0.17  0.18 25021996 00
  0.20  0.20  0.20  0.18  0.16  0.15  0.17  0.17  0.17  0.18  0.17  0.15 25021996 12
  0.16  0.15  0.14  0.12  0.10  0.11  0.11  0.11  0.10  0.10  0.10  0.09 26021996 00
  0.11  0.12  0.11  0.10  0.07  0.07  0.05  0.04  0.03  0.04  0.04  0.02 26021996 12
  0.02  0.03  0.02  0.01  0.01  0.02  0.04  0.03  0.02  0.00 -0.01 -0.01 27021996 00
 -0.00 -0.00 -0.01 -0.03 -0.05 -0.06 -0.05 -0.04 -0.04 -0.05 -0.05 -0.05 27021996 12
 -0.05 -0.07 -0.09 -0.09 -0.09 -0.08 -0.08 -0.09 -0.09 -0.11 -0.11 -0.10 28021996 00
 -0.09 -0.09 -0.11 -0.14 -0.18 -0.19 -0.19 -0.18 -0.17 -0.17 -0.19 -0.19 28021996 12
 -0.18 -0.18 -0.17 -0.17 -0.20 -0.19 -0.19 -0.18 -0.20 -0.19 -0.21 -0.21 29021996 00
 -0.20 -0.19 -0.19 -0.22 -0.27 -0.33 -0.31 -0.28 -0.24 -0.25 -0.24 -0.25 29021996 12
 -0.24 -0.24 -0.23 -0.24 -0.24 -0.28 -0.28 -0.28 -0.27 -0.26 -0.26 -0.27 01031996 00
 -0.27 -0.26 -0.27 -0.29 -0.28 -0.30 -0.33 -0.31 -0.31 -0.28 -0.31 -0.29 01031996 12
 -0.29 -0.26 -0.26 -0.25 -0.22 -0.22 -0.26 -0.26 -0.26 -0.24 -0.23 -0.21 02031996 00
 -0.22 -0.21 -0.20 -0.21 -0.21 -0.20 -0.21 -0.22 -0.20 -0.19 -0.18 -0.18 02031996 12
 -0.19 -0.21 -0.20 -0.20 -0.21 -0.21 -0.22 -0.24 -0.24 -0.24 -0.21 -0.21 03031996 00
 -0.18 -0.18 -0.16 -0.18 -0.19 -0.18 -0.19 -0.19 -0.18 -0.19 -0.17 -0.16 03031996 12
 -0.17 -0.18 -0.17 -0.17 -0.18 -0.18 -0.18 -0.19 -0.17 -0.18 -0.18 -0.15 04031996 00
 -0.14 -0.15 -0.14 -0.14 -0.16 -0.16 -0.15 -0.17 -0.17 -0.18 -0.19 -0.17 04031996 12
 -0.17 -0.17 -0.16 -0.14 -0.15 -0.16 -0.16 -0.15 -0.17 -0.17 -0.18 -0.17 05031996 00
 -0.15 -0.14 -0.16 -0.15 -0.16 -0.17 -0.16 -0.15 -0.17 -0.18 -0.19 -0.19 05031996 12
 -0.17 -0.16 -0.18 -0.16 -0.18 -0.19 -0.20 -0.19 -0.19 -0.21 -0.20 -0.21 06031996 00
 -0.18 -0.17 -0.19 -0.17 -0.17 -0.19 -0.19 -0.18 -0.18 -0.18 -0.19 -0.18 06031996 12
 -0.17 -0.14 -0.15 -0.17 -0.16 -0.17 -0.18 -0.17 -0.17 -0.17 -0.17 -0.18 07031996 00
 -0.19 -0.17 -0.15 -0.16 -0.14 -0.15 -0.17 -0.17 -0.17 -0.20 -0.17 -0.18 07031996 12
 -0.18 -0.17 -0.17 -0.20 -0.18 -0.17 -0.18 -0.18 -0.18 -0.20 -0.23 -0.20 08031996 00
 -0.18 -0.16 -0.13 -0.16 -0.14 -0.14 -0.15 -0.16 -0.16 -0.15 -0.09 -0.08 08031996 12
 -0.10 -0.12 -0.09 -0.07 -0.10 -0.09 -0.10 -0.10 -0.06 -0.04 -0.05 -0.04 09031996 00
 -0.04 -0.04 -0.05 -0.04 -0.04 -0.03 -0.03 -0.04 -0.06 -0.07 -0.09 -0.10 09031996 12
 -0.11 -0.12 -0.13 -0.14 -0.15 -0.15 -0.14 -0.14 -0.15 -0.15 -0.16 -0.14 10031996 00
 -0.14 -0.14 -0.14 -0.14 -0.15 -0.15 -0.13 -0.13 -0.13 -0.12 -0.13 -0.15 10031996 12
 -0.14 -0.14 -0.14 -0.12 -0.10 -0.08 -0.05 -0.04 -0.04 -0.02  0.01  0.02 11031996 00
  0.02  0.01 -0.00  0.00  0.01  0.02  0.03  0.03  0.03  0.03  0.03  0.07 11031996 12
  0.09  0.08  0.08  0.07  0.08  0.11  0.11  0.10  0.12  0.12  0.09  0.12 12031996 00
  0.16  0.15  0.10  0.04 -0.02 -0.03 -0.00 -0.02 -0.04 -0.05 -0.08 -0.08 12031996 12
 -0.05 -0.04 -0.08 -0.11 -0.11 -0.08 -0.03  0.00  0.02 -0.00 -0.02 -0.03 13031996 00
 -0.00  0.02  0.04  0.03  0.02  0.00 -0.01 -0.03 -0.03 -0.02 -0.01  0.00 13031996 12
  0.01  0.02  0.03  0.04  0.02  0.00  0.01  0.04  0.07  0.07  0.06  0.05 14031996 00
  0.06  0.07  0.08  0.08  0.05  0.03  0.02  0.02  0.02  0.03  0.04  0.04 14031996 12
  0.02  0.01  0.02  0.04  0.06  0.05  0.05  0.05  0.06  0.06  0.05  0.03 15031996 00
  0.03  0.03  0.03  0.02  0.01  0.02  0.03  0.03  0.02  0.01  0.02  0.02 15031996 12
  0.02  0.02  0.01  0.01  0.01  0.01 -0.01 -0.02 -0.02 -0.02 -0.01 -0.01 16031996 00
 -0.02 -0.03 -0.03 -0.02 -0.01 -0.00  0.00 -0.01 -0.02 -0.01  0.00  0.02 16031996 12
  0.02  0.02  0.00  0.00  0.00  0.00 -0.00 -0.01 -0.02 -0.02 -0.02 -0.03 17031996 00
 -0.03 -0.04 -0.06 -0.07 -0.08 -0.07 -0.04 -0.03 -0.06 -0.09 -0.10 -0.10 17031996 12
 -0.08 -0.08 -0.08 -0.10 -0.11 -0.09 -0.05 -0.04 -0.04 -0.05 -0.06 -0.06 18031996 00
 -0.07 -0.07 -0.07 -0.08 -0.09 -0.07 -0.06 -0.07 -0.07 -0.08 -0.08 -0.07 18031996 12
 -0.06 -0.07 -0.07 -0.06 -0.06 -0.06 -0.07 -0.07 -0.08 -0.06 -0.07 -0.07 19031996 00
 -0.05 -0.05 -0.05 -0.06 -0.07 -0.07 -0.06 -0.06 -0.06 -0.07 -0.06 -0.05 19031996 12
 -0.05 -0.05 -0.07 -0.06 -0.07 -0.07 -0.06 -0.05 -0.06 -0.05 -0.06 -0.06 20031996 00
 -0.06 -0.07 -0.10 -0.11 -0.10 -0.10 -0.11 -0.11 -0.13 -0.15 -0.13 -0.13 20031996 12
 -0.13 -0.10 -0.12 -0.15 -0.12 -0.12 -0.09 -0.05 -0.02  0.01  0.01  0.02 21031996 00
  0.02  0.03  0.02 -0.00  0.01  0.01  0.02  0.03  0.02  0.01  0.02  0.02 21031996 12
  0.01  0.00 -0.01 -0.01 -0.01 -0.01 -0.01 -0.02 -0.02 -0.02 -0.02 -0.02 22031996 00
 -0.03 -0.02 -0.02 -0.02 -0.02 -0.01 -0.00  0.00  0.01  0.02  0.02  0.01 22031996 12
  0.01  0.00  0.00  0.00  0.00  0.01  0.02  0.02  0.01  0.00 -0.00 -0.00 23031996 00
  0.00 -0.01 -0.02 -0.03 -0.04 -0.04 -0.03 -0.03 -0.05 -0.07 -0.09 -0.09 23031996 12
 -0.09 -0.08 -0.08 -0.08 -0.10 -0.10 -0.10 -0.10 -0.10 -0.11 -0.12 -0.15 24031996 00
 -0.14 -0.14 -0.14 -0.15 -0.17 -0.18 -0.16 -0.16 -0.16 -0.16 -0.16 -0.16 24031996 12
 -0.15 -0.15 -0.14 -0.13 -0.14 -0.14 -0.13 -0.13 -0.12 -0.10 -0.07 -0.07 25031996 00
 -0.07 -0.08 -0.10 -0.09 -0.09 -0.08 -0.07 -0.06 -0.07 -0.08 -0.06 -0.06 25031996 12
 -0.07 -0.08 -0.10 -0.10 -0.11 -0.11 -0.12 -0.13 -0.13 -0.15 -0.16 -0.16 26031996 00
 -0.16 -0.14 -0.16 -0.17 -0.17 -0.18 -0.18 -0.18 -0.19 -0.20 -0.20 -0.17 26031996 12
 -0.16 -0.15 -0.15 -0.16 -0.14 -0.14 -0.13 -0.12 -0.11 -0.12 -0.12 -0.11 27031996 00
 -0.10 -0.11 -0.11 -0.12 -0.12 -0.12 -0.10 -0.09 -0.09 -0.09 -0.08 -0.06 27031996 12
 -0.03 -0.02 -0.03 -0.02 -0.02  0.00  0.03  0.05  0.06  0.06  0.05  0.04 28031996 00
  0.04  0.03 -0.01 -0.04 -0.06 -0.07 -0.06 -0.05 -0.06 -0.07 -0.08 -0.09 28031996 12
 -0.07 -0.06 -0.05 -0.06 -0.05 -0.02 -0.00  0.00 -0.00 -0.03 -0.04 -0.04 29031996 00
 -0.03 -0.03 -0.06 -0.08 -0.11 -0.13 -0.13 -0.10 -0.10 -0.09 -0.10 -0.10 29031996 12
 -0.09 -0.08 -0.08 -0.07 -0.09 -0.11 -0.11 -0.09 -0.08 -0.08 -0.06 -0.05 30031996 00
 -0.04 -0.05 -0.05 -0.06 -0.08 -0.10 -0.08 -0.07 -0.07 -0.09 -0.09 -0.09 30031996 12
 -0.08 -0.07 -0.06 -0.06 -0.06 -0.06 -0.06 -0.06 -0.06 -0.05 -0.04 -0.03 31031996 00
 -0.03 -0.02 -0.03 -0.04 -0.05 -0.06 -0.07 -0.06 -0.05 -0.05 -0.05 -0.05 31031996 12
 -0.05 -0.04 -0.04 -0.04 -0.04 -0.04 -0.04 -0.03 -0.04 -0.04 -0.03 -0.04 01041996 00
 -0.04 -0.04 -0.05 -0.05 -0.05 -0.05 -0.05 -0.05 -0.05 -0.05 -0.04 -0.04 01041996 12
 -0.05 -0.06 -0.07 -0.08 -0.08 -0.07 -0.08 -0.09 -0.09 -0.09 -0.08 -0.07 02041996 00
 -0.07 -0.08 -0.07 -0.08 -0.09 -0.09 -0.11 -0.13 -0.15 -0.15 -0.14 -0.12 02041996 12
 -0.11 -0.13 -0.14 -0.15 -0.16 -0.15 -0.15 -0.16 -0.17 -0.17 -0.17 -0.16 03041996 00
 -0.15 -0.16 -0.15 -0.14 -0.16 -0.16 -0.16 -0.17 -0.17 -0.18 -0.16 -0.16 03041996 12
 -0.15 -0.15 -0.15 -0.14 -0.16 -0.17 -0.15 -0.13 -0.14 -0.13 -0.14 -0.13 04041996 00
 -0.12 -0.10 -0.11 -0.11 -0.12 -0.12 -0.11 -0.09 -0.10 -0.10 -0.12 -0.14 04041996 12
 -0.12 -0.12 -0.12 -0.11 -0.12 -0.12 -0.11 -0.09 -0.10 -0.10 -0.09 -0.10 05041996 00
 -0.10 -0.09 -0.11 -0.11 -0.10 -0.10 -0.10 -0.09 -0.10 -0.11 -0.12 -0.10 05041996 12
 -0.10 -0.08 -0.08 -0.11 -0.09 -0.10 -0.10 -0.09 -0.08 -0.09 -0.08 -0.09 06041996 00
 -0.07 -0.06 -0.05 -0.07 -0.05 -0.05 -0.04 -0.04 -0.04 -0.06 -0.06 -0.05 06041996 12
 -0.05 -0.05 -0.05 -0.07 -0.07 -0.07 -0.07 -0.07 -0.08 -0.09 -0.09 -0.09 07041996 00
 -0.08 -0.08 -0.08 -0.09 -0.09 -0.08 -0.08 -0.08 -0.07 -0.07 -0.09 -0.09 07041996 12
 -0.10 -0.09 -0.08 -0.07 -0.07 -0.06 -0.06 -0.05 -0.02  0.01  0.04  0.06 08041996 00
  0.06  0.06  0.05  0.04  0.03  0.02  0.02  0.01 -0.01 -0.05 -0.09 -0.12 08041996 12
 -0.12 -0.11 -0.11 -0.09 -0.08 -0.09 -0.08 -0.09 -0.09 -0.07 -0.06 -0.05 09041996 00
 -0.05 -0.05 -0.06 -0.06 -0.05 -0.04 -0.01 -0.00 -0.00  0.00  0.01  0.00 09041996 12
 -0.01 -0.01 -0.01 -0.00  0.01  0.02  0.03  0.03  0.04  0.04  0.04  0.02 10041996 00
  0.01 -0.01 -0.02 -0.03 -0.04 -0.05 -0.04 -0.04 -0.05 -0.05 -0.05 -0.04 10041996 12
 -0.05 -0.05 -0.06 -0.06 -0.06 -0.06 -0.06 -0.07 -0.07 -0.08 -0.07 -0.06 11041996 00
 -0.06 -0.07 -0.06 -0.06 -0.06 -0.06 -0.05 -0.05 -0.04 -0.04 -0.04 -0.05 11041996 12
 -0.03 -0.01 -0.00 -0.01 -0.04 -0.05 -0.07 -0.07 -0.06 -0.08 -0.10 -0.12 12041996 00
 -0.12 -0.11 -0.08 -0.07 -0.07 -0.08 -0.09 -0.09 -0.09 -0.08 -0.07 -0.07 12041996 12
 -0.07 -0.09 -0.09 -0.11 -0.11 -0.10 -0.10 -0.09 -0.10 -0.10 -0.10 -0.09 13041996 00
 -0.09 -0.08 -0.07 -0.07 -0.08 -0.08 -0.08 -0.08 -0.09 -0.09 -0.09 -0.09 13041996 12
 -0.09 -0.10 -0.11 -0.11 -0.11 -0.09 -0.08 -0.08 -0.06 -0.05 -0.03 -0.01 14041996 00
 -0.00  0.00  0.02  0.02  0.01 -0.00 -0.02 -0.05 -0.07 -0.08 -0.08 -0.08 14041996 12
 -0.08 -0.08 -0.09 -0.11 -0.12 -0.12 -0.11 -0.09 -0.07 -0.07 -0.08 -0.08 15041996 00
 -0.07 -0.06 -0.05 -0.04 -0.03 -0.03 -0.02 -0.02 -0.02 -0.02 -0.01 -0.00 15041996 12
  0.01  0.03  0.04  0.04  0.03  0.03  0.04  0.06  0.08  0.08  0.09  0.09 16041996 00
  0.11  0.11  0.10  0.10  0.10  0.09  0.10  0.10  0.07  0.07  0.05  0.05 16041996 12
  0.06  0.07  0.06  0.06  0.07  0.06  0.07  0.09  0.12  0.13  0.14  0.13 17041996 00
  0.12  0.14  0.12  0.11  0.12  0.12  0.12  0.14  0.12  0.12  0.12  0.12 17041996 12
  0.11  0.12  0.13  0.10  0.11  0.15  0.23  0.36  0.42  0.36  0.32  0.29 18041996 00
  0.22  0.22  0.24  0.18  0.17  0.16  0.13  0.12  0.16  0.13  0.11  0.10 18041996 12
  0.09  0.09  0.12  0.09  0.10  0.11  0.10  0.11  0.13  0.12  0.11  0.10 19041996 00
  0.09  0.07  0.09  0.09  0.08  0.08  0.07  0.05  0.05  0.04  0.04  0.03 19041996 12
  0.03  0.02  0.02  0.02  0.03  0.03  0.03  0.03  0.03  0.04  0.04  0.04 20041996 00
  0.04  0.04  0.04  0.04  0.03  0.04  0.05  0.07  0.09  0.10  0.10  0.09 20041996 12
  0.10  0.09  0.08  0.08  0.07  0.07  0.08  0.07  0.06  0.06  0.07  0.09 21041996 00
  0.10  0.11  0.11  0.11  0.12  0.12  0.14  0.18  0.20  0.25  0.29  0.32 21041996 12
  0.30  0.30  0.30  0.33  0.39  0.36  0.35  0.34  0.30  0.28  0.29  0.25 22041996 00
  0.19  0.13  0.06  0.05  0.07  0.06  0.05  0.05  0.04  0.05  0.11  0.13 22041996 12
  0.12  0.10  0.09  0.10  0.11  0.13  0.13  0.13  0.13  0.12  0.13  0.15 23041996 00
  0.15  0.15  0.14  0.14  0.15  0.17  0.17  0.18  0.17  0.16  0.14  0.14 23041996 12
  0.14  0.14  0.13  0.11  0.11  0.11  0.10  0.09  0.10  0.10  0.09  0.09 24041996 00
  0.08  0.06  0.06  0.05  0.05  0.04  0.03  0.03  0.03  0.01 -0.03 -0.05 24041996 12
 -0.04 -0.04 -0.05 -0.07 -0.08 -0.09 -0.09 -0.08 -0.07 -0.07 -0.07 -0.08 25041996 00
 -0.09 -0.09 -0.09 -0.08 -0.07 -0.05 -0.04 -0.04 -0.01 -0.01 -0.02 -0.03 25041996 12
 -0.03 -0.03 -0.04 -0.05 -0.05 -0.05 -0.06 -0.07 -0.08 -0.08 -0.08 -0.08 26041996 00
 -0.07 -0.08 -0.08 -0.09 -0.09 -0.07 -0.03 -0.01 -0.02 -0.02 -0.03 -0.02 26041996 12
  0.00  0.01  0.00 -0.01 -0.02 -0.03 -0.04 -0.04 -0.04 -0.05 -0.04 -0.04 27041996 00
 -0.05 -0.06 -0.08 -0.09 -0.10 -0.09 -0.07 -0.07 -0.06 -0.08 -0.08 -0.08 27041996 12
 -0.07 -0.06 -0.04 -0.04 -0.05 -0.06 -0.07 -0.07 -0.07 -0.08 -0.09 -0.10 28041996 00
 -0.09 -0.10 -0.10 -0.13 -0.15 -0.13 -0.10 -0.07 -0.07 -0.07 -0.09 -0.08 28041996 12
 -0.06 -0.05 -0.04 -0.02 -0.02 -0.01  0.00  0.02  0.04  0.05  0.05  0.04 29041996 00
  0.04  0.05  0.05  0.04  0.02  0.01  0.03  0.06  0.05  0.06  0.05  0.05 29041996 12
  0.06  0.06  0.05  0.03  0.02  0.03  0.04  0.04  0.04  0.05  0.06  0.07 30041996 00
  0.09  0.09  0.08  0.08  0.08  0.10  0.13  0.13  0.13  0.11  0.10  0.10 30041996 12
  0.11  0.10  0.10  0.10  0.09  0.09  0.10  0.09  0.07  0.07  0.07  0.07 01051996 00
  0.06  0.05  0.03  0.02 -0.00 -0.02 -0.02 -0.02 -0.04 -0.06 -0.06 -0.08 01051996 12
 -0.10 -0.11 -0.11 -0.12 -0.12 -0.12 -0.13 -0.13 -0.10 -0.11 -0.10 -0.10 02051996 00
 -0.10 -0.09 -0.08 -0.08 -0.08 -0.06 -0.04 -0.03 -0.02 -0.04 -0.05 -0.03 02051996 12
 -0.03 -0.03 -0.02 -0.02 -0.01 -0.00  0.00  0.00  0.01  0.01  0.01  0.01 03051996 00
  0.00  0.00  0.01  0.00 -0.01 -0.01 -0.01 -0.00 -0.00 -0.02 -0.02 -0.02 03051996 12
 -0.01 -0.01 -0.02 -0.03 -0.04 -0.04 -0.04 -0.03 -0.03 -0.04 -0.04 -0.04 04051996 00
 -0.04 -0.03 -0.04 -0.04 -0.04 -0.04 -0.04 -0.04 -0.05 -0.05 -0.04 -0.04 04051996 12
 -0.04 -0.04 -0.05 -0.05 -0.05 -0.05 -0.05 -0.06 -0.07 -0.08 -0.08 -0.06 05051996 00
 -0.06 -0.05 -0.05 -0.06 -0.05 -0.06 -0.06 -0.05 -0.05 -0.06 -0.06 -0.07 05051996 12
 -0.06 -0.06 -0.05 -0.06 -0.06 -0.06 -0.06 -0.07 -0.07 -0.08 -0.10 -0.08 06051996 00
 -0.09 -0.09 -0.07 -0.08 -0.09 -0.09 -0.08 -0.08 -0.07 -0.09 -0.08 -0.09 06051996 12
 -0.10 -0.11 -0.11 -0.11 -0.13 -0.12 -0.12 -0.13 -0.12 -0.13 -0.17 -0.15 07051996 00
 -0.15 -0.14 -0.12 -0.11 -0.13 -0.12 -0.12 -0.13 -0.13 -0.14 -0.18 -0.19 07051996 12
 -0.19 -0.18 -0.17 -0.17 -0.17 -0.17 -0.15 -0.15 -0.15 -0.15 -0.17 -0.21 08051996 00
 -0.19 -0.20 -0.19 -0.18 -0.17 -0.19 -0.17 -0.18 -0.19 -0.20 -0.21 -0.26 08051996 12
 -0.26 -0.27 -0.25 -0.22 -0.21 -0.23 -0.22 -0.20 -0.21 -0.20 -0.18 -0.19 09051996 00
 -0.20 -0.22 -0.23 -0.24 -0.22 -0.22 -0.24 -0.23 -0.23 -0.25 -0.25 -0.24 09051996 12
 -0.25 -0.24 -0.24 -0.23 -0.20 -0.18 -0.18 -0.18 -0.16 -0.17 -0.16 -0.13 10051996 00
 -0.13 -0.15 -0.16 -0.16 -0.16 -0.14 -0.13 -0.12 -0.12 -0.11 -0.11 -0.10 10051996 12
 -0.08 -0.09 -0.12 -0.13 -0.14 -0.11 -0.10 -0.08 -0.08 -0.07 -0.08 -0.07 11051996 00
 -0.05 -0.05 -0.07 -0.07 -0.08 -0.09 -0.08 -0.08 -0.09 -0.09 -0.08 -0.08 11051996 12
 -0.09 -0.09 -0.10 -0.11 -0.11 -0.11 -0.09 -0.09 -0.08 -0.08 -0.08 -0.09 12051996 00
 -0.08 -0.08 -0.07 -0.09 -0.10 -0.10 -0.11 -0.10 -0.10 -0.10 -0.11 -0.11 12051996 12
 -0.11 -0.12 -0.12 -0.12 -0.15 -0.15 -0.15 -0.13 -0.12 -0.12 -0.13 -0.12 13051996 00
 -0.11 -0.11 -0.11 -0.11 -0.14 -0.15 -0.14 -0.14 -0.13 -0.13 -0.13 -0.14 13051996 12
 -0.13 -0.13 -0.14 -0.14 -0.14 -0.15 -0.15 -0.15 -0.16 -0.14 -0.14 -0.13 14051996 00
 -0.12 -0.10 -0.11 -0.12 -0.13 -0.14 -0.14 -0.13 -0.12 -0.11 -0.11 -0.11 14051996 12
 -0.13 -0.12 -0.13 -0.13 -0.13 -0.14 -0.17 -0.17 -0.17 -0.15 -0.14 -0.14 15051996 00
 -0.14 -0.14 -0.14 -0.15 -0.15 -0.14 -0.15 -0.13 -0.14 -0.14 -0.12 -0.12 15051996 12
 -0.12 -0.11 -0.10 -0.12 -0.13 -0.13 -0.13 -0.13 -0.11 -0.12 -0.11 -0.10 16051996 00
 -0.09 -0.10 -0.10 -0.11 -0.11 -0.10 -0.10 -0.10 -0.10 -0.09 -0.10 -0.08 16051996 12
 -0.07 -0.08 -0.07 -0.07 -0.08 -0.08 -0.08 -0.08 -0.08 -0.08 -0.07 -0.06 17051996 00
 -0.05 -0.04 -0.04 -0.04 -0.05 -0.04 -0.03 -0.02 -0.02 -0.01 -0.02 -0.02 17051996 12
 -0.02 -0.02 -0.02 -0.02 -0.02 -0.02 -0.01 -0.01 -0.01 -0.00  0.01  0.01 18051996 00
  0.03  0.04  0.04  0.05  0.05  0.05  0.05  0.05  0.04  0.04  0.05  0.05 18051996 12
  0.04  0.02  0.01  0.00  0.00  0.00 -0.00 -0.01 -0.03 -0.03 -0.02  0.01 19051996 00
  0.03  0.05  0.06  0.07  0.10  0.12  0.15  0.18  0.21  0.21  0.22  0.23 19051996 12
  0.24  0.22  0.21  0.21  0.18  0.19  0.19  0.17  0.14  0.15  0.12  0.13 20051996 00
  0.12  0.10  0.10  0.11  0.10  0.09  0.11  0.12  0.12  0.13  0.14  0.13 20051996 12
  0.12  0.08  0.06  0.08  0.08  0.07  0.06  0.05  0.04  0.05  0.05  0.05 21051996 00
  0.04  0.03  0.03  0.04  0.05  0.06  0.08  0.09  0.09  0.10  0.10  0.08 21051996 12
  0.07  0.05  0.04  0.03  0.05  0.06  0.08  0.10  0.13  0.18  0.26  0.30 22051996 00
  0.26  0.21  0.18  0.20  0.24  0.25  0.22  0.23  0.23  0.20  0.21  0.22 22051996 12
  0.19  0.17  0.12  0.10  0.09  0.09  0.06  0.07  0.05  0.02  0.02  0.03 23051996 00
  0.03  0.02  0.02  0.03  0.06  0.10  0.15  0.18  0.21  0.22  0.22  0.24 23051996 12
  0.23  0.20  0.15  0.11  0.10  0.10  0.07  0.06  0.08  0.08  0.05  0.06 24051996 00
  0.08  0.07  0.08  0.07  0.08  0.10  0.12  0.13  0.13  0.13  0.14  0.12 24051996 12
  0.12  0.10  0.10  0.10  0.08  0.06  0.06  0.06  0.07  0.07  0.08  0.08 25051996 00
  0.10  0.11  0.09  0.09  0.08  0.09  0.09  0.09  0.09  0.08  0.06  0.05 25051996 12
  0.03  0.03  0.02  0.02  0.02  0.02  0.03  0.04  0.05  0.07  0.09  0.11 26051996 00
  0.15  0.20  0.23  0.22  0.22  0.21  0.22  0.22  0.24  0.22  0.23  0.25 26051996 12
  0.25  0.23  0.20  0.18  0.14  0.10  0.05 -0.01 -0.07 -0.12 -0.15 -0.17 27051996 00
 -0.19 -0.20 -0.21 -0.20 -0.17 -0.13 -0.10 -0.08 -0.04 -0.04 -0.03 -0.02 27051996 12
 -0.03 -0.04 -0.06 -0.10 -0.12 -0.12 -0.11 -0.09 -0.08 -0.05 -0.03 -0.00 28051996 00
  0.01  0.03  0.07  0.11  0.14  0.15  0.14  0.12  0.12  0.12  0.13  0.11 28051996 12
  0.10  0.10  0.09  0.06  0.05  0.03  0.00 -0.01 -0.02 -0.02 -0.02 -0.02 29051996 00
 -0.02 -0.02 -0.03 -0.04 -0.05 -0.06 -0.06 -0.07 -0.07 -0.07 -0.06 -0.04 29051996 12
 -0.02 -0.01 -0.01 -0.01 -0.01 -0.00  0.01  0.03  0.03  0.04  0.05  0.07 30051996 00
  0.08  0.07  0.06  0.06  0.09  0.17  0.24  0.28  0.30  0.35  0.39  0.47 30051996 12
  0.55  0.54  0.52  0.49  0.45  0.41  0.42  0.41  0.38  0.33  0.28  0.24 31051996 00
  0.26  0.23  0.25  0.27  0.24  0.18  0.15  0.10  0.08  0.09  0.06  0.08 31051996 12
  0.10  0.06  0.06  0.06  0.06  0.06  0.07  0.07  0.05  0.04  0.04  0.03 01061996 00
  0.03  0.03  0.04  0.05  0.05  0.04  0.02  0.01  0.02  0.01  0.01  0.01 01061996 12
  0.01  0.01 -0.01 -0.01 -0.02 -0.04 -0.05 -0.06 -0.07 -0.07 -0.07 -0.07 02061996 00
 -0.06 -0.05 -0.05 -0.05 -0.05 -0.06 -0.06 -0.06 -0.06 -0.06 -0.07 -0.06 02061996 12
 -0.05 -0.04 -0.05 -0.04 -0.05 -0.05 -0.04 -0.02  0.01  0.01  0.02  0.03 03061996 00
  0.07  0.12  0.16  0.20  0.20  0.18  0.18  0.16  0.14  0.07  0.07  0.08 03061996 12
  0.07  0.05  0.04  0.04  0.01  0.01  0.01 -0.00 -0.02 -0.03 -0.05 -0.05 04061996 00
 -0.05 -0.06 -0.06 -0.06 -0.06 -0.05 -0.05 -0.06 -0.07 -0.08 -0.08 -0.07 04061996 12
 -0.06 -0.06 -0.06 -0.06 -0.05 -0.04 -0.03 -0.02 -0.01  0.02  0.04  0.05 05061996 00
  0.05  0.05  0.05  0.05  0.06  0.06  0.06  0.05  0.03  0.01 -0.02 -0.03 05061996 12
 -0.03 -0.04 -0.05 -0.05 -0.06 -0.06 -0.06 -0.06 -0.07 -0.07 -0.10 -0.11 06061996 00
 -0.12 -0.11 -0.10 -0.09 -0.08 -0.08 -0.06 -0.06 -0.05 -0.04 -0.02 -0.01 06061996 12
  0.01  0.01  0.02  0.02  0.01  0.01  0.01  0.01  0.01  0.01 -0.01 -0.02 07061996 00
 -0.02 -0.03 -0.03 -0.03 -0.02 -0.01 -0.00  0.00 -0.01 -0.02 -0.02 -0.01 07061996 12
 -0.00 -0.01 -0.01 -0.01 -0.01 -0.01 -0.02 -0.02 -0.02 -0.01 -0.01 -0.02 08061996 00
 -0.03 -0.05 -0.07 -0.07 -0.07 -0.06 -0.05 -0.05 -0.06 -0.06 -0.06 -0.04 08061996 12
 -0.02 -0.02 -0.02 -0.03 -0.02 -0.01  0.01  0.04  0.05  0.07  0.07  0.08 09061996 00
  0.09  0.10  0.10  0.09  0.08  0.06  0.04  0.05  0.06  0.07  0.07  0.06 09061996 12
  0.06  0.07  0.10  0.11  0.10  0.09  0.09  0.09  0.09  0.09  0.08  0.08 10061996 00
  0.06  0.04  0.02 -0.00 -0.03 -0.03 -0.03 -0.03 -0.02 -0.02 -0.01 -0.01 10061996 12
 -0.02 -0.01 -0.01  0.00  0.01  0.01  0.01  0.03  0.05  0.08  0.10  0.11 11061996 00
  0.11  0.10  0.09  0.10  0.13  0.14  0.14  0.15  0.13  0.12  0.11  0.07 11061996 12
  0.02  0.00 -0.03 -0.07 -0.09 -0.10 -0.11 -0.10 -0.12 -0.13 -0.14 -0.14 12061996 00
 -0.13 -0.13 -0.15 -0.16 -0.18 -0.21 -0.23 -0.22 -0.20 -0.19 -0.19 -0.19 12061996 12
 -0.20 -0.19 -0.20 -0.20 -0.20 -0.23 -0.26 -0.25 -0.24 -0.23 -0.22 -0.22 13061996 00
 -0.23 -0.22 -0.23 -0.24 -0.23 -0.25 -0.27 -0.27 -0.27 -0.26 -0.23 -0.23 13061996 12
 -0.22 -0.21 -0.21 -0.23 -0.23 -0.22 -0.23 -0.23 -0.23 -0.23 -0.22 -0.21 14061996 00
 -0.21 -0.21 -0.19 -0.20 -0.21 -0.20 -0.22 -0.22 -0.24 -0.23 -0.21 -0.19 14061996 12
 -0.17 -0.18 -0.18 -0.19 -0.21 -0.20 -0.19 -0.21 -0.20 -0.22 -0.21 -0.19 15061996 00
 -0.18 -0.18 -0.17 -0.17 -0.19 -0.19 -0.18 -0.19 -0.19 -0.20 -0.20 -0.17 15061996 12
 -0.15 -0.15 -0.14 -0.14 -0.16 -0.17 -0.15 -0.13 -0.15 -0.16 -0.17 -0.15 16061996 00
 -0.14 -0.13 -0.14 -0.14 -0.14 -0.14 -0.12 -0.11 -0.12 -0.13 -0.12 -0.10 16061996 12
 -0.07 -0.06 -0.07 -0.06 -0.06 -0.05 -0.04 -0.03 -0.04 -0.05 -0.06 -0.05 17061996 00
 -0.05 -0.05 -0.06 -0.07 -0.07 -0.07 -0.07 -0.08 -0.08 -0.09 -0.07 -0.06 17061996 12
 -0.05 -0.04 -0.05 -0.06 -0.06 -0.06 -0.06 -0.05 -0.06 -0.08 -0.09 -0.08 18061996 00
 -0.08 -0.07 -0.07 -0.08 -0.08 -0.09 -0.08 -0.07 -0.07 -0.09 -0.08 -0.08 18061996 12
 -0.06 -0.04 -0.05 -0.06 -0.06 -0.05 -0.05 -0.05 -0.04 -0.04 -0.04 -0.03 19061996 00
 -0.03 -0.02 -0.02 -0.02 -0.02 -0.01 -0.01 -0.01 -0.02 -0.02 -0.02 -0.02 19061996 12
 -0.02 -0.03 -0.03 -0.03 -0.02 -0.02 -0.04 -0.04 -0.02 -0.01  0.00  0.02 20061996 00
  0.02  0.03  0.03  0.02  0.02  0.03  0.03  0.03  0.03  0.02  0.03  0.04 20061996 12
  0.04  0.03  0.01 -0.00 -0.01 -0.02 -0.03 -0.03 -0.04 -0.04 -0.04 -0.03 21061996 00
 -0.02 -0.02 -0.01 -0.02 -0.02 -0.01  0.00 -0.00 -0.01 -0.01 -0.01 -0.01 21061996 12
 -0.00 -0.00 -0.02 -0.03 -0.05 -0.05 -0.06 -0.06 -0.05 -0.05 -0.05 -0.06 22061996 00
 -0.07 -0.06 -0.05 -0.04 -0.05 -0.06 -0.06 -0.06 -0.07 -0.08 -0.08 -0.08 22061996 12
 -0.08 -0.09 -0.10 -0.11 -0.12 -0.13 -0.14 -0.13 -0.14 -0.14 -0.13 -0.13 23061996 00
 -0.15 -0.16 -0.17 -0.17 -0.15 -0.14 -0.14 -0.15 -0.15 -0.17 -0.17 -0.15 23061996 12
 -0.16 -0.17 -0.18 -0.18 -0.17 -0.18 -0.18 -0.17 -0.16 -0.17 -0.16 -0.14 24061996 00
 -0.16 -0.18 -0.18 -0.19 -0.17 -0.17 -0.16 -0.17 -0.17 -0.17 -0.17 -0.17 24061996 12
 -0.16 -0.16 -0.16 -0.16 -0.16 -0.15 -0.15 -0.14 -0.12 -0.10 -0.11 -0.11 25061996 00
 -0.11 -0.12 -0.13 -0.12 -0.12 -0.10 -0.09 -0.09 -0.09 -0.09 -0.09 -0.09 25061996 12
 -0.08 -0.06 -0.06 -0.08 -0.10 -0.11 -0.10 -0.09 -0.10 -0.11 -0.11 -0.10 26061996 00
 -0.10 -0.10 -0.11 -0.14 -0.15 -0.15 -0.13 -0.12 -0.12 -0.12 -0.12 -0.12 26061996 12
 -0.12 -0.11 -0.10 -0.11 -0.13 -0.14 -0.13 -0.11 -0.12 -0.12 -0.12 -0.11 27061996 00
 -0.11 -0.11 -0.10 -0.11 -0.12 -0.11 -0.10 -0.10 -0.09 -0.09 -0.07 -0.04 27061996 12
 -0.02 -0.03 -0.02 -0.01 -0.00  0.02  0.04  0.04  0.04  0.05  0.07  0.10 28061996 00
  0.12  0.12  0.11  0.10  0.10  0.12  0.11  0.09  0.05  0.01 -0.02 -0.02 28061996 12
 -0.01  0.01  0.03  0.03  0.02  0.03  0.05  0.06  0.08  0.09  0.09  0.09 29061996 00
  0.09  0.08  0.06  0.03 -0.02 -0.07 -0.11 -0.12 -0.11 -0.09 -0.07 -0.05 29061996 12
 -0.05 -0.03 -0.02 -0.02 -0.01  0.02  0.05  0.08  0.08  0.09  0.09  0.09 30061996 00
  0.09  0.08  0.06  0.05  0.04  0.02  0.01  0.02  0.02  0.03  0.04  0.05 30061996 12
  0.08  0.09  0.09  0.09  0.08  0.09  0.09  0.11  0.11  0.11  0.13  0.13 01071996 00
  0.13  0.15  0.15  0.14  0.15  0.15  0.14  0.14  0.10  0.08  0.06  0.06 01071996 12
  0.04  0.04  0.05  0.04  0.04  0.03  0.02  0.03  0.05  0.06  0.05  0.05 02071996 00
  0.05  0.05  0.07  0.06  0.05  0.06  0.06  0.07  0.09  0.11  0.09  0.09 02071996 12
  0.11  0.10  0.12  0.13  0.13  0.14  0.17  0.20  0.28  0.33  0.33  0.32 03071996 00
  0.29  0.25  0.22  0.25  0.20  0.22  0.25  0.25  0.24  0.28  0.29  0.26 03071996 12
  0.28  0.26  0.23  0.27  0.24  0.24  0.26  0.25  0.24  0.29  0.26  0.26 04071996 00
  0.23  0.24  0.23  0.22  0.25  0.19  0.20  0.21  0.18  0.15  0.16  0.14 04071996 12
  0.12  0.12  0.08  0.04  0.06  0.03  0.04  0.04  0.04  0.03  0.03  0.03 05071996 00
  0.03  0.04  0.05  0.05  0.05  0.05  0.05  0.06  0.07  0.06  0.04  0.04 05071996 12
  0.04  0.05  0.04  0.03  0.02  0.03  0.03  0.03  0.04  0.04  0.03  0.03 06071996 00
  0.04  0.05  0.05  0.05  0.04  0.04  0.05  0.05  0.05  0.05  0.04  0.04 06071996 12
  0.04  0.06  0.05  0.04  0.03  0.03  0.03  0.03  0.04  0.03  0.02  0.01 07071996 00
  0.01  0.00  0.00 -0.00 -0.00 -0.01 -0.01 -0.00  0.01  0.01  0.01 -0.01 07071996 12
 -0.03 -0.03 -0.03 -0.04 -0.05 -0.06 -0.07 -0.06 -0.06 -0.07 -0.07 -0.07 08071996 00
 -0.07 -0.08 -0.07 -0.06 -0.06 -0.06 -0.06 -0.05 -0.05 -0.06 -0.07 -0.07 08071996 12
 -0.06 -0.05 -0.04 -0.03 -0.04 -0.04 -0.04 -0.03 -0.03 -0.03 -0.04 -0.04 09071996 00
 -0.04 -0.06 -0.08 -0.10 -0.11 -0.12 -0.12 -0.12 -0.13 -0.14 -0.14 -0.15 09071996 12
 -0.14 -0.13 -0.12 -0.14 -0.15 -0.16 -0.14 -0.12 -0.11 -0.12 -0.12 -0.11 10071996 00
 -0.11 -0.10 -0.09 -0.11 -0.13 -0.12 -0.11 -0.09 -0.09 -0.09 -0.09 -0.08 10071996 12
 -0.07 -0.05 -0.04 -0.04 -0.06 -0.08 -0.07 -0.05 -0.05 -0.05 -0.07 -0.08 11071996 00
 -0.08 -0.07 -0.06 -0.05 -0.09 -0.11 -0.09 -0.07 -0.06 -0.08 -0.08 -0.07 11071996 12
 -0.04 -0.04 -0.04 -0.04 -0.05 -0.06 -0.06 -0.05 -0.04 -0.04 -0.04 -0.05 12071996 00
 -0.05 -0.05 -0.06 -0.07 -0.07 -0.07 -0.07 -0.06 -0.07 -0.07 -0.08 -0.06 12071996 12
 -0.05 -0.04 -0.04 -0.03 -0.02 -0.01 -0.01  0.01  0.04  0.06  0.06  0.08 13071996 00
  0.09  0.09  0.08  0.07  0.06  0.03  0.00 -0.01 -0.02 -0.03 -0.06 -0.08 13071996 12
 -0.10 -0.10 -0.10 -0.09 -0.10 -0.10 -0.12 -0.13 -0.14 -0.15 -0.15 -0.13 14071996 00
 -0.13 -0.13 -0.13 -0.13 -0.14 -0.13 -0.13 -0.14 -0.15 -0.16 -0.16 -0.15 14071996 12
 -0.15 -0.16 -0.17 -0.17 -0.19 -0.21 -0.22 -0.24 -0.26 -0.25 -0.25 -0.23 15071996 00
 -0.21 -0.22 -0.23 -0.22 -0.24 -0.26 -0.24 -0.23 -0.23 -0.25 -0.26 -0.25 15071996 12
 -0.25 -0.25 -0.26 -0.25 -0.27 -0.27 -0.25 -0.24 -0.23 -0.23 -0.21 -0.21 16071996 00
 -0.19 -0.18 -0.21 -0.20 -0.20 -0.22 -0.20 -0.20 -0.22 -0.21 -0.24 -0.23 16071996 12
 -0.19 -0.18 -0.19 -0.18 -0.17 -0.19 -0.19 -0.16 -0.16 -0.18 -0.19 -0.20 17071996 00
 -0.18 -0.18 -0.19 -0.19 -0.18 -0.18 -0.18 -0.18 -0.17 -0.17 -0.17 -0.18 17071996 12
 -0.17 -0.15 -0.15 -0.15 -0.13 -0.14 -0.14 -0.14 -0.14 -0.16 -0.17 -0.15 18071996 00
 -0.15 -0.14 -0.14 -0.15 -0.14 -0.13 -0.14 -0.14 -0.14 -0.15 -0.14 -0.15 18071996 12
 -0.14 -0.13 -0.12 -0.13 -0.12 -0.12 -0.13 -0.13 -0.12 -0.12 -0.13 -0.12 19071996 00
 -0.13 -0.12 -0.12 -0.12 -0.12 -0.11 -0.11 -0.12 -0.11 -0.12 -0.12 -0.13 19071996 12
 -0.12 -0.12 -0.11 -0.11 -0.10 -0.10 -0.11 -0.11 -0.10 -0.11 -0.12 -0.11 20071996 00
 -0.12 -0.12 -0.11 -0.11 -0.11 -0.11 -0.10 -0.12 -0.12 -0.12 -0.12 -0.12 20071996 12
 -0.11 -0.11 -0.11 -0.10 -0.11 -0.10 -0.08 -0.09 -0.08 -0.07 -0.07 -0.07 21071996 00
 -0.07 -0.06 -0.06 -0.06 -0.06 -0.06 -0.05 -0.05 -0.05 -0.06 -0.06 -0.06 21071996 12
 -0.05 -0.05 -0.06 -0.06 -0.05 -0.03 -0.02 -0.03 -0.03 -0.02 -0.02 -0.02 22071996 00
 -0.01 -0.01 -0.02 -0.02 -0.02 -0.02 -0.02 -0.01 -0.01 -0.01 -0.01 -0.01 22071996 12
 -0.01 -0.01 -0.01 -0.01 -0.00  0.00  0.00  0.01  0.01  0.01  0.01  0.01 23071996 00
  0.01  0.01  0.00 -0.00 -0.00 -0.00  0.02  0.03  0.03  0.03  0.03  0.02 23071996 12
  0.01  0.01  0.02  0.01 -0.00 -0.02 -0.04 -0.04 -0.05 -0.05 -0.05 -0.07 24071996 00
 -0.09 -0.10 -0.10 -0.09 -0.08 -0.08 -0.09 -0.10 -0.10 -0.10 -0.09 -0.09 24071996 12
 -0.07 -0.08 -0.10 -0.10 -0.11 -0.10 -0.09 -0.08 -0.08 -0.07 -0.07 -0.07 25071996 00
 -0.08 -0.07 -0.07 -0.07 -0.08 -0.07 -0.07 -0.07 -0.08 -0.09 -0.08 -0.08 25071996 12
 -0.08 -0.08 -0.09 -0.11 -0.11 -0.11 -0.10 -0.09 -0.07 -0.08 -0.07 -0.07 26071996 00
 -0.06 -0.06 -0.07 -0.08 -0.09 -0.09 -0.09 -0.09 -0.10 -0.09 -0.09 -0.08 26071996 12
 -0.08 -0.07 -0.07 -0.06 -0.07 -0.07 -0.06 -0.06 -0.06 -0.07 -0.07 -0.08 27071996 00
 -0.09 -0.10 -0.10 -0.10 -0.12 -0.12 -0.11 -0.10 -0.09 -0.08 -0.07 -0.08 27071996 12
 -0.06 -0.06 -0.06 -0.05 -0.05 -0.06 -0.05 -0.04 -0.03 -0.03 -0.01  0.00 28071996 00
  0.01  0.02  0.01  0.02  0.02  0.01  0.01  0.01  0.01  0.00  0.00  0.00 28071996 12
  0.01  0.01  0.00  0.00  0.00 -0.00 -0.01  0.00  0.00 -0.00 -0.01 -0.02 29071996 00
 -0.02 -0.01 -0.01 -0.01 -0.01 -0.01 -0.02 -0.04 -0.04 -0.04 -0.04 -0.04 29071996 12
 -0.04 -0.05 -0.05 -0.05 -0.05 -0.05 -0.04 -0.03 -0.01  0.00  0.00  0.02 30071996 00
  0.04  0.07  0.09  0.10  0.11  0.12  0.13  0.15  0.14  0.14  0.11  0.09 30071996 12
  0.04  0.04  0.03  0.00  0.01  0.00 -0.02 -0.03 -0.02 -0.01 -0.00  0.00 31071996 00
  0.02  0.03  0.06  0.07  0.08  0.09  0.10  0.10  0.11  0.11  0.11  0.12 31071996 12
  0.12  0.10  0.10  0.09  0.09  0.10  0.09  0.06  0.05  0.03  0.05  0.05 01081996 00
  0.06  0.06  0.05  0.05  0.03  0.03  0.03  0.02 -0.00 -0.01 -0.02 -0.02 01081996 12
 -0.03 -0.03 -0.04 -0.04 -0.04 -0.04 -0.04 -0.05 -0.06 -0.08 -0.10 -0.08 02081996 00
 -0.08 -0.08 -0.07 -0.09 -0.10 -0.10 -0.10 -0.10 -0.10 -0.12 -0.13 -0.15 02081996 12
 -0.14 -0.14 -0.13 -0.12 -0.14 -0.13 -0.14 -0.15 -0.14 -0.14 -0.16 -0.16 03081996 00
 -0.16 -0.16 -0.16 -0.15 -0.16 -0.16 -0.15 -0.16 -0.17 -0.16 -0.17 -0.17 03081996 12
 -0.17 -0.16 -0.17 -0.15 -0.15 -0.15 -0.13 -0.14 -0.14 -0.13 -0.13 -0.15 04081996 00
 -0.13 -0.13 -0.12 -0.10 -0.07 -0.08 -0.07 -0.07 -0.07 -0.06 -0.04 -0.03 04081996 12
 -0.02 -0.03 -0.03 -0.03 -0.02 -0.00  0.02  0.03  0.02  0.02  0.02  0.02 05081996 00
  0.02  0.02  0.01  0.01  0.01  0.01  0.02  0.03  0.03  0.02  0.01  0.01 05081996 12
  0.01  0.00 -0.00 -0.00  0.00  0.01  0.01  0.02  0.03  0.04  0.04  0.04 06081996 00
  0.04  0.03  0.03  0.02  0.02  0.03  0.03  0.03  0.03  0.04  0.05  0.06 06081996 12
  0.05  0.05  0.04  0.02  0.01 -0.00 -0.01 -0.01 -0.01 -0.03 -0.04 -0.05 07081996 00
 -0.06 -0.07 -0.08 -0.07 -0.06 -0.05 -0.04 -0.03 -0.03 -0.03 -0.03 -0.02 07081996 12
 -0.01 -0.00 -0.01 -0.02 -0.02 -0.00  0.02  0.03  0.04  0.07  0.09  0.10 08081996 00
  0.10  0.13  0.16  0.21  0.20  0.17  0.13  0.12  0.10  0.10  0.09  0.09 08081996 12
  0.08  0.05  0.04  0.05  0.07  0.06  0.05  0.03  0.04  0.05  0.06  0.06 09081996 00
  0.07  0.06  0.06  0.08  0.10  0.11  0.10  0.10  0.10  0.11  0.14  0.17 09081996 12
  0.18  0.19  0.20  0.21  0.20  0.20  0.18  0.17  0.16  0.16  0.17  0.19 10081996 00
  0.19  0.18  0.18  0.20  0.20  0.23  0.22  0.19  0.15  0.11  0.11  0.11 10081996 12
  0.10  0.09  0.09  0.07  0.05  0.05  0.07  0.06  0.05  0.04  0.04  0.03 11081996 00
  0.03  0.02  0.02  0.02  0.02  0.02  0.02  0.03  0.03  0.03  0.03  0.03 11081996 12
  0.03  0.03  0.01  0.00 -0.01 -0.02 -0.03 -0.03 -0.02 -0.03 -0.02 -0.01 12081996 00
 -0.01 -0.01 -0.01 -0.02 -0.03 -0.02 -0.02 -0.03 -0.04 -0.04 -0.03 -0.03 12081996 12
 -0.03 -0.05 -0.05 -0.06 -0.06 -0.06 -0.06 -0.06 -0.05 -0.06 -0.06 -0.05 13081996 00
 -0.05 -0.05 -0.05 -0.05 -0.06 -0.06 -0.06 -0.07 -0.08 -0.07 -0.06 -0.05 13081996 12
 -0.05 -0.06 -0.08 -0.08 -0.09 -0.09 -0.08 -0.09 -0.09 -0.10 -0.10 -0.09 14081996 00
 -0.09 -0.09 -0.09 -0.08 -0.09 -0.09 -0.09 -0.09 -0.10 -0.11 -0.09 -0.09 14081996 12
 -0.08 -0.09 -0.10 -0.09 -0.10 -0.10 -0.09 -0.09 -0.09 -0.09 -0.09 -0.09 15081996 00
 -0.08 -0.07 -0.08 -0.08 -0.08 -0.08 -0.08 -0.08 -0.08 -0.08 -0.09 -0.08 15081996 12
 -0.07 -0.06 -0.07 -0.06 -0.06 -0.06 -0.07 -0.07 -0.08 -0.08 -0.07 -0.08 16081996 00
 -0.08 -0.08 -0.07 -0.08 -0.08 -0.08 -0.08 -0.08 -0.08 -0.08 -0.08 -0.08 16081996 12
 -0.08 -0.07 -0.07 -0.08 -0.07 -0.07 -0.06 -0.06 -0.05 -0.06 -0.06 -0.06 17081996 00
 -0.06 -0.06 -0.05 -0.06 -0.06 -0.06 -0.06 -0.05 -0.05 -0.05 -0.05 -0.04 17081996 12
 -0.03 -0.03 -0.03 -0.03 -0.02 -0.01  0.01  0.02  0.03  0.03  0.03  0.03 18081996 00
  0.03  0.02  0.01  0.02  0.02  0.01  0.01  0.01  0.00 -0.00  0.00  0.01 18081996 12
  0.01  0.01 -0.00 -0.02 -0.01 -0.01 -0.00 -0.01 -0.01 -0.01 -0.01 -0.00 19081996 00
 -0.00  0.00  0.01  0.02  0.02  0.02  0.02  0.01  0.00 -0.00  0.00  0.01 19081996 12
  0.01 -0.00 -0.01 -0.01 -0.01 -0.01 -0.01 -0.01 -0.01 -0.01  0.01  0.02 20081996 00
  0.02  0.01  0.01  0.00  0.01  0.02  0.02  0.01 -0.00 -0.01 -0.00  0.02 20081996 12
  0.03  0.02  0.01 -0.01 -0.01 -0.00  0.00  0.00  0.01  0.01  0.02  0.03 21081996 00
  0.04  0.04  0.03  0.03  0.03  0.04  0.05  0.04  0.04  0.03  0.03  0.04 21081996 12
  0.05  0.05  0.03  0.02  0.02  0.01  0.02  0.03  0.04  0.05  0.06  0.07 22081996 00
  0.10  0.15  0.17  0.16  0.13  0.11  0.10  0.10  0.08  0.08  0.09  0.12 22081996 12
  0.15  0.16  0.13  0.13  0.13  0.14  0.15  0.16  0.15  0.14  0.14  0.14 23081996 00
  0.14  0.16  0.17  0.15  0.15  0.13  0.14  0.13  0.13  0.11  0.12  0.14 23081996 12
  0.14  0.15  0.16  0.15  0.14  0.13  0.12  0.12  0.13  0.13  0.13  0.14 24081996 00
  0.13  0.13  0.15  0.17  0.14  0.12  0.10  0.10  0.12  0.14  0.15  0.15 24081996 12
  0.15  0.13  0.11  0.11  0.11  0.09  0.08  0.06  0.06  0.05  0.07  0.07 25081996 00
  0.07  0.07  0.06  0.04  0.02  0.01  0.03  0.05  0.05  0.04  0.05  0.07 25081996 12
  0.06  0.06  0.05  0.05  0.05  0.04  0.03  0.03  0.03  0.03  0.03  0.03 26081996 00
  0.02  0.02  0.01  0.00 -0.01 -0.01 -0.01 -0.02 -0.02 -0.03 -0.02 -0.03 26081996 12
 -0.04 -0.04 -0.05 -0.06 -0.07 -0.08 -0.08 -0.08 -0.07 -0.08 -0.07 -0.06 27081996 00
 -0.08 -0.07 -0.07 -0.08 -0.08 -0.08 -0.09 -0.10 -0.10 -0.10 -0.09 -0.09 27081996 12
 -0.10 -0.11 -0.11 -0.12 -0.13 -0.12 -0.14 -0.14 -0.15 -0.14 -0.13 -0.12 28081996 00
 -0.11 -0.13 -0.10 -0.11 -0.12 -0.12 -0.12 -0.13 -0.13 -0.12 -0.13 -0.12 28081996 12
 -0.10 -0.13 -0.12 -0.11 -0.11 -0.11 -0.10 -0.11 -0.12 -0.09 -0.07 -0.07 29081996 00
 -0.06 -0.05 -0.05 -0.02 -0.02 -0.02 -0.02 -0.02 -0.02 -0.01 -0.01 -0.01 29081996 12
 -0.01 -0.01 -0.01 -0.02 -0.03 -0.03 -0.02 -0.03 -0.05 -0.06 -0.06 -0.04 30081996 00
 -0.04 -0.04 -0.06 -0.08 -0.07 -0.07 -0.07 -0.08 -0.10 -0.12 -0.11 -0.11 30081996 12
 -0.12 -0.10 -0.10 -0.12 -0.10 -0.12 -0.12 -0.12 -0.13 -0.16 -0.17 -0.17 31081996 00
 -0.16 -0.16 -0.14 -0.16 -0.15 -0.15 -0.16 -0.17 -0.15 -0.16 -0.17 -0.15 31081996 12
 -0.17 -0.17 -0.14 -0.15 -0.15 -0.14 -0.14 -0.14 -0.12 -0.13 -0.14 -0.16 01091996 00
 -0.14 -0.13 -0.12 -0.11 -0.13 -0.10 -0.10 -0.11 -0.11 -0.12 -0.14 -0.12 01091996 12
 -0.12 -0.14 -0.13 -0.12 -0.14 -0.13 -0.13 -0.13 -0.13 -0.13 -0.15 -0.14 02091996 00
 -0.16 -0.17 -0.17 -0.15 -0.15 -0.17 -0.15 -0.15 -0.16 -0.16 -0.15 -0.18 02091996 12
 -0.16 -0.17 -0.16 -0.14 -0.13 -0.16 -0.16 -0.16 -0.17 -0.16 -0.16 -0.18 03091996 00
 -0.17 -0.18 -0.17 -0.16 -0.16 -0.17 -0.16 -0.14 -0.16 -0.16 -0.14 -0.15 03091996 12
 -0.14 -0.15 -0.15 -0.15 -0.15 -0.16 -0.17 -0.15 -0.15 -0.15 -0.14 -0.15 04091996 00
 -0.16 -0.17 -0.17 -0.17 -0.16 -0.15 -0.15 -0.14 -0.15 -0.16 -0.16 -0.14 04091996 12
 -0.14 -0.15 -0.15 -0.15 -0.13 -0.14 -0.14 -0.15 -0.13 -0.14 -0.13 -0.12 05091996 00
 -0.13 -0.16 -0.15 -0.15 -0.15 -0.15 -0.14 -0.14 -0.13 -0.12 -0.13 -0.12 05091996 12
 -0.11 -0.12 -0.13 -0.13 -0.13 -0.12 -0.13 -0.12 -0.10 -0.10 -0.10 -0.09 06091996 00
 -0.09 -0.09 -0.11 -0.11 -0.13 -0.13 -0.12 -0.13 -0.15 -0.15 -0.15 -0.14 06091996 12
 -0.13 -0.14 -0.13 -0.15 -0.13 -0.14 -0.13 -0.11 -0.10 -0.11 -0.10 -0.12 07091996 00
 -0.13 -0.14 -0.12 -0.12 -0.15 -0.16 -0.17 -0.17 -0.18 -0.16 -0.16 -0.15 07091996 12
 -0.15 -0.15 -0.15 -0.16 -0.20 -0.21 -0.21 -0.20 -0.18 -0.21 -0.22 -0.22 08091996 00
 -0.21 -0.21 -0.21 -0.19 -0.21 -0.25 -0.23 -0.22 -0.20 -0.21 -0.20 -0.22 08091996 12
 -0.22 -0.22 -0.22 -0.23 -0.23 -0.25 -0.25 -0.23 -0.22 -0.20 -0.21 -0.20 09091996 00
 -0.21 -0.19 -0.20 -0.20 -0.19 -0.20 -0.23 -0.22 -0.21 -0.18 -0.18 -0.16 09091996 12
 -0.17 -0.15 -0.16 -0.16 -0.15 -0.14 -0.17 -0.18 -0.17 -0.15 -0.14 -0.13 10091996 00
 -0.14 -0.14 -0.14 -0.15 -0.16 -0.15 -0.15 -0.15 -0.15 -0.15 -0.13 -0.12 10091996 12
 -0.13 -0.13 -0.11 -0.12 -0.11 -0.10 -0.11 -0.11 -0.11 -0.10 -0.07 -0.06 11091996 00
 -0.05 -0.05 -0.04 -0.03 -0.03 -0.01 -0.01 -0.02 -0.02 -0.01 -0.01 -0.01 11091996 12
 -0.03 -0.03 -0.03 -0.03 -0.04 -0.06 -0.07 -0.10 -0.10 -0.11 -0.11 -0.09 12091996 00
 -0.09 -0.11 -0.11 -0.11 -0.12 -0.12 -0.10 -0.09 -0.07 -0.07 -0.06 -0.03 12091996 12
 -0.03 -0.03 -0.02 -0.03 -0.04 -0.05 -0.06 -0.07 -0.08 -0.07 -0.06 -0.06 13091996 00
 -0.05 -0.05 -0.06 -0.05 -0.06 -0.07 -0.07 -0.07 -0.08 -0.08 -0.08 -0.08 13091996 12
 -0.07 -0.06 -0.07 -0.06 -0.07 -0.08 -0.08 -0.09 -0.10 -0.11 -0.10 -0.11 14091996 00
 -0.09 -0.08 -0.09 -0.09 -0.09 -0.10 -0.10 -0.09 -0.10 -0.11 -0.11 -0.10 14091996 12
 -0.10 -0.10 -0.11 -0.11 -0.10 -0.10 -0.10 -0.09 -0.10 -0.10 -0.09 -0.09 15091996 00
 -0.09 -0.09 -0.07 -0.09 -0.08 -0.09 -0.09 -0.08 -0.08 -0.10 -0.09 -0.10 15091996 12
 -0.10 -0.09 -0.08 -0.09 -0.07 -0.07 -0.07 -0.06 -0.05 -0.04 -0.05 -0.04 16091996 00
 -0.04 -0.04 -0.03 -0.04 -0.04 -0.04 -0.04 -0.03 -0.03 -0.04 -0.04 -0.04 16091996 12
 -0.04 -0.03 -0.02 -0.02 -0.02 -0.03 -0.04 -0.04 -0.03 -0.04 -0.06 -0.07 17091996 00
 -0.07 -0.07 -0.06 -0.05 -0.06 -0.05 -0.05 -0.05 -0.05 -0.05 -0.05 -0.06 17091996 12
 -0.06 -0.06 -0.06 -0.07 -0.09 -0.10 -0.11 -0.12 -0.12 -0.11 -0.12 -0.12 18091996 00
 -0.14 -0.13 -0.11 -0.10 -0.10 -0.09 -0.08 -0.09 -0.09 -0.06 -0.04 -0.03 18091996 12
 -0.05 -0.07 -0.07 -0.09 -0.11 -0.13 -0.13 -0.13 -0.12 -0.11 -0.13 -0.16 19091996 00
 -0.16 -0.14 -0.13 -0.11 -0.12 -0.13 -0.12 -0.11 -0.11 -0.10 -0.08 -0.09 19091996 12
 -0.09 -0.09 -0.11 -0.10 -0.11 -0.12 -0.12 -0.10 -0.09 -0.09 -0.09 -0.09 20091996 00
 -0.09 -0.07 -0.07 -0.07 -0.06 -0.05 -0.05 -0.05 -0.05 -0.06 -0.06 -0.04 20091996 12
 -0.04 -0.04 -0.04 -0.05 -0.05 -0.06 -0.06 -0.06 -0.04 -0.05 -0.06 -0.07 21091996 00
 -0.07 -0.07 -0.07 -0.07 -0.07 -0.06 -0.06 -0.07 -0.08 -0.07 -0.08 -0.08 21091996 12
 -0.07 -0.07 -0.08 -0.08 -0.08 -0.06 -0.05 -0.04 -0.05 -0.05 -0.04 -0.04 22091996 00
 -0.03 -0.03 -0.03 -0.04 -0.04 -0.04 -0.03 -0.03 -0.03 -0.03 -0.02 -0.01 22091996 12
 -0.01 -0.01 -0.01 -0.01 -0.01 -0.00  0.01  0.01  0.02  0.02  0.02  0.03 23091996 00
  0.04  0.05  0.06  0.07  0.08  0.09  0.08  0.06  0.05  0.05  0.06  0.06 23091996 12
  0.05  0.04  0.03  0.02  0.02  0.03  0.03  0.03  0.03  0.04  0.05  0.07 24091996 00
  0.08  0.08  0.09  0.11  0.13  0.16  0.18  0.18  0.17  0.17  0.20  0.24 24091996 12
  0.24  0.20  0.20  0.18  0.14  0.12  0.11  0.09  0.08  0.07  0.05  0.04 25091996 00
  0.04  0.04  0.05  0.05  0.03  0.03  0.04  0.05  0.04  0.04  0.05  0.06 25091996 12
  0.06  0.05  0.04  0.04  0.05  0.07  0.12  0.13  0.13  0.14  0.17  0.20 26091996 00
  0.26  0.31  0.29  0.29  0.31  0.34  0.41  0.45  0.40  0.38  0.38  0.32 26091996 12
  0.29  0.32  0.25  0.28  0.27  0.22  0.15  0.10  0.08  0.04  0.05  0.05 27091996 00
  0.04  0.05  0.06  0.07  0.09  0.09  0.11  0.17  0.20  0.22  0.20  0.22 27091996 12
  0.19  0.19  0.21  0.17  0.18  0.18  0.15  0.12  0.10  0.05  0.07  0.07 28091996 00
  0.06  0.05  0.07  0.05  0.05  0.06  0.07  0.10  0.17  0.23  0.26  0.34 28091996 12
  0.41  0.50  0.65  0.65  0.59  0.56  0.50  0.40  0.34  0.24  0.18  0.16 29091996 00
  0.12  0.10  0.09  0.12  0.10  0.13  0.18  0.22  0.27  0.28  0.21  0.17 29091996 12
  0.15  0.11  0.07  0.10  0.07  0.08  0.08  0.07  0.07  0.09  0.12  0.10 30091996 00
  0.09  0.10  0.08  0.09  0.08  0.08  0.09  0.09  0.06  0.05  0.04  0.04 30091996 12
  0.05  0.05  0.05  0.04  0.05  0.04  0.04  0.04  0.04  0.04  0.05  0.05 01101996 00
  0.06  0.07  0.07  0.06  0.07  0.06  0.07  0.07  0.07  0.07  0.09  0.08 01101996 12
  0.07  0.05  0.01 -0.03 -0.06 -0.10 -0.11 -0.11 -0.12 -0.13 -0.12 -0.10 02101996 00
 -0.09 -0.08 -0.07 -0.07 -0.05 -0.04 -0.05 -0.06 -0.06 -0.07 -0.05 -0.02 02101996 12
  0.00  0.01  0.03  0.06  0.08  0.13  0.17  0.19  0.22  0.26  0.29  0.33 03101996 00
  0.33  0.29  0.30  0.29  0.27  0.24  0.21  0.19  0.19  0.13  0.06  0.01 03101996 12
 -0.01 -0.05 -0.05 -0.05  0.01  0.08  0.13  0.17  0.20  0.22  0.24  0.24 04101996 00
  0.23  0.19  0.18  0.16  0.16  0.15  0.12  0.07  0.07  0.06  0.04 -0.02 04101996 12
 -0.09 -0.14 -0.18 -0.21 -0.22 -0.21 -0.20 -0.19 -0.19 -0.19 -0.18 -0.16 05101996 00
 -0.13 -0.12 -0.10 -0.11 -0.14 -0.12 -0.13 -0.12 -0.12 -0.10 -0.09 -0.09 05101996 12
 -0.10 -0.11 -0.11 -0.07 -0.06 -0.03  0.00  0.03  0.02  0.01  0.01  0.02 06101996 00
  0.02  0.02 -0.02 -0.06 -0.10 -0.10 -0.09 -0.09 -0.08 -0.08 -0.09 -0.07 06101996 12
 -0.05 -0.03 -0.00  0.01  0.02  0.02 -0.00 -0.01 -0.00 -0.00 -0.02 -0.03 07101996 00
 -0.03 -0.04 -0.04 -0.06 -0.07 -0.07 -0.05 -0.04 -0.05 -0.04 -0.04 -0.04 07101996 12
 -0.05 -0.06 -0.07 -0.08 -0.09 -0.13 -0.15 -0.15 -0.14 -0.14 -0.12 -0.12 08101996 00
 -0.11 -0.11 -0.11 -0.11 -0.10 -0.10 -0.07 -0.07 -0.08 -0.08 -0.08 -0.07 08101996 12
 -0.06 -0.06 -0.06 -0.06 -0.05 -0.06 -0.08 -0.08 -0.08 -0.07 -0.05 -0.04 09101996 00
 -0.04 -0.04 -0.05 -0.07 -0.08 -0.09 -0.11 -0.12 -0.12 -0.12 -0.13 -0.13 09101996 12
 -0.13 -0.13 -0.14 -0.15 -0.14 -0.14 -0.15 -0.14 -0.13 -0.13 -0.11 -0.10 10101996 00
 -0.10 -0.11 -0.11 -0.13 -0.14 -0.14 -0.14 -0.13 -0.12 -0.12 -0.10 -0.08 10101996 12
 -0.07 -0.07 -0.06 -0.07 -0.06 -0.03  0.00  0.01  0.00  0.01  0.03  0.06 11101996 00
  0.11  0.13  0.15  0.17  0.21  0.26  0.35  0.40  0.38  0.34  0.30  0.30 11101996 12
  0.31  0.32  0.28  0.29  0.28  0.25  0.24  0.26  0.20  0.20  0.17  0.14 12101996 00
  0.15  0.18  0.16  0.16  0.18  0.17  0.20  0.27  0.28  0.26  0.24  0.22 12101996 12
  0.23  0.30  0.31  0.30  0.29  0.28  0.30  0.36  0.40  0.34  0.30  0.25 13101996 00
  0.22  0.25  0.25  0.20  0.21  0.22  0.20  0.21  0.25  0.25  0.23  0.22 13101996 12
  0.18  0.17  0.22  0.19  0.19  0.20  0.20  0.20  0.23  0.24  0.20  0.19 14101996 00
  0.16  0.15  0.17  0.15  0.14  0.16  0.17  0.18  0.19  0.18  0.18  0.17 14101996 12
  0.16  0.15  0.16  0.16  0.14  0.16  0.18  0.18  0.22  0.28  0.27  0.28 15101996 00
  0.27  0.25  0.24  0.25  0.20  0.21  0.23  0.23  0.24  0.28  0.29  0.25 15101996 12
  0.26  0.23  0.23  0.29  0.26  0.25  0.24  0.20  0.21  0.30  0.31  0.33 16101996 00
  0.30  0.27  0.25  0.28  0.23  0.18  0.17  0.14  0.08  0.04  0.04  0.04 16101996 12
  0.07  0.05  0.03  0.03  0.05  0.06  0.06  0.06  0.05  0.05  0.07  0.08 17101996 00
  0.07  0.06  0.05  0.04  0.05  0.05  0.05  0.06  0.08  0.11  0.15  0.18 17101996 12
  0.17  0.20  0.23  0.28  0.35  0.40  0.39  0.38  0.36  0.31  0.26  0.25 18101996 00
  0.24  0.26  0.28  0.30  0.33  0.38  0.39  0.40  0.43  0.47  0.47  0.48 18101996 12
  0.43  0.35  0.29  0.21  0.16  0.12  0.08  0.06  0.10  0.06 -0.01 -0.03 19101996 00
 -0.00  0.01  0.03  0.02  0.02  0.02  0.02  0.01 -0.00 -0.01  0.00  0.03 19101996 12
  0.05  0.04  0.02  0.03  0.05  0.08  0.11  0.13  0.13  0.13  0.13  0.15 20101996 00
  0.20  0.26  0.26  0.27  0.27  0.30  0.30  0.30  0.28  0.27  0.26  0.23 20101996 12
  0.16  0.09  0.03 -0.04 -0.06 -0.08 -0.08 -0.08 -0.07 -0.08 -0.09 -0.10 21101996 00
 -0.11 -0.10 -0.10 -0.10 -0.09 -0.08 -0.07 -0.08 -0.08 -0.08 -0.06 -0.05 21101996 12
 -0.05 -0.05 -0.04 -0.03 -0.02 -0.01 -0.00  0.00  0.02  0.03  0.02  0.01 22101996 00
  0.01  0.02  0.04  0.06  0.08  0.07  0.06  0.05  0.06  0.07  0.08  0.08 22101996 12
  0.08  0.09  0.09  0.10  0.13  0.14  0.13  0.11  0.08  0.06  0.07  0.09 23101996 00
  0.09  0.10  0.10  0.07  0.06  0.07  0.09  0.09  0.09  0.09  0.10  0.12 23101996 12
  0.12  0.12  0.12  0.12  0.12  0.13  0.13  0.10  0.10  0.09  0.10  0.13 24101996 00
  0.14  0.13  0.12  0.10  0.07  0.05  0.05  0.07  0.06  0.06  0.09  0.14 24101996 12
  0.19  0.21  0.23  0.26  0.29  0.32  0.33  0.25  0.20  0.17  0.13  0.13 25101996 00
  0.17  0.15  0.13  0.15  0.14  0.14  0.17  0.21  0.22  0.23  0.22  0.23 25101996 12
  0.25  0.26  0.22  0.22  0.21  0.18  0.14  0.14  0.10  0.09  0.09  0.06 26101996 00
  0.02  0.04  0.01  0.01  0.01 -0.01 -0.02  0.01  0.05  0.05  0.07  0.10 26101996 12
  0.15  0.26  0.35  0.40  0.43  0.50  0.59  0.70  0.68  0.59  0.56  0.52 27101996 00
  0.47  0.50  0.49  0.41  0.42  0.38  0.29  0.19  0.16  0.12  0.15  0.20 27101996 12
  0.24  0.30  0.38  0.38  0.39  0.40  0.48  0.64  0.80  0.82  0.74  0.71 28101996 00
  0.67  0.66  0.83  0.78  0.80  0.90  0.91  0.85  0.86  0.74  0.52  0.39 28101996 12
  0.19 -0.07 -0.23 -0.33 -0.38 -0.35 -0.37 -0.39 -0.36 -0.27 -0.20 -0.18 29101996 00
 -0.12 -0.03  0.04  0.03  0.07  0.04  0.01 -0.01 -0.05 -0.12 -0.13 -0.12 29101996 12
 -0.10 -0.07 -0.06 -0.06 -0.04 -0.02 -0.00  0.01  0.03  0.05  0.05  0.03 30101996 00
  0.02  0.02  0.02  0.03  0.02 -0.00 -0.01 -0.01 -0.01  0.00  0.03  0.05 30101996 12
  0.06  0.07  0.08  0.11  0.14  0.16  0.18  0.21  0.25  0.32  0.35  0.36 31101996 00
  0.34  0.34  0.33  0.34  0.36  0.36  0.37  0.37  0.33  0.26  0.20  0.08 31101996 12
 -0.05 -0.06 -0.09 -0.12 -0.16 -0.17 -0.16 -0.14 -0.16 -0.16 -0.12 -0.06 01111996 00
 -0.00  0.03  0.08  0.12  0.19  0.24  0.25  0.27  0.30  0.34  0.34  0.34 01111996 12
  0.33  0.31  0.29  0.24  0.23  0.22  0.22  0.21  0.24  0.22  0.19  0.19 02111996 00
  0.20  0.17  0.16  0.11  0.10  0.09  0.08  0.05  0.06  0.06  0.07  0.09 02111996 12
  0.13  0.16  0.21  0.26  0.32  0.37  0.39  0.38  0.39  0.43  0.44  0.39 03111996 00
  0.33  0.34  0.31  0.28  0.25  0.20  0.20  0.19  0.15  0.14  0.12  0.07 03111996 12
  0.02  0.03  0.04  0.09  0.17  0.29  0.41  0.49  0.53  0.52  0.49  0.47 04111996 00
  0.45  0.43  0.46  0.48  0.46  0.52  0.53  0.54  0.55  0.54  0.53  0.51 04111996 12
  0.48  0.43  0.34  0.30  0.23  0.15  0.16  0.15  0.10  0.03 -0.04 -0.05 05111996 00
 -0.05 -0.05 -0.06 -0.07 -0.05 -0.05 -0.07 -0.02  0.12  0.35  0.60  0.78 05111996 12
  0.83  0.95  1.21  1.37  1.27  1.09  1.00  0.98  0.96  0.92  0.86  0.76 06111996 00
  0.67  0.48  0.31  0.25  0.20  0.14  0.10  0.08  0.09  0.11  0.11  0.08 06111996 12
  0.10  0.13  0.18  0.20  0.22  0.20  0.14  0.09  0.06  0.08  0.11  0.12 07111996 00
  0.10  0.11  0.10  0.07  0.04  0.04  0.02  0.00 -0.01 -0.04 -0.06 -0.07 07111996 12
 -0.08 -0.09 -0.09 -0.10 -0.09 -0.08 -0.06 -0.05 -0.03 -0.01  0.02  0.05 08111996 00
  0.07  0.08  0.09  0.11  0.12  0.13  0.12  0.10  0.09  0.08  0.08  0.06 08111996 12
  0.06  0.04  0.05  0.05  0.05  0.03  0.01 -0.01 -0.00 -0.01 -0.02 -0.05 09111996 00
 -0.08 -0.09 -0.09 -0.10 -0.13 -0.15 -0.17 -0.19 -0.17 -0.16 -0.11 -0.09 09111996 12
 -0.09 -0.09 -0.08 -0.08 -0.07 -0.07 -0.06 -0.06 -0.04 -0.03 -0.01 -0.00 10111996 00
  0.00  0.01  0.01  0.01  0.02  0.02  0.04  0.05  0.06  0.06  0.06  0.06 10111996 12
  0.06  0.07  0.07  0.08  0.08  0.08  0.08  0.09  0.09  0.08  0.08  0.07 11111996 00
  0.07  0.06  0.03  0.02  0.02 -0.00 -0.04 -0.08 -0.10 -0.11 -0.10 -0.09 11111996 12
 -0.11 -0.20 -0.24 -0.20 -0.19 -0.21 -0.23 -0.31 -0.36 -0.37 -0.35 -0.31 12111996 00
 -0.25 -0.24 -0.33 -0.27 -0.25 -0.22 -0.19 -0.17 -0.19 -0.17 -0.12 -0.14 12111996 12
 -0.12 -0.10 -0.13 -0.12 -0.11 -0.10 -0.09 -0.09 -0.10 -0.10 -0.09 -0.06 13111996 00
 -0.06 -0.05 -0.07 -0.09 -0.08 -0.08 -0.08 -0.08 -0.08 -0.09 -0.09 -0.09 13111996 12
 -0.09 -0.08 -0.07 -0.08 -0.06 -0.07 -0.07 -0.07 -0.07 -0.08 -0.08 -0.08 14111996 00
 -0.08 -0.09 -0.08 -0.10 -0.09 -0.09 -0.09 -0.10 -0.10 -0.12 -0.12 -0.13 14111996 12
 -0.13 -0.14 -0.13 -0.12 -0.13 -0.11 -0.11 -0.12 -0.11 -0.11 -0.12 -0.11 15111996 00
 -0.11 -0.12 -0.11 -0.11 -0.13 -0.12 -0.12 -0.12 -0.11 -0.11 -0.12 -0.14 15111996 12
 -0.14 -0.13 -0.12 -0.12 -0.12 -0.12 -0.11 -0.11 -0.12 -0.11 -0.10 -0.10 16111996 00
 -0.09 -0.07 -0.04 -0.03 -0.02  0.01  0.04  0.06  0.08  0.10  0.10  0.10 16111996 12
  0.09  0.10  0.08  0.04  0.02  0.02  0.02  0.02  0.01 -0.01 -0.07 -0.17 17111996 00
 -0.23 -0.23 -0.22 -0.20 -0.17 -0.17 -0.18 -0.14 -0.13 -0.12 -0.07 -0.03 17111996 12
 -0.01 -0.00  0.00 -0.00 -0.01 -0.01 -0.01 -0.03 -0.03 -0.03 -0.04 -0.04 18111996 00
 -0.04 -0.03 -0.01 -0.00  0.00  0.00  0.01  0.02  0.03  0.04  0.05  0.06 18111996 12
  0.08  0.13  0.20  0.24  0.27  0.27  0.27  0.26  0.24  0.13  0.04  0.01 19111996 00
  0.03 -0.01 -0.11 -0.12 -0.08 -0.05 -0.04 -0.07 -0.07 -0.02 -0.00 -0.02 19111996 12
 -0.03 -0.01  0.02  0.05  0.07  0.06  0.07  0.06  0.03  0.01  0.03  0.07 20111996 00
  0.08  0.08  0.07  0.05  0.07  0.10  0.12  0.13  0.12  0.09  0.08  0.08 20111996 12
  0.08  0.08  0.06  0.04  0.06  0.07  0.08  0.09  0.08  0.07  0.08  0.10 21111996 00
  0.10  0.11  0.11  0.10  0.11  0.13  0.15  0.16  0.15  0.15  0.15  0.18 21111996 12
  0.18  0.20  0.20  0.21  0.23  0.24  0.22  0.20  0.18  0.13  0.10  0.10 22111996 00
  0.09  0.10  0.10  0.07  0.03  0.03  0.05  0.06  0.05  0.04  0.04  0.02 22111996 12
  0.02  0.01  0.01  0.01  0.01  0.00  0.00  0.01  0.01  0.01  0.03  0.05 23111996 00
  0.07  0.08  0.09  0.09  0.10  0.10  0.09  0.07  0.05  0.01 -0.03 -0.06 23111996 12
 -0.07 -0.10 -0.11 -0.10 -0.10 -0.10 -0.10 -0.11 -0.09 -0.08 -0.06 -0.04 24111996 00
 -0.00  0.06  0.15  0.24  0.35  0.48  0.62  0.66  0.62  0.52  0.40  0.25 24111996 12
  0.15  0.14  0.07  0.10  0.12  0.09  0.06  0.08  0.10  0.16  0.18  0.16 25111996 00
  0.16  0.16  0.14  0.12  0.10  0.07  0.02 -0.06 -0.13 -0.16 -0.16 -0.16 25111996 12
 -0.13 -0.11 -0.11 -0.07 -0.07 -0.06 -0.05 -0.03 -0.02 -0.01 -0.01 -0.01 26111996 00
 -0.01 -0.04 -0.05 -0.06 -0.07 -0.06 -0.06 -0.05 -0.02 -0.01 -0.00  0.01 26111996 12
  0.01  0.01  0.03  0.05  0.04  0.03  0.02  0.01  0.00  0.00  0.00 -0.01 27111996 00
 -0.01 -0.01 -0.01 -0.02 -0.02 -0.03 -0.04 -0.05 -0.06 -0.07 -0.08 -0.08 27111996 12
 -0.08 -0.06 -0.05 -0.06 -0.06 -0.07 -0.08 -0.08 -0.08 -0.09 -0.10 -0.10 28111996 00
 -0.10 -0.10 -0.08 -0.09 -0.08 -0.08 -0.07 -0.05  0.01  0.14  0.27  0.35 28111996 12
  0.40  0.39  0.37  0.38  0.37  0.32  0.31  0.26  0.19  0.16  0.17  0.18 29111996 00
  0.19  0.16  0.17  0.19  0.20  0.20  0.22  0.25  0.28  0.27  0.26  0.25 29111996 12
  0.26  0.27  0.27  0.30  0.33  0.36  0.36  0.37  0.34  0.23  0.14  0.08 30111996 00
  0.05  0.05 -0.00 -0.07 -0.11 -0.13 -0.13 -0.12 -0.13 -0.13 -0.11 -0.10 30111996 12
 -0.08 -0.05  0.00  0.06  0.14  0.18  0.21  0.23  0.26  0.30  0.29  0.26 01121996 00
  0.25  0.27  0.28  0.26  0.21  0.21  0.22  0.24  0.28  0.28  0.26  0.26 01121996 12
  0.26  0.22  0.22  0.19  0.23  0.21  0.22  0.24  0.29  0.30  0.28  0.22 02121996 00
  0.18  0.10  0.10  0.07  0.07  0.04  0.01 -0.04 -0.05 -0.07 -0.09 -0.10 02121996 12
 -0.08 -0.05 -0.03  0.01  0.07  0.12  0.19  0.26  0.38  0.53  0.67  0.74 03121996 00
  0.71  0.62  0.47  0.36  0.33  0.30  0.31  0.32  0.31  0.34  0.32  0.28 03121996 12
  0.27  0.33  0.35  0.28  0.22  0.16  0.16  0.16  0.15  0.12  0.13  0.14 04121996 00
  0.17  0.21  0.23  0.17  0.13  0.10  0.08  0.05  0.02 -0.01 -0.00 -0.01 04121996 12
 -0.04 -0.06 -0.06 -0.06 -0.06 -0.05 -0.05 -0.05 -0.03 -0.04 -0.04 -0.04 05121996 00
 -0.03 -0.04 -0.04 -0.05 -0.06 -0.06 -0.05 -0.07 -0.09 -0.09 -0.08 -0.08 05121996 12
 -0.08 -0.09 -0.10 -0.10 -0.10 -0.09 -0.07 -0.06 -0.08 -0.09 -0.09 -0.09 06121996 00
 -0.09 -0.09 -0.10 -0.10 -0.11 -0.11 -0.11 -0.12 -0.11 -0.10 -0.09 -0.08 06121996 12
 -0.07 -0.08 -0.09 -0.09 -0.08 -0.08 -0.08 -0.07 -0.07 -0.07 -0.05 -0.05 07121996 00
 -0.04 -0.04 -0.03 -0.03 -0.03 -0.02 -0.03 -0.04 -0.05 -0.06 -0.05 -0.05 07121996 12
 -0.05 -0.06 -0.07 -0.07 -0.08 -0.09 -0.10 -0.10 -0.10 -0.09 -0.09 -0.09 08121996 00
 -0.09 -0.08 -0.09 -0.09 -0.09 -0.09 -0.09 -0.08 -0.09 -0.08 -0.07 -0.06 08121996 12
 -0.06 -0.06 -0.07 -0.07 -0.06 -0.07 -0.08 -0.08 -0.07 -0.06 -0.05 -0.04 09121996 00
 -0.04 -0.04 -0.05 -0.07 -0.08 -0.07 -0.06 -0.07 -0.09 -0.09 -0.08 -0.07 09121996 12
 -0.06 -0.06 -0.05 -0.06 -0.06 -0.06 -0.06 -0.06 -0.06 -0.07 -0.06 -0.06 10121996 00
 -0.05 -0.05 -0.05 -0.07 -0.08 -0.08 -0.07 -0.07 -0.08 -0.08 -0.08 -0.08 10121996 12
 -0.08 -0.09 -0.10 -0.10 -0.11 -0.11 -0.10 -0.10 -0.08 -0.10 -0.11 -0.11 11121996 00
 -0.08 -0.07 -0.08 -0.07 -0.07 -0.08 -0.06 -0.04 -0.03 -0.02 -0.03 -0.04 11121996 12
 -0.03 -0.03 -0.03 -0.02 -0.02 -0.01 -0.02 -0.03 -0.04 -0.04 -0.03 -0.03 12121996 00
 -0.01 -0.01 -0.01 -0.02 -0.02 -0.01 -0.01 -0.01 -0.02 -0.03 -0.04 -0.03 12121996 12
 -0.03 -0.04 -0.05 -0.06 -0.05 -0.05 -0.06 -0.06 -0.07 -0.08 -0.06 -0.07 13121996 00
 -0.06 -0.04 -0.04 -0.06 -0.05 -0.04 -0.04 -0.03 -0.01  0.00  0.02  0.03 13121996 12
  0.02  0.03  0.04  0.04  0.06  0.07  0.08  0.10  0.12  0.15  0.17  0.16 14121996 00
  0.17  0.16  0.16  0.17  0.19  0.18  0.19  0.20  0.19  0.19  0.20  0.22 14121996 12
  0.19  0.18  0.15  0.12  0.14  0.12  0.09  0.09  0.09  0.07  0.04  0.02 15121996 00
 -0.01  0.00 -0.00  0.00  0.00 -0.00 -0.01 -0.01 -0.01 -0.01  0.01  0.02 15121996 12
  0.02  0.02  0.02  0.03  0.03  0.03  0.03  0.03  0.03  0.03  0.02  0.01 16121996 00
  0.02  0.03  0.04  0.02  0.01  0.01  0.01  0.02  0.03  0.04  0.04  0.06 16121996 12
  0.06  0.05  0.04  0.03  0.03  0.02  0.03  0.02  0.02  0.03  0.03  0.03 17121996 00
  0.06  0.08  0.08  0.07  0.06  0.06  0.07  0.08  0.09  0.11  0.12  0.13 17121996 12
  0.16  0.19  0.20  0.20  0.20  0.19  0.18  0.18  0.17  0.15  0.16  0.16 18121996 00
  0.14  0.15  0.17  0.17  0.18  0.15  0.15  0.13  0.13  0.12  0.14  0.13 18121996 12
  0.12  0.10  0.09  0.06  0.04  0.03  0.03  0.04  0.05  0.04  0.03  0.02 19121996 00
  0.01  0.02  0.03  0.03  0.03  0.01  0.01  0.00 -0.01 -0.01  0.00  0.01 19121996 12
 -0.01 -0.04 -0.05 -0.05 -0.03 -0.02 -0.03 -0.04 -0.06 -0.08 -0.09 -0.07 20121996 00
 -0.06 -0.07 -0.07 -0.07 -0.10 -0.09 -0.10 -0.13 -0.13 -0.14 -0.16 -0.16 20121996 12
 -0.15 -0.16 -0.17 -0.14 -0.11 -0.07 -0.05 -0.06 -0.06 -0.08 -0.09 -0.08 21121996 00
 -0.07 -0.08 -0.10 -0.14 -0.17 -0.19 -0.18 -0.16 -0.17 -0.16 -0.16 -0.16 21121996 12
 -0.16 -0.15 -0.17 -0.18 -0.16 -0.16 -0.17 -0.17 -0.16 -0.13 -0.11 -0.11 22121996 00
 -0.12 -0.10 -0.11 -0.13 -0.11 -0.12 -0.15 -0.18 -0.17 -0.16 -0.14 -0.12 22121996 12
 -0.10 -0.10 -0.09 -0.11 -0.12 -0.10 -0.10 -0.10 -0.09 -0.08 -0.07 -0.07 23121996 00
 -0.08 -0.09 -0.07 -0.09 -0.10 -0.10 -0.10 -0.09 -0.09 -0.08 -0.07 -0.06 23121996 12
 -0.06 -0.06 -0.05 -0.04 -0.05 -0.06 -0.08 -0.09 -0.07 -0.07 -0.07 -0.06 24121996 00
 -0.06 -0.08 -0.08 -0.07 -0.08 -0.07 -0.08 -0.10 -0.11 -0.12 -0.11 -0.08 24121996 12
 -0.08 -0.09 -0.08 -0.07 -0.07 -0.06 -0.06 -0.07 -0.08 -0.09 -0.09 -0.09 25121996 00
 -0.08 -0.09 -0.10 -0.10 -0.10 -0.10 -0.11 -0.14 -0.19 -0.22 -0.20 -0.20 25121996 12
 -0.19 -0.18 -0.20 -0.19 -0.19 -0.20 -0.20 -0.19 -0.18 -0.17 -0.19 -0.18 26121996 00
 -0.17 -0.18 -0.17 -0.16 -0.16 -0.18 -0.18 -0.16 -0.16 -0.18 -0.19 -0.21 26121996 12
 -0.18 -0.16 -0.14 -0.13 -0.11 -0.12 -0.14 -0.14 -0.15 -0.17 -0.19 -0.20 27121996 00
 -0.20 -0.18 -0.18 -0.22 -0.21 -0.21 -0.22 -0.21 -0.20 -0.22 -0.23 -0.23 27121996 12
 -0.22 -0.19 -0.18 -0.19 -0.19 -0.18 -0.19 -0.19 -0.17 -0.17 -0.18 -0.19 28121996 00
 -0.20 -0.18 -0.18 -0.20 -0.19 -0.18 -0.18 -0.19 -0.18 -0.19 -0.21 -0.21 28121996 12
 -0.20 -0.20 -0.17 -0.17 -0.18 -0.17 -0.18 -0.19 -0.17 -0.17 -0.18 -0.18 29121996 00
 -0.18 -0.16 -0.14 -0.14 -0.16 -0.15 -0.14 -0.14 -0.13 -0.12 -0.16 -0.19 29121996 12
 -0.19 -0.19 -0.16 -0.15 -0.17 -0.17 -0.14 -0.14 -0.14 -0.11 -0.11 -0.12 30121996 00
 -0.12 -0.12 -0.10 -0.09 -0.11 -0.14 -0.14 -0.14 -0.15 -0.15 -0.18 -0.23 30121996 12
 -0.24 -0.24 -0.23 -0.21 -0.21 -0.23 -0.23 -0.22 -0.24 -0.23 -0.20 -0.21 31121996 00
 -0.22 -0.22 -0.23 -0.22 -0.24 -0.27 -0.28 -0.25 -0.25 -0.25 -0.23 -0.25 31121996 12
