Parameter Z: CS3 Location ( 52, 86) Lat 53.500 Lon -3.417
  0.54  0.46  0.36  0.33  0.40  0.48  0.48  0.46  0.45  0.40  0.37  0.43 01012001 00
  0.49  0.51  0.53  0.51  0.52  0.53  0.52  0.51  0.54  0.52  0.46  0.46 01012001 12
  0.48  0.38  0.34  0.30  0.31  0.32  0.35  0.36  0.40  0.43  0.45  0.46 02012001 00
  0.50  0.50  0.50  0.46  0.44  0.42  0.43  0.41  0.42  0.40  0.36  0.32 02012001 12
  0.31  0.33  0.28  0.28  0.25  0.29  0.28  0.30  0.27  0.27  0.28  0.30 03012001 00
  0.29  0.31  0.31  0.32  0.30  0.28  0.30  0.33  0.34  0.36  0.39  0.38 03012001 12
  0.36  0.37  0.40  0.35  0.34  0.30  0.30  0.26  0.25  0.22  0.25  0.28 04012001 00
  0.27  0.25  0.26  0.25  0.23  0.22  0.21  0.20  0.22  0.21  0.22  0.22 04012001 12
  0.21  0.22  0.25  0.25  0.21  0.22  0.21  0.22  0.22  0.23  0.25  0.27 05012001 00
  0.28  0.26  0.23  0.23  0.25  0.24  0.24  0.22  0.24  0.24  0.26  0.26 05012001 12
  0.27  0.28  0.28  0.28  0.30  0.29  0.30  0.29  0.30  0.30  0.32  0.34 06012001 00
  0.34  0.36  0.35  0.31  0.31  0.34  0.29  0.29  0.25  0.25  0.25  0.26 06012001 12
  0.25  0.28  0.27  0.25  0.27  0.28  0.24  0.21  0.20  0.18  0.18  0.19 07012001 00
  0.18  0.19  0.22  0.23  0.21  0.21  0.19  0.15  0.16  0.14  0.15  0.13 07012001 12
  0.10  0.07  0.08  0.07  0.04  0.03  0.03  0.03  0.04  0.04  0.05  0.04 08012001 00
  0.04  0.04  0.03  0.02  0.01  0.01  0.01  0.00  0.00 -0.00 -0.00 -0.01 08012001 12
 -0.02 -0.02 -0.01 -0.02 -0.02 -0.02 -0.01 -0.00  0.01  0.01  0.02  0.02 09012001 00
  0.02  0.01  0.00 -0.01 -0.01 -0.02 -0.03 -0.06 -0.07 -0.08 -0.07 -0.06 09012001 12
 -0.06 -0.10 -0.13 -0.13 -0.14 -0.14 -0.15 -0.17 -0.18 -0.18 -0.15 -0.17 10012001 00
 -0.18 -0.20 -0.23 -0.20 -0.22 -0.24 -0.24 -0.26 -0.27 -0.25 -0.25 -0.25 10012001 12
 -0.24 -0.23 -0.29 -0.32 -0.30 -0.30 -0.28 -0.27 -0.34 -0.40 -0.35 -0.35 11012001 00
 -0.36 -0.31 -0.34 -0.38 -0.36 -0.40 -0.40 -0.40 -0.46 -0.48 -0.52 -0.45 11012001 12
 -0.46 -0.40 -0.36 -0.42 -0.37 -0.38 -0.34 -0.28 -0.26 -0.32 -0.30 -0.27 12012001 00
 -0.26 -0.25 -0.23 -0.26 -0.24 -0.25 -0.28 -0.28 -0.24 -0.20 -0.19 -0.19 12012001 12
 -0.18 -0.24 -0.26 -0.23 -0.22 -0.17 -0.19 -0.20 -0.19 -0.17 -0.19 -0.20 13012001 00
 -0.22 -0.20 -0.18 -0.17 -0.22 -0.20 -0.19 -0.19 -0.19 -0.20 -0.24 -0.28 13012001 12
 -0.24 -0.25 -0.28 -0.25 -0.26 -0.28 -0.26 -0.28 -0.30 -0.28 -0.27 -0.28 14012001 00
 -0.26 -0.27 -0.27 -0.26 -0.24 -0.27 -0.23 -0.24 -0.24 -0.22 -0.22 -0.24 14012001 12
 -0.26 -0.25 -0.27 -0.26 -0.23 -0.24 -0.24 -0.22 -0.23 -0.24 -0.21 -0.19 15012001 00
 -0.21 -0.19 -0.20 -0.17 -0.14 -0.12 -0.11 -0.09 -0.09 -0.09 -0.07 -0.07 15012001 12
 -0.09 -0.10 -0.13 -0.13 -0.14 -0.15 -0.15 -0.16 -0.15 -0.14 -0.15 -0.14 16012001 00
 -0.15 -0.14 -0.13 -0.13 -0.12 -0.12 -0.11 -0.12 -0.11 -0.12 -0.11 -0.11 16012001 12
 -0.11 -0.11 -0.12 -0.12 -0.11 -0.10 -0.10 -0.10 -0.10 -0.08 -0.08 -0.09 17012001 00
 -0.09 -0.09 -0.10 -0.10 -0.10 -0.09 -0.08 -0.06 -0.06 -0.06 -0.06 -0.06 17012001 12
 -0.05 -0.05 -0.06 -0.06 -0.07 -0.07 -0.07 -0.07 -0.07 -0.08 -0.07 -0.06 18012001 00
 -0.06 -0.06 -0.07 -0.10 -0.10 -0.09 -0.08 -0.07 -0.06 -0.05 -0.04 -0.04 18012001 12
 -0.06 -0.08 -0.08 -0.10 -0.10 -0.10 -0.10 -0.10 -0.10 -0.09 -0.09 -0.08 19012001 00
 -0.08 -0.08 -0.08 -0.08 -0.11 -0.10 -0.10 -0.09 -0.09 -0.08 -0.09 -0.08 19012001 12
 -0.09 -0.11 -0.11 -0.10 -0.11 -0.12 -0.12 -0.13 -0.13 -0.14 -0.13 -0.13 20012001 00
 -0.12 -0.10 -0.11 -0.13 -0.14 -0.16 -0.15 -0.14 -0.12 -0.11 -0.09 -0.06 20012001 12
 -0.05 -0.04 -0.06 -0.04  0.02  0.07  0.06  0.04  0.03  0.03  0.05  0.07 21012001 00
  0.08  0.09  0.10  0.10  0.05 -0.00 -0.02 -0.04 -0.04 -0.03 -0.06 -0.06 21012001 12
 -0.05 -0.07 -0.09 -0.10 -0.09 -0.02  0.06  0.11  0.10  0.09  0.11  0.16 22012001 00
  0.21  0.26  0.26  0.26  0.29  0.34  0.41  0.43  0.39  0.39  0.41  0.41 22012001 12
  0.40  0.42  0.40  0.41  0.42  0.42  0.43  0.45  0.41  0.35  0.30  0.26 23012001 00
  0.25  0.28  0.28  0.42  0.60  0.69  0.70  0.73  0.69  0.62  0.63  0.58 23012001 12
  0.58  0.65  0.63  0.55  0.57  0.60  0.59  0.67  0.74  0.65  0.62  0.55 24012001 00
  0.50  0.46  0.41  0.35  0.43  0.43  0.36  0.34  0.33  0.28  0.27  0.23 24012001 12
  0.21  0.24  0.29  0.27  0.28  0.33  0.37  0.39  0.42  0.42  0.38  0.36 25012001 00
  0.33  0.33  0.36  0.35  0.38  0.42  0.44  0.45  0.55  0.58  0.52  0.50 25012001 12
  0.43  0.38  0.37  0.32  0.27  0.34  0.34  0.29  0.28  0.25  0.24  0.26 26012001 00
  0.27  0.29  0.33  0.35  0.32  0.31  0.30  0.28  0.26  0.25  0.25  0.29 26012001 12
  0.27  0.23  0.21  0.23  0.24  0.27  0.31  0.31  0.27  0.27  0.26  0.25 27012001 00
  0.24  0.20  0.19  0.18  0.15  0.14  0.17  0.17  0.14  0.13  0.14  0.13 27012001 12
  0.15  0.13  0.12  0.11  0.11  0.10  0.10  0.10  0.09  0.07  0.06  0.06 28012001 00
  0.06  0.06  0.05  0.05  0.05  0.04  0.04  0.05  0.03  0.01 -0.00 -0.01 28012001 12
 -0.01 -0.02 -0.04 -0.05 -0.05 -0.06 -0.05 -0.05 -0.05 -0.06 -0.07 -0.07 29012001 00
 -0.06 -0.07 -0.05 -0.06 -0.07 -0.08 -0.06 -0.06 -0.06 -0.04 -0.02  0.00 29012001 12
  0.01 -0.01 -0.01  0.01  0.03  0.05  0.04  0.03  0.03  0.04  0.03  0.02 30012001 00
  0.01  0.00 -0.03 -0.05 -0.05 -0.04 -0.03 -0.03 -0.04 -0.04 -0.05 -0.06 30012001 12
 -0.07 -0.08 -0.09 -0.10 -0.11 -0.12 -0.12 -0.12 -0.11 -0.11 -0.10 -0.11 31012001 00
 -0.13 -0.14 -0.15 -0.14 -0.15 -0.14 -0.15 -0.16 -0.19 -0.20 -0.19 -0.19 31012001 12
 -0.20 -0.21 -0.23 -0.23 -0.20 -0.18 -0.14 -0.11 -0.10 -0.11 -0.10 -0.05 01022001 00
 -0.02 -0.01 -0.02 -0.03 -0.00  0.03  0.06  0.08  0.08  0.06  0.05  0.04 01022001 12
  0.01 -0.02 -0.05 -0.07 -0.07 -0.06 -0.06 -0.08 -0.08 -0.06 -0.04 -0.02 02022001 00
  0.01  0.01 -0.00 -0.01 -0.02 -0.02 -0.00  0.01  0.02  0.03  0.04  0.05 02022001 12
  0.07  0.10  0.13  0.17  0.20  0.23  0.26  0.24  0.23  0.21  0.19  0.18 03022001 00
  0.16  0.09  0.03  0.02 -0.01 -0.01 -0.02  0.01  0.01  0.03  0.05  0.07 03022001 12
  0.09  0.11  0.11  0.12  0.13  0.13  0.13  0.10  0.07  0.05  0.06  0.07 04022001 00
  0.09  0.11  0.11  0.10  0.11  0.12  0.12  0.14  0.15  0.19  0.24  0.27 04022001 12
  0.24  0.20  0.15  0.12  0.16  0.21  0.21  0.20  0.18  0.17  0.21  0.25 05022001 00
  0.24  0.24  0.28  0.34  0.40  0.45  0.41  0.32  0.26  0.20  0.17  0.20 05022001 12
  0.16  0.12  0.17  0.30  0.48  0.68  0.74  0.63  0.54  0.52  0.57  0.67 06022001 00
  0.76  0.68  0.71  0.74  0.75  0.79  0.91  0.83  0.64  0.52  0.44  0.46 06022001 12
  0.58  0.53  0.56  0.62  0.58  0.51  0.55  0.54  0.46  0.43  0.37  0.31 07022001 00
  0.30  0.29  0.23  0.25  0.23  0.18  0.15  0.13  0.11  0.10  0.09  0.04 07022001 12
  0.00  0.00 -0.01 -0.00  0.02  0.02  0.01 -0.05 -0.08 -0.07 -0.03  0.01 08022001 00
  0.01 -0.02 -0.02  0.00  0.01  0.01 -0.01 -0.04 -0.05 -0.04 -0.02 -0.01 08022001 12
 -0.01 -0.01 -0.02 -0.03 -0.02 -0.00  0.00  0.01  0.01  0.01  0.00 -0.00 09022001 00
 -0.01 -0.03 -0.04 -0.05 -0.06 -0.07 -0.08 -0.09 -0.09 -0.07 -0.05 -0.02 09022001 12
 -0.02 -0.04 -0.01  0.04  0.05  0.07  0.08  0.08  0.11  0.15  0.13  0.10 10022001 00
  0.07  0.07  0.08  0.13  0.15  0.16  0.18  0.23  0.29  0.35  0.35  0.24 10022001 12
  0.22  0.21  0.16  0.22  0.25  0.23  0.24  0.23  0.20  0.20  0.16  0.15 11022001 00
  0.15  0.13  0.09  0.08  0.11  0.12  0.17  0.18  0.15  0.13  0.13  0.10 11022001 12
  0.06  0.04  0.02 -0.02 -0.02 -0.02 -0.01 -0.02 -0.03 -0.06 -0.08 -0.09 12022001 00
 -0.09 -0.11 -0.15 -0.19 -0.23 -0.24 -0.22 -0.21 -0.21 -0.22 -0.23 -0.25 12022001 12
 -0.24 -0.25 -0.23 -0.20 -0.16 -0.18 -0.17 -0.16 -0.16 -0.15 -0.16 -0.18 13022001 00
 -0.20 -0.19 -0.21 -0.19 -0.20 -0.22 -0.21 -0.21 -0.22 -0.22 -0.21 -0.21 13022001 12
 -0.21 -0.20 -0.23 -0.21 -0.20 -0.20 -0.20 -0.18 -0.17 -0.16 -0.13 -0.13 14022001 00
 -0.14 -0.15 -0.18 -0.17 -0.16 -0.16 -0.15 -0.13 -0.11 -0.11 -0.12 -0.12 14022001 12
 -0.11 -0.11 -0.12 -0.14 -0.13 -0.12 -0.11 -0.12 -0.11 -0.11 -0.12 -0.13 15022001 00
 -0.16 -0.19 -0.19 -0.19 -0.18 -0.18 -0.17 -0.20 -0.21 -0.20 -0.18 -0.17 15022001 12
 -0.19 -0.23 -0.24 -0.25 -0.25 -0.21 -0.22 -0.22 -0.23 -0.20 -0.21 -0.22 16022001 00
 -0.21 -0.20 -0.23 -0.24 -0.26 -0.26 -0.26 -0.25 -0.26 -0.26 -0.25 -0.26 16022001 12
 -0.26 -0.23 -0.26 -0.29 -0.28 -0.28 -0.26 -0.28 -0.26 -0.26 -0.26 -0.27 17022001 00
 -0.26 -0.27 -0.28 -0.32 -0.33 -0.34 -0.34 -0.31 -0.31 -0.27 -0.24 -0.24 17022001 12
 -0.25 -0.26 -0.26 -0.25 -0.29 -0.28 -0.28 -0.26 -0.28 -0.26 -0.25 -0.26 18022001 00
 -0.25 -0.26 -0.26 -0.26 -0.28 -0.33 -0.30 -0.29 -0.26 -0.27 -0.23 -0.21 18022001 12
 -0.19 -0.17 -0.16 -0.17 -0.16 -0.18 -0.19 -0.19 -0.17 -0.17 -0.18 -0.20 19022001 00
 -0.23 -0.24 -0.25 -0.26 -0.26 -0.31 -0.35 -0.34 -0.35 -0.32 -0.29 -0.26 19022001 12
 -0.25 -0.24 -0.26 -0.28 -0.27 -0.23 -0.24 -0.22 -0.23 -0.22 -0.21 -0.20 20022001 00
 -0.20 -0.20 -0.19 -0.19 -0.18 -0.15 -0.16 -0.18 -0.17 -0.18 -0.18 -0.17 20022001 12
 -0.16 -0.18 -0.18 -0.19 -0.18 -0.16 -0.18 -0.24 -0.23 -0.19 -0.16 -0.14 21022001 00
 -0.12 -0.13 -0.11 -0.11 -0.11 -0.11 -0.11 -0.13 -0.15 -0.15 -0.14 -0.13 21022001 12
 -0.12 -0.13 -0.14 -0.14 -0.14 -0.14 -0.12 -0.14 -0.14 -0.11 -0.09 -0.07 22022001 00
 -0.04 -0.04 -0.04 -0.02  0.01  0.05  0.06  0.02 -0.03 -0.02  0.03  0.06 22022001 12
  0.04  0.01 -0.01  0.01  0.04  0.04  0.00 -0.05 -0.08 -0.06 -0.04 -0.02 23022001 00
 -0.01 -0.01  0.04  0.10  0.11  0.11  0.08  0.02 -0.02 -0.02 -0.01 -0.03 23022001 12
 -0.06 -0.10 -0.13 -0.14 -0.15 -0.17 -0.17 -0.17 -0.19 -0.17 -0.16 -0.13 24022001 00
 -0.09 -0.07 -0.07 -0.05 -0.02 -0.00  0.04  0.07  0.04  0.01  0.00 -0.01 24022001 12
 -0.01 -0.03 -0.06 -0.08 -0.08 -0.09 -0.10 -0.10 -0.11 -0.14 -0.16 -0.16 25022001 00
 -0.13 -0.07 -0.04 -0.05 -0.02 -0.01 -0.00  0.02  0.03  0.02  0.03  0.05 25022001 12
  0.05  0.05  0.07  0.10  0.12  0.14  0.15  0.16  0.17  0.17  0.14  0.13 26022001 00
  0.12  0.11  0.12  0.13  0.12  0.12  0.13  0.12  0.11  0.12  0.11  0.08 26022001 12
  0.08  0.05 -0.02 -0.04 -0.03 -0.02 -0.00 -0.01 -0.07 -0.16 -0.22 -0.23 27022001 00
 -0.23 -0.28 -0.29 -0.28 -0.32 -0.30 -0.30 -0.31 -0.29 -0.33 -0.41 -0.43 27022001 12
 -0.38 -0.36 -0.29 -0.27 -0.31 -0.26 -0.21 -0.22 -0.20 -0.17 -0.19 -0.18 28022001 00
 -0.15 -0.16 -0.16 -0.19 -0.23 -0.19 -0.14 -0.12 -0.11 -0.09 -0.09 -0.09 28022001 12
 -0.06 -0.03 -0.01 -0.00 -0.01 -0.00  0.02  0.03  0.05  0.06  0.07  0.07 01032001 00
  0.07  0.06  0.07  0.06  0.05  0.06  0.05  0.06  0.06  0.06  0.06  0.08 01032001 12
  0.09  0.09  0.09  0.08  0.07  0.07  0.06  0.05  0.05  0.05  0.05  0.05 02032001 00
  0.07  0.08  0.10  0.08  0.05  0.05  0.07  0.07  0.08  0.08  0.09  0.10 02032001 12
  0.11  0.11  0.11  0.10  0.09  0.07  0.07  0.06  0.06  0.08  0.10  0.11 03032001 00
  0.14  0.15  0.13  0.15  0.16  0.16  0.15  0.15  0.14  0.16  0.17  0.17 03032001 12
  0.15  0.14  0.13  0.12  0.11  0.10  0.10  0.09  0.10  0.10  0.12  0.13 04032001 00
  0.14  0.16  0.19  0.16  0.16  0.16  0.17  0.18  0.20  0.18  0.17  0.18 04032001 12
  0.19  0.18  0.17  0.17  0.15  0.15  0.15  0.16  0.14  0.11  0.09  0.08 05032001 00
  0.09  0.08  0.06  0.07  0.05  0.02  0.01 -0.01 -0.01  0.00 -0.00 -0.01 05032001 12
 -0.02 -0.01 -0.00  0.00  0.01  0.03  0.05  0.05  0.03  0.02  0.00 -0.03 06032001 00
 -0.05 -0.05 -0.04 -0.05 -0.11 -0.15 -0.14 -0.11 -0.09 -0.04  0.07  0.23 06032001 12
  0.33  0.32  0.30  0.34  0.40  0.43  0.40  0.34  0.34  0.31  0.30  0.30 07032001 00
  0.31  0.30  0.32  0.28  0.22  0.19  0.20  0.20  0.24  0.22  0.20  0.19 07032001 12
  0.19  0.18  0.18  0.19  0.19  0.19  0.22  0.22  0.19  0.20  0.17  0.19 08032001 00
  0.24  0.23  0.21  0.24  0.26  0.26  0.28  0.31  0.30  0.30  0.28  0.25 08032001 12
  0.24  0.29  0.26  0.28  0.29  0.29  0.28  0.29  0.29  0.29  0.30  0.27 09032001 00
  0.23  0.25  0.21  0.20  0.21  0.21  0.21  0.24  0.25  0.27  0.25  0.24 09032001 12
  0.21  0.20  0.23  0.20  0.23  0.24  0.24  0.25  0.30  0.29  0.32  0.33 10032001 00
  0.30  0.28  0.31  0.25  0.26  0.27  0.27  0.25  0.27  0.27  0.21  0.25 10032001 12
  0.27  0.20  0.20  0.19  0.15  0.16  0.14  0.12  0.13  0.13  0.13  0.12 11032001 00
  0.14  0.13  0.12  0.15  0.15  0.19  0.23  0.25  0.28  0.33  0.30  0.24 11032001 12
  0.20  0.17  0.12  0.17  0.13  0.15  0.18  0.17  0.15  0.17  0.18  0.15 12032001 00
  0.19  0.20  0.17  0.19  0.19  0.18  0.18  0.18  0.18  0.23  0.26  0.29 12032001 12
  0.27  0.28  0.28  0.28  0.32  0.26  0.26  0.25  0.20  0.13  0.12  0.08 13032001 00
  0.08  0.09  0.07  0.05  0.07  0.07  0.09  0.10  0.11  0.13  0.14  0.14 13032001 12
  0.13  0.12  0.11  0.09  0.09  0.09  0.08  0.09  0.07  0.04  0.03  0.05 14032001 00
  0.07  0.08  0.08  0.08  0.08  0.09  0.08  0.07  0.07  0.06  0.07  0.06 14032001 12
  0.05  0.04  0.04  0.04  0.03  0.04  0.05  0.06  0.06  0.06  0.06  0.07 15032001 00
  0.07  0.07  0.07  0.05  0.05  0.05  0.04  0.04  0.04  0.03  0.02  0.02 15032001 12
  0.02  0.02  0.00 -0.02 -0.03 -0.04 -0.03 -0.03 -0.06 -0.09 -0.10 -0.10 16032001 00
 -0.11 -0.12 -0.12 -0.12 -0.12 -0.14 -0.17 -0.17 -0.14 -0.15 -0.18 -0.19 16032001 12
 -0.24 -0.27 -0.16 -0.15 -0.16 -0.19 -0.19 -0.16 -0.08 -0.06 -0.07 -0.06 17032001 00
 -0.02  0.01  0.01 -0.01  0.01  0.03  0.02 -0.01 -0.02 -0.01  0.00 -0.01 17032001 12
 -0.02 -0.01 -0.01 -0.04 -0.06 -0.06 -0.06 -0.04 -0.02 -0.03 -0.04 -0.03 18032001 00
 -0.02 -0.03 -0.05 -0.05 -0.03 -0.04 -0.04 -0.04 -0.03 -0.03 -0.01  0.01 18032001 12
  0.01 -0.00 -0.02 -0.04 -0.04 -0.04 -0.03 -0.04 -0.02 -0.01 -0.00  0.00 19032001 00
 -0.00 -0.01 -0.00  0.01  0.02  0.03  0.04  0.03  0.03  0.03  0.02  0.01 19032001 12
  0.01 -0.01 -0.02 -0.03 -0.03 -0.06 -0.09 -0.12 -0.15 -0.18 -0.18 -0.20 20032001 00
 -0.19 -0.17 -0.17 -0.20 -0.21 -0.22 -0.16 -0.14 -0.16 -0.18 -0.19 -0.14 20032001 12
 -0.08 -0.06 -0.08 -0.10 -0.09 -0.05 -0.02 -0.04 -0.09 -0.07 -0.05 -0.01 21032001 00
 -0.01  0.04  0.07  0.08  0.11  0.13  0.15  0.14  0.09  0.04  0.07  0.12 21032001 12
  0.20  0.21  0.14  0.10  0.13  0.20  0.25  0.26  0.23  0.20  0.16  0.15 22032001 00
  0.17  0.19  0.18  0.16  0.12  0.10  0.13  0.17  0.16  0.14  0.12  0.12 22032001 12
  0.12  0.14  0.12  0.12  0.11  0.11  0.11  0.13  0.14  0.15  0.13  0.11 23032001 00
  0.12  0.13  0.12  0.12  0.12  0.11  0.10  0.10  0.10  0.10  0.11  0.10 23032001 12
  0.10  0.10  0.09  0.07  0.08  0.08  0.07  0.06  0.06  0.06  0.06  0.05 24032001 00
  0.03  0.04  0.04  0.03  0.03  0.03  0.02  0.01  0.02  0.03  0.04  0.05 24032001 12
  0.05  0.04  0.04  0.04  0.03  0.03  0.03  0.02  0.03  0.03  0.03  0.04 25032001 00
  0.04  0.03  0.03  0.02  0.02  0.02  0.02  0.01  0.01  0.02  0.02  0.03 25032001 12
  0.02  0.01 -0.00 -0.02 -0.02 -0.02 -0.02 -0.01 -0.00  0.01 -0.00 -0.01 26032001 00
 -0.01 -0.02 -0.02 -0.03 -0.04 -0.06 -0.06 -0.05 -0.01  0.05  0.06  0.02 26032001 12
 -0.00 -0.03 -0.03 -0.03 -0.05 -0.05 -0.05 -0.05 -0.05 -0.03 -0.01  0.00 27032001 00
 -0.01 -0.03 -0.01  0.01  0.04  0.05  0.08  0.11  0.15  0.18  0.19  0.15 27032001 12
  0.14  0.11  0.10  0.13  0.12  0.12  0.15  0.16  0.18  0.21  0.21  0.21 28032001 00
  0.20  0.18  0.17  0.18  0.18  0.17  0.19  0.20  0.19  0.20  0.23  0.21 28032001 12
  0.22  0.21  0.19  0.18  0.20  0.17  0.18  0.19  0.18  0.16  0.17  0.18 29032001 00
  0.17  0.16  0.12  0.11  0.12  0.11  0.12  0.14  0.13  0.12  0.13  0.11 29032001 12
  0.10  0.09  0.08  0.08  0.07  0.06  0.06  0.08  0.08  0.05  0.03  0.04 30032001 00
  0.05  0.05  0.04  0.05  0.06  0.09  0.08  0.07  0.07  0.08  0.12  0.15 30032001 12
  0.14  0.11  0.08  0.07  0.11  0.16  0.20  0.21  0.27  0.37  0.49  0.58 31032001 00
  0.57  0.43  0.31  0.20  0.14  0.10  0.04 -0.01  0.01 -0.04 -0.10 -0.11 31032001 12
 -0.07 -0.05 -0.01  0.00  0.01  0.04  0.05  0.04  0.02  0.00 -0.01 -0.03 01042001 00
 -0.04 -0.06 -0.07 -0.06 -0.05 -0.03  0.01  0.04  0.06  0.07  0.08  0.07 01042001 12
  0.06  0.06  0.05  0.03  0.01  0.02  0.03  0.06  0.08  0.10  0.12  0.14 02042001 00
  0.15  0.18  0.21  0.22  0.24  0.23  0.24  0.24  0.26  0.26  0.26  0.28 02042001 12
  0.30  0.31  0.34  0.35  0.29  0.24  0.17  0.14  0.08  0.04  0.01  0.04 03042001 00
  0.04  0.01 -0.03 -0.03 -0.04 -0.02  0.02  0.08  0.11  0.12  0.11  0.11 03042001 12
  0.13  0.16  0.20  0.21  0.20  0.18  0.16  0.14  0.16  0.18  0.20  0.19 04042001 00
  0.18  0.19  0.20  0.18  0.20  0.22  0.24  0.23  0.17  0.15  0.11  0.10 04042001 12
  0.07  0.06  0.05  0.01 -0.03 -0.04 -0.01  0.02  0.04  0.06  0.09  0.13 05042001 00
  0.17  0.25  0.33  0.40  0.45  0.54  0.57  0.52  0.40  0.32  0.30  0.32 05042001 12
  0.35  0.27  0.27  0.28  0.26  0.22  0.22  0.20  0.21  0.22  0.19  0.22 06042001 00
  0.27  0.26  0.25  0.25  0.24  0.25  0.33  0.37  0.38  0.37  0.35  0.35 06042001 12
  0.36  0.38  0.32  0.33  0.33  0.29  0.25  0.25  0.23  0.22  0.24  0.18 07042001 00
  0.14  0.12  0.06  0.09  0.12  0.08  0.00 -0.06 -0.08 -0.05 -0.02 -0.02 07042001 12
 -0.04 -0.05 -0.05 -0.05 -0.05 -0.05 -0.06 -0.08 -0.08 -0.08 -0.06 -0.06 08042001 00
 -0.04 -0.04 -0.05 -0.03 -0.02 -0.01  0.01  0.06  0.13  0.14  0.11  0.10 08042001 12
  0.08  0.06  0.06  0.02  0.01  0.01 -0.00 -0.02 -0.03 -0.02 -0.02 -0.01 09042001 00
 -0.01  0.01  0.04  0.06  0.06  0.09  0.15  0.20  0.24  0.23  0.27  0.25 09042001 12
  0.24  0.22  0.18  0.18  0.13  0.13  0.11  0.05 -0.01 -0.04 -0.05 -0.05 10042001 00
 -0.07 -0.09 -0.12 -0.13 -0.13 -0.13 -0.11 -0.11 -0.14 -0.18 -0.19 -0.17 10042001 12
 -0.18 -0.18 -0.16 -0.19 -0.20 -0.19 -0.19 -0.21 -0.23 -0.24 -0.24 -0.25 11042001 00
 -0.21 -0.21 -0.19 -0.17 -0.19 -0.16 -0.19 -0.20 -0.19 -0.18 -0.21 -0.18 11042001 12
 -0.20 -0.20 -0.19 -0.17 -0.19 -0.17 -0.18 -0.18 -0.17 -0.16 -0.16 -0.17 12042001 00
 -0.16 -0.16 -0.15 -0.15 -0.16 -0.16 -0.15 -0.16 -0.17 -0.18 -0.19 -0.21 12042001 12
 -0.21 -0.24 -0.22 -0.22 -0.23 -0.23 -0.22 -0.23 -0.23 -0.21 -0.21 -0.22 13042001 00
 -0.21 -0.20 -0.19 -0.18 -0.19 -0.20 -0.19 -0.18 -0.18 -0.18 -0.16 -0.17 13042001 12
 -0.16 -0.16 -0.16 -0.15 -0.14 -0.14 -0.12 -0.10 -0.09 -0.08 -0.05 -0.04 14042001 00
 -0.04 -0.02 -0.02 -0.03 -0.03 -0.03 -0.01  0.01  0.00 -0.01 -0.02 -0.04 14042001 12
 -0.06 -0.08 -0.07 -0.06 -0.06 -0.05 -0.04 -0.03 -0.01  0.02  0.05  0.05 15042001 00
  0.02 -0.02 -0.04 -0.00  0.02  0.04  0.01 -0.02 -0.02 -0.01 -0.02 -0.04 15042001 12
 -0.08 -0.10 -0.08 -0.08 -0.09 -0.11 -0.14 -0.15 -0.15 -0.16 -0.16 -0.15 16042001 00
 -0.14 -0.15 -0.18 -0.17 -0.17 -0.14 -0.14 -0.12 -0.12 -0.11 -0.10 -0.09 16042001 12
 -0.08 -0.07 -0.07 -0.09 -0.10 -0.09 -0.07 -0.07 -0.05 -0.02 -0.01  0.00 17042001 00
  0.02  0.03  0.01 -0.00  0.02  0.03  0.03  0.04  0.05  0.09  0.12  0.02 17042001 12
 -0.11 -0.15 -0.14 -0.16 -0.25 -0.30 -0.29 -0.27 -0.28 -0.26 -0.25 -0.20 18042001 00
 -0.16 -0.13 -0.09 -0.03  0.02  0.06  0.07  0.08  0.09  0.05  0.00 -0.04 18042001 12
 -0.07 -0.07 -0.09 -0.13 -0.17 -0.20 -0.19 -0.18 -0.14 -0.11 -0.06 -0.04 19042001 00
 -0.02 -0.02 -0.02 -0.00  0.00 -0.02 -0.01 -0.02 -0.05 -0.03 -0.02 -0.03 19042001 12
 -0.05 -0.07 -0.08 -0.08 -0.07 -0.09 -0.10 -0.11 -0.11 -0.09 -0.09 -0.09 20042001 00
 -0.08 -0.06 -0.06 -0.06 -0.05 -0.05 -0.07 -0.08 -0.08 -0.07 -0.06 -0.06 20042001 12
 -0.08 -0.08 -0.08 -0.09 -0.09 -0.08 -0.07 -0.06 -0.06 -0.05 -0.03 -0.01 21042001 00
  0.00  0.00 -0.00 -0.00  0.02  0.04  0.06  0.06  0.08  0.09  0.10  0.10 21042001 12
  0.11  0.12  0.11  0.11  0.10  0.10  0.11  0.12  0.10  0.10  0.08  0.06 22042001 00
  0.06  0.04  0.04  0.04  0.04  0.03  0.04  0.05  0.07  0.11  0.11  0.11 22042001 12
  0.12  0.13  0.13  0.13  0.13  0.13  0.13  0.12  0.11  0.12  0.14  0.12 23042001 00
  0.11  0.12  0.10  0.08  0.09  0.09  0.09  0.09  0.11  0.12  0.13  0.12 23042001 12
  0.11  0.10  0.10  0.09  0.10  0.11  0.11  0.11  0.12  0.12  0.10  0.10 24042001 00
  0.08  0.09  0.12  0.11  0.11  0.12  0.14  0.18  0.23  0.26  0.25  0.24 24042001 12
  0.22  0.20  0.21  0.19  0.17  0.16  0.14  0.12  0.14  0.15  0.16  0.14 25042001 00
  0.13  0.12  0.12  0.11  0.09  0.10  0.12  0.12  0.14  0.15  0.13  0.12 25042001 12
  0.11  0.09  0.07  0.07  0.05  0.06  0.07  0.07  0.06  0.07  0.07  0.06 26042001 00
  0.05  0.04  0.02  0.02  0.01  0.01  0.00  0.00 -0.00 -0.01 -0.00 -0.01 26042001 12
 -0.01 -0.02 -0.03 -0.04 -0.04 -0.03 -0.03 -0.02 -0.02 -0.01  0.01  0.02 27042001 00
  0.02  0.02  0.04  0.06  0.06  0.07  0.08  0.10  0.15  0.22  0.26  0.27 27042001 12
  0.25  0.22  0.13  0.09  0.12  0.10  0.11  0.13  0.10  0.06  0.07  0.09 28042001 00
  0.10  0.12  0.12  0.15  0.20  0.22  0.23  0.22  0.21  0.20  0.21  0.21 28042001 12
  0.19  0.17  0.13  0.10  0.08  0.09  0.08  0.09  0.08  0.08  0.08  0.11 29042001 00
  0.13  0.12  0.11  0.10  0.09  0.09  0.09  0.07  0.06  0.06  0.05  0.04 29042001 12
  0.04  0.03  0.02 -0.01 -0.03 -0.05 -0.05 -0.05 -0.04 -0.04 -0.05 -0.06 30042001 00
 -0.06 -0.05 -0.05 -0.08 -0.08 -0.08 -0.09 -0.10 -0.09 -0.09 -0.08 -0.06 30042001 12
 -0.07 -0.12 -0.14 -0.15 -0.16 -0.18 -0.20 -0.22 -0.21 -0.21 -0.22 -0.24 01052001 00
 -0.25 -0.27 -0.27 -0.26 -0.24 -0.20 -0.21 -0.22 -0.25 -0.25 -0.22 -0.19 01052001 12
 -0.17 -0.15 -0.19 -0.21 -0.21 -0.21 -0.18 -0.17 -0.18 -0.19 -0.16 -0.14 02052001 00
 -0.12 -0.10 -0.09 -0.11 -0.12 -0.13 -0.10 -0.06 -0.03 -0.02 -0.03 -0.02 02052001 12
 -0.01 -0.01 -0.01 -0.04 -0.08 -0.11 -0.11 -0.08 -0.07 -0.06 -0.08 -0.09 03052001 00
 -0.07 -0.06 -0.07 -0.09 -0.13 -0.13 -0.11 -0.08 -0.05 -0.03 -0.00  0.01 03052001 12
  0.00 -0.03 -0.03 -0.03 -0.06 -0.09 -0.10 -0.09 -0.09 -0.08 -0.07 -0.08 04052001 00
 -0.09 -0.09 -0.09 -0.08 -0.06 -0.07 -0.07 -0.06 -0.05 -0.03 -0.03 -0.04 04052001 12
 -0.05 -0.05 -0.05 -0.07 -0.09 -0.11 -0.12 -0.12 -0.11 -0.11 -0.10 -0.10 05052001 00
 -0.10 -0.10 -0.12 -0.13 -0.12 -0.10 -0.11 -0.13 -0.13 -0.14 -0.13 -0.14 05052001 12
 -0.17 -0.18 -0.17 -0.18 -0.19 -0.19 -0.20 -0.20 -0.21 -0.21 -0.20 -0.18 06052001 00
 -0.18 -0.18 -0.16 -0.16 -0.17 -0.16 -0.18 -0.23 -0.21 -0.22 -0.21 -0.20 06052001 12
 -0.18 -0.21 -0.19 -0.19 -0.21 -0.21 -0.21 -0.23 -0.24 -0.20 -0.21 -0.20 07052001 00
 -0.18 -0.19 -0.19 -0.18 -0.20 -0.22 -0.21 -0.24 -0.24 -0.27 -0.25 -0.23 07052001 12
 -0.20 -0.19 -0.22 -0.17 -0.18 -0.19 -0.18 -0.17 -0.19 -0.17 -0.19 -0.20 08052001 00
 -0.17 -0.16 -0.19 -0.17 -0.17 -0.18 -0.19 -0.20 -0.22 -0.24 -0.21 -0.22 08052001 12
 -0.22 -0.20 -0.22 -0.23 -0.22 -0.23 -0.23 -0.23 -0.24 -0.22 -0.22 -0.20 09052001 00
 -0.20 -0.15 -0.13 -0.15 -0.13 -0.15 -0.17 -0.14 -0.10 -0.11 -0.09 -0.11 09052001 12
 -0.12 -0.13 -0.13 -0.14 -0.12 -0.13 -0.13 -0.13 -0.14 -0.14 -0.15 -0.12 10052001 00
 -0.11 -0.09 -0.09 -0.10 -0.08 -0.08 -0.09 -0.09 -0.08 -0.07 -0.07 -0.09 10052001 12
 -0.10 -0.11 -0.11 -0.13 -0.15 -0.13 -0.14 -0.14 -0.13 -0.10 -0.12 -0.12 11052001 00
 -0.12 -0.11 -0.08 -0.06 -0.07 -0.08 -0.09 -0.10 -0.08 -0.08 -0.10 -0.11 11052001 12
 -0.12 -0.11 -0.10 -0.12 -0.13 -0.13 -0.11 -0.12 -0.11 -0.10 -0.12 -0.13 12052001 00
 -0.13 -0.12 -0.11 -0.11 -0.10 -0.10 -0.09 -0.10 -0.10 -0.08 -0.08 -0.08 12052001 12
 -0.07 -0.06 -0.05 -0.06 -0.07 -0.08 -0.08 -0.07 -0.07 -0.08 -0.06 -0.06 13052001 00
 -0.07 -0.04 -0.02  0.02  0.07  0.12  0.13  0.13  0.12  0.13  0.12  0.12 13052001 12
  0.11  0.07  0.04  0.03  0.02  0.00  0.00  0.01  0.03  0.03  0.02  0.03 14052001 00
  0.05  0.04  0.05  0.05  0.05  0.03  0.02  0.01  0.02  0.01  0.00  0.01 14052001 12
  0.02  0.01  0.02  0.02  0.03  0.03  0.04  0.03  0.04  0.05  0.05  0.03 15052001 00
  0.03  0.05  0.05  0.05  0.05  0.06  0.07  0.07  0.06  0.06  0.08  0.10 15052001 12
  0.12  0.11  0.12  0.13  0.12  0.14  0.14  0.13  0.14  0.15  0.17  0.17 16052001 00
  0.16  0.16  0.17  0.16  0.16  0.15  0.16  0.17  0.15  0.14  0.15  0.14 16052001 12
  0.13  0.11  0.10  0.09  0.03  0.00 -0.02  0.00  0.06  0.06  0.08  0.08 17052001 00
  0.08  0.12  0.12  0.12  0.12  0.14  0.13  0.11  0.14  0.15  0.16  0.12 17052001 12
  0.10  0.06 -0.01 -0.08 -0.13 -0.19 -0.21 -0.18 -0.16 -0.14 -0.09 -0.05 18052001 00
 -0.03 -0.03 -0.00  0.02  0.03  0.03  0.00 -0.02 -0.02 -0.04 -0.09 -0.10 18052001 12
 -0.10 -0.10 -0.11 -0.13 -0.16 -0.18 -0.16 -0.14 -0.13 -0.12 -0.10 -0.10 19052001 00
 -0.08 -0.08 -0.10 -0.11 -0.10 -0.09 -0.09 -0.09 -0.10 -0.09 -0.09 -0.10 19052001 12
 -0.11 -0.10 -0.10 -0.12 -0.14 -0.17 -0.18 -0.17 -0.16 -0.15 -0.17 -0.16 20052001 00
 -0.15 -0.14 -0.15 -0.16 -0.15 -0.16 -0.17 -0.17 -0.18 -0.15 -0.14 -0.15 20052001 12
 -0.15 -0.14 -0.15 -0.15 -0.16 -0.15 -0.17 -0.17 -0.16 -0.15 -0.13 -0.12 21052001 00
 -0.12 -0.13 -0.12 -0.13 -0.13 -0.13 -0.11 -0.13 -0.16 -0.14 -0.13 -0.14 21052001 12
 -0.13 -0.13 -0.11 -0.12 -0.13 -0.13 -0.13 -0.13 -0.14 -0.13 -0.14 -0.11 22052001 00
 -0.11 -0.12 -0.09 -0.09 -0.13 -0.13 -0.12 -0.12 -0.14 -0.12 -0.12 -0.12 22052001 12
 -0.10 -0.10 -0.10 -0.09 -0.10 -0.11 -0.13 -0.15 -0.14 -0.13 -0.12 -0.12 23052001 00
 -0.12 -0.12 -0.12 -0.11 -0.12 -0.12 -0.11 -0.12 -0.14 -0.12 -0.12 -0.13 23052001 12
 -0.13 -0.11 -0.12 -0.11 -0.12 -0.13 -0.13 -0.14 -0.17 -0.17 -0.16 -0.15 24052001 00
 -0.14 -0.11 -0.13 -0.12 -0.12 -0.14 -0.14 -0.13 -0.14 -0.14 -0.15 -0.14 24052001 12
 -0.14 -0.12 -0.12 -0.14 -0.13 -0.13 -0.12 -0.09 -0.08 -0.11 -0.08 -0.06 25052001 00
 -0.06 -0.06 -0.05 -0.04 -0.01 -0.01 -0.01 -0.01 -0.01 -0.00  0.01 -0.01 25052001 12
 -0.00  0.01  0.00  0.00 -0.01 -0.00 -0.01 -0.01 -0.02 -0.03 -0.05 -0.05 26052001 00
 -0.05 -0.07 -0.07 -0.06 -0.05 -0.05 -0.05 -0.04 -0.02 -0.00 -0.01 -0.01 26052001 12
 -0.02 -0.01 -0.00  0.00  0.02  0.03  0.03  0.04  0.05  0.05  0.05  0.03 27052001 00
  0.02  0.02  0.02  0.03  0.03  0.03  0.05  0.06  0.05  0.03  0.06  0.05 27052001 12
  0.03  0.03  0.03  0.02  0.01 -0.00  0.00  0.03  0.05  0.05  0.06  0.07 28052001 00
  0.05  0.05  0.06  0.05  0.06  0.12  0.14  0.13  0.13  0.14  0.15  0.17 28052001 12
  0.17  0.14  0.13  0.10  0.07  0.05  0.04  0.02  0.05  0.05  0.03 -0.01 29052001 00
 -0.05 -0.11 -0.12 -0.11 -0.10 -0.09 -0.08 -0.08 -0.07 -0.08 -0.07 -0.04 29052001 12
  0.00  0.01 -0.01 -0.02 -0.02 -0.02 -0.02 -0.02 -0.03 -0.02 -0.02 -0.01 30052001 00
 -0.01 -0.00  0.00  0.02  0.04  0.04  0.04  0.04  0.02  0.01 -0.01 -0.02 30052001 12
 -0.04 -0.05 -0.07 -0.09 -0.10 -0.10 -0.09 -0.08 -0.08 -0.08 -0.07 -0.06 31052001 00
 -0.06 -0.06 -0.06 -0.08 -0.09 -0.09 -0.09 -0.08 -0.08 -0.07 -0.06 -0.04 31052001 12
 -0.04 -0.05 -0.06 -0.06 -0.07 -0.07 -0.06 -0.06 -0.05 -0.05 -0.06 -0.07 01062001 00
 -0.07 -0.06 -0.05 -0.06 -0.07 -0.06 -0.04 -0.01  0.03  0.09  0.13  0.14 01062001 12
  0.13  0.11  0.10  0.09  0.10  0.07  0.04  0.03 -0.04 -0.09 -0.16 -0.20 02062001 00
 -0.19 -0.18 -0.18 -0.16 -0.16 -0.18 -0.18 -0.16 -0.09 -0.06 -0.08 -0.14 02062001 12
 -0.16 -0.15 -0.15 -0.14 -0.13 -0.16 -0.17 -0.16 -0.14 -0.11 -0.11 -0.11 03062001 00
 -0.13 -0.11 -0.09 -0.08 -0.08 -0.09 -0.09 -0.10 -0.10 -0.09 -0.08 -0.08 03062001 12
 -0.07 -0.07 -0.09 -0.09 -0.08 -0.08 -0.10 -0.10 -0.11 -0.11 -0.09 -0.09 04062001 00
 -0.10 -0.09 -0.09 -0.10 -0.11 -0.11 -0.12 -0.12 -0.12 -0.12 -0.11 -0.10 04062001 12
 -0.09 -0.08 -0.07 -0.08 -0.09 -0.09 -0.07 -0.07 -0.06 -0.05 -0.05 -0.03 05062001 00
 -0.03 -0.02 -0.02 -0.01 -0.01  0.01  0.02  0.02  0.03  0.03  0.03  0.03 05062001 12
  0.03  0.04  0.05  0.04  0.03  0.02  0.01  0.00  0.00  0.01  0.04  0.04 06062001 00
  0.06  0.07  0.08  0.09  0.11  0.14  0.19  0.27  0.30  0.27  0.19  0.17 06062001 12
  0.12  0.08  0.09  0.05  0.05  0.05  0.02 -0.00  0.01  0.03  0.04  0.04 07062001 00
  0.05  0.05  0.07  0.08  0.08  0.08  0.08  0.07  0.05  0.04  0.03  0.04 07062001 12
  0.02  0.01 -0.00 -0.01 -0.01 -0.01 -0.02 -0.04 -0.04 -0.04 -0.04 -0.05 08062001 00
 -0.04 -0.03 -0.02 -0.01  0.01  0.01  0.00  0.00 -0.00 -0.00  0.01  0.02 08062001 12
  0.01  0.00 -0.01 -0.02 -0.02 -0.01  0.00  0.01  0.02  0.03  0.03  0.02 09062001 00
  0.02  0.02  0.03  0.03  0.03  0.03  0.03  0.03  0.02  0.02  0.02  0.02 09062001 12
 -0.01 -0.03 -0.05 -0.08 -0.09 -0.11 -0.12 -0.11 -0.10 -0.10 -0.12 -0.13 10062001 00
 -0.14 -0.12 -0.09 -0.08 -0.08 -0.07 -0.06 -0.07 -0.07 -0.07 -0.07 -0.07 10062001 12
 -0.07 -0.09 -0.09 -0.09 -0.09 -0.09 -0.08 -0.08 -0.07 -0.06 -0.06 -0.07 11062001 00
 -0.07 -0.06 -0.06 -0.06 -0.06 -0.07 -0.06 -0.06 -0.08 -0.08 -0.08 -0.08 11062001 12
 -0.08 -0.08 -0.08 -0.10 -0.10 -0.10 -0.09 -0.08 -0.07 -0.07 -0.07 -0.08 12062001 00
 -0.09 -0.08 -0.07 -0.06 -0.07 -0.07 -0.07 -0.06 -0.06 -0.06 -0.06 -0.05 12062001 12
 -0.05 -0.05 -0.05 -0.04 -0.05 -0.05 -0.05 -0.03 -0.03 -0.02 -0.02 -0.02 13062001 00
 -0.03 -0.03 -0.04 -0.04 -0.04 -0.04 -0.05 -0.05 -0.05 -0.04 -0.04 -0.04 13062001 12
 -0.04 -0.04 -0.04 -0.04 -0.05 -0.06 -0.06 -0.06 -0.05 -0.03 -0.03 -0.03 14062001 00
 -0.02 -0.00  0.02  0.02  0.02  0.03  0.06  0.06  0.05  0.05  0.06  0.07 14062001 12
  0.08  0.07  0.07  0.06  0.05  0.04  0.05  0.07  0.09  0.11  0.11  0.10 15062001 00
  0.09  0.09  0.12  0.14  0.13  0.10  0.07  0.07  0.07  0.08  0.07  0.06 15062001 12
  0.05  0.04  0.03  0.04  0.04  0.04  0.02  0.01  0.01  0.02  0.02  0.03 16062001 00
  0.04  0.04  0.04  0.03  0.04  0.03  0.01 -0.01 -0.04 -0.05 -0.05 -0.04 16062001 12
 -0.05 -0.08 -0.11 -0.12 -0.14 -0.13 -0.12 -0.10 -0.09 -0.09 -0.09 -0.08 17062001 00
 -0.08 -0.09 -0.09 -0.09 -0.10 -0.11 -0.10 -0.10 -0.10 -0.10 -0.11 -0.10 17062001 12
 -0.08 -0.08 -0.09 -0.10 -0.10 -0.11 -0.11 -0.12 -0.11 -0.10 -0.08 -0.09 18062001 00
 -0.09 -0.09 -0.09 -0.08 -0.08 -0.10 -0.10 -0.09 -0.09 -0.09 -0.06 -0.04 18062001 12
 -0.03 -0.04 -0.06 -0.06 -0.04 -0.02 -0.01 -0.00 -0.01 -0.01 -0.02 -0.02 19062001 00
 -0.00  0.00  0.01  0.02  0.02  0.02  0.03  0.01 -0.01  0.01  0.04  0.05 19062001 12
  0.06  0.08  0.10  0.11  0.09  0.08  0.09  0.09  0.08  0.05  0.02  0.01 20062001 00
  0.00 -0.01 -0.02 -0.01 -0.03 -0.05 -0.07 -0.10 -0.11 -0.09 -0.08 -0.06 20062001 12
 -0.04 -0.05 -0.04 -0.04 -0.06 -0.07 -0.08 -0.09 -0.09 -0.07 -0.07 -0.05 21062001 00
 -0.05 -0.06 -0.05 -0.04 -0.04 -0.04 -0.04 -0.05 -0.06 -0.06 -0.05 -0.04 21062001 12
 -0.04 -0.05 -0.06 -0.06 -0.07 -0.08 -0.08 -0.08 -0.09 -0.07 -0.07 -0.07 22062001 00
 -0.07 -0.05 -0.06 -0.06 -0.06 -0.07 -0.07 -0.07 -0.08 -0.08 -0.08 -0.07 22062001 12
 -0.08 -0.08 -0.09 -0.08 -0.08 -0.08 -0.07 -0.06 -0.05 -0.05 -0.06 -0.04 23062001 00
 -0.03 -0.03 -0.03 -0.04 -0.02 -0.03 -0.03 -0.03 -0.03 -0.06 -0.06 -0.05 23062001 12
 -0.04 -0.04 -0.03 -0.04 -0.04 -0.04 -0.05 -0.04 -0.04 -0.05 -0.06 -0.06 24062001 00
 -0.06 -0.06 -0.06 -0.06 -0.06 -0.06 -0.06 -0.07 -0.07 -0.07 -0.09 -0.08 24062001 12
 -0.09 -0.09 -0.07 -0.07 -0.08 -0.07 -0.08 -0.09 -0.09 -0.10 -0.14 -0.15 25062001 00
 -0.14 -0.13 -0.13 -0.11 -0.12 -0.12 -0.10 -0.11 -0.12 -0.12 -0.13 -0.14 25062001 12
 -0.13 -0.13 -0.12 -0.12 -0.13 -0.13 -0.11 -0.11 -0.10 -0.08 -0.08 -0.08 26062001 00
 -0.08 -0.05 -0.05 -0.04 -0.04 -0.03  0.00  0.03  0.03  0.03  0.04  0.06 26062001 12
  0.08  0.09  0.08  0.06  0.05  0.06  0.08  0.09  0.10  0.10  0.09  0.08 27062001 00
  0.09  0.09  0.09  0.07  0.06  0.05  0.07  0.07  0.06  0.07  0.07  0.07 27062001 12
  0.08  0.08  0.07  0.07  0.04  0.04  0.05  0.05  0.04  0.05  0.05  0.03 28062001 00
  0.03  0.04  0.04  0.03  0.02  0.00  0.01  0.03  0.05  0.05  0.04  0.04 28062001 12
  0.03  0.05  0.05  0.03  0.02  0.02  0.04  0.06  0.07  0.08  0.10  0.13 29062001 00
  0.16  0.17  0.19  0.20  0.16  0.12  0.08  0.08  0.10  0.12  0.09  0.11 29062001 12
  0.10  0.08  0.08  0.08  0.06  0.08  0.08  0.08  0.07  0.08  0.08  0.09 30062001 00
  0.08  0.08  0.07  0.07  0.04  0.01  0.01 -0.02 -0.03 -0.04 -0.05 -0.07 30062001 12
 -0.07 -0.08 -0.09 -0.10 -0.11 -0.12 -0.12 -0.10 -0.09 -0.07 -0.06 -0.06 01072001 00
 -0.07 -0.08 -0.08 -0.09 -0.11 -0.12 -0.12 -0.12 -0.11 -0.12 -0.13 -0.14 01072001 12
 -0.14 -0.14 -0.14 -0.14 -0.15 -0.16 -0.16 -0.17 -0.16 -0.14 -0.13 -0.13 02072001 00
 -0.12 -0.12 -0.13 -0.11 -0.10 -0.11 -0.12 -0.12 -0.12 -0.11 -0.09 -0.09 02072001 12
 -0.10 -0.09 -0.09 -0.08 -0.06 -0.07 -0.08 -0.08 -0.09 -0.08 -0.07 -0.07 03072001 00
 -0.06 -0.06 -0.05 -0.05 -0.03 -0.02 -0.03 -0.03 -0.03 -0.03 -0.02 -0.02 03072001 12
 -0.03 -0.03 -0.03 -0.01  0.00 -0.02 -0.03 -0.02 -0.04 -0.06 -0.05 -0.09 04072001 00
 -0.12 -0.11 -0.12 -0.13 -0.13 -0.11 -0.10 -0.14 -0.15 -0.16 -0.12 -0.11 04072001 12
 -0.10 -0.11 -0.10 -0.10 -0.12 -0.12 -0.10 -0.10 -0.11 -0.11 -0.11 -0.09 05072001 00
 -0.10 -0.12 -0.12 -0.11 -0.11 -0.10 -0.08 -0.08 -0.06 -0.05 -0.05 -0.04 05072001 12
 -0.03 -0.05 -0.04 -0.02 -0.02 -0.03 -0.04 -0.05 -0.05 -0.05 -0.05 -0.04 06072001 00
 -0.02 -0.03 -0.03 -0.02 -0.01  0.00  0.01 -0.00 -0.02  0.00  0.02  0.02 06072001 12
  0.01 -0.00 -0.01 -0.02 -0.02 -0.02 -0.02 -0.01 -0.00  0.00  0.01  0.01 07072001 00
  0.01  0.01  0.00  0.02  0.03  0.04  0.05  0.04  0.04  0.03  0.05  0.05 07072001 12
  0.06  0.05  0.03  0.04  0.05  0.06  0.07  0.05  0.04  0.04  0.05  0.06 08072001 00
  0.06  0.05  0.06  0.06  0.06  0.06  0.06  0.05  0.05  0.03  0.02  0.01 08072001 12
  0.02  0.01  0.00 -0.02 -0.03 -0.03 -0.03 -0.03 -0.03 -0.02 -0.01 -0.00 09072001 00
 -0.00 -0.00  0.00  0.01  0.02  0.02  0.02  0.02  0.03  0.05  0.07  0.08 09072001 12
  0.07  0.08  0.09  0.11  0.12  0.12  0.13  0.14  0.16  0.17  0.18  0.20 10072001 00
  0.20  0.21  0.22  0.24  0.26  0.26  0.23  0.22  0.23  0.26  0.39  0.49 10072001 12
  0.50  0.46  0.34  0.25  0.23  0.27  0.25  0.28  0.26  0.23  0.19  0.19 11072001 00
  0.16  0.19  0.20  0.19  0.22  0.24  0.20  0.18  0.17  0.17  0.13  0.11 11072001 12
  0.11  0.10  0.08  0.05  0.03  0.03  0.05  0.08  0.11  0.11  0.08  0.09 12072001 00
  0.10  0.10  0.14  0.14  0.16  0.17  0.18  0.17  0.18  0.18  0.16  0.10 12072001 12
  0.07  0.05  0.05  0.02 -0.00 -0.02 -0.01  0.00  0.01  0.01  0.03  0.04 13072001 00
  0.05  0.06  0.05  0.06  0.06  0.06  0.06  0.05  0.05  0.06  0.06  0.05 13072001 12
  0.04  0.04  0.03  0.02  0.01  0.01  0.02  0.02  0.02  0.03  0.02  0.03 14072001 00
  0.03  0.02  0.01  0.01  0.02  0.02  0.03  0.03  0.03  0.04  0.05  0.05 14072001 12
  0.04  0.02  0.02  0.01  0.00 -0.03 -0.04 -0.03 -0.01 -0.00 -0.01 -0.02 15072001 00
 -0.03 -0.03 -0.02 -0.02 -0.02 -0.02 -0.01 -0.01 -0.02 -0.03 -0.03 -0.03 15072001 12
 -0.04 -0.05 -0.06 -0.06 -0.07 -0.08 -0.07 -0.08 -0.07 -0.05 -0.04 -0.04 16072001 00
 -0.04 -0.04 -0.04 -0.05 -0.04 -0.04 -0.03 -0.03 -0.02 -0.01 -0.01 -0.02 16072001 12
 -0.03 -0.04 -0.03  0.00  0.02  0.05  0.07  0.07  0.08  0.08  0.05  0.03 17072001 00
  0.02  0.01 -0.02 -0.05 -0.06 -0.06 -0.07 -0.08 -0.06 -0.05 -0.04 -0.04 17072001 12
 -0.04 -0.06 -0.07 -0.06 -0.07 -0.11 -0.10 -0.09 -0.10 -0.09 -0.11 -0.12 18072001 00
 -0.09 -0.07 -0.08 -0.08 -0.08 -0.11 -0.12 -0.12 -0.11 -0.09 -0.07 -0.06 18072001 12
 -0.05 -0.02 -0.01 -0.01  0.01  0.01  0.02  0.01  0.00  0.03  0.01 -0.01 19072001 00
 -0.01 -0.02 -0.01 -0.02 -0.04 -0.04 -0.04 -0.02 -0.00  0.01  0.02  0.02 19072001 12
  0.02  0.01 -0.01 -0.01 -0.02 -0.03 -0.03 -0.03 -0.02 -0.02 -0.01  0.00 20072001 00
  0.02  0.03  0.06  0.07  0.07  0.07  0.08  0.13  0.14  0.12  0.10  0.05 20072001 12
  0.02  0.05  0.06  0.07  0.09  0.09  0.11  0.13  0.11  0.08  0.08  0.10 21072001 00
  0.09  0.08  0.10  0.08  0.08  0.08  0.07  0.08  0.11  0.10  0.08  0.06 21072001 12
  0.05  0.04  0.06  0.05  0.06  0.06  0.06  0.06  0.06  0.04  0.02  0.03 22072001 00
  0.03  0.01 -0.01 -0.01 -0.02 -0.02 -0.03 -0.04 -0.05 -0.06 -0.06 -0.06 22072001 12
 -0.05 -0.05 -0.04 -0.04 -0.05 -0.05 -0.04 -0.04 -0.04 -0.04 -0.05 -0.04 23072001 00
 -0.04 -0.03 -0.02 -0.01 -0.00  0.01  0.01  0.01  0.01  0.02  0.02  0.03 23072001 12
  0.03  0.02  0.01  0.01  0.01  0.01  0.01  0.01  0.01  0.01  0.01 -0.01 24072001 00
 -0.02 -0.03 -0.04 -0.03 -0.03 -0.04 -0.04 -0.04 -0.05 -0.05 -0.06 -0.06 24072001 12
 -0.06 -0.06 -0.06 -0.06 -0.06 -0.05 -0.04 -0.05 -0.06 -0.06 -0.06 -0.05 25072001 00
 -0.03 -0.04 -0.05 -0.05 -0.05 -0.06 -0.05 -0.05 -0.06 -0.06 -0.06 -0.06 25072001 12
 -0.06 -0.06 -0.06 -0.05 -0.05 -0.06 -0.05 -0.05 -0.06 -0.05 -0.05 -0.05 26072001 00
 -0.05 -0.04 -0.04 -0.04 -0.03 -0.03 -0.03 -0.02 -0.03 -0.03 -0.02 -0.02 26072001 12
 -0.02 -0.04 -0.05 -0.05 -0.05 -0.05 -0.06 -0.06 -0.05 -0.04 -0.05 -0.06 27072001 00
 -0.07 -0.07 -0.08 -0.08 -0.08 -0.08 -0.08 -0.08 -0.08 -0.08 -0.09 -0.08 27072001 12
 -0.06 -0.07 -0.08 -0.09 -0.10 -0.09 -0.09 -0.10 -0.10 -0.09 -0.10 -0.10 28072001 00
 -0.10 -0.09 -0.09 -0.09 -0.10 -0.10 -0.09 -0.07 -0.07 -0.07 -0.06 -0.06 28072001 12
 -0.04 -0.03 -0.05 -0.06 -0.07 -0.06 -0.04 -0.03 -0.03 -0.04 -0.04 -0.03 29072001 00
 -0.03 -0.04 -0.04 -0.05 -0.07 -0.08 -0.08 -0.09 -0.09 -0.08 -0.07 -0.06 29072001 12
 -0.05 -0.04 -0.06 -0.09 -0.11 -0.12 -0.11 -0.10 -0.11 -0.10 -0.11 -0.10 30072001 00
 -0.11 -0.11 -0.10 -0.10 -0.10 -0.08 -0.07 -0.05 -0.03 -0.03 -0.03 -0.01 30072001 12
  0.01  0.00 -0.01 -0.02 -0.04 -0.08 -0.09 -0.08 -0.08 -0.10 -0.11 -0.13 31072001 00
 -0.13 -0.14 -0.15 -0.17 -0.18 -0.21 -0.21 -0.19 -0.17 -0.16 -0.17 -0.17 31072001 12
 -0.17 -0.16 -0.17 -0.16 -0.15 -0.17 -0.18 -0.17 -0.17 -0.14 -0.13 -0.11 01082001 00
 -0.10 -0.07 -0.07 -0.08 -0.08 -0.08 -0.10 -0.10 -0.09 -0.09 -0.08 -0.07 01082001 12
 -0.08 -0.08 -0.08 -0.09 -0.08 -0.06 -0.06 -0.04 -0.05 -0.07 -0.03 -0.04 02082001 00
 -0.03 -0.01 -0.02 -0.01  0.01  0.04  0.04  0.03  0.02  0.04  0.04  0.03 02082001 12
  0.02  0.01  0.03  0.04  0.05  0.05  0.06  0.05  0.04  0.04  0.05  0.04 03082001 00
  0.03  0.03  0.03  0.03  0.04  0.05  0.05  0.04  0.04  0.05  0.05  0.05 03082001 12
  0.04  0.03  0.03  0.02  0.01 -0.01 -0.03 -0.03 -0.03 -0.02 -0.01 -0.00 04082001 00
  0.01  0.01  0.02  0.03  0.03  0.03  0.03  0.03  0.03  0.03  0.03  0.01 04082001 12
  0.01 -0.00 -0.01 -0.02 -0.02 -0.02 -0.02 -0.02 -0.02 -0.01 -0.02 -0.02 05082001 00
 -0.02 -0.03 -0.03 -0.02 -0.01 -0.01 -0.00 -0.00 -0.00 -0.00 -0.00  0.01 05082001 12
  0.01  0.01 -0.00 -0.01  0.00  0.02  0.03  0.03  0.06  0.09  0.10  0.07 06082001 00
  0.05  0.04  0.04  0.06  0.06  0.06  0.06  0.06  0.06  0.07  0.07  0.08 06082001 12
  0.08  0.07  0.05  0.04  0.03  0.02  0.02  0.02  0.03  0.08  0.11  0.13 07082001 00
  0.14  0.14  0.16  0.18  0.19  0.18  0.20  0.21  0.20  0.18  0.16  0.16 07082001 12
  0.16  0.14  0.12  0.12  0.14  0.14  0.14  0.13  0.10  0.11  0.13  0.14 08082001 00
  0.12  0.10  0.09  0.07  0.08  0.06  0.04  0.05  0.05  0.04  0.03  0.04 08082001 12
  0.03  0.02  0.01 -0.02 -0.03 -0.03 -0.03 -0.02 -0.02 -0.03 -0.03 -0.03 09082001 00
 -0.02  0.00  0.02  0.03  0.02  0.03  0.04  0.03  0.01 -0.00 -0.02 -0.04 09082001 12
 -0.05 -0.05 -0.07 -0.07 -0.08 -0.09 -0.09 -0.09 -0.09 -0.09 -0.09 -0.09 10082001 00
 -0.08 -0.08 -0.08 -0.07 -0.08 -0.08 -0.08 -0.08 -0.09 -0.09 -0.08 -0.08 10082001 12
 -0.08 -0.08 -0.07 -0.07 -0.06 -0.05 -0.02 -0.00  0.00  0.02  0.05  0.07 11082001 00
  0.08  0.08  0.08  0.08  0.09  0.12  0.14  0.13  0.12  0.13  0.14  0.10 11082001 12
  0.06  0.03  0.05  0.05  0.04  0.02  0.01  0.02  0.02  0.02  0.03  0.03 12082001 00
  0.04  0.05  0.04  0.04  0.02  0.03  0.06  0.08  0.09  0.12  0.13  0.17 12082001 12
  0.20  0.22  0.19  0.19  0.17  0.18  0.16  0.16  0.16  0.16  0.14  0.10 13082001 00
  0.07  0.06  0.05  0.06  0.09  0.07  0.11  0.13  0.14  0.14  0.13  0.12 13082001 12
  0.12  0.11  0.11  0.07  0.06  0.07  0.08  0.08  0.09  0.10  0.10  0.10 14082001 00
  0.12  0.13  0.12  0.12  0.10  0.09  0.06  0.05  0.05  0.07  0.06  0.05 14082001 12
  0.04  0.03  0.04  0.06  0.07  0.07  0.06  0.05  0.07  0.07  0.06  0.04 15082001 00
  0.04  0.03  0.03  0.02  0.02  0.00 -0.01  0.01  0.03  0.04  0.03  0.03 15082001 12
  0.03  0.05  0.08  0.06  0.03  0.04  0.05  0.03  0.03  0.02  0.04  0.06 16082001 00
  0.04  0.03  0.03  0.03  0.04  0.05  0.05  0.04  0.04  0.03  0.04  0.04 16082001 12
  0.04  0.04  0.03  0.01 -0.01 -0.01 -0.01 -0.02 -0.01 -0.01 -0.01 -0.00 17082001 00
  0.00  0.00 -0.01 -0.01 -0.00  0.00 -0.00 -0.01 -0.01 -0.02 -0.02 -0.02 17082001 12
 -0.01 -0.01 -0.01 -0.01 -0.01 -0.01 -0.01 -0.02 -0.02 -0.02 -0.02 -0.01 18082001 00
  0.00 -0.01 -0.03 -0.04 -0.03 -0.01  0.01  0.01  0.01  0.01  0.01  0.03 18082001 12
  0.06  0.07  0.08  0.07  0.05  0.05  0.08  0.10  0.12  0.10  0.08  0.11 19082001 00
  0.12  0.13  0.13  0.12  0.15  0.16  0.15  0.15  0.16  0.15  0.18  0.18 19082001 12
  0.17  0.15  0.17  0.15  0.16  0.15  0.13  0.11  0.11  0.10  0.06  0.06 20082001 00
  0.04  0.01  0.02  0.01  0.02  0.02  0.02  0.01  0.00  0.02  0.01 -0.00 20082001 12
 -0.01 -0.00 -0.00  0.01 -0.00 -0.01  0.01  0.04  0.08  0.11  0.12  0.08 21082001 00
  0.06  0.08  0.15  0.25  0.26  0.25  0.25  0.26  0.29  0.32  0.32  0.20 21082001 12
  0.16  0.10  0.01  0.01 -0.04 -0.03 -0.02 -0.05 -0.09 -0.14 -0.18 -0.19 22082001 00
 -0.14 -0.13 -0.09 -0.08 -0.10 -0.07 -0.08 -0.08 -0.07 -0.06 -0.08 -0.07 22082001 12
 -0.08 -0.07 -0.05 -0.07 -0.07 -0.06 -0.06 -0.06 -0.06 -0.06 -0.06 -0.06 23082001 00
 -0.05 -0.06 -0.06 -0.04 -0.04 -0.04 -0.04 -0.04 -0.04 -0.04 -0.04 -0.05 23082001 12
 -0.04 -0.04 -0.04 -0.04 -0.04 -0.05 -0.04 -0.03 -0.04 -0.04 -0.04 -0.04 24082001 00
 -0.03 -0.02 -0.02 -0.03 -0.01 -0.00 -0.01 -0.01 -0.02 -0.03 -0.03 -0.02 24082001 12
 -0.02 -0.01 -0.01 -0.01 -0.03 -0.05 -0.05 -0.05 -0.03 -0.01 -0.01 -0.04 25082001 00
 -0.06 -0.07 -0.06 -0.07 -0.05 -0.03 -0.04 -0.06 -0.06 -0.05 -0.04 -0.03 25082001 12
 -0.04 -0.04 -0.04 -0.04 -0.05 -0.04 -0.04 -0.04 -0.03 -0.04 -0.06 -0.07 26082001 00
 -0.10 -0.12 -0.12 -0.11 -0.11 -0.12 -0.12 -0.12 -0.12 -0.12 -0.11 -0.09 26082001 12
 -0.06 -0.08 -0.12 -0.11 -0.10 -0.10 -0.11 -0.13 -0.14 -0.12 -0.14 -0.16 27082001 00
 -0.15 -0.15 -0.17 -0.14 -0.14 -0.15 -0.14 -0.15 -0.14 -0.13 -0.12 -0.13 27082001 12
 -0.14 -0.14 -0.13 -0.15 -0.15 -0.15 -0.14 -0.14 -0.10 -0.08 -0.08 -0.09 28082001 00
 -0.08 -0.06 -0.04 -0.04 -0.05 -0.06 -0.06 -0.06 -0.06 -0.05 -0.04 -0.04 28082001 12
 -0.06 -0.05 -0.02 -0.01 -0.04 -0.07 -0.06 -0.04 -0.04 -0.03 -0.03 -0.02 29082001 00
 -0.01 -0.03 -0.02 -0.00  0.00  0.01  0.02  0.02  0.03  0.04  0.05  0.03 29082001 12
  0.02  0.05  0.06  0.05  0.01 -0.01  0.00  0.02  0.03  0.05  0.05  0.03 30082001 00
  0.04  0.03 -0.01 -0.01  0.01  0.01  0.01 -0.00  0.00  0.00  0.01  0.01 30082001 12
  0.02  0.04  0.04  0.04  0.02 -0.01 -0.03 -0.03 -0.02 -0.01 -0.01 -0.02 31082001 00
 -0.04 -0.06 -0.06 -0.04 -0.02 -0.01 -0.06 -0.07 -0.07 -0.07 -0.04 -0.05 31082001 12
 -0.06 -0.04 -0.05 -0.07 -0.08 -0.08 -0.06 -0.07 -0.10 -0.09 -0.08 -0.05 01092001 00
 -0.02  0.00  0.04  0.05  0.06  0.06  0.04  0.02  0.02  0.05  0.06  0.05 01092001 12
  0.05  0.09  0.09  0.08  0.08  0.08  0.07  0.02 -0.02 -0.01 -0.00 -0.00 02092001 00
  0.01 -0.00  0.00  0.02  0.03  0.03  0.02 -0.01 -0.05 -0.05 -0.03 -0.00 02092001 12
  0.01  0.01  0.02  0.03  0.03  0.04  0.04  0.02 -0.00 -0.01 -0.00  0.00 03092001 00
 -0.00  0.01  0.03  0.05  0.05  0.04  0.04  0.03  0.02  0.01  0.01  0.01 03092001 12
  0.03  0.03  0.03  0.01 -0.04 -0.06 -0.07 -0.10 -0.16 -0.18 -0.18 -0.16 04092001 00
 -0.15 -0.12 -0.12 -0.12 -0.09 -0.08 -0.06 -0.04 -0.04 -0.05 -0.04 -0.05 04092001 12
 -0.04 -0.03 -0.04 -0.03 -0.03 -0.02 -0.01 -0.00 -0.01 -0.04 -0.04 -0.03 05092001 00
 -0.01 -0.00 -0.02 -0.01 -0.00 -0.01 -0.01 -0.01 -0.02 -0.02 -0.01 -0.02 05092001 12
 -0.03 -0.03 -0.03 -0.03 -0.04 -0.05 -0.05 -0.06 -0.08 -0.10 -0.10 -0.10 06092001 00
 -0.10 -0.09 -0.07 -0.07 -0.06 -0.03 -0.02 -0.00  0.01  0.01 -0.01 -0.01 06092001 12
 -0.01  0.00  0.01 -0.01 -0.03 -0.03 -0.02 -0.02 -0.03 -0.02 -0.01 -0.00 07092001 00
  0.03  0.06  0.10  0.13  0.19  0.22  0.20  0.18  0.21  0.23  0.24  0.19 07092001 12
  0.10  0.06  0.01 -0.04 -0.06 -0.08 -0.05 -0.03 -0.05 -0.07 -0.07 -0.07 08092001 00
 -0.08 -0.06 -0.03 -0.03 -0.03 -0.02 -0.01  0.01  0.01  0.01  0.00  0.01 08092001 12
  0.01  0.00 -0.01 -0.04 -0.07 -0.09 -0.09 -0.08 -0.09 -0.08 -0.08 -0.10 09092001 00
 -0.11 -0.10 -0.09 -0.08 -0.08 -0.09 -0.09 -0.06 -0.05 -0.04 -0.03 -0.04 09092001 12
 -0.06 -0.08 -0.08 -0.08 -0.09 -0.10 -0.10 -0.09 -0.08 -0.06 -0.03 -0.02 10092001 00
 -0.04 -0.06 -0.06 -0.04 -0.03 -0.03 -0.04 -0.04 -0.02 -0.00  0.03  0.06 10092001 12
  0.06  0.04  0.01 -0.03 -0.04 -0.04 -0.04 -0.03 -0.02 -0.00  0.01  0.01 11092001 00
  0.01  0.01 -0.01 -0.04 -0.07 -0.08 -0.08 -0.06 -0.06 -0.05 -0.02  0.01 11092001 12
  0.03  0.03  0.01 -0.00 -0.02 -0.02 -0.01  0.02  0.05  0.09  0.12  0.18 12092001 00
  0.28  0.36  0.41  0.40  0.40  0.34  0.30  0.28  0.27  0.22  0.19  0.19 12092001 12
  0.17  0.13  0.05 -0.00 -0.06 -0.02  0.06  0.16  0.26  0.38  0.48  0.52 13092001 00
  0.56  0.62  0.60  0.39  0.19  0.05 -0.01 -0.08 -0.14 -0.23 -0.25 -0.24 13092001 12
 -0.24 -0.26 -0.26 -0.25 -0.23 -0.18 -0.13 -0.09 -0.02  0.04  0.10  0.13 14092001 00
  0.17  0.15  0.15  0.14  0.09  0.06  0.02  0.01  0.05  0.14  0.19  0.18 14092001 12
  0.15  0.14  0.12  0.11  0.10  0.07  0.03  0.01 -0.00  0.00  0.01  0.01 15092001 00
  0.04  0.06  0.10  0.15  0.16  0.10  0.03  0.05  0.10  0.08  0.07  0.08 15092001 12
  0.09  0.09  0.07  0.05  0.02 -0.05 -0.11 -0.16 -0.15 -0.12 -0.08 -0.04 16092001 00
 -0.04 -0.04 -0.02 -0.02 -0.01  0.00 -0.04 -0.11 -0.13 -0.12 -0.11 -0.09 16092001 12
 -0.10 -0.13 -0.13 -0.16 -0.18 -0.18 -0.21 -0.27 -0.28 -0.25 -0.23 -0.20 17092001 00
 -0.12 -0.13 -0.12 -0.12 -0.14 -0.14 -0.14 -0.18 -0.20 -0.19 -0.17 -0.17 17092001 12
 -0.12 -0.11 -0.11 -0.09 -0.12 -0.14 -0.14 -0.17 -0.20 -0.22 -0.21 -0.20 18092001 00
 -0.16 -0.12 -0.14 -0.10 -0.10 -0.11 -0.11 -0.11 -0.14 -0.15 -0.15 -0.16 18092001 12
 -0.14 -0.10 -0.11 -0.09 -0.06 -0.08 -0.08 -0.08 -0.11 -0.12 -0.08 -0.06 19092001 00
 -0.06 -0.03 -0.02 -0.01  0.02 -0.01 -0.02 -0.01  0.00 -0.00 -0.00  0.00 19092001 12
  0.01  0.02  0.01 -0.01 -0.02 -0.03 -0.03 -0.04 -0.05 -0.08 -0.10 -0.09 20092001 00
 -0.08 -0.07 -0.06 -0.06 -0.06 -0.05 -0.06 -0.06 -0.05 -0.06 -0.06 -0.07 20092001 12
 -0.07 -0.07 -0.07 -0.07 -0.08 -0.07 -0.07 -0.07 -0.06 -0.06 -0.07 -0.06 21092001 00
 -0.08 -0.08 -0.07 -0.07 -0.08 -0.08 -0.07 -0.07 -0.07 -0.07 -0.08 -0.07 21092001 12
 -0.08 -0.08 -0.07 -0.06 -0.06 -0.06 -0.05 -0.05 -0.05 -0.04 -0.04 -0.04 22092001 00
 -0.05 -0.06 -0.07 -0.07 -0.08 -0.10 -0.09 -0.08 -0.08 -0.07 -0.08 -0.09 22092001 12
 -0.09 -0.09 -0.10 -0.11 -0.11 -0.11 -0.10 -0.09 -0.09 -0.08 -0.06 -0.05 23092001 00
 -0.05 -0.06 -0.07 -0.08 -0.09 -0.09 -0.09 -0.07 -0.06 -0.06 -0.05 -0.05 23092001 12
 -0.05 -0.05 -0.07 -0.08 -0.09 -0.10 -0.10 -0.08 -0.07 -0.06 -0.05 -0.03 24092001 00
 -0.03 -0.03 -0.04 -0.06 -0.08 -0.10 -0.11 -0.12 -0.11 -0.10 -0.08 -0.06 24092001 12
 -0.05 -0.06 -0.08 -0.11 -0.12 -0.12 -0.11 -0.11 -0.09 -0.07 -0.05 -0.03 25092001 00
 -0.01 -0.02 -0.03 -0.05 -0.07 -0.08 -0.09 -0.08 -0.06 -0.04 -0.03 -0.03 25092001 12
 -0.01  0.01 -0.00 -0.02 -0.04 -0.07 -0.07 -0.05 -0.02 -0.00  0.01  0.02 26092001 00
  0.02  0.02  0.01 -0.01 -0.01 -0.02 -0.03 -0.04 -0.03 -0.00  0.01  0.03 26092001 12
  0.04  0.04  0.04  0.04  0.03  0.03  0.03  0.03  0.03  0.07  0.12  0.14 27092001 00
  0.15  0.17  0.20  0.20  0.20  0.18  0.14  0.12  0.12  0.13  0.15  0.17 27092001 12
  0.18  0.17  0.15  0.14  0.12  0.12  0.10  0.09  0.08  0.09  0.09  0.12 28092001 00
  0.15  0.14  0.14  0.14  0.13  0.14  0.14  0.09  0.07  0.07  0.10  0.15 28092001 12
  0.19  0.20  0.18  0.14  0.10  0.10  0.13  0.12  0.12  0.12  0.13  0.14 29092001 00
  0.17  0.18  0.18  0.17  0.15  0.11  0.10  0.09  0.09  0.10  0.11  0.13 29092001 12
  0.17  0.19  0.18  0.17  0.15  0.16  0.20  0.23  0.23  0.27  0.29  0.35 30092001 00
  0.41  0.44  0.41  0.39  0.33  0.25  0.25  0.31  0.31  0.30  0.32  0.41 30092001 12
  0.54  0.59  0.53  0.51  0.51  0.51  0.49  0.48  0.45  0.44  0.40  0.37 01102001 00
  0.42  0.51  0.51  0.51  0.52  0.54  0.55  0.56  0.54  0.51  0.50  0.43 01102001 12
  0.40  0.45  0.41  0.42  0.44  0.42  0.38  0.40  0.36  0.30  0.31  0.28 02102001 00
  0.31  0.35  0.36  0.37  0.41  0.42  0.40  0.42  0.41  0.37  0.35  0.31 02102001 12
  0.29  0.28  0.26  0.20  0.24  0.26  0.24  0.22  0.19  0.18  0.19  0.22 03102001 00
  0.19  0.17  0.18  0.17  0.17  0.18  0.17  0.18  0.19  0.17  0.18  0.17 03102001 12
  0.15  0.14  0.17  0.16  0.15  0.16  0.15  0.12  0.11  0.09  0.12  0.10 04102001 00
  0.08  0.08  0.09  0.10  0.10  0.12  0.13  0.16  0.21  0.25  0.22  0.19 04102001 12
  0.17  0.18  0.25  0.32  0.31  0.30  0.29  0.29  0.34  0.39  0.39  0.36 05102001 00
  0.33  0.26  0.25  0.30  0.24  0.25  0.28  0.26  0.26  0.28  0.21  0.20 05102001 12
  0.21  0.23  0.27  0.29  0.28  0.26  0.27  0.27  0.28  0.33  0.33  0.32 06102001 00
  0.29  0.23  0.24  0.32  0.35  0.36  0.39  0.40  0.39  0.44  0.44  0.41 06102001 12
  0.41  0.38  0.34  0.34  0.34  0.29  0.31  0.30  0.29  0.31  0.33  0.31 07102001 00
  0.28  0.21  0.14  0.13  0.16  0.18  0.21  0.23  0.23  0.29  0.43  0.51 07102001 12
  0.56  0.61  0.55  0.54  0.58  0.53  0.44  0.45  0.46  0.42  0.40  0.36 08102001 00
  0.27  0.24  0.18  0.15  0.14  0.19  0.22  0.29  0.32  0.33  0.37  0.43 08102001 12
  0.37  0.27  0.17  0.11  0.10  0.14  0.14  0.16  0.18  0.20  0.19  0.12 09102001 00
  0.04  0.01  0.02 -0.02 -0.04 -0.04 -0.03 -0.01  0.00  0.00  0.00  0.03 09102001 12
  0.05  0.02 -0.01 -0.01  0.01  0.05  0.10  0.13  0.16  0.19  0.24  0.26 10102001 00
  0.28  0.26  0.18  0.12  0.03 -0.03 -0.08 -0.11 -0.12 -0.08 -0.09 -0.11 10102001 12
 -0.10 -0.12 -0.13 -0.14 -0.14 -0.11 -0.04  0.03  0.09  0.13  0.15  0.20 11102001 00
  0.26  0.25  0.22  0.16  0.13  0.09  0.07  0.03  0.03  0.04  0.10  0.11 11102001 12
  0.08  0.05  0.04  0.04  0.00 -0.01 -0.01  0.00  0.02  0.04  0.04  0.04 12102001 00
  0.04  0.02 -0.02 -0.06 -0.12 -0.14 -0.14 -0.12 -0.09 -0.05 -0.04 -0.02 12102001 12
 -0.01 -0.02 -0.02 -0.04 -0.08 -0.11 -0.11 -0.09 -0.05 -0.02 -0.02 -0.02 13102001 00
 -0.01 -0.02 -0.02 -0.04 -0.09 -0.13 -0.14 -0.13 -0.11 -0.08 -0.05 -0.04 13102001 12
 -0.02 -0.02 -0.03 -0.04 -0.06 -0.09 -0.09 -0.08 -0.06 -0.03  0.01  0.03 14102001 00
  0.04  0.06  0.07  0.08  0.07  0.05  0.02  0.03  0.04  0.06  0.08  0.11 14102001 12
  0.13  0.14  0.13  0.13  0.13  0.16  0.20  0.21  0.17  0.18  0.18  0.20 15102001 00
  0.26  0.27  0.27  0.27  0.27  0.26  0.26  0.25  0.24  0.21  0.19  0.17 15102001 12
  0.18  0.16  0.14  0.12  0.07  0.03  0.02  0.01 -0.01  0.01  0.01  0.01 16102001 00
  0.04  0.08  0.09  0.10  0.11  0.12  0.13  0.15  0.12  0.07  0.06  0.03 16102001 12
  0.03  0.05  0.03  0.01  0.00 -0.01 -0.01 -0.00 -0.01 -0.03 -0.02 -0.01 17102001 00
 -0.03 -0.05 -0.06 -0.06 -0.06 -0.07 -0.07 -0.05  0.02  0.06  0.07  0.09 17102001 12
  0.13  0.14  0.11  0.07  0.07  0.12  0.17  0.21  0.24  0.24  0.21  0.21 18102001 00
  0.22  0.21  0.26  0.23  0.19  0.19  0.17  0.13  0.12  0.11  0.11  0.10 18102001 12
  0.12  0.09  0.08  0.09  0.07  0.08  0.08  0.06  0.05  0.04  0.02  0.02 19102001 00
  0.01 -0.00 -0.02 -0.02 -0.03 -0.04 -0.00  0.07  0.18  0.24  0.19  0.14 19102001 12
  0.12  0.09  0.06  0.08  0.08  0.11  0.13  0.12  0.12  0.17  0.18  0.17 20102001 00
  0.17  0.17  0.15  0.15  0.15  0.11  0.13  0.15  0.14  0.13  0.14  0.12 20102001 12
  0.12  0.09  0.05  0.04  0.06  0.06  0.08  0.09  0.10  0.12  0.14  0.15 21102001 00
  0.14  0.12  0.10  0.08  0.10  0.09  0.09  0.11  0.11  0.09  0.10  0.11 21102001 12
  0.11  0.10  0.06  0.04  0.02  0.02  0.01  0.03  0.05  0.06  0.08  0.10 22102001 00
  0.09  0.07  0.05  0.03  0.01  0.01  0.00  0.01  0.04  0.04  0.06  0.10 22102001 12
  0.12  0.10  0.08  0.07  0.07  0.09  0.11  0.11  0.11  0.12  0.12  0.14 23102001 00
  0.16  0.14  0.12  0.10  0.10  0.10  0.14  0.15  0.18  0.20  0.21  0.21 23102001 12
  0.21  0.17  0.12  0.08  0.05  0.06  0.08  0.10  0.13  0.17  0.16  0.14 24102001 00
  0.15  0.17  0.15  0.14  0.11  0.09  0.06  0.05  0.04  0.04  0.02 -0.00 24102001 12
 -0.01 -0.02 -0.03 -0.06 -0.08 -0.08 -0.02  0.05  0.10  0.14  0.16  0.19 25102001 00
  0.25  0.31  0.34  0.37  0.34  0.34  0.35  0.30  0.25  0.22  0.17  0.13 25102001 12
  0.07  0.06  0.04  0.05  0.04  0.01 -0.00  0.04  0.10  0.15  0.20  0.25 26102001 00
  0.26  0.23  0.21  0.19  0.19  0.18  0.15  0.16  0.19  0.23  0.23  0.24 26102001 12
  0.23  0.21  0.17  0.10  0.07  0.07  0.05  0.04  0.01  0.04  0.06  0.07 27102001 00
  0.05  0.04  0.03  0.01 -0.01 -0.03 -0.06 -0.03 -0.02 -0.02 -0.02 -0.02 27102001 12
 -0.02 -0.04 -0.08 -0.11 -0.13 -0.15 -0.15 -0.16 -0.14 -0.11 -0.09 -0.07 28102001 00
 -0.06 -0.05 -0.06 -0.07 -0.08 -0.10 -0.12 -0.12 -0.10 -0.06 -0.05 -0.03 28102001 12
 -0.02  0.00 -0.01 -0.01  0.01  0.01 -0.01 -0.01 -0.01 -0.00  0.02  0.04 29102001 00
  0.04  0.05  0.06  0.07  0.10  0.13  0.15  0.16  0.20  0.21  0.21  0.23 29102001 12
  0.24  0.24  0.27  0.30  0.29  0.24  0.21  0.15  0.11  0.14  0.14  0.18 30102001 00
  0.22  0.21  0.20  0.24  0.27  0.29  0.38  0.46  0.43  0.45  0.43  0.40 30102001 12
  0.37  0.35  0.30  0.35  0.34  0.22  0.07  0.01  0.03  0.04  0.05  0.06 31102001 00
  0.04  0.00 -0.02 -0.04 -0.06 -0.09 -0.12 -0.17 -0.20 -0.21 -0.20 -0.18 31102001 12
 -0.18 -0.18 -0.15 -0.14 -0.15 -0.14 -0.13 -0.15 -0.15 -0.15 -0.13 -0.11 01112001 00
 -0.11 -0.12 -0.13 -0.11 -0.14 -0.15 -0.14 -0.13 -0.17 -0.18 -0.19 -0.17 01112001 12
 -0.15 -0.15 -0.16 -0.14 -0.15 -0.16 -0.17 -0.17 -0.21 -0.20 -0.21 -0.21 02112001 00
 -0.20 -0.17 -0.18 -0.15 -0.16 -0.16 -0.13 -0.13 -0.15 -0.17 -0.17 -0.18 02112001 12
 -0.17 -0.16 -0.17 -0.16 -0.14 -0.15 -0.15 -0.16 -0.18 -0.17 -0.18 -0.19 03112001 00
 -0.20 -0.17 -0.17 -0.18 -0.15 -0.14 -0.13 -0.12 -0.13 -0.15 -0.14 -0.15 03112001 12
 -0.15 -0.13 -0.12 -0.11 -0.07 -0.06 -0.05 -0.03 -0.01 -0.01 -0.00 -0.00 04112001 00
  0.01  0.01 -0.01 -0.01 -0.03  0.00  0.03  0.03 -0.01 -0.07 -0.13 -0.16 04112001 12
 -0.16 -0.16 -0.18 -0.21 -0.21 -0.19 -0.18 -0.18 -0.16 -0.13 -0.12 -0.10 05112001 00
 -0.09 -0.03  0.02  0.07  0.10  0.12  0.15  0.16  0.20  0.28  0.34  0.32 05112001 12
  0.24  0.16  0.15  0.14  0.15  0.14  0.15  0.13  0.08  0.04  0.01 -0.04 06112001 00
 -0.08 -0.10 -0.12 -0.09 -0.08 -0.05 -0.03 -0.01  0.01  0.04  0.08  0.09 06112001 12
  0.07  0.04  0.01 -0.01  0.01  0.04  0.05  0.07  0.11  0.18  0.25  0.30 07112001 00
  0.24  0.14  0.09  0.06  0.04  0.10  0.15  0.18  0.19  0.19  0.18  0.21 07112001 12
  0.26  0.31  0.35  0.36  0.43  0.42  0.29  0.16  0.14  0.11  0.02 -0.14 08112001 00
 -0.37 -0.52 -0.52 -0.46 -0.42 -0.43 -0.38 -0.33 -0.21 -0.14 -0.09 -0.08 08112001 12
 -0.19 -0.29 -0.29 -0.33 -0.34 -0.32 -0.34 -0.37 -0.38 -0.32 -0.27 -0.26 09112001 00
 -0.25 -0.28 -0.31 -0.27 -0.24 -0.18 -0.16 -0.13 -0.14 -0.11 -0.11 -0.09 09112001 12
 -0.07 -0.10 -0.17 -0.21 -0.20 -0.17 -0.13 -0.10 -0.06 -0.04 -0.01 -0.02 10112001 00
 -0.02 -0.03 -0.07 -0.13 -0.19 -0.20 -0.18 -0.14 -0.11 -0.08 -0.06 -0.05 10112001 12
 -0.05 -0.06 -0.08 -0.12 -0.17 -0.18 -0.17 -0.14 -0.09 -0.06 -0.06 -0.05 11112001 00
 -0.05 -0.07 -0.08 -0.09 -0.14 -0.19 -0.17 -0.13 -0.10 -0.06 -0.04 -0.01 11112001 12
  0.00 -0.01 -0.01  0.01  0.01  0.02  0.03  0.05  0.07  0.10  0.13  0.13 12112001 00
  0.11  0.08  0.05  0.01 -0.07 -0.20 -0.27 -0.26 -0.25 -0.23 -0.21 -0.23 12112001 12
 -0.22 -0.21 -0.22 -0.21 -0.19 -0.20 -0.22 -0.21 -0.23 -0.21 -0.20 -0.21 13112001 00
 -0.23 -0.21 -0.22 -0.24 -0.24 -0.26 -0.29 -0.32 -0.28 -0.28 -0.22 -0.18 13112001 12
 -0.20 -0.18 -0.18 -0.18 -0.16 -0.13 -0.16 -0.19 -0.21 -0.20 -0.21 -0.20 14112001 00
 -0.19 -0.21 -0.18 -0.20 -0.22 -0.22 -0.24 -0.29 -0.28 -0.29 -0.27 -0.24 14112001 12
 -0.20 -0.24 -0.22 -0.22 -0.22 -0.21 -0.20 -0.22 -0.23 -0.21 -0.24 -0.25 15112001 00
 -0.23 -0.25 -0.26 -0.24 -0.26 -0.27 -0.27 -0.29 -0.32 -0.31 -0.29 -0.31 15112001 12
 -0.28 -0.27 -0.29 -0.24 -0.27 -0.28 -0.26 -0.27 -0.30 -0.32 -0.32 -0.31 16112001 00
 -0.29 -0.27 -0.31 -0.28 -0.29 -0.31 -0.31 -0.29 -0.33 -0.33 -0.30 -0.34 16112001 12
 -0.33 -0.28 -0.30 -0.30 -0.28 -0.28 -0.29 -0.27 -0.29 -0.30 -0.31 -0.29 17112001 00
 -0.30 -0.26 -0.24 -0.27 -0.23 -0.25 -0.24 -0.21 -0.19 -0.21 -0.20 -0.23 17112001 12
 -0.23 -0.22 -0.19 -0.20 -0.17 -0.17 -0.17 -0.15 -0.14 -0.14 -0.16 -0.15 18112001 00
 -0.18 -0.17 -0.17 -0.18 -0.16 -0.15 -0.15 -0.14 -0.12 -0.12 -0.13 -0.15 18112001 12
 -0.16 -0.17 -0.17 -0.17 -0.16 -0.13 -0.13 -0.13 -0.11 -0.10 -0.12 -0.14 19112001 00
 -0.16 -0.16 -0.17 -0.17 -0.17 -0.15 -0.13 -0.13 -0.11 -0.11 -0.13 -0.14 19112001 12
 -0.16 -0.17 -0.15 -0.14 -0.15 -0.13 -0.11 -0.10 -0.08 -0.07 -0.06 -0.06 20112001 00
 -0.08 -0.09 -0.09 -0.08 -0.06 -0.04 -0.01  0.02  0.04  0.06  0.09  0.07 20112001 12
  0.02 -0.01 -0.03 -0.04 -0.03 -0.01  0.02  0.04  0.06  0.08  0.11  0.13 21112001 00
  0.11  0.12  0.15  0.16  0.17  0.19  0.19  0.21  0.23  0.17  0.10  0.06 21112001 12
  0.02 -0.09 -0.12 -0.13 -0.13 -0.13 -0.11 -0.09 -0.08 -0.06 -0.04 -0.08 22112001 00
 -0.12 -0.15 -0.14 -0.13 -0.15 -0.18 -0.21 -0.20 -0.17 -0.16 -0.15 -0.14 22112001 12
 -0.16 -0.16 -0.14 -0.15 -0.12 -0.11 -0.09 -0.08 -0.06 -0.05 -0.03 -0.02 23112001 00
 -0.02 -0.02 -0.03 -0.06 -0.08 -0.09 -0.08 -0.05 -0.02  0.02  0.03  0.03 23112001 12
  0.03  0.01 -0.02 -0.04 -0.07 -0.09 -0.09 -0.07 -0.07 -0.08 -0.07 -0.06 24112001 00
 -0.05 -0.05 -0.06 -0.08 -0.09 -0.07 -0.03  0.00  0.02  0.04  0.06  0.08 24112001 12
  0.10  0.12  0.11  0.10  0.07  0.08  0.12  0.17  0.24  0.29  0.31  0.28 25112001 00
  0.23  0.19  0.16  0.13  0.09  0.05  0.04  0.01 -0.04 -0.08 -0.10 -0.09 25112001 12
 -0.05 -0.04 -0.07 -0.07 -0.07 -0.08 -0.11 -0.11 -0.07 -0.02  0.01  0.00 26112001 00
  0.01  0.01  0.02  0.03  0.01 -0.01  0.00  0.02  0.05  0.07  0.08  0.10 26112001 12
  0.12  0.11  0.11  0.12  0.15  0.23  0.27  0.31  0.36  0.44  0.58  0.69 27112001 00
  0.68  0.62  0.55  0.43  0.35  0.31  0.27  0.15  0.10  0.01 -0.01 -0.02 27112001 12
  0.02  0.06  0.09  0.09  0.11  0.16  0.15  0.08  0.02 -0.03 -0.03 -0.01 28112001 00
  0.01  0.02  0.05  0.07  0.09  0.12  0.16  0.19  0.20  0.19  0.17  0.17 28112001 12
  0.19  0.17  0.17  0.19  0.22  0.26  0.32  0.33  0.28  0.28  0.22  0.18 29112001 00
  0.18  0.16  0.12  0.13  0.10  0.04  0.02  0.00 -0.02 -0.01 -0.01  0.01 29112001 12
  0.06  0.11  0.14  0.15  0.16  0.18  0.24  0.28  0.29  0.26  0.28  0.29 30112001 00
  0.33  0.37  0.35  0.35  0.34  0.31  0.30  0.32  0.30  0.31  0.28  0.21 30112001 12
  0.17  0.18  0.14  0.13  0.15  0.14  0.14  0.17  0.17  0.18  0.18  0.15 01122001 00
  0.11  0.08  0.05  0.02  0.04  0.05  0.03 -0.01 -0.06 -0.09 -0.09 -0.10 01122001 12
 -0.11 -0.11 -0.12 -0.10 -0.09 -0.09 -0.09 -0.09 -0.10 -0.11 -0.12 -0.12 02122001 00
 -0.09 -0.07 -0.06 -0.04 -0.03 -0.02 -0.00  0.01  0.01 -0.01 -0.01 -0.03 02122001 12
 -0.04 -0.04 -0.05 -0.03 -0.02 -0.02 -0.02 -0.01  0.00 -0.01 -0.02 -0.03 03122001 00
 -0.03 -0.00  0.10  0.17  0.18  0.17  0.23  0.40  0.64  0.76  0.73  0.64 03122001 12
  0.60  0.50  0.43  0.48  0.43  0.48  0.51  0.41  0.28  0.22  0.16  0.14 04122001 00
  0.16  0.09  0.07  0.08  0.07  0.07  0.08  0.08  0.05 -0.00 -0.07 -0.13 04122001 12
 -0.16 -0.17 -0.15 -0.11 -0.08 -0.04  0.03  0.10  0.22  0.43  0.61  0.64 05122001 00
  0.59  0.56  0.40  0.21  0.14  0.03  0.01  0.02 -0.04 -0.16 -0.25 -0.31 05122001 12
 -0.30 -0.30 -0.27 -0.21 -0.16 -0.13 -0.10 -0.12 -0.13 -0.11 -0.11 -0.15 06122001 00
 -0.17 -0.17 -0.18 -0.16 -0.15 -0.13 -0.12 -0.15 -0.18 -0.15 -0.11 -0.11 06122001 12
 -0.15 -0.17 -0.13 -0.09 -0.06 -0.03 -0.02  0.01  0.01 -0.01 -0.00 -0.02 07122001 00
 -0.06 -0.09 -0.11 -0.12 -0.14 -0.13 -0.10 -0.08 -0.07 -0.06 -0.06 -0.08 07122001 12
 -0.11 -0.15 -0.19 -0.22 -0.23 -0.20 -0.18 -0.17 -0.15 -0.15 -0.15 -0.14 08122001 00
 -0.12 -0.15 -0.17 -0.17 -0.17 -0.16 -0.14 -0.15 -0.16 -0.16 -0.18 -0.20 08122001 12
 -0.21 -0.26 -0.32 -0.35 -0.36 -0.34 -0.29 -0.26 -0.23 -0.23 -0.20 -0.22 09122001 00
 -0.22 -0.20 -0.23 -0.29 -0.31 -0.32 -0.29 -0.28 -0.26 -0.27 -0.24 -0.25 09122001 12
 -0.25 -0.24 -0.23 -0.27 -0.30 -0.30 -0.28 -0.24 -0.23 -0.21 -0.23 -0.22 10122001 00
 -0.24 -0.25 -0.23 -0.24 -0.28 -0.30 -0.31 -0.29 -0.26 -0.23 -0.24 -0.23 10122001 12
 -0.24 -0.26 -0.25 -0.23 -0.26 -0.29 -0.29 -0.28 -0.25 -0.24 -0.23 -0.24 11122001 00
 -0.23 -0.24 -0.25 -0.23 -0.23 -0.26 -0.28 -0.27 -0.27 -0.24 -0.22 -0.24 11122001 12
 -0.23 -0.24 -0.26 -0.26 -0.26 -0.30 -0.31 -0.31 -0.30 -0.26 -0.26 -0.27 12122001 00
 -0.27 -0.25 -0.25 -0.26 -0.25 -0.26 -0.28 -0.30 -0.29 -0.28 -0.26 -0.26 12122001 12
 -0.28 -0.27 -0.27 -0.28 -0.26 -0.24 -0.25 -0.26 -0.26 -0.27 -0.25 -0.24 13122001 00
 -0.26 -0.26 -0.24 -0.25 -0.27 -0.27 -0.29 -0.31 -0.32 -0.33 -0.29 -0.26 13122001 12
 -0.24 -0.25 -0.23 -0.24 -0.24 -0.20 -0.18 -0.21 -0.23 -0.27 -0.28 -0.26 14122001 00
 -0.26 -0.29 -0.26 -0.25 -0.26 -0.26 -0.27 -0.30 -0.32 -0.32 -0.31 -0.30 14122001 12
 -0.27 -0.28 -0.29 -0.25 -0.26 -0.26 -0.25 -0.28 -0.31 -0.33 -0.33 -0.34 15122001 00
 -0.33 -0.31 -0.32 -0.27 -0.28 -0.28 -0.26 -0.25 -0.30 -0.30 -0.31 -0.32 15122001 12
 -0.31 -0.30 -0.33 -0.30 -0.30 -0.30 -0.28 -0.28 -0.32 -0.38 -0.37 -0.39 16122001 00
 -0.37 -0.34 -0.36 -0.34 -0.31 -0.32 -0.31 -0.29 -0.31 -0.31 -0.35 -0.36 16122001 12
 -0.36 -0.32 -0.29 -0.32 -0.28 -0.28 -0.29 -0.26 -0.26 -0.31 -0.33 -0.36 17122001 00
 -0.35 -0.32 -0.29 -0.32 -0.27 -0.27 -0.28 -0.26 -0.26 -0.30 -0.34 -0.35 17122001 12
 -0.36 -0.34 -0.33 -0.34 -0.33 -0.29 -0.30 -0.31 -0.29 -0.28 -0.30 -0.32 18122001 00
 -0.32 -0.29 -0.29 -0.30 -0.29 -0.26 -0.26 -0.25 -0.23 -0.24 -0.29 -0.32 18122001 12
 -0.32 -0.33 -0.29 -0.25 -0.26 -0.22 -0.21 -0.21 -0.17 -0.15 -0.19 -0.22 19122001 00
 -0.23 -0.22 -0.19 -0.17 -0.16 -0.11 -0.08 -0.09 -0.12 -0.14 -0.22 -0.29 19122001 12
 -0.33 -0.31 -0.30 -0.30 -0.33 -0.35 -0.32 -0.31 -0.28 -0.23 -0.21 -0.23 20122001 00
 -0.24 -0.24 -0.19 -0.14 -0.10 -0.10 -0.05 -0.02 -0.00  0.02  0.00 -0.06 20122001 12
 -0.07 -0.07 -0.06 -0.05 -0.01  0.03  0.09  0.10  0.07  0.09  0.13  0.15 21122001 00
  0.13  0.11  0.18  0.23  0.17 -0.01 -0.13 -0.10 -0.04 -0.05 -0.10 -0.17 21122001 12
 -0.22 -0.24 -0.25 -0.22 -0.16 -0.10 -0.07 -0.06 -0.04 -0.02  0.02  0.02 22122001 00
  0.04  0.06  0.03 -0.04 -0.10 -0.16 -0.20 -0.21 -0.21 -0.20 -0.20 -0.18 22122001 12
 -0.18 -0.19 -0.17 -0.15 -0.10 -0.05  0.00  0.02  0.04  0.05  0.04  0.07 23122001 00
  0.09  0.06  0.03  0.02  0.01  0.02  0.03  0.04  0.07  0.11  0.14  0.16 23122001 12
  0.17  0.13  0.13  0.10  0.09  0.06  0.09  0.11  0.13  0.14  0.13  0.11 24122001 00
  0.13  0.16  0.14  0.16  0.18  0.22  0.29  0.31  0.31  0.33  0.33  0.34 24122001 12
  0.33  0.30  0.24  0.21  0.10  0.04  0.05  0.04  0.04  0.02 -0.02 -0.04 25122001 00
 -0.07 -0.09 -0.11 -0.10 -0.09 -0.08 -0.04 -0.02  0.00  0.05  0.07  0.08 25122001 12
  0.08  0.10  0.12  0.10  0.08  0.06  0.03  0.02  0.01 -0.00 -0.02 -0.01 26122001 00
  0.02  0.05  0.06  0.06  0.07  0.08  0.09  0.08  0.06  0.08  0.11  0.13 26122001 12
  0.13  0.13  0.19  0.29  0.37  0.37  0.32  0.34  0.33  0.33  0.30  0.30 27122001 00
  0.29  0.30  0.28  0.24  0.18  0.14  0.11  0.09  0.12  0.12  0.18  0.25 27122001 12
  0.29  0.31  0.36  0.43  0.52  0.71  0.83  0.82  0.71  0.52  0.41  0.31 28122001 00
  0.25  0.13  0.20  0.18  0.04 -0.15 -0.22 -0.21 -0.15 -0.10 -0.02  0.05 28122001 12
  0.11  0.15  0.16  0.15  0.18  0.23  0.26  0.26  0.22  0.18  0.13  0.10 29122001 00
  0.11  0.13  0.13  0.16  0.19  0.20  0.17  0.10  0.07  0.07  0.10  0.13 29122001 12
  0.14  0.14  0.18  0.23  0.26  0.24  0.17  0.12  0.09  0.06  0.02 -0.03 30122001 00
 -0.06 -0.06 -0.06 -0.05 -0.04 -0.06 -0.11 -0.17 -0.20 -0.23 -0.23 -0.22 30122001 12
 -0.20 -0.19 -0.20 -0.18 -0.18 -0.18 -0.14 -0.13 -0.16 -0.16 -0.19 -0.20 31122001 00
 -0.19 -0.16 -0.18 -0.15 -0.15 -0.17 -0.18 -0.19 -0.23 -0.26 -0.26 -0.26 31122001 12
