Parameter Z: CS3 Location ( 52, 86) Lat 53.500 Lon -3.417
  0.03  0.03  0.05  0.05  0.05  0.07  0.08  0.10  0.13  0.12  0.12  0.11 01011995 00
  0.08  0.07  0.07  0.09  0.09  0.06 -0.00 -0.09 -0.13 -0.10 -0.07 -0.07 01011995 12
 -0.05 -0.06 -0.09 -0.11 -0.14 -0.15 -0.16 -0.15 -0.14 -0.14 -0.12 -0.10 02011995 00
 -0.09 -0.09 -0.12 -0.10 -0.12 -0.13 -0.14 -0.14 -0.17 -0.18 -0.16 -0.16 02011995 12
 -0.16 -0.14 -0.15 -0.16 -0.15 -0.16 -0.16 -0.14 -0.13 -0.12 -0.13 -0.12 03011995 00
 -0.12 -0.10 -0.07 -0.06 -0.05 -0.09 -0.11 -0.11 -0.08 -0.05 -0.05 -0.06 03011995 12
 -0.08 -0.10 -0.08 -0.05 -0.05 -0.06 -0.07 -0.07 -0.04 -0.01 -0.02 -0.02 04011995 00
 -0.03 -0.07 -0.08 -0.06 -0.05 -0.05 -0.06 -0.06 -0.05 -0.01 -0.01 -0.02 04011995 12
 -0.02 -0.03 -0.02  0.01  0.04  0.06  0.08  0.11  0.15  0.23  0.27  0.30 05011995 00
  0.28  0.28  0.23  0.19  0.22  0.17  0.19  0.21  0.17  0.11  0.08  0.03 05011995 12
  0.04  0.04  0.03  0.02  0.02  0.02  0.01  0.01 -0.00 -0.07 -0.14 -0.18 06011995 00
 -0.19 -0.18 -0.19 -0.19 -0.18 -0.18 -0.16 -0.16 -0.16 -0.14 -0.14 -0.16 06011995 12
 -0.16 -0.15 -0.14 -0.13 -0.12 -0.11 -0.11 -0.10 -0.09 -0.08 -0.06 -0.05 07011995 00
 -0.04 -0.01  0.00 -0.01 -0.02 -0.03 -0.04 -0.04 -0.04 -0.04 -0.06 -0.09 07011995 12
 -0.12 -0.13 -0.13 -0.14 -0.14 -0.14 -0.15 -0.14 -0.13 -0.13 -0.15 -0.16 08011995 00
 -0.17 -0.18 -0.17 -0.16 -0.15 -0.14 -0.14 -0.12 -0.08 -0.07 -0.08 -0.10 08011995 12
 -0.12 -0.14 -0.12 -0.11 -0.09 -0.07 -0.06 -0.02  0.03  0.07  0.12  0.18 09011995 00
  0.24  0.31  0.37  0.39  0.37  0.39  0.40  0.37  0.32  0.30  0.25  0.17 09011995 12
  0.07 -0.07 -0.15 -0.24 -0.28 -0.30 -0.29 -0.26 -0.23 -0.23 -0.22 -0.18 10011995 00
 -0.08  0.10  0.25  0.36  0.43  0.45  0.52  0.47  0.41  0.35  0.29  0.26 10011995 12
  0.16  0.01 -0.15 -0.26 -0.36 -0.39 -0.38 -0.37 -0.35 -0.33 -0.30 -0.26 11011995 00
 -0.24 -0.15 -0.03  0.04  0.06  0.09  0.06  0.03 -0.04 -0.09 -0.13 -0.15 11011995 12
 -0.15 -0.17 -0.23 -0.27 -0.30 -0.27 -0.26 -0.23 -0.20 -0.18 -0.16 -0.15 12011995 00
 -0.14 -0.13 -0.12 -0.13 -0.15 -0.18 -0.18 -0.17 -0.12 -0.10 -0.07 -0.05 12011995 12
 -0.01  0.02  0.04  0.04  0.01 -0.06 -0.14 -0.17 -0.17 -0.18 -0.21 -0.21 13011995 00
 -0.21 -0.21 -0.20 -0.19 -0.15 -0.14 -0.15 -0.13 -0.10 -0.08 -0.07 -0.04 13011995 12
 -0.03 -0.01  0.01  0.03  0.05  0.05  0.03  0.03  0.07  0.10  0.12  0.15 14011995 00
  0.16  0.15  0.15  0.13  0.08 -0.00 -0.08 -0.14 -0.16 -0.16 -0.16 -0.16 14011995 12
 -0.16 -0.16 -0.15 -0.16 -0.17 -0.13 -0.10 -0.08 -0.07 -0.08 -0.07 -0.04 15011995 00
  0.02  0.05  0.07  0.07  0.11  0.16  0.19  0.21  0.23  0.24  0.25  0.26 15011995 12
  0.29  0.36  0.37  0.37  0.38  0.38  0.39  0.45  0.48  0.48  0.48  0.44 16011995 00
  0.45  0.52  0.51  0.49  0.50  0.41  0.29  0.23  0.17  0.12  0.09  0.03 16011995 12
  0.00  0.00  0.03  0.04  0.06  0.07  0.08  0.13  0.19  0.21  0.20  0.22 17011995 00
  0.26  0.34  0.49  0.59  0.68  0.81  0.94  1.01  1.00  0.89  0.79  0.69 17011995 12
  0.56  0.51  0.63  0.69  0.83  0.89  0.78  0.68  0.72  0.68  0.56  0.49 18011995 00
  0.32  0.20  0.15  0.05  0.07  0.12  0.08  0.00 -0.00  0.04  0.09  0.16 18011995 12
  0.17  0.19  0.23  0.28  0.29  0.29  0.29  0.26  0.25  0.24  0.25  0.22 19011995 00
  0.20  0.15  0.15  0.23  0.31  0.48  0.65  0.74  0.80  0.79  0.62  0.46 19011995 12
  0.37  0.29  0.30  0.34  0.27  0.26  0.31  0.30  0.29  0.35  0.38  0.35 20011995 00
  0.34  0.25  0.22  0.26  0.26  0.24  0.24  0.23  0.22  0.24  0.29  0.29 20011995 12
  0.26  0.24  0.17  0.13  0.17  0.13  0.13  0.13  0.09  0.08  0.12  0.14 21011995 00
  0.20  0.29  0.49  0.70  0.84  0.85  0.82  0.79  0.73  0.65  0.61  0.60 21011995 12
  0.55  0.53  0.44  0.41  0.43  0.40  0.33  0.37  0.37  0.30  0.24  0.21 22011995 00
  0.19  0.22  0.22  0.23  0.27  0.32  0.35  0.39  0.41  0.44  0.47  0.54 22011995 12
  0.55  0.52  0.50  0.44  0.47  0.50  0.48  0.49  0.55  0.54  0.48  0.52 23011995 00
  0.54  0.46  0.46  0.40  0.39  0.37  0.34  0.29  0.32  0.30  0.26  0.21 23011995 12
  0.19  0.16  0.17  0.17  0.15  0.20  0.29  0.36  0.38  0.40  0.40  0.33 24011995 00
  0.26  0.19  0.15  0.15  0.07 -0.00 -0.10 -0.12 -0.08 -0.02  0.01  0.04 24011995 12
  0.12  0.21  0.23  0.21  0.19  0.18  0.18  0.17  0.15  0.13  0.14  0.13 25011995 00
  0.12  0.16  0.20  0.23  0.26  0.29  0.34  0.41  0.49  0.53  0.56  0.56 25011995 12
  0.53  0.44  0.40  0.35  0.27  0.22  0.15  0.11  0.07  0.03 -0.02 -0.04 26011995 00
 -0.07 -0.08 -0.05 -0.03 -0.03 -0.04 -0.05 -0.02 -0.01 -0.01  0.01  0.05 26011995 12
  0.05  0.04  0.03  0.02  0.03  0.06  0.08  0.08  0.08  0.06  0.08  0.10 27011995 00
  0.11  0.12  0.16  0.22  0.30  0.42  0.46  0.45  0.44  0.48  0.56  0.64 27011995 12
  0.59  0.55  0.50  0.50  0.50  0.52  0.47  0.44  0.40  0.34  0.31  0.33 28011995 00
  0.30  0.30  0.33  0.32  0.30  0.36  0.39  0.37  0.37  0.33  0.33  0.33 28011995 12
  0.34  0.28  0.27  0.25  0.21  0.19  0.18  0.17  0.19  0.21  0.22  0.25 29011995 00
  0.26  0.25  0.22  0.20  0.17  0.13  0.10  0.09  0.06  0.06  0.05  0.04 29011995 12
  0.04  0.04  0.04  0.02  0.01  0.01 -0.01 -0.02 -0.01 -0.01 -0.00  0.00 30011995 00
 -0.01 -0.01 -0.02 -0.03 -0.03 -0.03 -0.02 -0.01 -0.01 -0.01  0.01  0.04 30011995 12
  0.08  0.16  0.21  0.25  0.29  0.40  0.56  0.74  0.80  0.71  0.63  0.55 31011995 00
  0.46  0.48  0.46  0.40  0.45  0.44  0.36  0.30  0.32  0.32  0.29  0.28 31011995 12
  0.24  0.20  0.26  0.23  0.22  0.20  0.16  0.12  0.10  0.09  0.10  0.12 01021995 00
  0.13  0.10  0.10  0.10  0.12  0.14  0.14  0.12  0.11  0.08  0.07  0.06 01021995 12
  0.03  0.01 -0.03 -0.05 -0.08 -0.08 -0.09 -0.12 -0.15 -0.17 -0.15 -0.15 02021995 00
 -0.13 -0.10 -0.06 -0.05 -0.01 -0.01 -0.01  0.01  0.07  0.15  0.20  0.18 02021995 12
  0.16  0.18  0.19  0.27  0.34  0.34  0.34  0.35  0.32  0.28  0.24  0.17 03021995 00
  0.18  0.11  0.06  0.02 -0.00 -0.02 -0.00 -0.00 -0.02 -0.02 -0.01 -0.02 03021995 12
 -0.02 -0.03 -0.03 -0.03 -0.03 -0.04 -0.03 -0.02 -0.03 -0.04 -0.05 -0.06 04021995 00
 -0.07 -0.06 -0.06 -0.07 -0.08 -0.09 -0.10 -0.10 -0.10 -0.11 -0.11 -0.13 04021995 12
 -0.12 -0.12 -0.10 -0.07 -0.04 -0.04 -0.03 -0.03 -0.03 -0.01  0.01  0.02 05021995 00
  0.04  0.06  0.08  0.09  0.10  0.11  0.11  0.13  0.15  0.15  0.12  0.07 05021995 12
  0.01 -0.01 -0.02 -0.03 -0.03 -0.04 -0.03 -0.03 -0.01  0.02  0.05  0.09 06021995 00
  0.13  0.15  0.16  0.14  0.14  0.15  0.15  0.14  0.16  0.17  0.15  0.13 06021995 12
  0.12  0.08  0.08  0.06  0.05  0.04  0.03  0.01  0.01  0.02  0.02  0.01 07021995 00
  0.01  0.01  0.01  0.02  0.02  0.04  0.06  0.07  0.07  0.08  0.09  0.09 07021995 12
  0.11  0.12  0.12  0.12  0.11  0.10  0.09  0.09  0.07  0.06  0.05  0.03 08021995 00
  0.04  0.06  0.07  0.06  0.04  0.04  0.03  0.04  0.04  0.03  0.04  0.05 08021995 12
  0.05  0.06  0.09  0.10  0.10  0.07  0.06  0.05  0.06  0.06  0.05  0.04 09021995 00
  0.04  0.04  0.06  0.08  0.07  0.07  0.08  0.11  0.14  0.16  0.17  0.16 09021995 12
  0.15  0.15  0.16  0.19  0.20  0.20  0.19  0.19  0.18  0.17  0.18  0.20 10021995 00
  0.21  0.20  0.17  0.15  0.16  0.18  0.16  0.15  0.17  0.18  0.19  0.19 10021995 12
  0.17  0.17  0.16  0.15  0.16  0.18  0.17  0.16  0.16  0.18  0.21  0.30 11021995 00
  0.39  0.45  0.51  0.57  0.67  0.78  0.86  0.77  0.66  0.60  0.52  0.49 11021995 12
  0.42  0.41  0.38  0.26  0.18  0.16  0.16  0.11  0.11  0.11  0.20  0.26 12021995 00
  0.30  0.33  0.38  0.44  0.49  0.50  0.51  0.44  0.37  0.32  0.28  0.24 12021995 12
  0.22  0.16  0.17  0.16  0.13  0.11  0.15  0.20  0.21  0.23  0.24  0.27 13021995 00
  0.34  0.37  0.36  0.37  0.39  0.41  0.46  0.45  0.36  0.32  0.27  0.28 13021995 12
  0.29  0.30  0.27  0.29  0.29  0.25  0.22  0.24  0.22  0.21  0.18  0.14 14021995 00
  0.11  0.12  0.08  0.10  0.18  0.28  0.43  0.59  0.68  0.66  0.65  0.60 14021995 12
  0.58  0.66  0.66  0.67  0.71  0.67  0.58  0.58  0.57  0.52  0.51  0.40 15021995 00
  0.37  0.41  0.40  0.41  0.48  0.50  0.49  0.54  0.53  0.45  0.42  0.40 15021995 12
  0.36  0.38  0.42  0.38  0.43  0.45  0.44  0.44  0.47  0.46  0.44  0.44 16021995 00
  0.39  0.38  0.40  0.33  0.35  0.38  0.38  0.41  0.54  0.55  0.51  0.40 16021995 12
  0.31  0.21  0.23  0.22  0.21  0.26  0.26  0.23  0.24  0.27  0.28  0.28 17021995 00
  0.23  0.19  0.17  0.17  0.15  0.19  0.20  0.17  0.16  0.20  0.17  0.17 17021995 12
  0.16  0.14  0.09  0.10  0.08  0.08  0.09  0.07  0.03  0.01  0.02  0.04 18021995 00
  0.05  0.06  0.06  0.10  0.12  0.13  0.15  0.22  0.37  0.64  0.75  0.78 18021995 12
  0.71  0.64  0.53  0.56  0.53  0.41  0.41  0.36  0.24  0.11  0.08  0.05 19021995 00
  0.13  0.16  0.16  0.16  0.18  0.18  0.20  0.23  0.25  0.31  0.37  0.39 19021995 12
  0.35  0.32  0.24  0.20  0.23  0.18  0.15  0.15  0.12  0.09  0.11  0.15 20021995 00
  0.18  0.20  0.19  0.19  0.20  0.18  0.14  0.14  0.12  0.08  0.07  0.08 20021995 12
  0.08  0.10  0.13  0.14  0.15  0.16  0.16  0.17  0.19  0.20  0.18  0.17 21021995 00
  0.15  0.17  0.19  0.16  0.14  0.13  0.09  0.09  0.12  0.12  0.12  0.19 21021995 12
  0.26  0.31  0.33  0.33  0.37  0.40  0.44  0.43  0.48  0.52  0.55  0.56 22021995 00
  0.63  0.63  0.59  0.57  0.49  0.44  0.45  0.34  0.28  0.24  0.16  0.05 22021995 12
  0.02  0.01  0.02  0.10  0.15  0.21  0.24  0.27  0.28  0.27  0.27  0.25 23021995 00
  0.18  0.11  0.03 -0.00  0.01  0.00  0.03  0.05  0.06  0.10  0.13  0.15 23021995 12
  0.17  0.18  0.21  0.19  0.18  0.17  0.15  0.12  0.11  0.09  0.09  0.10 24021995 00
  0.09  0.08  0.10  0.14  0.16  0.18  0.18  0.19  0.19  0.20  0.20  0.20 24021995 12
  0.21  0.20  0.18  0.19  0.21  0.20  0.19  0.14  0.12  0.10  0.12  0.11 25021995 00
  0.11  0.11  0.10  0.12  0.16  0.17  0.17  0.16  0.15  0.15  0.15  0.13 25021995 12
  0.11  0.10  0.07  0.03 -0.00 -0.00 -0.02 -0.02 -0.02 -0.03 -0.04 -0.05 26021995 00
 -0.06 -0.06 -0.07 -0.08 -0.08 -0.08 -0.09 -0.09 -0.08 -0.07 -0.07 -0.05 26021995 12
 -0.05 -0.03 -0.04 -0.04 -0.02  0.03  0.06  0.09  0.12  0.15  0.17  0.20 27021995 00
  0.21  0.20  0.20  0.20  0.18  0.15  0.12  0.09  0.09  0.11  0.09  0.12 27021995 12
  0.17  0.20  0.22  0.24  0.24  0.23  0.23  0.20  0.18  0.17  0.15  0.14 28021995 00
  0.14  0.15  0.17  0.22  0.25  0.27  0.33  0.39  0.41  0.42  0.39  0.35 28021995 12
  0.37  0.44  0.38  0.35  0.38  0.35  0.28  0.23  0.17  0.15  0.11  0.05 01031995 00
  0.05  0.08  0.08  0.09  0.12  0.15  0.19  0.25  0.29  0.25  0.23  0.22 01031995 12
  0.18  0.14  0.18  0.15  0.18  0.18  0.16  0.15  0.15  0.15  0.15  0.15 02031995 00
  0.13  0.11  0.13  0.11  0.12  0.14  0.15  0.16  0.19  0.20  0.19  0.17 02031995 12
  0.15  0.12  0.14  0.16  0.15  0.16  0.17  0.17  0.17  0.15  0.15  0.16 03031995 00
  0.16  0.15  0.13  0.14  0.12  0.12  0.12  0.09  0.05  0.04  0.01 -0.00 03031995 12
 -0.01 -0.01 -0.04 -0.04 -0.04 -0.03 -0.03 -0.04 -0.03 -0.02 -0.00  0.02 04031995 00
  0.03  0.03  0.04  0.05  0.08  0.12  0.18  0.27  0.40  0.51  0.50  0.44 04031995 12
  0.40  0.33  0.27  0.27  0.27  0.26  0.29  0.30  0.28  0.31  0.37  0.38 05031995 00
  0.38  0.36  0.31  0.29  0.31  0.27  0.32  0.35  0.31  0.24  0.20  0.13 05031995 12
  0.11  0.09  0.05  0.03  0.04  0.05  0.07  0.10  0.10  0.11  0.14  0.17 06031995 00
  0.18  0.21  0.18  0.16  0.16  0.14  0.11  0.12  0.10  0.07  0.06  0.07 06031995 12
  0.07  0.07  0.06  0.07  0.11  0.19  0.27  0.34  0.42  0.51  0.60  0.63 07031995 00
  0.56  0.48  0.40  0.32  0.26  0.27  0.21  0.23  0.23  0.21  0.19  0.25 07031995 12
  0.29  0.30  0.27  0.23  0.23  0.24  0.23  0.20  0.20  0.19  0.19  0.22 08031995 00
  0.21  0.16  0.16  0.15  0.18  0.19  0.19  0.19  0.21  0.20  0.16  0.14 08031995 12
  0.16  0.15  0.13  0.10  0.09  0.07  0.07  0.05  0.04  0.04  0.04  0.05 09031995 00
  0.10  0.14  0.16  0.16  0.17  0.20  0.23  0.28  0.30  0.30  0.29  0.29 09031995 12
  0.31  0.37  0.37  0.34  0.33  0.34  0.32  0.32  0.32  0.35  0.37  0.39 10031995 00
  0.45  0.49  0.52  0.46  0.36  0.33  0.28  0.26  0.23  0.20  0.19  0.17 10031995 12
  0.14  0.17  0.20  0.22  0.18  0.17  0.17  0.15  0.11  0.09  0.08  0.07 11031995 00
  0.03 -0.02 -0.08 -0.14 -0.19 -0.20 -0.19 -0.19 -0.18 -0.18 -0.15 -0.11 11031995 12
 -0.10 -0.10 -0.12 -0.14 -0.15 -0.12 -0.11 -0.11 -0.13 -0.14 -0.15 -0.13 12031995 00
 -0.12 -0.11 -0.12 -0.15 -0.16 -0.14 -0.12 -0.10 -0.09 -0.12 -0.13 -0.13 12031995 12
 -0.13 -0.15 -0.16 -0.18 -0.19 -0.19 -0.18 -0.18 -0.16 -0.15 -0.13 -0.11 13031995 00
 -0.10 -0.08 -0.08 -0.08 -0.07 -0.08 -0.09 -0.08 -0.09 -0.09 -0.09 -0.08 13031995 12
 -0.09 -0.08 -0.08 -0.07 -0.06 -0.06 -0.07 -0.05 -0.04 -0.03 -0.01  0.02 14031995 00
  0.02  0.03  0.03  0.04  0.04  0.05  0.06  0.06  0.08  0.11  0.14  0.18 14031995 12
  0.21  0.21  0.21  0.21  0.20  0.17  0.16  0.17  0.16  0.17  0.18  0.21 15031995 00
  0.23  0.22  0.22  0.25  0.26  0.24  0.25  0.24  0.23  0.21  0.20  0.18 15031995 12
  0.18  0.19  0.16  0.17  0.17  0.15  0.15  0.17  0.15  0.16  0.19  0.21 16031995 00
  0.26  0.31  0.32  0.30  0.32  0.35  0.39  0.46  0.45  0.47  0.46  0.45 16031995 12
  0.46  0.49  0.47  0.46  0.52  0.54  0.52  0.57  0.62  0.62  0.65  0.63 17031995 00
  0.64  0.72  0.73  0.70  0.77  0.80  0.83  0.90  0.92  0.75  0.63  0.59 17031995 12
  0.48  0.41  0.42  0.29  0.34  0.33  0.25  0.14  0.11  0.11  0.10  0.13 18031995 00
  0.13  0.12  0.16  0.16  0.15  0.16  0.17  0.18  0.25  0.26  0.26  0.23 18031995 12
  0.23  0.18  0.16  0.16  0.12  0.15  0.14  0.10  0.07  0.04  0.03  0.05 19031995 00
  0.05  0.06  0.05  0.06  0.05  0.06  0.08  0.08  0.05  0.03  0.03  0.02 19031995 12
  0.02  0.01 -0.01 -0.02 -0.04 -0.03 -0.03 -0.03 -0.04 -0.07 -0.09 -0.09 20031995 00
 -0.08 -0.08 -0.08 -0.11 -0.14 -0.13 -0.14 -0.16 -0.17 -0.18 -0.19 -0.17 20031995 12
 -0.17 -0.16 -0.15 -0.15 -0.17 -0.15 -0.15 -0.16 -0.16 -0.17 -0.19 -0.21 21031995 00
 -0.17 -0.18 -0.17 -0.14 -0.15 -0.15 -0.15 -0.16 -0.15 -0.14 -0.14 -0.14 21031995 12
 -0.14 -0.14 -0.14 -0.14 -0.14 -0.14 -0.12 -0.13 -0.13 -0.13 -0.14 -0.15 22031995 00
 -0.14 -0.12 -0.13 -0.12 -0.11 -0.12 -0.11 -0.11 -0.11 -0.11 -0.10 -0.10 22031995 12
 -0.12 -0.13 -0.13 -0.12 -0.11 -0.10 -0.10 -0.08 -0.09 -0.09 -0.08 -0.07 23031995 00
 -0.07 -0.07 -0.07 -0.05 -0.05 -0.03 -0.02 -0.01 -0.00  0.01  0.04  0.05 23031995 12
  0.02 -0.03 -0.05 -0.05 -0.07 -0.08 -0.08 -0.08 -0.07 -0.06 -0.04 -0.01 24031995 00
  0.02  0.04  0.05  0.06  0.08  0.13  0.19  0.22  0.21  0.21  0.24  0.25 24031995 12
  0.23  0.18  0.16  0.08  0.05  0.01 -0.01 -0.06 -0.10 -0.15 -0.17 -0.17 25031995 00
 -0.17 -0.15 -0.15 -0.15 -0.13 -0.06  0.03  0.11  0.18  0.18  0.18  0.18 25031995 12
  0.18  0.18  0.12  0.06  0.04  0.05  0.05  0.02  0.01 -0.01 -0.02 -0.01 26031995 00
  0.01  0.03  0.03  0.03  0.03  0.05  0.11  0.17  0.20  0.22  0.24  0.26 26031995 12
  0.25  0.24  0.21  0.14  0.06  0.01 -0.05 -0.08 -0.12 -0.16 -0.21 -0.25 27031995 00
 -0.25 -0.27 -0.29 -0.29 -0.25 -0.22 -0.17 -0.11 -0.07 -0.02  0.01  0.01 27031995 12
  0.01  0.02  0.02  0.03  0.03  0.03  0.05  0.08  0.13  0.21  0.30  0.39 28031995 00
  0.45  0.43  0.39  0.38  0.34  0.24  0.15  0.06 -0.01 -0.05 -0.12 -0.16 28031995 12
 -0.17 -0.16 -0.16 -0.17 -0.17 -0.15 -0.12 -0.11 -0.08 -0.08 -0.04 -0.02 29031995 00
 -0.02 -0.01 -0.02 -0.04 -0.07 -0.09 -0.13 -0.15 -0.15 -0.14 -0.13 -0.10 29031995 12
 -0.08 -0.08 -0.07 -0.08 -0.08 -0.05 -0.02 -0.00 -0.00 -0.00  0.00  0.02 30031995 00
  0.02  0.02  0.02  0.01 -0.00  0.00  0.01  0.01 -0.02 -0.02 -0.02 -0.01 30031995 12
  0.00  0.01  0.02  0.03  0.03  0.03  0.02 -0.01 -0.04 -0.05 -0.03 -0.03 31031995 00
 -0.03 -0.04 -0.07 -0.09 -0.10 -0.11 -0.12 -0.15 -0.19 -0.20 -0.18 -0.15 31031995 12
 -0.12 -0.09 -0.10 -0.07 -0.07 -0.05 -0.04 -0.04 -0.07 -0.08 -0.08 -0.08 01041995 00
 -0.07 -0.06 -0.07 -0.09 -0.10 -0.10 -0.10 -0.12 -0.14 -0.16 -0.15 -0.12 01041995 12
 -0.12 -0.11 -0.10 -0.10 -0.08 -0.06 -0.04 -0.01  0.01  0.00 -0.00  0.01 02041995 00
  0.00 -0.00  0.01  0.02  0.00 -0.00 -0.00 -0.00 -0.00 -0.02 -0.03 -0.02 02041995 12
 -0.01 -0.01  0.00  0.00 -0.00  0.01  0.02  0.02  0.01  0.01  0.00  0.00 03041995 00
 -0.01 -0.01  0.01  0.01  0.01  0.01  0.01  0.01  0.00 -0.01 -0.01 -0.00 03041995 12
  0.01  0.00 -0.01 -0.02 -0.02 -0.03 -0.04 -0.04 -0.06 -0.08 -0.10 -0.11 04041995 00
 -0.11 -0.10 -0.09 -0.09 -0.09 -0.07 -0.08 -0.09 -0.08 -0.06 -0.03  0.00 04041995 12
 -0.00  0.00  0.02  0.01  0.01  0.02  0.02  0.02  0.02  0.02  0.02  0.03 05041995 00
  0.04  0.04  0.04  0.04  0.04  0.04  0.03  0.03  0.03  0.02  0.01 -0.00 05041995 12
 -0.02 -0.03 -0.05 -0.06 -0.07 -0.07 -0.08 -0.09 -0.11 -0.13 -0.14 -0.15 06041995 00
 -0.15 -0.14 -0.13 -0.12 -0.12 -0.12 -0.12 -0.11 -0.10 -0.08 -0.05 -0.02 06041995 12
 -0.03 -0.03 -0.03 -0.02 -0.02 -0.03 -0.05 -0.06 -0.05 -0.06 -0.07 -0.09 07041995 00
 -0.13 -0.16 -0.17 -0.17 -0.18 -0.19 -0.20 -0.20 -0.20 -0.21 -0.21 -0.20 07041995 12
 -0.22 -0.19 -0.18 -0.17 -0.15 -0.14 -0.13 -0.12 -0.10 -0.12 -0.12 -0.11 08041995 00
 -0.12 -0.15 -0.14 -0.17 -0.16 -0.17 -0.17 -0.17 -0.16 -0.16 -0.16 -0.15 08041995 12
 -0.13 -0.15 -0.15 -0.17 -0.17 -0.16 -0.14 -0.11 -0.09 -0.08 -0.08 -0.07 09041995 00
 -0.06 -0.05 -0.07 -0.07 -0.08 -0.09 -0.10 -0.10 -0.09 -0.08 -0.08 -0.07 09041995 12
 -0.07 -0.08 -0.08 -0.10 -0.11 -0.10 -0.08 -0.07 -0.07 -0.08 -0.08 -0.08 10041995 00
 -0.07 -0.07 -0.07 -0.10 -0.11 -0.10 -0.10 -0.09 -0.08 -0.07 -0.07 -0.05 10041995 12
 -0.05 -0.04 -0.04 -0.03 -0.03 -0.02 -0.03 -0.03 -0.04 -0.05 -0.05 -0.03 11041995 00
 -0.03 -0.04 -0.06 -0.09 -0.12 -0.13 -0.12 -0.13 -0.12 -0.12 -0.13 -0.14 11041995 12
 -0.13 -0.15 -0.16 -0.17 -0.18 -0.22 -0.23 -0.22 -0.21 -0.19 -0.19 -0.21 12041995 00
 -0.20 -0.19 -0.20 -0.22 -0.21 -0.23 -0.23 -0.22 -0.21 -0.21 -0.20 -0.20 12041995 12
 -0.21 -0.20 -0.22 -0.24 -0.23 -0.25 -0.27 -0.27 -0.27 -0.25 -0.24 -0.23 13041995 00
 -0.23 -0.22 -0.22 -0.24 -0.24 -0.24 -0.26 -0.28 -0.27 -0.27 -0.25 -0.25 13041995 12
 -0.26 -0.25 -0.24 -0.27 -0.28 -0.27 -0.28 -0.28 -0.28 -0.28 -0.26 -0.23 14041995 00
 -0.23 -0.22 -0.20 -0.22 -0.22 -0.20 -0.21 -0.24 -0.21 -0.21 -0.20 -0.18 14041995 12
 -0.16 -0.18 -0.15 -0.16 -0.16 -0.16 -0.17 -0.22 -0.24 -0.22 -0.21 -0.19 15041995 00
 -0.17 -0.21 -0.19 -0.18 -0.18 -0.18 -0.17 -0.18 -0.20 -0.18 -0.18 -0.18 15041995 12
 -0.14 -0.13 -0.14 -0.11 -0.12 -0.11 -0.11 -0.12 -0.12 -0.12 -0.10 -0.08 16041995 00
 -0.07 -0.06 -0.08 -0.06 -0.06 -0.05 -0.04 -0.03 -0.04 -0.04 -0.03 -0.03 16041995 12
 -0.02  0.00  0.03  0.04  0.04  0.05  0.06  0.07  0.09  0.09  0.10  0.12 17041995 00
  0.14  0.13  0.14  0.18  0.19  0.22  0.24  0.23  0.22  0.21  0.19  0.22 17041995 12
  0.23  0.20  0.17  0.18  0.12  0.12  0.12  0.10  0.05  0.00 -0.00  0.01 18041995 00
  0.03  0.03  0.03  0.02  0.02  0.03  0.04  0.05  0.06  0.07  0.09  0.10 18041995 12
  0.10  0.09  0.08  0.06  0.06  0.05  0.06  0.06  0.04  0.01  0.01  0.01 19041995 00
  0.01  0.03  0.04  0.03  0.04  0.05  0.05  0.06  0.08  0.09  0.09  0.09 19041995 12
  0.09  0.08  0.07  0.05  0.04  0.03  0.02  0.04  0.03  0.02  0.01  0.01 20041995 00
  0.01  0.02  0.02  0.01  0.01  0.02  0.02  0.03  0.04  0.03  0.02  0.00 20041995 12
 -0.00 -0.01 -0.01 -0.01 -0.02 -0.02 -0.03 -0.03 -0.03 -0.03 -0.03 -0.03 21041995 00
 -0.04 -0.05 -0.06 -0.07 -0.07 -0.06 -0.07 -0.06 -0.07 -0.07 -0.08 -0.08 21041995 12
 -0.10 -0.12 -0.13 -0.14 -0.14 -0.15 -0.16 -0.18 -0.17 -0.17 -0.17 -0.16 22041995 00
 -0.19 -0.21 -0.22 -0.25 -0.27 -0.27 -0.30 -0.34 -0.34 -0.31 -0.30 -0.27 22041995 12
 -0.21 -0.19 -0.19 -0.17 -0.16 -0.12 -0.11 -0.10 -0.10 -0.09 -0.10 -0.09 23041995 00
 -0.06 -0.04 -0.06 -0.09 -0.10 -0.10 -0.09 -0.10 -0.09 -0.08 -0.06 -0.08 23041995 12
 -0.10 -0.11 -0.12 -0.13 -0.11 -0.12 -0.14 -0.15 -0.14 -0.13 -0.11 -0.09 24041995 00
 -0.09 -0.08 -0.07 -0.09 -0.09 -0.08 -0.07 -0.06 -0.07 -0.08 -0.09 -0.08 24041995 12
 -0.07 -0.08 -0.10 -0.11 -0.11 -0.10 -0.09 -0.09 -0.06 -0.07 -0.08 -0.08 25041995 00
 -0.07 -0.07 -0.07 -0.07 -0.08 -0.10 -0.11 -0.10 -0.09 -0.08 -0.08 -0.09 25041995 12
 -0.09 -0.10 -0.12 -0.12 -0.10 -0.08 -0.08 -0.07 -0.07 -0.05 -0.06 -0.05 26041995 00
 -0.04 -0.02 -0.03 -0.04 -0.02 -0.01 -0.00  0.01  0.00  0.00 -0.02 -0.03 26041995 12
 -0.03 -0.02 -0.01 -0.02 -0.02 -0.02 -0.03 -0.03 -0.03 -0.03 -0.01  0.00 27041995 00
  0.01  0.01  0.01 -0.00 -0.01  0.00 -0.00 -0.00 -0.00 -0.01 -0.02 -0.03 27041995 12
 -0.03 -0.03 -0.03 -0.03 -0.03 -0.02 -0.02 -0.01 -0.01 -0.01 -0.01 -0.01 28041995 00
 -0.00 -0.00 -0.01 -0.02 -0.02 -0.02 -0.02 -0.02 -0.01 -0.02 -0.03 -0.03 28041995 12
 -0.03 -0.02 -0.02 -0.04 -0.05 -0.04 -0.04 -0.03 -0.03 -0.04 -0.04 -0.02 29041995 00
 -0.01 -0.01 -0.01 -0.03 -0.03 -0.04 -0.06 -0.06 -0.05 -0.04 -0.03 -0.01 29041995 12
 -0.01  0.00  0.00 -0.01 -0.01 -0.00  0.00 -0.01 -0.04 -0.06 -0.07 -0.05 30041995 00
 -0.03 -0.02 -0.02 -0.01 -0.02 -0.02 -0.02 -0.02 -0.02 -0.03 -0.03 -0.02 30041995 12
 -0.01 -0.02 -0.03 -0.04 -0.05 -0.05 -0.06 -0.05 -0.05 -0.06 -0.07 -0.07 01051995 00
 -0.06 -0.06 -0.05 -0.04 -0.03 -0.04 -0.04 -0.03 -0.02 -0.02 -0.03 -0.04 01051995 12
 -0.04 -0.04 -0.03 -0.04 -0.04 -0.04 -0.05 -0.05 -0.06 -0.07 -0.07 -0.07 02051995 00
 -0.07 -0.07 -0.06 -0.08 -0.07 -0.07 -0.08 -0.08 -0.09 -0.11 -0.10 -0.10 02051995 12
 -0.10 -0.10 -0.10 -0.12 -0.12 -0.10 -0.11 -0.11 -0.12 -0.14 -0.15 -0.14 03051995 00
 -0.14 -0.13 -0.13 -0.13 -0.12 -0.11 -0.11 -0.10 -0.08 -0.07 -0.08 -0.09 03051995 12
 -0.09 -0.10 -0.10 -0.10 -0.09 -0.08 -0.08 -0.08 -0.08 -0.09 -0.10 -0.10 04051995 00
 -0.10 -0.10 -0.09 -0.09 -0.10 -0.09 -0.09 -0.09 -0.10 -0.10 -0.11 -0.12 04051995 12
 -0.12 -0.12 -0.12 -0.13 -0.12 -0.11 -0.10 -0.10 -0.11 -0.11 -0.11 -0.10 05051995 00
 -0.10 -0.11 -0.11 -0.12 -0.11 -0.10 -0.10 -0.09 -0.10 -0.11 -0.11 -0.11 05051995 12
 -0.10 -0.11 -0.11 -0.11 -0.11 -0.10 -0.08 -0.08 -0.09 -0.10 -0.09 -0.08 06051995 00
 -0.08 -0.08 -0.08 -0.08 -0.07 -0.06 -0.06 -0.05 -0.05 -0.05 -0.05 -0.04 06051995 12
 -0.04 -0.04 -0.04 -0.04 -0.04 -0.02 -0.02 -0.02 -0.03 -0.03 -0.01  0.01 07051995 00
  0.02  0.01 -0.00 -0.01 -0.02 -0.02 -0.02 -0.01 -0.00  0.02  0.03  0.03 07051995 12
  0.02  0.01  0.01  0.02  0.01 -0.01 -0.02 -0.03 -0.04 -0.04 -0.04 -0.03 08051995 00
 -0.03 -0.04 -0.06 -0.06 -0.04 -0.02 -0.01 -0.01 -0.02 -0.02 -0.02 -0.01 08051995 12
 -0.01 -0.04 -0.07 -0.08 -0.09 -0.09 -0.10 -0.10 -0.12 -0.12 -0.11 -0.10 09051995 00
 -0.09 -0.07 -0.09 -0.11 -0.10 -0.08 -0.07 -0.06 -0.06 -0.07 -0.06 -0.06 09051995 12
 -0.05 -0.05 -0.07 -0.10 -0.11 -0.10 -0.10 -0.09 -0.09 -0.09 -0.09 -0.09 10051995 00
 -0.09 -0.08 -0.07 -0.08 -0.09 -0.08 -0.08 -0.08 -0.09 -0.09 -0.10 -0.09 10051995 12
 -0.09 -0.08 -0.08 -0.09 -0.10 -0.09 -0.09 -0.08 -0.07 -0.08 -0.08 -0.08 11051995 00
 -0.07 -0.07 -0.05 -0.04 -0.03 -0.02 -0.02 -0.03 -0.02 -0.03 -0.04 -0.04 11051995 12
 -0.03 -0.03 -0.03 -0.05 -0.06 -0.07 -0.08 -0.07 -0.07 -0.06 -0.05 -0.05 12051995 00
 -0.04 -0.03 -0.05 -0.06 -0.06 -0.06 -0.08 -0.09 -0.10 -0.10 -0.10 -0.11 12051995 12
 -0.12 -0.11 -0.11 -0.12 -0.11 -0.12 -0.13 -0.13 -0.11 -0.11 -0.08 -0.07 13051995 00
 -0.08 -0.07 -0.07 -0.08 -0.08 -0.07 -0.07 -0.07 -0.06 -0.06 -0.06 -0.06 13051995 12
 -0.06 -0.06 -0.06 -0.06 -0.06 -0.05 -0.05 -0.06 -0.06 -0.07 -0.06 -0.04 14051995 00
 -0.04 -0.04 -0.03 -0.05 -0.05 -0.04 -0.03 -0.04 -0.04 -0.06 -0.06 -0.05 14051995 12
 -0.03 -0.04 -0.04 -0.04 -0.05 -0.05 -0.05 -0.06 -0.06 -0.05 -0.04 -0.04 15051995 00
 -0.03 -0.03 -0.03 -0.03 -0.03 -0.04 -0.03 -0.02 -0.02 -0.02 -0.03 -0.03 15051995 12
 -0.03 -0.02 -0.02 -0.01 -0.02 -0.03 -0.03 -0.02 -0.01 -0.01  0.00 -0.00 16051995 00
 -0.01 -0.00 -0.01 -0.02 -0.02 -0.01 -0.01  0.01  0.03  0.03  0.02  0.03 16051995 12
  0.04  0.05  0.05  0.04  0.04  0.04  0.04  0.03  0.00 -0.03 -0.02 -0.00 17051995 00
 -0.00 -0.00 -0.01 -0.03 -0.02  0.00  0.01  0.02  0.03  0.03  0.04  0.05 17051995 12
  0.06  0.06  0.05  0.05  0.04  0.04  0.04  0.04  0.02  0.00  0.01  0.02 18051995 00
  0.04  0.04  0.05  0.03  0.05  0.06  0.07  0.08  0.08  0.08  0.09  0.09 18051995 12
  0.09  0.09  0.07  0.06  0.06  0.03  0.02  0.02  0.01 -0.02 -0.03 -0.04 19051995 00
 -0.04 -0.03 -0.03 -0.03 -0.01  0.01  0.01  0.00 -0.01 -0.01  0.00  0.03 19051995 12
  0.04  0.03  0.02  0.02  0.02  0.01 -0.00 -0.02 -0.03 -0.05 -0.08 -0.11 20051995 00
 -0.14 -0.15 -0.16 -0.16 -0.15 -0.14 -0.16 -0.16 -0.16 -0.18 -0.16 -0.14 20051995 12
 -0.14 -0.15 -0.17 -0.18 -0.16 -0.14 -0.14 -0.15 -0.14 -0.15 -0.14 -0.12 21051995 00
 -0.11 -0.12 -0.11 -0.12 -0.10 -0.09 -0.09 -0.09 -0.10 -0.10 -0.10 -0.09 21051995 12
 -0.08 -0.08 -0.09 -0.08 -0.08 -0.08 -0.08 -0.08 -0.07 -0.05 -0.04 -0.03 22051995 00
 -0.02 -0.03 -0.04 -0.05 -0.05 -0.05 -0.05 -0.04 -0.04 -0.04 -0.03 -0.03 22051995 12
 -0.02 -0.03 -0.04 -0.04 -0.03 -0.02 -0.01 -0.00  0.00  0.01  0.02  0.03 23051995 00
  0.04  0.04  0.03  0.03  0.05  0.07  0.07  0.07  0.07  0.08  0.07  0.07 23051995 12
  0.07  0.05  0.03  0.03  0.04  0.05  0.06  0.05  0.04  0.05  0.07  0.07 24051995 00
  0.08  0.07  0.08  0.09  0.11  0.13  0.14  0.14  0.14  0.14  0.13  0.13 24051995 12
  0.12  0.12  0.12  0.10  0.12  0.14  0.12  0.09  0.07  0.08  0.08  0.10 25051995 00
  0.09  0.10  0.09  0.07  0.07  0.10  0.11  0.10  0.08  0.06  0.07  0.09 25051995 12
  0.09  0.07  0.07  0.06  0.05  0.06  0.06  0.05  0.06  0.05  0.06  0.07 26051995 00
  0.08  0.08  0.09  0.10  0.11  0.13  0.15  0.15  0.13  0.11  0.11  0.12 26051995 12
  0.13  0.11  0.10  0.09  0.09  0.10  0.12  0.14  0.12  0.12  0.12  0.14 27051995 00
  0.16  0.17  0.17  0.18  0.20  0.22  0.27  0.31  0.28  0.27  0.26  0.25 27051995 12
  0.26  0.28  0.24  0.24  0.24  0.22  0.25  0.31  0.30  0.29  0.29  0.28 28051995 00
  0.27  0.29  0.25  0.23  0.23  0.22  0.20  0.20  0.19  0.17  0.17  0.16 28051995 12
  0.17  0.19  0.18  0.17  0.17  0.17  0.15  0.14  0.12  0.12  0.12  0.12 29051995 00
  0.12  0.12  0.12  0.09  0.10  0.10  0.08  0.08  0.06  0.06  0.05  0.04 29051995 12
  0.03  0.03  0.01 -0.00 -0.01 -0.01 -0.04 -0.06 -0.08 -0.10 -0.09 -0.08 30051995 00
 -0.08 -0.08 -0.08 -0.08 -0.07 -0.07 -0.07 -0.09 -0.10 -0.11 -0.11 -0.11 30051995 12
 -0.09 -0.09 -0.10 -0.11 -0.10 -0.11 -0.11 -0.11 -0.12 -0.13 -0.11 -0.12 31051995 00
 -0.11 -0.10 -0.09 -0.10 -0.08 -0.08 -0.09 -0.09 -0.10 -0.12 -0.13 -0.11 31051995 12
 -0.10 -0.09 -0.08 -0.09 -0.08 -0.08 -0.09 -0.08 -0.08 -0.08 -0.06 -0.06 01061995 00
 -0.06 -0.05 -0.05 -0.06 -0.06 -0.05 -0.06 -0.06 -0.06 -0.07 -0.07 -0.06 01061995 12
 -0.06 -0.06 -0.05 -0.05 -0.05 -0.05 -0.05 -0.05 -0.05 -0.05 -0.05 -0.05 02061995 00
 -0.05 -0.04 -0.04 -0.04 -0.04 -0.03 -0.03 -0.03 -0.04 -0.04 -0.04 -0.02 02061995 12
 -0.02 -0.01 -0.01 -0.01  0.00  0.02  0.04  0.06  0.07  0.09  0.12  0.14 03061995 00
  0.13  0.12  0.10  0.09  0.08  0.08  0.06  0.06  0.05  0.03  0.03  0.04 03061995 12
  0.05  0.05  0.04  0.04  0.05  0.04  0.02  0.01  0.01 -0.01 -0.03 -0.05 04061995 00
 -0.07 -0.08 -0.09 -0.09 -0.09 -0.08 -0.08 -0.07 -0.07 -0.07 -0.07 -0.08 04061995 12
 -0.09 -0.09 -0.09 -0.09 -0.09 -0.11 -0.11 -0.10 -0.11 -0.11 -0.11 -0.11 05061995 00
 -0.11 -0.11 -0.10 -0.10 -0.10 -0.09 -0.09 -0.09 -0.09 -0.10 -0.10 -0.11 05061995 12
 -0.12 -0.12 -0.12 -0.12 -0.11 -0.10 -0.10 -0.09 -0.10 -0.11 -0.11 -0.10 06061995 00
 -0.11 -0.12 -0.12 -0.13 -0.11 -0.10 -0.10 -0.09 -0.08 -0.07 -0.06 -0.05 06061995 12
 -0.03 -0.04 -0.06 -0.07 -0.06 -0.06 -0.05 -0.06 -0.08 -0.09 -0.10 -0.11 07061995 00
 -0.10 -0.13 -0.16 -0.16 -0.14 -0.10 -0.09 -0.08 -0.08 -0.08 -0.08 -0.09 07061995 12
 -0.07 -0.06 -0.09 -0.11 -0.12 -0.12 -0.11 -0.12 -0.14 -0.15 -0.14 -0.13 08061995 00
 -0.13 -0.12 -0.14 -0.16 -0.14 -0.13 -0.11 -0.10 -0.10 -0.11 -0.11 -0.10 08061995 12
 -0.09 -0.09 -0.09 -0.12 -0.14 -0.13 -0.11 -0.08 -0.09 -0.10 -0.10 -0.08 09061995 00
 -0.09 -0.08 -0.08 -0.10 -0.11 -0.09 -0.08 -0.08 -0.07 -0.07 -0.09 -0.09 09061995 12
 -0.09 -0.09 -0.09 -0.09 -0.11 -0.13 -0.13 -0.13 -0.11 -0.11 -0.10 -0.09 10061995 00
 -0.07 -0.07 -0.08 -0.07 -0.07 -0.06 -0.05 -0.04 -0.04 -0.04 -0.03 -0.03 10061995 12
 -0.02 -0.01 -0.02 -0.01 -0.01 -0.03 -0.05 -0.05 -0.07 -0.08 -0.10 -0.11 11061995 00
 -0.12 -0.12 -0.12 -0.13 -0.13 -0.13 -0.14 -0.13 -0.12 -0.12 -0.11 -0.10 11061995 12
 -0.10 -0.09 -0.09 -0.10 -0.10 -0.11 -0.12 -0.13 -0.13 -0.13 -0.11 -0.10 12061995 00
 -0.10 -0.10 -0.10 -0.12 -0.11 -0.10 -0.10 -0.10 -0.09 -0.10 -0.10 -0.10 12061995 12
 -0.07 -0.08 -0.08 -0.09 -0.09 -0.10 -0.10 -0.12 -0.12 -0.11 -0.12 -0.12 13061995 00
 -0.11 -0.11 -0.11 -0.11 -0.11 -0.11 -0.11 -0.12 -0.12 -0.13 -0.12 -0.12 13061995 12
 -0.10 -0.10 -0.12 -0.10 -0.11 -0.11 -0.11 -0.11 -0.13 -0.13 -0.13 -0.12 14061995 00
 -0.11 -0.09 -0.10 -0.10 -0.10 -0.10 -0.11 -0.10 -0.11 -0.12 -0.10 -0.09 14061995 12
 -0.09 -0.07 -0.07 -0.07 -0.06 -0.06 -0.07 -0.06 -0.07 -0.07 -0.07 -0.06 15061995 00
 -0.05 -0.04 -0.03 -0.04 -0.03 -0.02 -0.02 -0.01 -0.01 -0.02 -0.03 -0.04 15061995 12
 -0.04 -0.03 -0.03 -0.04 -0.04 -0.04 -0.05 -0.05 -0.04 -0.05 -0.03 -0.03 16061995 00
 -0.02 -0.02 -0.01 -0.02 -0.01  0.01  0.00  0.00  0.01  0.02  0.04  0.07 16061995 12
  0.09  0.11  0.13  0.17  0.21  0.23  0.25  0.24  0.24  0.23  0.24  0.21 17061995 00
  0.20  0.15  0.12  0.08  0.08  0.09  0.06  0.07  0.07  0.07  0.09  0.13 17061995 12
  0.13  0.13  0.12  0.10  0.08  0.09  0.07  0.08  0.09  0.07  0.05  0.04 18061995 00
  0.02  0.04  0.04  0.02  0.03  0.03  0.01  0.00  0.00  0.00  0.01  0.04 18061995 12
  0.07  0.07  0.06  0.05  0.08  0.11  0.13  0.13  0.12  0.12  0.11  0.10 19061995 00
  0.09  0.08  0.05  0.04  0.02  0.01  0.00 -0.00 -0.02 -0.01 -0.01  0.00 19061995 12
  0.03  0.04  0.03  0.02  0.02  0.03  0.03  0.02  0.00  0.00  0.01  0.01 20061995 00
 -0.01 -0.03 -0.05 -0.07 -0.07 -0.07 -0.06 -0.06 -0.07 -0.07 -0.08 -0.07 20061995 12
 -0.06 -0.05 -0.07 -0.09 -0.09 -0.09 -0.10 -0.10 -0.13 -0.15 -0.15 -0.14 21061995 00
 -0.14 -0.15 -0.18 -0.20 -0.20 -0.19 -0.17 -0.17 -0.18 -0.20 -0.18 -0.18 21061995 12
 -0.18 -0.18 -0.19 -0.22 -0.21 -0.20 -0.19 -0.18 -0.17 -0.20 -0.19 -0.18 22061995 00
 -0.19 -0.20 -0.18 -0.19 -0.20 -0.21 -0.21 -0.20 -0.21 -0.20 -0.21 -0.20 22061995 12
 -0.20 -0.20 -0.20 -0.20 -0.24 -0.24 -0.25 -0.22 -0.21 -0.20 -0.20 -0.19 23061995 00
 -0.18 -0.18 -0.18 -0.16 -0.18 -0.19 -0.19 -0.18 -0.16 -0.18 -0.18 -0.19 23061995 12
 -0.19 -0.19 -0.19 -0.20 -0.20 -0.24 -0.24 -0.23 -0.20 -0.18 -0.18 -0.18 24061995 00
 -0.17 -0.16 -0.16 -0.17 -0.16 -0.18 -0.19 -0.18 -0.18 -0.16 -0.17 -0.18 24061995 12
 -0.18 -0.16 -0.17 -0.17 -0.16 -0.17 -0.19 -0.19 -0.19 -0.18 -0.17 -0.16 25061995 00
 -0.18 -0.17 -0.18 -0.19 -0.18 -0.17 -0.18 -0.18 -0.18 -0.19 -0.18 -0.18 25061995 12
 -0.18 -0.18 -0.17 -0.19 -0.19 -0.18 -0.19 -0.20 -0.20 -0.21 -0.18 -0.17 26061995 00
 -0.16 -0.17 -0.17 -0.18 -0.18 -0.16 -0.17 -0.19 -0.21 -0.22 -0.21 -0.20 26061995 12
 -0.19 -0.19 -0.18 -0.20 -0.21 -0.19 -0.18 -0.19 -0.20 -0.20 -0.20 -0.17 27061995 00
 -0.17 -0.17 -0.17 -0.15 -0.15 -0.15 -0.13 -0.14 -0.15 -0.16 -0.17 -0.15 27061995 12
 -0.13 -0.13 -0.14 -0.14 -0.15 -0.15 -0.13 -0.14 -0.15 -0.16 -0.15 -0.13 28061995 00
 -0.13 -0.12 -0.12 -0.11 -0.11 -0.12 -0.11 -0.11 -0.12 -0.12 -0.13 -0.12 28061995 12
 -0.11 -0.11 -0.11 -0.11 -0.11 -0.11 -0.11 -0.10 -0.11 -0.11 -0.10 -0.09 29061995 00
 -0.08 -0.08 -0.08 -0.08 -0.08 -0.08 -0.08 -0.06 -0.05 -0.06 -0.06 -0.06 29061995 12
 -0.05 -0.04 -0.04 -0.04 -0.03 -0.03 -0.03 -0.02 -0.02 -0.03 -0.04 -0.03 30061995 00
 -0.03 -0.03 -0.04 -0.05 -0.05 -0.04 -0.04 -0.04 -0.05 -0.07 -0.09 -0.10 30061995 12
 -0.09 -0.08 -0.10 -0.12 -0.12 -0.12 -0.13 -0.13 -0.12 -0.13 -0.13 -0.12 01071995 00
 -0.11 -0.08 -0.07 -0.08 -0.06 -0.05 -0.05 -0.06 -0.05 -0.05 -0.06 -0.06 01071995 12
 -0.05 -0.05 -0.06 -0.06 -0.05 -0.04 -0.04 -0.03 -0.02 -0.01 -0.00  0.01 02071995 00
  0.02  0.02  0.02  0.02  0.03  0.03  0.04  0.04  0.05  0.04  0.04  0.06 02071995 12
  0.06  0.06  0.05  0.04  0.04  0.04  0.04  0.04  0.04  0.02  0.01  0.00 03071995 00
  0.01  0.02  0.02  0.03  0.05  0.05  0.05  0.05  0.05  0.04  0.03  0.05 03071995 12
  0.05  0.06  0.06  0.05  0.05  0.06  0.06  0.07  0.07  0.07  0.06  0.06 04071995 00
  0.04  0.02  0.00 -0.01 -0.02 -0.02 -0.03 -0.05 -0.05 -0.06 -0.08 -0.08 04071995 12
 -0.09 -0.08 -0.08 -0.07 -0.06 -0.06 -0.06 -0.04 -0.03 -0.04 -0.03 -0.02 05071995 00
 -0.02 -0.01  0.00  0.01  0.01  0.01  0.01  0.02  0.03  0.04  0.04  0.03 05071995 12
  0.03  0.02  0.02  0.03  0.01  0.01  0.01  0.00 -0.01  0.00  0.01  0.01 06071995 00
 -0.00 -0.02 -0.03 -0.04 -0.04 -0.03 -0.02 -0.01 -0.01  0.00  0.02  0.04 06071995 12
  0.05  0.08  0.08  0.06  0.06  0.06  0.06  0.06  0.05  0.02  0.02  0.02 07071995 00
  0.01 -0.02 -0.04 -0.07 -0.07 -0.06 -0.05 -0.04 -0.04 -0.04 -0.04 -0.05 07071995 12
 -0.06 -0.06 -0.07 -0.09 -0.09 -0.09 -0.08 -0.08 -0.08 -0.10 -0.10 -0.10 08071995 00
 -0.10 -0.10 -0.10 -0.12 -0.13 -0.12 -0.12 -0.10 -0.10 -0.11 -0.13 -0.12 08071995 12
 -0.12 -0.11 -0.11 -0.13 -0.16 -0.16 -0.15 -0.14 -0.12 -0.11 -0.11 -0.11 09071995 00
 -0.11 -0.12 -0.12 -0.11 -0.10 -0.10 -0.10 -0.11 -0.11 -0.11 -0.12 -0.13 09071995 12
 -0.12 -0.11 -0.11 -0.12 -0.12 -0.13 -0.13 -0.12 -0.13 -0.11 -0.11 -0.10 10071995 00
 -0.08 -0.07 -0.06 -0.05 -0.02  0.01  0.03  0.03  0.00 -0.01 -0.02 -0.02 10071995 12
 -0.02 -0.02 -0.03 -0.04 -0.03 -0.02 -0.01  0.01  0.03  0.04  0.05  0.06 11071995 00
  0.06  0.06  0.06  0.06  0.07  0.08  0.08  0.09  0.09  0.08  0.08  0.08 11071995 12
  0.08  0.07  0.06  0.05  0.05  0.05  0.04  0.04  0.04  0.04  0.04  0.04 12071995 00
  0.05  0.05  0.04  0.03  0.04  0.04  0.06  0.08  0.07  0.07  0.08  0.07 12071995 12
  0.07  0.07  0.08  0.07  0.07  0.07  0.06  0.07  0.08  0.09  0.08  0.08 13071995 00
  0.08  0.09  0.11  0.10  0.10  0.10  0.11  0.12  0.15  0.16  0.13  0.13 13071995 12
  0.12  0.11  0.12  0.10  0.10  0.10  0.10  0.10  0.13  0.14  0.15  0.14 14071995 00
  0.15  0.15  0.16  0.19  0.18  0.19  0.19  0.20  0.20  0.23  0.20  0.19 14071995 12
  0.18  0.15  0.12  0.14  0.10  0.10  0.11  0.10  0.10  0.12  0.13  0.12 15071995 00
  0.12  0.12  0.10  0.11  0.13  0.11  0.11  0.12  0.11  0.10  0.10  0.07 15071995 12
  0.08  0.09  0.08  0.05  0.06  0.05  0.05  0.04  0.03  0.02  0.02  0.02 16071995 00
  0.01  0.01  0.01  0.01  0.02  0.03  0.03  0.03  0.03  0.03  0.05  0.07 16071995 12
  0.08  0.07  0.06  0.05  0.07  0.07  0.06  0.06  0.06  0.05  0.05  0.06 17071995 00
  0.06  0.07  0.07  0.07  0.07  0.08  0.07  0.07  0.07  0.08  0.09  0.13 17071995 12
  0.15  0.17  0.17  0.17  0.19  0.23  0.25  0.23  0.22  0.20  0.17  0.17 18071995 00
  0.15  0.12  0.10  0.07  0.05  0.05  0.04  0.03  0.03  0.03  0.02  0.02 18071995 12
  0.02  0.00 -0.02 -0.04 -0.05 -0.05 -0.06 -0.06 -0.06 -0.05 -0.04 -0.03 19071995 00
 -0.02 -0.01 -0.00 -0.01 -0.01  0.00  0.00 -0.01 -0.01  0.00  0.01  0.00 19071995 12
 -0.01 -0.03 -0.04 -0.03 -0.03 -0.02 -0.02 -0.03 -0.03 -0.01  0.01  0.03 20071995 00
  0.02  0.01 -0.01 -0.04 -0.04 -0.03 -0.01 -0.01 -0.01 -0.02 -0.01 -0.01 20071995 12
 -0.00  0.00  0.01 -0.00  0.00  0.01  0.01  0.01  0.00 -0.01 -0.02 -0.02 21071995 00
 -0.03 -0.04 -0.06 -0.08 -0.08 -0.06 -0.03 -0.02 -0.02 -0.03 -0.01  0.00 21071995 12
  0.00 -0.00 -0.01 -0.04 -0.06 -0.07 -0.08 -0.08 -0.07 -0.08 -0.08 -0.07 22071995 00
 -0.07 -0.07 -0.08 -0.09 -0.09 -0.08 -0.07 -0.06 -0.07 -0.07 -0.07 -0.06 22071995 12
 -0.06 -0.05 -0.05 -0.04 -0.04 -0.03 -0.01  0.00  0.02  0.04  0.06  0.09 23071995 00
  0.11  0.12  0.12  0.12  0.08  0.05  0.01  0.01 -0.00 -0.02 -0.06 -0.10 23071995 12
 -0.12 -0.13 -0.14 -0.16 -0.17 -0.17 -0.16 -0.15 -0.15 -0.13 -0.11 -0.09 24071995 00
 -0.08 -0.06 -0.07 -0.07 -0.07 -0.08 -0.10 -0.09 -0.08 -0.07 -0.06 -0.06 24071995 12
 -0.07 -0.07 -0.08 -0.08 -0.07 -0.07 -0.08 -0.07 -0.07 -0.06 -0.05 -0.05 25071995 00
 -0.05 -0.06 -0.06 -0.07 -0.08 -0.07 -0.06 -0.06 -0.05 -0.06 -0.05 -0.06 25071995 12
 -0.07 -0.06 -0.04 -0.05 -0.05 -0.04 -0.04 -0.04 -0.03 -0.03 -0.02 -0.01 26071995 00
 -0.02 -0.03 -0.02 -0.02 -0.01  0.02  0.05  0.09  0.10  0.08  0.06  0.05 26071995 12
  0.05  0.05  0.04  0.03  0.04  0.04  0.02  0.00 -0.01 -0.01  0.01  0.02 27071995 00
  0.02  0.03  0.03  0.03  0.03  0.04  0.04  0.05  0.04  0.03  0.02  0.02 27071995 12
  0.01  0.01  0.00 -0.01 -0.01 -0.01 -0.01 -0.02 -0.02 -0.02 -0.01 -0.01 28071995 00
 -0.00 -0.01 -0.02 -0.03 -0.03 -0.03 -0.03 -0.02 -0.02 -0.03 -0.03 -0.03 28071995 12
 -0.03 -0.03 -0.04 -0.04 -0.04 -0.04 -0.04 -0.04 -0.04 -0.04 -0.03 -0.03 29071995 00
 -0.03 -0.02 -0.02 -0.03 -0.03 -0.04 -0.05 -0.05 -0.05 -0.05 -0.05 -0.05 29071995 12
 -0.05 -0.04 -0.05 -0.05 -0.04 -0.04 -0.04 -0.04 -0.04 -0.05 -0.06 -0.06 30071995 00
 -0.06 -0.05 -0.05 -0.07 -0.07 -0.07 -0.07 -0.06 -0.05 -0.06 -0.06 -0.07 30071995 12
 -0.06 -0.06 -0.06 -0.07 -0.07 -0.07 -0.07 -0.07 -0.06 -0.07 -0.07 -0.06 31071995 00
 -0.06 -0.05 -0.04 -0.04 -0.04 -0.03 -0.03 -0.03 -0.02 -0.01 -0.02 -0.03 31071995 12
 -0.03 -0.03 -0.04 -0.04 -0.05 -0.05 -0.05 -0.04 -0.05 -0.05 -0.05 -0.04 01081995 00
 -0.04 -0.04 -0.04 -0.05 -0.05 -0.06 -0.07 -0.07 -0.08 -0.08 -0.07 -0.08 01081995 12
 -0.08 -0.09 -0.09 -0.11 -0.12 -0.12 -0.11 -0.10 -0.10 -0.10 -0.10 -0.11 02081995 00
 -0.12 -0.11 -0.11 -0.09 -0.08 -0.09 -0.08 -0.08 -0.09 -0.09 -0.09 -0.09 02081995 12
 -0.10 -0.10 -0.11 -0.11 -0.11 -0.13 -0.13 -0.13 -0.13 -0.13 -0.12 -0.12 03081995 00
 -0.12 -0.13 -0.12 -0.12 -0.12 -0.12 -0.12 -0.10 -0.10 -0.10 -0.10 -0.09 03081995 12
 -0.09 -0.08 -0.09 -0.10 -0.10 -0.09 -0.09 -0.08 -0.07 -0.09 -0.09 -0.08 04081995 00
 -0.08 -0.07 -0.08 -0.08 -0.07 -0.07 -0.07 -0.06 -0.05 -0.07 -0.08 -0.09 04081995 12
 -0.08 -0.08 -0.07 -0.07 -0.08 -0.08 -0.07 -0.06 -0.06 -0.06 -0.07 -0.07 05081995 00
 -0.06 -0.07 -0.08 -0.08 -0.08 -0.07 -0.07 -0.06 -0.06 -0.06 -0.07 -0.07 05081995 12
 -0.07 -0.07 -0.07 -0.07 -0.07 -0.08 -0.07 -0.07 -0.07 -0.08 -0.08 -0.09 06081995 00
 -0.09 -0.09 -0.10 -0.12 -0.12 -0.11 -0.10 -0.10 -0.11 -0.12 -0.12 -0.12 06081995 12
 -0.12 -0.12 -0.12 -0.14 -0.16 -0.16 -0.16 -0.14 -0.13 -0.12 -0.12 -0.10 07081995 00
 -0.10 -0.11 -0.10 -0.10 -0.12 -0.12 -0.13 -0.13 -0.11 -0.12 -0.13 -0.13 07081995 12
 -0.13 -0.14 -0.14 -0.14 -0.15 -0.15 -0.15 -0.14 -0.14 -0.13 -0.13 -0.13 08081995 00
 -0.12 -0.13 -0.14 -0.14 -0.14 -0.14 -0.13 -0.13 -0.13 -0.12 -0.12 -0.12 08081995 12
 -0.12 -0.10 -0.11 -0.11 -0.10 -0.11 -0.12 -0.13 -0.11 -0.12 -0.11 -0.10 09081995 00
 -0.11 -0.10 -0.10 -0.11 -0.11 -0.10 -0.10 -0.09 -0.10 -0.10 -0.09 -0.08 09081995 12
 -0.08 -0.08 -0.08 -0.09 -0.10 -0.10 -0.11 -0.13 -0.11 -0.11 -0.10 -0.10 10081995 00
 -0.08 -0.10 -0.09 -0.10 -0.10 -0.10 -0.10 -0.11 -0.12 -0.11 -0.11 -0.09 10081995 12
 -0.07 -0.09 -0.08 -0.08 -0.10 -0.10 -0.08 -0.08 -0.08 -0.09 -0.09 -0.09 11081995 00
 -0.08 -0.07 -0.07 -0.05 -0.05 -0.05 -0.04 -0.02 -0.01 -0.00 -0.02 -0.02 11081995 12
 -0.02 -0.02 -0.02 -0.02 -0.02 -0.03 -0.04 -0.05 -0.06 -0.05 -0.03 -0.02 12081995 00
 -0.02  0.00  0.01  0.00  0.01  0.02  0.03  0.04  0.04  0.04  0.03  0.01 12081995 12
  0.01  0.00 -0.01 -0.02 -0.03 -0.04 -0.05 -0.07 -0.09 -0.11 -0.10 -0.08 13081995 00
 -0.08 -0.08 -0.07 -0.08 -0.07 -0.07 -0.07 -0.08 -0.09 -0.11 -0.12 -0.09 13081995 12
 -0.09 -0.10 -0.07 -0.08 -0.08 -0.08 -0.09 -0.09 -0.09 -0.10 -0.11 -0.11 14081995 00
 -0.11 -0.09 -0.08 -0.09 -0.11 -0.09 -0.10 -0.10 -0.10 -0.11 -0.13 -0.12 14081995 12
 -0.12 -0.11 -0.10 -0.09 -0.11 -0.09 -0.10 -0.11 -0.11 -0.10 -0.11 -0.11 15081995 00
 -0.11 -0.11 -0.11 -0.11 -0.11 -0.11 -0.10 -0.10 -0.11 -0.10 -0.10 -0.11 15081995 12
 -0.10 -0.11 -0.11 -0.11 -0.12 -0.13 -0.12 -0.12 -0.11 -0.10 -0.10 -0.13 16081995 00
 -0.13 -0.13 -0.13 -0.12 -0.12 -0.13 -0.12 -0.11 -0.12 -0.11 -0.11 -0.11 16081995 12
 -0.10 -0.11 -0.11 -0.12 -0.12 -0.12 -0.12 -0.11 -0.11 -0.11 -0.10 -0.10 17081995 00
 -0.10 -0.09 -0.10 -0.10 -0.10 -0.09 -0.08 -0.07 -0.07 -0.07 -0.07 -0.05 17081995 12
 -0.06 -0.06 -0.08 -0.08 -0.08 -0.08 -0.08 -0.08 -0.08 -0.09 -0.09 -0.08 18081995 00
 -0.08 -0.08 -0.08 -0.08 -0.08 -0.08 -0.06 -0.06 -0.06 -0.07 -0.07 -0.07 18081995 12
 -0.06 -0.06 -0.06 -0.06 -0.07 -0.08 -0.08 -0.08 -0.08 -0.07 -0.06 -0.07 19081995 00
 -0.07 -0.07 -0.08 -0.08 -0.08 -0.08 -0.08 -0.07 -0.07 -0.07 -0.08 -0.07 19081995 12
 -0.07 -0.06 -0.09 -0.10 -0.11 -0.11 -0.10 -0.09 -0.09 -0.09 -0.09 -0.09 20081995 00
 -0.09 -0.09 -0.09 -0.10 -0.09 -0.10 -0.09 -0.09 -0.08 -0.09 -0.08 -0.08 20081995 12
 -0.08 -0.08 -0.08 -0.09 -0.11 -0.10 -0.11 -0.09 -0.09 -0.09 -0.09 -0.09 21081995 00
 -0.09 -0.08 -0.08 -0.09 -0.11 -0.11 -0.10 -0.09 -0.10 -0.09 -0.09 -0.08 21081995 12
 -0.06 -0.06 -0.06 -0.07 -0.08 -0.10 -0.09 -0.09 -0.08 -0.08 -0.07 -0.07 22081995 00
 -0.07 -0.07 -0.06 -0.05 -0.04 -0.05 -0.05 -0.06 -0.06 -0.06 -0.05 -0.03 22081995 12
 -0.01 -0.01 -0.02 -0.03 -0.03 -0.04 -0.03 -0.01 -0.01 -0.02 -0.03 -0.04 23081995 00
 -0.04 -0.02 -0.02 -0.02 -0.02 -0.02 -0.03 -0.04 -0.05 -0.04 -0.04 -0.03 23081995 12
 -0.03 -0.03 -0.03 -0.04 -0.05 -0.05 -0.04 -0.03 -0.02 -0.01  0.01  0.05 24081995 00
  0.11  0.15  0.19  0.21  0.22  0.21  0.21  0.20  0.17  0.16  0.14  0.15 24081995 12
  0.13  0.12  0.11  0.15  0.18  0.19  0.19  0.19  0.19  0.19  0.17  0.15 25081995 00
  0.15  0.15  0.14  0.13  0.11  0.08  0.03 -0.02 -0.05 -0.05 -0.05 -0.07 25081995 12
 -0.07 -0.07 -0.07 -0.06 -0.07 -0.08 -0.08 -0.07 -0.06 -0.05 -0.04 -0.01 26081995 00
  0.02  0.04  0.05  0.05  0.05  0.06  0.07  0.06  0.04  0.02  0.00 -0.01 26081995 12
 -0.04 -0.05 -0.06 -0.08 -0.09 -0.10 -0.09 -0.10 -0.11 -0.11 -0.07 -0.06 27081995 00
 -0.03 -0.01 -0.00  0.02  0.03  0.03  0.01 -0.02 -0.07 -0.11 -0.12 -0.13 27081995 12
 -0.14 -0.14 -0.18 -0.19 -0.20 -0.21 -0.21 -0.20 -0.22 -0.21 -0.23 -0.19 28081995 00
 -0.17 -0.14 -0.12 -0.15 -0.11 -0.13 -0.12 -0.10 -0.08 -0.12 -0.11 -0.11 28081995 12
 -0.10 -0.09 -0.06 -0.06 -0.04 -0.04 -0.03 -0.01 -0.03 -0.08 -0.11 -0.10 29081995 00
 -0.10 -0.11 -0.12 -0.15 -0.15 -0.14 -0.15 -0.16 -0.17 -0.19 -0.19 -0.20 29081995 12
 -0.19 -0.18 -0.14 -0.14 -0.16 -0.14 -0.15 -0.15 -0.14 -0.15 -0.17 -0.15 30081995 00
 -0.16 -0.16 -0.15 -0.13 -0.15 -0.14 -0.14 -0.15 -0.14 -0.15 -0.16 -0.17 30081995 12
 -0.16 -0.17 -0.16 -0.16 -0.18 -0.17 -0.17 -0.18 -0.18 -0.18 -0.19 -0.19 31081995 00
 -0.21 -0.19 -0.18 -0.15 -0.15 -0.16 -0.14 -0.15 -0.16 -0.14 -0.14 -0.15 31081995 12
 -0.15 -0.16 -0.16 -0.14 -0.14 -0.15 -0.13 -0.13 -0.13 -0.12 -0.12 -0.13 01091995 00
 -0.12 -0.12 -0.12 -0.11 -0.12 -0.13 -0.12 -0.11 -0.11 -0.11 -0.09 -0.09 01091995 12
 -0.08 -0.08 -0.07 -0.05 -0.04 -0.03 -0.03 -0.02 -0.02 -0.02 -0.02 -0.03 02091995 00
 -0.04 -0.05 -0.05 -0.05 -0.04 -0.03 -0.03 -0.02 -0.00 -0.01 -0.00  0.01 02091995 12
  0.02  0.01  0.01  0.01  0.01  0.01  0.01 -0.00  0.00  0.01  0.01  0.00 03091995 00
 -0.00 -0.01 -0.02 -0.03 -0.03 -0.03 -0.01 -0.01 -0.01 -0.02 -0.04 -0.05 03091995 12
 -0.05 -0.05 -0.06 -0.07 -0.07 -0.05 -0.04 -0.02  0.00  0.01  0.02  0.01 04091995 00
  0.02  0.02  0.03  0.04  0.05  0.06  0.06  0.05  0.04  0.05  0.05  0.06 04091995 12
  0.06  0.05  0.06  0.08  0.09  0.10  0.10  0.10  0.11  0.11  0.11  0.12 05091995 00
  0.13  0.13  0.13  0.12  0.11  0.11  0.12  0.12  0.12  0.12  0.12  0.11 05091995 12
  0.09  0.10  0.11  0.11  0.11  0.12  0.11  0.11  0.12  0.12  0.13  0.14 06091995 00
  0.13  0.12  0.12  0.11  0.10  0.11  0.15  0.17  0.18  0.17  0.17  0.17 06091995 12
  0.18  0.17  0.19  0.19  0.19  0.23  0.25  0.25  0.22  0.20  0.17  0.15 07091995 00
  0.15  0.12  0.13  0.14  0.14  0.13  0.13  0.14  0.17  0.18  0.18  0.17 07091995 12
  0.18  0.17  0.17  0.18  0.19  0.20  0.21  0.23  0.21  0.22  0.21  0.20 08091995 00
  0.19  0.21  0.19  0.20  0.20  0.18  0.16  0.17  0.17  0.15  0.17  0.13 08091995 12
  0.10  0.12  0.09  0.10  0.10  0.09  0.08  0.09  0.08  0.09  0.09  0.08 09091995 00
  0.06  0.07  0.08  0.06  0.05  0.05  0.05  0.05  0.04  0.04  0.05  0.05 09091995 12
  0.04  0.03  0.03  0.03  0.04  0.04  0.03  0.03  0.03  0.04  0.05  0.05 10091995 00
  0.05  0.05  0.05  0.04  0.04  0.04  0.04  0.05  0.05  0.06  0.07  0.08 10091995 12
  0.08  0.08  0.07  0.07  0.06  0.07  0.07  0.07  0.08  0.08  0.09  0.09 11091995 00
  0.08  0.08  0.08  0.08  0.06  0.06  0.06  0.06  0.04  0.05  0.04  0.04 11091995 12
  0.05  0.03  0.02  0.02  0.02  0.02  0.03  0.03  0.03  0.04  0.03  0.04 12091995 00
  0.04  0.03  0.02  0.03  0.03  0.03  0.03  0.03  0.02  0.01  0.01  0.02 12091995 12
  0.01  0.01  0.00 -0.01 -0.02 -0.02 -0.01 -0.01 -0.01 -0.01 -0.02 -0.02 13091995 00
 -0.02 -0.02 -0.02 -0.02 -0.02 -0.02 -0.02 -0.02 -0.02 -0.01 -0.00  0.01 13091995 12
  0.01  0.02  0.02  0.02  0.02  0.03  0.03  0.01  0.01  0.00  0.01  0.01 14091995 00
  0.01  0.02  0.02  0.03  0.04  0.05  0.05  0.04  0.03  0.03  0.03  0.02 14091995 12
  0.01 -0.00 -0.02 -0.02 -0.03 -0.04 -0.04 -0.04 -0.04 -0.03 -0.03 -0.03 15091995 00
 -0.02 -0.02 -0.00  0.01  0.00 -0.00 -0.00  0.01  0.01  0.02  0.03  0.04 15091995 12
  0.04  0.03  0.03  0.02  0.02  0.01  0.01  0.01  0.01  0.02  0.02  0.01 16091995 00
  0.00 -0.00 -0.01 -0.01 -0.01 -0.01 -0.01 -0.01 -0.02 -0.03 -0.04 -0.03 16091995 12
 -0.03 -0.04 -0.05 -0.06 -0.06 -0.06 -0.07 -0.08 -0.07 -0.06 -0.06 -0.07 17091995 00
 -0.08 -0.10 -0.10 -0.10 -0.10 -0.11 -0.10 -0.11 -0.12 -0.12 -0.13 -0.13 17091995 12
 -0.12 -0.14 -0.17 -0.18 -0.18 -0.18 -0.20 -0.18 -0.18 -0.18 -0.18 -0.18 18091995 00
 -0.17 -0.17 -0.18 -0.16 -0.18 -0.18 -0.20 -0.19 -0.20 -0.20 -0.21 -0.21 18091995 12
 -0.22 -0.24 -0.26 -0.30 -0.27 -0.25 -0.21 -0.19 -0.17 -0.18 -0.18 -0.17 19091995 00
 -0.16 -0.16 -0.15 -0.18 -0.20 -0.19 -0.17 -0.16 -0.16 -0.14 -0.14 -0.12 19091995 12
 -0.11 -0.13 -0.13 -0.14 -0.16 -0.13 -0.11 -0.09 -0.08 -0.09 -0.09 -0.09 20091995 00
 -0.08 -0.08 -0.08 -0.08 -0.10 -0.12 -0.11 -0.10 -0.09 -0.09 -0.08 -0.06 20091995 12
 -0.04 -0.06 -0.08 -0.08 -0.08 -0.09 -0.08 -0.09 -0.09 -0.09 -0.08 -0.08 21091995 00
 -0.08 -0.09 -0.10 -0.09 -0.08 -0.07 -0.08 -0.09 -0.10 -0.10 -0.08 -0.06 21091995 12
 -0.06 -0.07 -0.09 -0.10 -0.09 -0.08 -0.08 -0.07 -0.07 -0.07 -0.06 -0.06 22091995 00
 -0.06 -0.06 -0.06 -0.06 -0.06 -0.06 -0.08 -0.11 -0.11 -0.12 -0.11 -0.11 22091995 12
 -0.12 -0.12 -0.11 -0.13 -0.14 -0.13 -0.14 -0.14 -0.12 -0.13 -0.11 -0.09 23091995 00
 -0.09 -0.07 -0.05 -0.05 -0.03  0.01  0.09  0.15  0.22  0.24  0.25  0.26 23091995 12
  0.30  0.35  0.36  0.39  0.39  0.36  0.35  0.28  0.18  0.14  0.12  0.07 24091995 00
  0.02 -0.01 -0.05 -0.06 -0.06 -0.08 -0.10 -0.10 -0.11 -0.12 -0.11 -0.11 24091995 12
 -0.12 -0.12 -0.11 -0.09 -0.09 -0.08 -0.07 -0.03  0.02  0.06  0.13  0.20 25091995 00
  0.24  0.24  0.25  0.23  0.25  0.28  0.28  0.24  0.21  0.16  0.15  0.16 25091995 12
  0.12  0.10  0.13  0.09  0.10  0.09  0.07  0.04  0.00 -0.01 -0.02 -0.01 26091995 00
 -0.02 -0.03 -0.04 -0.02 -0.01 -0.02 -0.02 -0.02 -0.02 -0.00  0.01  0.03 26091995 12
  0.07  0.12  0.15  0.16  0.16  0.18  0.22  0.25  0.26  0.24  0.21  0.22 27091995 00
  0.22  0.21  0.16  0.18  0.15  0.15  0.13  0.08 -0.01 -0.07 -0.09 -0.10 27091995 12
 -0.08 -0.08 -0.09 -0.10 -0.10 -0.09 -0.09 -0.08 -0.05 -0.04 -0.02 -0.01 28091995 00
  0.00  0.01  0.02  0.01  0.01  0.01  0.01  0.01 -0.01 -0.03 -0.04 -0.03 28091995 12
 -0.04 -0.05 -0.05 -0.05 -0.05 -0.05 -0.06 -0.07 -0.08 -0.09 -0.08 -0.07 29091995 00
 -0.06 -0.07 -0.06 -0.05 -0.05 -0.04 -0.04 -0.04 -0.04 -0.03 -0.01 -0.01 29091995 12
 -0.01 -0.01 -0.01 -0.02 -0.01 -0.01 -0.01 -0.01 -0.02 -0.04 -0.04 -0.04 30091995 00
 -0.03 -0.02 -0.02 -0.02 -0.01 -0.01 -0.01  0.00  0.02  0.05  0.10  0.19 30091995 12
  0.26  0.27  0.27  0.28  0.32  0.36  0.38  0.36  0.37  0.37  0.37  0.38 01101995 00
  0.39  0.33  0.31  0.27  0.25  0.20  0.19  0.13  0.13  0.15  0.12  0.08 01101995 12
  0.08  0.07  0.06  0.07  0.07  0.11  0.14  0.17  0.18  0.19  0.22  0.26 02101995 00
  0.30  0.32  0.31  0.31  0.29  0.28  0.27  0.28  0.26  0.25  0.24  0.21 02101995 12
  0.17  0.17  0.19  0.15  0.16  0.16  0.18  0.19  0.21  0.21  0.19  0.18 03101995 00
  0.17  0.16  0.17  0.20  0.19  0.18  0.17  0.19  0.19  0.20  0.18  0.18 03101995 12
  0.17  0.18  0.25  0.39  0.45  0.41  0.37  0.33  0.38  0.44  0.46  0.42 04101995 00
  0.42  0.40  0.36  0.33  0.36  0.32  0.29  0.26  0.24  0.24  0.27  0.26 04101995 12
  0.27  0.28  0.26  0.23  0.24  0.23  0.18  0.15  0.12  0.12  0.10  0.08 05101995 00
  0.05  0.05  0.05  0.04  0.04  0.06  0.05  0.05  0.06  0.07  0.11  0.15 05101995 12
  0.17  0.18  0.18  0.20  0.27  0.44  0.53  0.50  0.46  0.47  0.48  0.54 06101995 00
  0.57  0.49  0.48  0.46  0.42  0.42  0.45  0.40  0.36  0.30  0.22  0.17 06101995 12
  0.17  0.11  0.10  0.08  0.05  0.02  0.02 -0.02 -0.04 -0.06 -0.06 -0.04 07101995 00
 -0.02 -0.00  0.01 -0.00 -0.00  0.03  0.09  0.14  0.15  0.14  0.14  0.16 07101995 12
  0.18  0.20  0.17  0.17  0.18  0.17  0.20  0.24  0.25  0.20  0.20  0.18 08101995 00
  0.19  0.24  0.20  0.20  0.20  0.17  0.15  0.16  0.14  0.15  0.12  0.09 08101995 12
  0.08  0.09  0.10  0.10  0.12  0.15  0.20  0.27  0.29  0.26  0.25  0.24 09101995 00
  0.21  0.21  0.21  0.15  0.13  0.09  0.00 -0.08 -0.09 -0.10 -0.07 -0.07 09101995 12
 -0.07 -0.06 -0.07 -0.05 -0.04 -0.03 -0.01  0.02  0.04  0.05  0.06  0.07 10101995 00
  0.06  0.05  0.03  0.01 -0.01 -0.01 -0.02 -0.05 -0.08 -0.11 -0.12 -0.12 10101995 12
 -0.12 -0.11 -0.12 -0.12 -0.12 -0.13 -0.14 -0.14 -0.14 -0.14 -0.10 -0.09 11101995 00
 -0.08 -0.06 -0.01  0.02  0.04  0.05  0.06  0.08  0.12  0.14  0.17  0.16 11101995 12
  0.17  0.16  0.15  0.18  0.15  0.15  0.14  0.12  0.07  0.02 -0.03 -0.02 12101995 00
 -0.04 -0.07 -0.07 -0.07 -0.08 -0.07 -0.07 -0.05 -0.03 -0.02 -0.03 -0.05 12101995 12
 -0.07 -0.07 -0.06 -0.05 -0.04 -0.04 -0.04 -0.04 -0.03 -0.02 -0.00  0.00 13101995 00
  0.01  0.01  0.01 -0.01 -0.01 -0.02 -0.02 -0.02 -0.02 -0.03 -0.06 -0.07 13101995 12
 -0.07 -0.07 -0.06 -0.03 -0.02 -0.02 -0.01 -0.02 -0.02 -0.01  0.00  0.02 14101995 00
  0.03  0.04  0.03  0.02  0.02  0.02  0.04  0.05  0.07  0.08  0.09  0.09 14101995 12
  0.09  0.08  0.07  0.07  0.09  0.11  0.11  0.10  0.10  0.12  0.14  0.15 15101995 00
  0.13  0.10  0.08  0.05  0.01 -0.01 -0.02 -0.01  0.00 -0.01 -0.03 -0.03 15101995 12
 -0.02 -0.02 -0.03 -0.03  0.00  0.04  0.05  0.06  0.06  0.07  0.10  0.14 16101995 00
  0.16  0.15  0.15  0.14  0.15  0.16  0.19  0.20  0.20  0.20  0.19  0.19 16101995 12
  0.20  0.23  0.21  0.18  0.17  0.19  0.19  0.22  0.22  0.22  0.21  0.19 17101995 00
  0.20  0.20  0.21  0.21  0.22  0.21  0.17  0.09  0.03 -0.01 -0.04 -0.07 17101995 12
 -0.10 -0.13 -0.20 -0.25 -0.26 -0.24 -0.22 -0.19 -0.17 -0.13 -0.10 -0.08 18101995 00
 -0.08 -0.06 -0.03 -0.01  0.01  0.03  0.04  0.04  0.04  0.04  0.05  0.08 18101995 12
  0.08  0.04 -0.02 -0.05 -0.07 -0.08 -0.04 -0.04 -0.03 -0.05 -0.06 -0.06 19101995 00
 -0.07 -0.06 -0.04 -0.05 -0.08 -0.11 -0.10 -0.08 -0.06 -0.04 -0.04 -0.03 19101995 12
 -0.01  0.00  0.01 -0.01 -0.06 -0.10 -0.12 -0.13 -0.13 -0.13 -0.13 -0.14 20101995 00
 -0.15 -0.18 -0.19 -0.18 -0.18 -0.20 -0.20 -0.20 -0.19 -0.18 -0.18 -0.19 20101995 12
 -0.18 -0.19 -0.20 -0.19 -0.19 -0.19 -0.19 -0.17 -0.16 -0.14 -0.13 -0.12 21101995 00
 -0.12 -0.11 -0.13 -0.14 -0.13 -0.13 -0.13 -0.13 -0.13 -0.10 -0.06 -0.02 21101995 12
  0.01  0.04  0.04  0.07  0.10  0.16  0.17  0.14  0.11  0.08  0.07  0.09 22101995 00
  0.10  0.07  0.07  0.07  0.05  0.05  0.06  0.05  0.04  0.05  0.04  0.08 22101995 12
  0.11  0.10  0.08  0.07  0.08  0.09  0.14  0.13  0.11  0.09  0.08  0.10 23101995 00
  0.15  0.15  0.13  0.12  0.13  0.14  0.18  0.24  0.24  0.24  0.21  0.17 23101995 12
  0.18  0.23  0.21  0.22  0.23  0.25  0.36  0.49  0.48  0.38  0.36  0.31 24101995 00
  0.34  0.46  0.37  0.32  0.32  0.32  0.36  0.45  0.42  0.46  0.46  0.44 24101995 12
  0.41  0.43  0.39  0.32  0.32  0.30  0.22  0.19  0.18  0.15  0.19  0.20 25101995 00
  0.22  0.23  0.27  0.23  0.23  0.25  0.27  0.31  0.37  0.35  0.27  0.27 25101995 12
  0.23  0.23  0.34  0.31  0.33  0.37  0.39  0.42  0.47  0.39  0.33  0.26 26101995 00
  0.23  0.18  0.22  0.22  0.18  0.20  0.20  0.16  0.17  0.17  0.16  0.17 26101995 12
  0.16  0.14  0.12  0.14  0.12  0.13  0.14  0.13  0.10  0.10  0.10  0.07 27101995 00
  0.09  0.10  0.08  0.08  0.07  0.07  0.08  0.08  0.07  0.06  0.01  0.01 27101995 12
  0.00 -0.01 -0.03 -0.03 -0.03 -0.05 -0.05 -0.05 -0.06 -0.07 -0.08 -0.07 28101995 00
 -0.07 -0.06 -0.05 -0.05 -0.06 -0.05 -0.06 -0.06 -0.06 -0.05 -0.05 -0.04 28101995 12
 -0.04 -0.04 -0.04 -0.03 -0.03 -0.03 -0.01 -0.01 -0.01 -0.01 -0.01 -0.01 29101995 00
 -0.00  0.00 -0.00 -0.01 -0.02 -0.02 -0.02 -0.01 -0.01 -0.01 -0.00  0.01 29101995 12
  0.01  0.00 -0.01 -0.02 -0.02 -0.00 -0.00 -0.00 -0.01 -0.01 -0.00  0.02 30101995 00
  0.04  0.04  0.03  0.01  0.00  0.00  0.01  0.00  0.00 -0.00 -0.01 -0.01 30101995 12
 -0.03 -0.05 -0.07 -0.08 -0.09 -0.08 -0.08 -0.09 -0.09 -0.10 -0.11 -0.11 31101995 00
 -0.10 -0.11 -0.12 -0.14 -0.14 -0.14 -0.14 -0.15 -0.14 -0.13 -0.12 -0.12 31101995 12
 -0.13 -0.16 -0.18 -0.18 -0.17 -0.16 -0.15 -0.13 -0.13 -0.13 -0.13 -0.13 01111995 00
 -0.12 -0.10 -0.12 -0.13 -0.14 -0.16 -0.15 -0.15 -0.15 -0.17 -0.17 -0.17 01111995 12
 -0.16 -0.14 -0.15 -0.18 -0.16 -0.14 -0.11 -0.08 -0.06 -0.05 -0.06 -0.05 02111995 00
 -0.05 -0.05 -0.04 -0.08 -0.11 -0.12 -0.11 -0.08 -0.06 -0.06 -0.07 -0.05 02111995 12
 -0.05 -0.05 -0.05 -0.06 -0.07 -0.07 -0.06 -0.06 -0.06 -0.07 -0.09 -0.09 03111995 00
 -0.08 -0.08 -0.09 -0.09 -0.10 -0.12 -0.11 -0.10 -0.09 -0.08 -0.08 -0.09 03111995 12
 -0.09 -0.11 -0.12 -0.11 -0.12 -0.12 -0.12 -0.12 -0.14 -0.13 -0.14 -0.14 04111995 00
 -0.13 -0.13 -0.14 -0.14 -0.14 -0.16 -0.16 -0.17 -0.18 -0.18 -0.16 -0.15 04111995 12
 -0.15 -0.14 -0.15 -0.15 -0.14 -0.13 -0.13 -0.12 -0.12 -0.12 -0.11 -0.08 05111995 00
 -0.06 -0.04 -0.04 -0.05 -0.05 -0.03 -0.02 -0.03 -0.06 -0.08 -0.08 -0.07 05111995 12
 -0.07 -0.09 -0.08 -0.08 -0.08 -0.09 -0.09 -0.09 -0.08 -0.09 -0.08 -0.06 06111995 00
 -0.06 -0.06 -0.04 -0.04 -0.05 -0.07 -0.08 -0.10 -0.10 -0.09 -0.10 -0.10 06111995 12
 -0.10 -0.11 -0.10 -0.09 -0.09 -0.10 -0.10 -0.11 -0.11 -0.12 -0.11 -0.10 07111995 00
 -0.08 -0.08 -0.08 -0.09 -0.11 -0.12 -0.11 -0.11 -0.12 -0.12 -0.13 -0.12 07111995 12
 -0.10 -0.09 -0.09 -0.07 -0.07 -0.08 -0.08 -0.07 -0.09 -0.08 -0.08 -0.07 08111995 00
 -0.06 -0.06 -0.08 -0.08 -0.08 -0.08 -0.07 -0.07 -0.07 -0.08 -0.08 -0.09 08111995 12
 -0.08 -0.06 -0.06 -0.06 -0.06 -0.07 -0.06 -0.05 -0.05 -0.04 -0.05 -0.05 09111995 00
 -0.04 -0.03 -0.02 -0.02 -0.02 -0.03 -0.03 -0.02 -0.01 -0.02 -0.01 -0.01 09111995 12
 -0.00 -0.00 -0.01 -0.00  0.01  0.01  0.02  0.03  0.03  0.02  0.02  0.02 10111995 00
  0.02  0.01  0.00 -0.00 -0.00 -0.00  0.00  0.01  0.02  0.02  0.02  0.01 10111995 12
  0.01  0.00 -0.02 -0.03 -0.04 -0.04 -0.04 -0.05 -0.06 -0.08 -0.08 -0.07 11111995 00
 -0.07 -0.05 -0.05 -0.04 -0.04 -0.03 -0.02  0.02  0.06  0.10  0.11  0.08 11111995 12
  0.02 -0.02 -0.05 -0.04 -0.02 -0.02 -0.00  0.02  0.03  0.04  0.06  0.06 12111995 00
  0.06  0.06  0.05  0.05  0.07  0.06  0.04  0.02  0.02  0.03  0.05  0.04 12111995 12
  0.01 -0.01 -0.02 -0.01  0.01  0.02  0.02  0.02  0.01  0.01  0.02  0.02 13111995 00
  0.01  0.01 -0.01 -0.02 -0.03 -0.03 -0.02 -0.00 -0.00 -0.01 -0.03 -0.04 13111995 12
 -0.04 -0.04 -0.03 -0.02 -0.03 -0.03 -0.03 -0.02 -0.01 -0.00  0.01  0.03 14111995 00
  0.05  0.07  0.10  0.11  0.12  0.13  0.14  0.14  0.15  0.16  0.16  0.17 14111995 12
  0.20  0.20  0.21  0.22  0.23  0.24  0.27  0.26  0.25  0.26  0.26  0.22 15111995 00
  0.22  0.24  0.21  0.17  0.14  0.14  0.15  0.15  0.16  0.19  0.20  0.20 15111995 12
  0.22  0.27  0.24  0.21  0.15  0.14  0.15  0.16  0.11  0.07  0.04  0.03 16111995 00
  0.03  0.02  0.02 -0.00 -0.01 -0.02 -0.03 -0.03 -0.02 -0.00  0.00  0.01 16111995 12
  0.01  0.01  0.00  0.01  0.00  0.01  0.02  0.03  0.04  0.04  0.03  0.01 17111995 00
  0.00  0.00 -0.02 -0.07 -0.10 -0.13 -0.16 -0.18 -0.20 -0.21 -0.20 -0.20 17111995 12
 -0.21 -0.21 -0.20 -0.19 -0.15 -0.12 -0.10 -0.07 -0.08 -0.10 -0.12 -0.10 18111995 00
 -0.10 -0.09 -0.08 -0.11 -0.16 -0.16 -0.14 -0.12 -0.11 -0.11 -0.10 -0.08 18111995 12
 -0.07 -0.07 -0.07 -0.06 -0.07 -0.08 -0.09 -0.09 -0.07 -0.07 -0.07 -0.09 19111995 00
 -0.08 -0.08 -0.09 -0.10 -0.14 -0.17 -0.16 -0.15 -0.14 -0.13 -0.12 -0.13 19111995 12
 -0.11 -0.11 -0.11 -0.09 -0.09 -0.09 -0.07 -0.06 -0.05 -0.01  0.01  0.05 20111995 00
  0.10  0.10  0.06  0.04  0.05  0.07  0.08  0.06  0.06  0.06  0.07  0.11 20111995 12
  0.14  0.14  0.14  0.18  0.24  0.37  0.43  0.39  0.28  0.20  0.11  0.09 21111995 00
  0.12  0.08  0.08  0.09  0.05  0.03  0.06  0.07  0.09  0.08  0.06  0.06 21111995 12
  0.08  0.10  0.10  0.11  0.12  0.11  0.10  0.07  0.04  0.03  0.00 -0.04 22111995 00
 -0.07 -0.08 -0.08 -0.07 -0.06 -0.08 -0.09 -0.10 -0.09 -0.08 -0.07 -0.04 22111995 12
  0.00  0.04  0.08  0.10  0.13  0.16  0.19  0.24  0.22  0.23  0.22  0.23 23111995 00
  0.20  0.22  0.22  0.19  0.21  0.21  0.20  0.24  0.27  0.23  0.23  0.23 23111995 12
  0.24  0.27  0.34  0.32  0.35  0.37  0.39  0.42  0.44  0.40  0.30  0.29 24111995 00
  0.24  0.19  0.25  0.21  0.21  0.23  0.23  0.24  0.29  0.30  0.30  0.24 24111995 12
  0.22  0.17  0.15  0.19  0.16  0.19  0.20  0.17  0.16  0.18  0.14  0.14 25111995 00
  0.11  0.08  0.05  0.07  0.04  0.05  0.05  0.04  0.05  0.07  0.09  0.08 25111995 12
  0.09  0.10  0.11  0.14  0.17  0.18  0.19  0.20  0.22  0.25  0.28  0.23 26111995 00
  0.22  0.20  0.17  0.15  0.16  0.14  0.14  0.13  0.11  0.12  0.17  0.18 26111995 12
  0.16  0.15  0.12  0.11  0.15  0.16  0.16  0.16  0.16  0.14  0.14  0.15 27111995 00
  0.13  0.14  0.11  0.11  0.13  0.14  0.12  0.11  0.10  0.09  0.12  0.14 27111995 12
  0.12  0.06  0.04  0.00 -0.02 -0.01 -0.01 -0.01 -0.01 -0.02 -0.01  0.02 28111995 00
  0.04  0.04  0.03  0.01  0.00  0.02  0.03  0.02  0.00 -0.02 -0.04 -0.06 28111995 12
 -0.08 -0.09 -0.08 -0.06 -0.04 -0.02  0.00  0.03  0.06  0.04  0.02  0.02 29111995 00
  0.03 -0.00 -0.04 -0.08 -0.09 -0.09 -0.06 -0.05 -0.04 -0.05 -0.05 -0.06 29111995 12
 -0.06 -0.03  0.00  0.00 -0.03 -0.05 -0.07 -0.08 -0.07 -0.07 -0.07 -0.07 30111995 00
 -0.07 -0.06 -0.04 -0.04 -0.06 -0.08 -0.10 -0.07 -0.03  0.01  0.01  0.02 30111995 12
  0.04  0.06  0.07  0.08  0.06  0.03  0.00 -0.03 -0.05 -0.03 -0.02 -0.00 01121995 00
  0.01  0.02  0.06  0.10  0.12  0.11  0.09  0.05  0.01  0.00 -0.01 -0.02 01121995 12
 -0.04 -0.07 -0.10 -0.10 -0.09 -0.08 -0.08 -0.07 -0.05 -0.04 -0.04 -0.01 02121995 00
  0.01  0.00 -0.01 -0.00  0.00 -0.00 -0.01 -0.02 -0.03 -0.02 -0.02 -0.03 02121995 12
 -0.02 -0.02 -0.02 -0.01 -0.00  0.00 -0.00  0.01  0.01  0.02  0.06  0.10 03121995 00
  0.13  0.13  0.12  0.08  0.01 -0.07 -0.13 -0.13 -0.13 -0.15 -0.18 -0.23 03121995 12
 -0.25 -0.27 -0.29 -0.30 -0.29 -0.34 -0.37 -0.38 -0.36 -0.32 -0.30 -0.32 04121995 00
 -0.36 -0.33 -0.32 -0.32 -0.29 -0.31 -0.35 -0.34 -0.30 -0.27 -0.22 -0.20 04121995 12
 -0.21 -0.21 -0.22 -0.24 -0.24 -0.22 -0.24 -0.25 -0.26 -0.28 -0.25 -0.23 05121995 00
 -0.23 -0.23 -0.20 -0.23 -0.24 -0.22 -0.21 -0.19 -0.20 -0.20 -0.20 -0.18 05121995 12
 -0.17 -0.18 -0.17 -0.18 -0.20 -0.18 -0.18 -0.19 -0.20 -0.21 -0.20 -0.18 06121995 00
 -0.17 -0.18 -0.17 -0.17 -0.18 -0.18 -0.17 -0.19 -0.17 -0.18 -0.18 -0.14 06121995 12
 -0.13 -0.15 -0.14 -0.13 -0.13 -0.12 -0.09 -0.07 -0.07 -0.06 -0.07 -0.06 07121995 00
 -0.06 -0.05 -0.04 -0.03 -0.03 -0.03 -0.03 -0.04 -0.05 -0.04 -0.03 -0.03 07121995 12
 -0.02 -0.02 -0.03 -0.02 -0.02 -0.01 -0.00  0.01  0.01  0.01  0.02  0.02 08121995 00
  0.01  0.02  0.01  0.00 -0.01 -0.02 -0.04 -0.05 -0.07 -0.09 -0.09 -0.10 08121995 12
 -0.11 -0.11 -0.12 -0.13 -0.12 -0.12 -0.13 -0.13 -0.12 -0.14 -0.15 -0.16 09121995 00
 -0.15 -0.15 -0.16 -0.17 -0.16 -0.17 -0.18 -0.18 -0.18 -0.20 -0.22 -0.22 09121995 12
 -0.22 -0.22 -0.21 -0.23 -0.22 -0.21 -0.22 -0.22 -0.22 -0.24 -0.22 -0.24 10121995 00
 -0.25 -0.24 -0.23 -0.24 -0.23 -0.22 -0.22 -0.22 -0.21 -0.21 -0.24 -0.24 10121995 12
 -0.25 -0.21 -0.20 -0.20 -0.20 -0.19 -0.20 -0.22 -0.21 -0.22 -0.22 -0.23 11121995 00
 -0.22 -0.21 -0.20 -0.19 -0.20 -0.19 -0.20 -0.21 -0.20 -0.20 -0.23 -0.24 11121995 12
 -0.25 -0.23 -0.21 -0.22 -0.24 -0.23 -0.21 -0.22 -0.23 -0.22 -0.25 -0.27 12121995 00
 -0.29 -0.28 -0.26 -0.26 -0.26 -0.27 -0.25 -0.27 -0.28 -0.28 -0.31 -0.34 12121995 12
 -0.36 -0.36 -0.33 -0.32 -0.33 -0.34 -0.31 -0.30 -0.32 -0.29 -0.28 -0.33 13121995 00
 -0.34 -0.34 -0.33 -0.31 -0.31 -0.34 -0.33 -0.32 -0.33 -0.33 -0.30 -0.33 13121995 12
 -0.35 -0.35 -0.36 -0.33 -0.33 -0.33 -0.34 -0.30 -0.31 -0.33 -0.31 -0.34 14121995 00
 -0.37 -0.36 -0.36 -0.33 -0.34 -0.32 -0.33 -0.31 -0.32 -0.31 -0.27 -0.25 14121995 12
 -0.31 -0.32 -0.30 -0.30 -0.29 -0.31 -0.31 -0.32 -0.29 -0.32 -0.33 -0.29 15121995 00
 -0.29 -0.32 -0.34 -0.36 -0.34 -0.35 -0.31 -0.31 -0.27 -0.25 -0.23 -0.21 15121995 12
 -0.21 -0.25 -0.26 -0.25 -0.24 -0.21 -0.20 -0.18 -0.18 -0.18 -0.22 -0.23 16121995 00
 -0.21 -0.21 -0.24 -0.25 -0.29 -0.27 -0.25 -0.20 -0.20 -0.16 -0.14 -0.12 16121995 12
 -0.11 -0.11 -0.11 -0.09 -0.08 -0.08 -0.06 -0.05 -0.05 -0.05 -0.04 -0.05 17121995 00
 -0.04 -0.02 -0.02 -0.06 -0.08 -0.08 -0.06 -0.05 -0.04 -0.03 -0.02 -0.01 17121995 12
 -0.01 -0.02 -0.02 -0.03 -0.03 -0.04 -0.04 -0.05 -0.06 -0.07 -0.07 -0.07 18121995 00
 -0.06 -0.06 -0.05 -0.06 -0.08 -0.09 -0.08 -0.08 -0.07 -0.07 -0.07 -0.07 18121995 12
 -0.06 -0.07 -0.07 -0.07 -0.08 -0.08 -0.07 -0.06 -0.05 -0.05 -0.05 -0.06 19121995 00
 -0.05 -0.05 -0.04 -0.04 -0.05 -0.07 -0.08 -0.08 -0.06 -0.05 -0.05 -0.04 19121995 12
 -0.04 -0.04 -0.05 -0.05 -0.05 -0.07 -0.09 -0.10 -0.13 -0.12 -0.13 -0.14 20121995 00
 -0.14 -0.12 -0.12 -0.12 -0.11 -0.11 -0.10 -0.09 -0.06 -0.07 -0.07 -0.08 20121995 12
 -0.09 -0.08 -0.08 -0.09 -0.09 -0.08 -0.06 -0.03 -0.04 -0.05 -0.06 -0.05 21121995 00
 -0.01  0.00  0.00 -0.00 -0.01  0.01  0.04  0.05  0.06  0.08  0.09  0.09 21121995 12
  0.10  0.12  0.12  0.14  0.15  0.17  0.25  0.36  0.41  0.38  0.34  0.31 22121995 00
  0.27  0.30  0.26  0.25  0.26  0.24  0.22  0.24  0.23  0.27  0.26  0.25 22121995 12
  0.22  0.21  0.23  0.19  0.20  0.21  0.19  0.18  0.20  0.18  0.19  0.18 23121995 00
  0.14  0.11  0.14  0.11  0.13  0.14  0.13  0.13  0.15  0.17  0.16  0.17 23121995 12
  0.18  0.15  0.14  0.14  0.13  0.15  0.15  0.14  0.16  0.18  0.19  0.19 24121995 00
  0.19  0.18  0.16  0.17  0.14  0.16  0.17  0.15  0.13  0.16  0.18  0.19 24121995 12
  0.21  0.20  0.16  0.19  0.19  0.18  0.18  0.17  0.13  0.11  0.09  0.10 25121995 00
  0.08  0.06  0.03 -0.01 -0.02 -0.03 -0.02 -0.02 -0.05 -0.08 -0.10 -0.08 25121995 12
 -0.07 -0.06 -0.04 -0.02 -0.02 -0.00  0.01  0.02  0.04  0.06  0.06  0.05 26121995 00
  0.04  0.04  0.03  0.01 -0.02 -0.03 -0.04 -0.03 -0.03 -0.05 -0.07 -0.09 26121995 12
 -0.09 -0.08 -0.06 -0.04 -0.04 -0.05 -0.05 -0.05 -0.05 -0.05 -0.04 -0.04 27121995 00
 -0.05 -0.05 -0.05 -0.05 -0.06 -0.07 -0.07 -0.06 -0.05 -0.05 -0.04 -0.03 27121995 12
 -0.03 -0.03 -0.03 -0.03 -0.04 -0.04 -0.04 -0.04 -0.04 -0.05 -0.06 -0.06 28121995 00
 -0.07 -0.07 -0.06 -0.06 -0.06 -0.06 -0.06 -0.06 -0.06 -0.05 -0.05 -0.05 28121995 12
 -0.06 -0.07 -0.07 -0.06 -0.05 -0.04 -0.03 -0.04 -0.03 -0.03 -0.02 -0.03 29121995 00
 -0.04 -0.04 -0.05 -0.06 -0.07 -0.05 -0.04 -0.04 -0.04 -0.02 -0.03 -0.05 29121995 12
 -0.05 -0.02  0.02  0.02 -0.02 -0.04 -0.06 -0.04 -0.01 -0.01 -0.03 -0.02 30121995 00
  0.02  0.07  0.08  0.07  0.05  0.06  0.09  0.11  0.13  0.15  0.15  0.14 30121995 12
  0.13  0.12  0.14  0.17  0.16  0.13  0.09  0.09  0.11  0.16  0.18  0.17 31121995 00
  0.16  0.15  0.16  0.18  0.20  0.19  0.17  0.14  0.14  0.13  0.14  0.14 31121995 12
