Parameter Z: CS3 Location ( 52, 86) Lat 53.500 Lon -3.417
  0.00 -0.02  0.01  0.12  0.24  0.29  0.33  0.45  0.38  0.31  0.20  0.15 01011992 00
  0.11  0.09  0.13  0.17  0.11 -0.01 -0.08 -0.11 -0.09 -0.05  0.06  0.16 01011992 12
  0.21  0.26  0.30  0.34  0.40  0.40  0.42  0.43  0.46  0.41  0.41  0.37 02011992 00
  0.34  0.30  0.36  0.37  0.33  0.30  0.29  0.23  0.15  0.16  0.18  0.25 02011992 12
  0.28  0.26  0.28  0.33  0.37  0.38  0.42  0.47  0.45  0.45  0.42  0.45 03011992 00
  0.45  0.38  0.31  0.38  0.38  0.30  0.23  0.20  0.17  0.20  0.22  0.21 03011992 12
  0.22  0.22  0.20  0.18  0.17  0.13  0.06  0.02 -0.02 -0.04 -0.03 -0.03 04011992 00
 -0.03 -0.03 -0.02 -0.00  0.02  0.03  0.02  0.01 -0.00 -0.00  0.02  0.02 04011992 12
  0.00 -0.01 -0.02 -0.02 -0.01 -0.01 -0.02 -0.00  0.04  0.06  0.06  0.08 05011992 00
  0.10  0.14  0.16  0.15  0.14  0.13  0.13  0.12  0.10  0.07  0.04  0.02 05011992 12
 -0.01  0.00  0.02  0.02  0.03  0.06  0.08  0.06  0.03  0.05  0.09  0.14 06011992 00
  0.14  0.16  0.19  0.19  0.19  0.21  0.20  0.15  0.13  0.08  0.07  0.06 06011992 12
  0.04  0.04  0.05  0.06  0.09  0.13  0.15  0.15  0.20  0.25  0.27  0.26 07011992 00
  0.24  0.25  0.27  0.28  0.25  0.27  0.26  0.22  0.20  0.22  0.22  0.20 07011992 12
  0.19  0.18  0.23  0.29  0.30  0.30  0.32  0.32  0.32  0.37  0.36  0.29 08011992 00
  0.24  0.17  0.13  0.12  0.10  0.08  0.11  0.10  0.06  0.04  0.04  0.05 08011992 12
  0.04  0.01 -0.03 -0.09 -0.12 -0.12 -0.12 -0.14 -0.17 -0.25 -0.32 -0.33 09011992 00
 -0.31 -0.30 -0.27 -0.29 -0.32 -0.30 -0.27 -0.25 -0.21 -0.19 -0.19 -0.15 09011992 12
 -0.16 -0.14 -0.11 -0.14 -0.15 -0.15 -0.15 -0.14 -0.15 -0.15 -0.18 -0.18 10011992 00
 -0.18 -0.17 -0.15 -0.17 -0.16 -0.16 -0.16 -0.16 -0.15 -0.14 -0.16 -0.18 10011992 12
 -0.19 -0.21 -0.19 -0.18 -0.17 -0.17 -0.16 -0.15 -0.15 -0.15 -0.14 -0.16 11011992 00
 -0.16 -0.16 -0.17 -0.16 -0.15 -0.16 -0.16 -0.15 -0.15 -0.15 -0.14 -0.17 11011992 12
 -0.19 -0.20 -0.19 -0.17 -0.16 -0.17 -0.19 -0.17 -0.18 -0.20 -0.20 -0.19 12011992 00
 -0.21 -0.21 -0.22 -0.21 -0.21 -0.20 -0.22 -0.20 -0.22 -0.23 -0.23 -0.22 12011992 12
 -0.25 -0.27 -0.27 -0.28 -0.25 -0.24 -0.25 -0.25 -0.23 -0.24 -0.25 -0.23 13011992 00
 -0.25 -0.27 -0.27 -0.28 -0.27 -0.28 -0.26 -0.25 -0.23 -0.23 -0.23 -0.22 13011992 12
 -0.24 -0.28 -0.28 -0.28 -0.26 -0.24 -0.25 -0.26 -0.26 -0.25 -0.26 -0.25 14011992 00
 -0.21 -0.22 -0.25 -0.27 -0.28 -0.26 -0.25 -0.22 -0.22 -0.21 -0.23 -0.22 14011992 12
 -0.22 -0.24 -0.29 -0.29 -0.28 -0.25 -0.22 -0.22 -0.22 -0.23 -0.21 -0.21 15011992 00
 -0.20 -0.20 -0.21 -0.29 -0.30 -0.29 -0.27 -0.24 -0.21 -0.22 -0.21 -0.21 15011992 12
 -0.21 -0.21 -0.19 -0.20 -0.19 -0.15 -0.15 -0.15 -0.17 -0.19 -0.20 -0.18 16011992 00
 -0.18 -0.19 -0.20 -0.22 -0.27 -0.29 -0.29 -0.27 -0.23 -0.22 -0.21 -0.22 16011992 12
 -0.22 -0.25 -0.26 -0.23 -0.23 -0.24 -0.23 -0.22 -0.21 -0.21 -0.20 -0.21 17011992 00
 -0.20 -0.20 -0.21 -0.21 -0.21 -0.23 -0.24 -0.23 -0.22 -0.21 -0.21 -0.21 17011992 12
 -0.23 -0.21 -0.22 -0.22 -0.20 -0.21 -0.24 -0.26 -0.25 -0.23 -0.22 -0.20 18011992 00
 -0.20 -0.19 -0.19 -0.21 -0.20 -0.18 -0.19 -0.18 -0.20 -0.19 -0.17 -0.16 18011992 12
 -0.16 -0.15 -0.14 -0.15 -0.15 -0.14 -0.16 -0.19 -0.18 -0.19 -0.18 -0.16 19011992 00
 -0.15 -0.17 -0.15 -0.15 -0.16 -0.16 -0.16 -0.18 -0.19 -0.17 -0.18 -0.17 19011992 12
 -0.14 -0.15 -0.16 -0.15 -0.16 -0.17 -0.17 -0.20 -0.22 -0.25 -0.23 -0.24 20011992 00
 -0.22 -0.20 -0.21 -0.18 -0.21 -0.22 -0.20 -0.20 -0.22 -0.22 -0.22 -0.22 20011992 12
 -0.21 -0.18 -0.21 -0.21 -0.21 -0.21 -0.21 -0.19 -0.20 -0.22 -0.20 -0.23 21011992 00
 -0.23 -0.20 -0.20 -0.20 -0.18 -0.19 -0.19 -0.20 -0.23 -0.25 -0.26 -0.22 21011992 12
 -0.23 -0.21 -0.19 -0.21 -0.17 -0.17 -0.19 -0.17 -0.15 -0.18 -0.17 -0.17 22011992 00
 -0.16 -0.16 -0.16 -0.18 -0.16 -0.15 -0.17 -0.18 -0.17 -0.19 -0.22 -0.22 22011992 12
 -0.21 -0.21 -0.19 -0.17 -0.17 -0.12 -0.13 -0.13 -0.12 -0.11 -0.09 -0.08 23011992 00
 -0.08 -0.08 -0.09 -0.08 -0.07 -0.03 -0.04 -0.05 -0.06 -0.07 -0.07 -0.08 23011992 12
 -0.07 -0.08 -0.09 -0.08 -0.07 -0.06 -0.06 -0.08 -0.09 -0.08 -0.07 -0.04 24011992 00
 -0.03 -0.05 -0.05 -0.03 -0.03 -0.04 -0.04 -0.05 -0.06 -0.07 -0.08 -0.11 24011992 12
 -0.14 -0.15 -0.15 -0.13 -0.10 -0.10 -0.09 -0.08 -0.06 -0.03  0.02  0.05 25011992 00
  0.04  0.01 -0.04 -0.09 -0.11 -0.14 -0.18 -0.19 -0.21 -0.26 -0.30 -0.37 25011992 12
 -0.42 -0.41 -0.39 -0.38 -0.32 -0.30 -0.34 -0.31 -0.31 -0.33 -0.30 -0.28 26011992 00
 -0.30 -0.31 -0.32 -0.33 -0.30 -0.29 -0.29 -0.29 -0.28 -0.31 -0.32 -0.31 26011992 12
 -0.34 -0.36 -0.35 -0.35 -0.33 -0.32 -0.32 -0.33 -0.30 -0.31 -0.31 -0.29 27011992 00
 -0.27 -0.31 -0.33 -0.34 -0.32 -0.28 -0.27 -0.27 -0.28 -0.27 -0.27 -0.25 27011992 12
 -0.23 -0.28 -0.33 -0.32 -0.33 -0.30 -0.32 -0.32 -0.33 -0.30 -0.28 -0.28 28011992 00
 -0.28 -0.27 -0.30 -0.30 -0.30 -0.30 -0.29 -0.30 -0.29 -0.29 -0.27 -0.29 28011992 12
 -0.29 -0.29 -0.31 -0.35 -0.32 -0.31 -0.29 -0.28 -0.26 -0.26 -0.26 -0.25 29011992 00
 -0.26 -0.26 -0.26 -0.28 -0.33 -0.31 -0.32 -0.30 -0.32 -0.29 -0.28 -0.25 29011992 12
 -0.24 -0.23 -0.23 -0.21 -0.23 -0.21 -0.20 -0.20 -0.18 -0.19 -0.17 -0.16 30011992 00
 -0.16 -0.18 -0.19 -0.21 -0.23 -0.25 -0.24 -0.23 -0.22 -0.22 -0.21 -0.20 30011992 12
 -0.20 -0.19 -0.20 -0.20 -0.18 -0.17 -0.18 -0.17 -0.18 -0.17 -0.18 -0.17 31011992 00
 -0.18 -0.18 -0.19 -0.20 -0.19 -0.19 -0.21 -0.20 -0.20 -0.19 -0.18 -0.18 31011992 12
 -0.19 -0.18 -0.16 -0.16 -0.16 -0.16 -0.20 -0.22 -0.21 -0.21 -0.20 -0.20 01021992 00
 -0.20 -0.21 -0.20 -0.20 -0.19 -0.18 -0.19 -0.21 -0.20 -0.20 -0.19 -0.18 01021992 12
 -0.16 -0.17 -0.15 -0.14 -0.14 -0.13 -0.14 -0.16 -0.15 -0.14 -0.13 -0.10 02021992 00
 -0.07 -0.04 -0.00  0.01  0.01  0.02  0.04  0.07  0.10  0.12  0.15  0.19 02021992 12
  0.24  0.23  0.19  0.15  0.16  0.14  0.07  0.01 -0.03 -0.06 -0.07 -0.10 03021992 00
 -0.12 -0.14 -0.14 -0.13 -0.13 -0.12 -0.09 -0.05 -0.03 -0.04 -0.01  0.03 03021992 12
  0.11  0.19  0.25  0.30  0.33  0.35  0.34  0.26  0.18  0.13  0.14  0.12 04021992 00
  0.06  0.01 -0.04 -0.07 -0.05 -0.02 -0.02 -0.04 -0.06 -0.08 -0.07 -0.05 04021992 12
 -0.02  0.00  0.01  0.02  0.02  0.00 -0.03 -0.06 -0.09 -0.09 -0.08 -0.06 05021992 00
 -0.07 -0.08 -0.08 -0.09 -0.09 -0.09 -0.10 -0.10 -0.09 -0.10 -0.10 -0.11 05021992 12
 -0.10 -0.07 -0.05 -0.05 -0.04 -0.05 -0.06 -0.07 -0.08 -0.10 -0.09 -0.07 06021992 00
 -0.06 -0.05 -0.04 -0.05 -0.04 -0.03 -0.04 -0.03 -0.02 -0.01 -0.00 -0.00 06021992 12
 -0.02 -0.02  0.00  0.02  0.04  0.05  0.05  0.05  0.04  0.02  0.01  0.00 07021992 00
  0.01 -0.01 -0.01 -0.01 -0.03 -0.02 -0.01 -0.02 -0.03 -0.03 -0.03 -0.03 07021992 12
 -0.03 -0.03 -0.03 -0.02 -0.01  0.00  0.00  0.00  0.01  0.04  0.08  0.11 08021992 00
  0.10  0.08  0.08  0.10  0.14  0.15  0.15  0.15  0.15  0.18  0.23  0.22 08021992 12
  0.20  0.21  0.19  0.21  0.25  0.26  0.26  0.27  0.26  0.23  0.24  0.25 09021992 00
  0.24  0.23  0.21  0.20  0.19  0.19  0.16  0.18  0.17  0.14  0.13  0.12 09021992 12
  0.12  0.14  0.12  0.14  0.17  0.20  0.22  0.24  0.27  0.27  0.24  0.24 10021992 00
  0.23  0.22  0.21  0.17  0.13  0.11  0.07  0.07  0.08  0.05  0.01  0.01 10021992 12
  0.03  0.03  0.04  0.03  0.05  0.08  0.09  0.08  0.06  0.05  0.04  0.06 11021992 00
  0.07  0.05  0.04  0.04  0.05  0.08  0.09  0.09  0.08  0.07  0.08  0.09 11021992 12
  0.11  0.14  0.15  0.15  0.16  0.19  0.22  0.24  0.23  0.23  0.25  0.32 12021992 00
  0.45  0.58  0.58  0.54  0.51  0.52  0.47  0.42  0.31  0.30  0.28  0.21 12021992 12
  0.15  0.18  0.20  0.20  0.23  0.24  0.31  0.33  0.33  0.32  0.33  0.33 13021992 00
  0.30  0.23  0.21  0.18  0.14  0.12  0.11  0.12  0.11  0.11  0.13  0.17 13021992 12
  0.18  0.18  0.18  0.18  0.13  0.12  0.10  0.09  0.09  0.08  0.06  0.06 14021992 00
  0.07  0.10  0.15  0.21  0.25  0.24  0.23  0.20  0.22  0.24  0.27  0.26 14021992 12
  0.27  0.27  0.26  0.25  0.30  0.33  0.31  0.31  0.27  0.27  0.24  0.22 15021992 00
  0.18  0.20  0.18  0.16  0.12  0.08  0.05  0.06  0.08  0.06  0.08  0.07 15021992 12
  0.07  0.10  0.15  0.17  0.14  0.13  0.17  0.17  0.13  0.04 -0.03 -0.08 16021992 00
 -0.09 -0.12 -0.11 -0.13 -0.15 -0.21 -0.27 -0.28 -0.23 -0.20 -0.16 -0.16 16021992 12
 -0.17 -0.16 -0.15 -0.16 -0.16 -0.14 -0.13 -0.14 -0.13 -0.15 -0.14 -0.14 17021992 00
 -0.16 -0.16 -0.14 -0.13 -0.13 -0.13 -0.13 -0.14 -0.10 -0.09 -0.09 -0.06 17021992 12
 -0.05 -0.07 -0.09 -0.09 -0.11 -0.14 -0.19 -0.25 -0.31 -0.31 -0.34 -0.38 18021992 00
 -0.36 -0.38 -0.38 -0.34 -0.35 -0.35 -0.33 -0.35 -0.33 -0.35 -0.31 -0.31 18021992 12
 -0.26 -0.22 -0.25 -0.22 -0.23 -0.24 -0.23 -0.21 -0.24 -0.24 -0.25 -0.26 19021992 00
 -0.25 -0.22 -0.24 -0.22 -0.22 -0.22 -0.22 -0.20 -0.20 -0.23 -0.20 -0.20 19021992 12
 -0.21 -0.18 -0.17 -0.17 -0.13 -0.14 -0.14 -0.14 -0.13 -0.12 -0.11 -0.11 20021992 00
 -0.12 -0.10 -0.07 -0.08 -0.07 -0.08 -0.08 -0.07 -0.08 -0.10 -0.12 -0.11 20021992 12
 -0.10 -0.11 -0.08 -0.10 -0.11 -0.12 -0.13 -0.14 -0.15 -0.17 -0.20 -0.19 21021992 00
 -0.19 -0.20 -0.17 -0.16 -0.14 -0.11 -0.13 -0.12 -0.10 -0.06 -0.03 -0.01 21021992 12
  0.01  0.04  0.08  0.13  0.19  0.21  0.24  0.27  0.30  0.33  0.36  0.38 22021992 00
  0.35  0.35  0.32  0.30  0.36  0.32  0.35  0.39  0.35  0.31  0.32  0.28 22021992 12
  0.25  0.25  0.18  0.15  0.16  0.12  0.07  0.07  0.02 -0.08 -0.16 -0.21 23021992 00
 -0.24 -0.20 -0.19 -0.17 -0.14 -0.17 -0.15 -0.14 -0.11 -0.05  0.03  0.07 23021992 12
  0.09  0.11  0.12  0.15  0.18  0.19  0.16  0.14  0.13  0.11  0.06  0.01 24021992 00
 -0.03 -0.05 -0.06 -0.08 -0.10 -0.11 -0.11 -0.11 -0.12 -0.13 -0.13 -0.13 24021992 12
 -0.14 -0.14 -0.14 -0.13 -0.11 -0.08 -0.09 -0.09 -0.08 -0.08 -0.06 -0.05 25021992 00
 -0.04 -0.03 -0.04 -0.05 -0.03 -0.02 -0.01 -0.01 -0.01 -0.01 -0.01  0.02 25021992 12
  0.09  0.14  0.16  0.18  0.21  0.23  0.25  0.28  0.29  0.28  0.24  0.17 26021992 00
  0.09 -0.00 -0.05 -0.11 -0.11 -0.13 -0.14 -0.18 -0.18 -0.18 -0.15 -0.09 26021992 12
  0.01  0.14  0.21  0.22  0.20  0.21  0.30  0.39  0.47  0.54  0.59  0.58 27021992 00
  0.52  0.49  0.47  0.38  0.28  0.13  0.01 -0.07 -0.18 -0.26 -0.27 -0.25 27021992 12
 -0.23 -0.26 -0.28 -0.25 -0.24 -0.20 -0.21 -0.19 -0.19 -0.18 -0.20 -0.20 28021992 00
 -0.18 -0.13 -0.09 -0.07 -0.05 -0.02  0.03  0.06  0.08  0.07  0.06  0.04 28021992 12
  0.04  0.04  0.04  0.03  0.02  0.03  0.03  0.02  0.02  0.04  0.07  0.08 29021992 00
  0.09  0.12  0.13  0.13  0.13  0.14  0.15  0.12  0.09  0.07  0.09  0.10 29021992 12
  0.11  0.10  0.10  0.12  0.14  0.15  0.16  0.13  0.13  0.12  0.11  0.08 01031992 00
  0.06  0.04  0.05  0.06  0.07  0.07  0.07  0.06  0.04  0.05  0.06  0.07 01031992 12
  0.05  0.04  0.03  0.05  0.04 -0.01 -0.06 -0.06 -0.06 -0.05 -0.06 -0.05 02031992 00
 -0.06 -0.05 -0.03 -0.02 -0.00  0.01  0.02  0.04  0.07  0.08  0.08  0.09 02031992 12
  0.11  0.16  0.18  0.19  0.21  0.23  0.19  0.14  0.09  0.05  0.02 -0.03 03031992 00
 -0.06 -0.09 -0.10 -0.11 -0.12 -0.14 -0.15 -0.13 -0.12 -0.10 -0.09 -0.05 03031992 12
 -0.01  0.02  0.05  0.06  0.07  0.08  0.07  0.07  0.05  0.04  0.03  0.03 04031992 00
  0.02  0.01  0.01  0.01  0.02  0.03  0.02 -0.00 -0.03 -0.05 -0.05 -0.05 04031992 12
 -0.04 -0.03 -0.04 -0.04 -0.04 -0.04 -0.04 -0.03 -0.03 -0.03 -0.03 -0.02 05031992 00
 -0.02  0.01  0.04  0.07  0.08  0.09  0.10  0.10  0.10  0.11  0.14  0.14 05031992 12
  0.13  0.11  0.10  0.10  0.08  0.07  0.03 -0.03 -0.06 -0.08 -0.10 -0.11 06031992 00
 -0.11 -0.08 -0.04 -0.01  0.03  0.03  0.05  0.10  0.21  0.29  0.29  0.26 06031992 12
  0.23  0.20  0.22  0.25  0.21  0.23  0.23  0.19  0.15  0.14  0.12  0.11 07031992 00
  0.11  0.08  0.06  0.07  0.05  0.02 -0.01 -0.07 -0.12 -0.17 -0.19 -0.19 07031992 12
 -0.19 -0.18 -0.18 -0.20 -0.20 -0.20 -0.21 -0.21 -0.19 -0.18 -0.19 -0.21 08031992 00
 -0.21 -0.20 -0.19 -0.19 -0.20 -0.18 -0.18 -0.19 -0.17 -0.17 -0.20 -0.18 08031992 12
 -0.19 -0.18 -0.14 -0.12 -0.11 -0.06 -0.07 -0.07 -0.04  0.00  0.04  0.05 09031992 00
  0.04  0.02  0.01  0.01  0.02  0.01  0.01  0.00 -0.02 -0.03 -0.03 -0.01 09031992 12
 -0.00  0.02  0.02  0.05  0.10  0.13  0.15  0.16  0.18  0.19  0.22  0.21 10031992 00
  0.17  0.15  0.13  0.14  0.11  0.10  0.08  0.10  0.10  0.09  0.06  0.04 10031992 12
  0.02  0.03  0.05  0.07  0.08  0.06  0.06  0.05  0.05  0.03 -0.01 -0.04 11031992 00
 -0.10 -0.11 -0.08 -0.07 -0.05 -0.02  0.00  0.07  0.14  0.23  0.32  0.39 11031992 12
  0.45  0.44  0.46  0.43  0.43  0.46  0.50  0.40  0.36  0.33  0.30  0.27 12031992 00
  0.22  0.21  0.20  0.25  0.21  0.23  0.22  0.25  0.26  0.26  0.24  0.25 12031992 12
  0.26  0.27  0.26  0.29  0.34  0.40  0.42  0.42  0.41  0.44  0.48  0.50 13031992 00
  0.45  0.35  0.31  0.26  0.20  0.16  0.15  0.13  0.13  0.10  0.09  0.04 13031992 12
  0.01  0.02  0.02  0.01 -0.02 -0.01  0.02  0.06  0.08  0.08  0.09  0.09 14031992 00
  0.10  0.12  0.13  0.12  0.09  0.08  0.07  0.04  0.02 -0.04 -0.06 -0.08 14031992 12
 -0.08 -0.08 -0.08 -0.05 -0.02  0.01  0.02  0.00 -0.01 -0.02 -0.02 -0.02 15031992 00
 -0.03 -0.03 -0.02 -0.02 -0.04 -0.07 -0.09 -0.08 -0.07 -0.07 -0.07 -0.08 15031992 12
 -0.09 -0.08 -0.08 -0.08 -0.09 -0.10 -0.10 -0.10 -0.09 -0.08 -0.08 -0.07 16031992 00
 -0.08 -0.08 -0.09 -0.09 -0.09 -0.09 -0.08 -0.08 -0.08 -0.08 -0.07 -0.06 16031992 12
 -0.07 -0.07 -0.06 -0.06 -0.06 -0.07 -0.10 -0.12 -0.12 -0.12 -0.12 -0.10 17031992 00
 -0.10 -0.09 -0.07 -0.07 -0.06 -0.05 -0.04 -0.04 -0.04 -0.05 -0.04 -0.03 17031992 12
 -0.02 -0.02 -0.01 -0.01  0.00  0.01  0.01  0.03  0.03  0.05  0.07  0.10 18031992 00
  0.13  0.15  0.15  0.15  0.15  0.12  0.09  0.06  0.02 -0.02 -0.04 -0.04 18031992 12
 -0.05 -0.06 -0.06 -0.07 -0.07 -0.07 -0.09 -0.09 -0.08 -0.08 -0.07 -0.06 19031992 00
 -0.05 -0.03 -0.02  0.00  0.02  0.05  0.08  0.14  0.20  0.21  0.20  0.20 19031992 12
  0.18  0.16  0.20  0.17  0.17  0.16  0.13  0.09  0.07  0.06  0.06  0.08 20031992 00
  0.09  0.07  0.08  0.09  0.08  0.08  0.07  0.06  0.08  0.07  0.07  0.07 20031992 12
  0.08  0.10  0.14  0.20  0.24  0.31  0.38  0.40  0.36  0.30  0.23  0.15 21031992 00
  0.15  0.10  0.06  0.13  0.13  0.15  0.14  0.11  0.10  0.10  0.06  0.03 21031992 12
  0.03  0.05  0.08  0.11  0.12  0.13  0.15  0.16  0.15  0.13  0.08  0.04 22031992 00
  0.04  0.03  0.02  0.01  0.03  0.03  0.02  0.01 -0.01 -0.00  0.02  0.04 22031992 12
  0.06  0.08  0.12  0.16  0.17  0.17  0.19  0.22  0.23  0.16  0.06 -0.04 23031992 00
 -0.06 -0.07 -0.09 -0.11 -0.16 -0.20 -0.18 -0.15 -0.14 -0.16 -0.21 -0.28 23031992 12
 -0.29 -0.25 -0.21 -0.20 -0.24 -0.28 -0.26 -0.26 -0.27 -0.27 -0.32 -0.37 24031992 00
 -0.36 -0.34 -0.29 -0.22 -0.20 -0.21 -0.20 -0.16 -0.15 -0.13 -0.11 -0.13 24031992 12
 -0.16 -0.15 -0.14 -0.12 -0.13 -0.14 -0.16 -0.15 -0.16 -0.15 -0.10 -0.07 25031992 00
 -0.07 -0.04  0.01  0.07  0.12  0.18  0.20  0.21  0.22  0.25  0.27  0.23 25031992 12
  0.20  0.17  0.13  0.08  0.01 -0.03 -0.06 -0.11 -0.14 -0.17 -0.18 -0.17 26031992 00
 -0.17 -0.22 -0.24 -0.25 -0.22 -0.22 -0.22 -0.23 -0.20 -0.16 -0.12 -0.08 26031992 12
 -0.06 -0.10 -0.10 -0.10 -0.12 -0.13 -0.16 -0.18 -0.20 -0.19 -0.18 -0.18 27031992 00
 -0.18 -0.17 -0.17 -0.13 -0.10 -0.06 -0.03 -0.01  0.02  0.03  0.05  0.07 27031992 12
  0.09  0.11  0.11  0.08  0.09  0.07  0.04  0.01  0.01  0.01  0.02  0.01 28031992 00
  0.02  0.03  0.04  0.06  0.09  0.10  0.10  0.10  0.11  0.10  0.11  0.11 28031992 12
  0.11  0.10  0.10  0.11  0.11  0.12  0.13  0.13  0.12  0.14  0.16  0.18 29031992 00
  0.18  0.18  0.19  0.21  0.23  0.25  0.23  0.22  0.20  0.20  0.21  0.23 29031992 12
  0.23  0.22  0.21  0.19  0.18  0.20  0.24  0.22  0.20  0.18  0.18  0.19 30031992 00
  0.20  0.21  0.22  0.21  0.20  0.22  0.25  0.22  0.21  0.19  0.21  0.22 30031992 12
  0.23  0.20  0.21  0.22  0.21  0.22  0.25  0.25  0.24  0.22  0.20  0.18 31031992 00
  0.20  0.19  0.20  0.21  0.20  0.19  0.21  0.21  0.19  0.18  0.15  0.13 31031992 12
  0.13  0.11  0.09  0.09  0.10  0.12  0.15  0.16  0.13  0.10  0.08  0.06 01041992 00
  0.06  0.07  0.06  0.06  0.05  0.05  0.07  0.11  0.11  0.10  0.08  0.06 01041992 12
  0.06  0.09  0.09  0.07  0.06  0.06  0.05  0.04  0.04  0.04  0.05  0.06 02041992 00
  0.05  0.06  0.08  0.08  0.07  0.08  0.08  0.07  0.08  0.08  0.08  0.07 02041992 12
  0.06  0.05  0.04  0.03  0.03  0.03  0.02  0.01  0.00 -0.01 -0.01 -0.01 03041992 00
 -0.02 -0.04 -0.04 -0.04 -0.04 -0.04 -0.05 -0.05 -0.05 -0.04 -0.05 -0.04 03041992 12
 -0.03 -0.03 -0.04 -0.04 -0.04 -0.04 -0.04 -0.04 -0.03 -0.03 -0.01 -0.02 04041992 00
 -0.02 -0.02 -0.02 -0.02 -0.01 -0.02 -0.02 -0.02 -0.02 -0.02 -0.03 -0.03 04041992 12
 -0.02 -0.00  0.01  0.02  0.03  0.02  0.01  0.01  0.01  0.01  0.00  0.00 05041992 00
  0.00  0.01  0.02  0.04  0.05  0.06  0.06  0.08  0.11  0.13  0.14  0.13 05041992 12
  0.14  0.13  0.16  0.21  0.20  0.21  0.21  0.20  0.21  0.23  0.22  0.22 06041992 00
  0.20  0.16  0.14  0.16  0.15  0.16  0.18  0.17  0.17  0.19  0.21  0.21 06041992 12
  0.20  0.18  0.18  0.21  0.21  0.19  0.19  0.18  0.16  0.15  0.18  0.18 07041992 00
  0.18  0.19  0.16  0.17  0.19  0.17  0.17  0.17  0.15  0.14  0.15  0.14 07041992 12
  0.15  0.13  0.11  0.09  0.08  0.05  0.04  0.03  0.00 -0.03 -0.05 -0.05 08041992 00
 -0.05 -0.04 -0.05 -0.05 -0.05 -0.05 -0.06 -0.07 -0.07 -0.07 -0.05 -0.04 08041992 12
 -0.04 -0.05 -0.07 -0.09 -0.11 -0.11 -0.11 -0.10 -0.10 -0.11 -0.11 -0.11 09041992 00
 -0.10 -0.09 -0.09 -0.08 -0.07 -0.05 -0.06 -0.05 -0.06 -0.06 -0.05 -0.03 09041992 12
 -0.04 -0.05 -0.06 -0.06 -0.05 -0.04 -0.05 -0.06 -0.06 -0.06 -0.06 -0.05 10041992 00
 -0.06 -0.07 -0.08 -0.08 -0.07 -0.06 -0.06 -0.07 -0.06 -0.06 -0.06 -0.05 10041992 12
 -0.05 -0.07 -0.07 -0.06 -0.04 -0.02 -0.02 -0.03 -0.03 -0.02 -0.02 -0.02 11041992 00
 -0.01 -0.01 -0.02 -0.03 -0.02 -0.01 -0.01 -0.00 -0.01 -0.00  0.00  0.01 11041992 12
  0.02  0.03  0.03  0.03  0.03  0.03  0.02  0.02  0.02  0.02  0.03  0.04 12041992 00
  0.03  0.04  0.02  0.01  0.02  0.05  0.06  0.05  0.05  0.06  0.09  0.11 12041992 12
  0.15  0.18  0.22  0.26  0.30  0.26  0.25  0.25  0.25  0.22  0.19  0.13 13041992 00
  0.10  0.05  0.00 -0.06 -0.09 -0.10 -0.10 -0.07 -0.03  0.02  0.07  0.09 13041992 12
  0.12  0.13  0.14  0.15  0.17  0.19  0.19  0.19  0.19  0.17  0.18  0.21 14041992 00
  0.19  0.17  0.17  0.16  0.15  0.17  0.18  0.17  0.17  0.16  0.16  0.17 14041992 12
  0.19  0.17  0.17  0.15  0.10  0.02 -0.02 -0.04 -0.05 -0.07 -0.06 -0.11 15041992 00
 -0.14 -0.11 -0.06 -0.05 -0.03 -0.04 -0.10 -0.11 -0.07 -0.05 -0.04 -0.05 15041992 12
 -0.08 -0.08 -0.05 -0.07 -0.11 -0.15 -0.19 -0.19 -0.16 -0.17 -0.17 -0.14 16041992 00
 -0.14 -0.15 -0.13 -0.13 -0.12 -0.10 -0.08 -0.09 -0.08 -0.08 -0.07 -0.05 16041992 12
 -0.02 -0.02 -0.01 -0.03 -0.04 -0.05 -0.06 -0.07 -0.08 -0.09 -0.10 -0.09 17041992 00
 -0.06 -0.02  0.01  0.03  0.03  0.03  0.03  0.01 -0.02  0.01  0.05  0.05 17041992 12
  0.04  0.01  0.00 -0.00  0.02  0.03  0.04  0.04  0.04  0.01 -0.01  0.00 18041992 00
  0.02  0.01  0.04  0.05  0.06  0.05  0.03 -0.01 -0.05 -0.06 -0.06 -0.07 18041992 12
 -0.08 -0.07 -0.08 -0.09 -0.10 -0.10 -0.11 -0.12 -0.13 -0.12 -0.13 -0.13 19041992 00
 -0.11 -0.11 -0.09 -0.12 -0.10 -0.11 -0.12 -0.12 -0.11 -0.13 -0.12 -0.11 19041992 12
 -0.10 -0.09 -0.07 -0.08 -0.07 -0.07 -0.08 -0.08 -0.08 -0.08 -0.07 -0.06 20041992 00
 -0.05 -0.03 -0.01  0.01  0.03  0.03  0.01  0.01  0.02  0.02  0.03  0.04 20041992 12
  0.04  0.02  0.02  0.03  0.04  0.05  0.05  0.05  0.04  0.04  0.01 -0.00 21041992 00
 -0.02 -0.03 -0.04 -0.05 -0.05 -0.05 -0.05 -0.05 -0.07 -0.08 -0.08 -0.10 21041992 12
 -0.09 -0.09 -0.08 -0.07 -0.06 -0.04 -0.04 -0.04 -0.03 -0.03 -0.02 -0.01 22041992 00
  0.01  0.03  0.05  0.06  0.09  0.12  0.13  0.13  0.13  0.13  0.14  0.15 22041992 12
  0.15  0.14  0.13  0.13  0.13  0.13  0.12  0.11  0.11  0.10  0.09  0.10 23041992 00
  0.13  0.14  0.15  0.13  0.14  0.17  0.20  0.21  0.22  0.24  0.27  0.31 23041992 12
  0.37  0.38  0.36  0.34  0.37  0.37  0.39  0.35  0.34  0.35  0.37  0.43 24041992 00
  0.51  0.53  0.46  0.36  0.32  0.32  0.30  0.26  0.23  0.22  0.19  0.19 24041992 12
  0.23  0.26  0.22  0.21  0.22  0.23  0.22  0.21  0.19  0.20  0.23  0.23 25041992 00
  0.24  0.24  0.25  0.20  0.17  0.19  0.23  0.23  0.23  0.25  0.28  0.28 25041992 12
  0.26  0.31  0.35  0.38  0.36  0.39  0.41  0.40  0.33  0.26  0.21  0.19 26041992 00
  0.16  0.18  0.19  0.21  0.22  0.24  0.26  0.32  0.35  0.37  0.36  0.37 26041992 12
  0.35  0.31  0.29  0.27  0.29  0.26  0.21  0.21  0.20  0.22  0.25  0.28 27041992 00
  0.30  0.29  0.30  0.27  0.25  0.18  0.17  0.15  0.14  0.11  0.09  0.05 27041992 12
  0.04  0.03  0.01 -0.00  0.02  0.04  0.03  0.03  0.04  0.05  0.05  0.05 28041992 00
  0.06  0.08  0.09  0.08  0.06  0.06  0.05  0.06  0.07  0.06  0.04  0.01 28041992 12
 -0.01 -0.00 -0.01 -0.04 -0.09 -0.13 -0.14 -0.13 -0.10 -0.08 -0.07 -0.06 29041992 00
 -0.05 -0.05 -0.05 -0.03 -0.01 -0.02 -0.03 -0.03 -0.03 -0.03 -0.03 -0.03 29041992 12
 -0.02 -0.00  0.00  0.00  0.01  0.02  0.04  0.04  0.04  0.05  0.06  0.07 30041992 00
  0.08  0.09  0.11  0.12  0.12  0.14  0.15  0.14  0.11  0.11  0.12  0.13 30041992 12
  0.13  0.12  0.12  0.13  0.11  0.07  0.04  0.04  0.04  0.05  0.03  0.03 01051992 00
  0.02  0.04  0.07  0.11  0.14  0.12  0.08  0.04  0.06  0.06  0.06  0.05 01051992 12
  0.03  0.03  0.03  0.04  0.02 -0.01 -0.05 -0.06 -0.06 -0.09 -0.10 -0.10 02051992 00
 -0.12 -0.14 -0.14 -0.15 -0.15 -0.16 -0.16 -0.16 -0.16 -0.16 -0.15 -0.14 02051992 12
 -0.13 -0.12 -0.12 -0.12 -0.13 -0.13 -0.13 -0.15 -0.17 -0.16 -0.16 -0.13 03051992 00
 -0.11 -0.11 -0.11 -0.09 -0.09 -0.10 -0.09 -0.08 -0.08 -0.07 -0.08 -0.09 03051992 12
 -0.08 -0.08 -0.08 -0.07 -0.06 -0.07 -0.07 -0.08 -0.10 -0.10 -0.09 -0.09 04051992 00
 -0.09 -0.08 -0.08 -0.08 -0.07 -0.08 -0.08 -0.07 -0.07 -0.08 -0.07 -0.08 04051992 12
 -0.09 -0.08 -0.08 -0.09 -0.08 -0.09 -0.10 -0.13 -0.17 -0.21 -0.21 -0.20 05051992 00
 -0.19 -0.18 -0.17 -0.19 -0.17 -0.17 -0.17 -0.15 -0.11 -0.08 -0.08 -0.08 05051992 12
 -0.08 -0.07 -0.05 -0.06 -0.06 -0.03 -0.02 -0.02 -0.03 -0.06 -0.08 -0.08 06051992 00
 -0.07 -0.07 -0.06 -0.07 -0.09 -0.08 -0.08 -0.08 -0.08 -0.07 -0.07 -0.09 06051992 12
 -0.08 -0.07 -0.05 -0.01 -0.01  0.02  0.03  0.03  0.04  0.05  0.06  0.05 07051992 00
  0.04  0.06  0.06  0.06  0.05  0.03  0.04  0.04  0.02  0.00  0.02  0.04 07051992 12
  0.05  0.05  0.06  0.09  0.11  0.13  0.13  0.16  0.20  0.23  0.21  0.18 08051992 00
  0.17  0.18  0.22  0.21  0.21  0.20  0.19  0.16  0.17  0.15  0.11  0.06 08051992 12
  0.04  0.03  0.04  0.03  0.03  0.03  0.04  0.05  0.06  0.06  0.08  0.11 09051992 00
  0.16  0.19  0.19  0.18  0.17  0.16  0.14  0.13  0.11  0.11  0.10  0.08 09051992 12
  0.05  0.07  0.07  0.07  0.06  0.05  0.06  0.08  0.08  0.07  0.05  0.04 10051992 00
  0.04  0.06  0.09  0.08  0.08  0.06  0.06  0.05  0.05  0.05  0.05  0.06 10051992 12
  0.06  0.06  0.06  0.06  0.05  0.05  0.05  0.05  0.05  0.04  0.04  0.04 11051992 00
  0.03  0.03  0.05  0.08  0.10  0.10  0.11  0.13  0.18  0.27  0.37  0.44 11051992 12
  0.48  0.49  0.50  0.50  0.49  0.39  0.33  0.27  0.27  0.25  0.20  0.15 12051992 00
  0.17  0.13  0.09  0.09  0.10  0.08  0.05  0.03  0.01  0.04  0.07  0.07 12051992 12
  0.05  0.04  0.02 -0.01 -0.01 -0.01 -0.02 -0.02 -0.02 -0.01 -0.01 -0.02 13051992 00
 -0.02 -0.01  0.01  0.00  0.01  0.02  0.00 -0.02 -0.03 -0.03 -0.02 -0.02 13051992 12
 -0.03 -0.03 -0.04 -0.04 -0.04 -0.04 -0.03 -0.02 -0.02 -0.01  0.01  0.06 14051992 00
  0.09  0.11  0.10  0.11  0.15  0.20  0.21  0.19  0.17  0.14  0.11  0.09 14051992 12
  0.07  0.04  0.02  0.02 -0.03 -0.07 -0.07 -0.08 -0.07 -0.06 -0.06 -0.05 15051992 00
 -0.06 -0.06 -0.04 -0.04 -0.05 -0.06 -0.11 -0.18 -0.21 -0.22 -0.22 -0.23 15051992 12
 -0.25 -0.28 -0.26 -0.25 -0.27 -0.27 -0.30 -0.33 -0.34 -0.29 -0.30 -0.26 16051992 00
 -0.25 -0.28 -0.27 -0.27 -0.28 -0.27 -0.26 -0.26 -0.26 -0.27 -0.26 -0.24 16051992 12
 -0.21 -0.21 -0.21 -0.19 -0.22 -0.23 -0.22 -0.22 -0.24 -0.23 -0.24 -0.23 17051992 00
 -0.22 -0.20 -0.22 -0.19 -0.19 -0.20 -0.18 -0.17 -0.18 -0.20 -0.19 -0.21 17051992 12
 -0.18 -0.15 -0.17 -0.16 -0.16 -0.16 -0.15 -0.14 -0.15 -0.15 -0.17 -0.15 18051992 00
 -0.14 -0.12 -0.11 -0.11 -0.10 -0.12 -0.12 -0.10 -0.09 -0.11 -0.10 -0.11 18051992 12
 -0.09 -0.07 -0.07 -0.08 -0.08 -0.09 -0.09 -0.08 -0.09 -0.11 -0.11 -0.09 19051992 00
 -0.09 -0.08 -0.07 -0.07 -0.07 -0.07 -0.09 -0.09 -0.09 -0.10 -0.08 -0.08 19051992 12
 -0.08 -0.08 -0.08 -0.10 -0.10 -0.09 -0.09 -0.09 -0.10 -0.12 -0.14 -0.14 20051992 00
 -0.14 -0.12 -0.10 -0.10 -0.10 -0.08 -0.09 -0.09 -0.09 -0.10 -0.10 -0.09 20051992 12
 -0.10 -0.09 -0.08 -0.09 -0.10 -0.11 -0.12 -0.11 -0.09 -0.08 -0.09 -0.09 21051992 00
 -0.09 -0.09 -0.08 -0.08 -0.08 -0.08 -0.06 -0.07 -0.07 -0.06 -0.06 -0.07 21051992 12
 -0.07 -0.08 -0.08 -0.08 -0.08 -0.09 -0.08 -0.07 -0.07 -0.06 -0.05 -0.05 22051992 00
 -0.06 -0.06 -0.06 -0.05 -0.04 -0.04 -0.04 -0.04 -0.05 -0.07 -0.08 -0.09 22051992 12
 -0.09 -0.07 -0.08 -0.09 -0.10 -0.10 -0.09 -0.09 -0.11 -0.11 -0.09 -0.09 23051992 00
 -0.09 -0.08 -0.09 -0.07 -0.06 -0.04 -0.04 -0.03 -0.03 -0.03 -0.03 -0.04 23051992 12
 -0.06 -0.06 -0.07 -0.08 -0.08 -0.07 -0.06 -0.04 -0.03 -0.04 -0.03 -0.01 24051992 00
  0.01  0.01  0.01  0.01  0.02  0.02  0.03  0.03  0.02  0.02  0.03  0.03 24051992 12
  0.02  0.02  0.02  0.01  0.01  0.01  0.01  0.02  0.02  0.01  0.00  0.01 25051992 00
  0.03  0.04  0.04  0.03  0.02  0.01  0.01  0.00 -0.01 -0.01 -0.01 -0.02 25051992 12
 -0.03 -0.04 -0.06 -0.07 -0.07 -0.08 -0.09 -0.09 -0.09 -0.09 -0.08 -0.07 26051992 00
 -0.07 -0.07 -0.09 -0.11 -0.11 -0.12 -0.11 -0.13 -0.14 -0.15 -0.15 -0.14 26051992 12
 -0.12 -0.11 -0.09 -0.12 -0.11 -0.10 -0.11 -0.11 -0.13 -0.13 -0.12 -0.13 27051992 00
 -0.15 -0.15 -0.13 -0.14 -0.15 -0.16 -0.15 -0.10 -0.09 -0.06 -0.08 -0.08 27051992 12
 -0.06 -0.04 -0.03 -0.03 -0.06 -0.05 -0.04 -0.05 -0.06 -0.06 -0.04 -0.02 28051992 00
 -0.03 -0.04 -0.03 -0.00  0.01  0.02  0.02  0.01  0.02  0.03  0.05  0.06 28051992 12
  0.07  0.05  0.03  0.01  0.00  0.00  0.01  0.01 -0.00 -0.02 -0.02 -0.01 29051992 00
  0.01  0.03  0.04  0.03  0.03  0.03  0.03  0.03  0.02  0.02  0.01 -0.01 29051992 12
 -0.02 -0.03 -0.03 -0.04 -0.04 -0.04 -0.04 -0.03 -0.03 -0.04 -0.03 -0.02 30051992 00
 -0.01  0.01  0.01  0.01  0.02  0.02  0.01  0.01  0.01  0.01  0.00 -0.00 30051992 12
 -0.00 -0.01 -0.01 -0.02 -0.03 -0.03 -0.03 -0.03 -0.03 -0.03 -0.01  0.01 31051992 00
  0.02  0.01  0.01  0.00  0.01  0.03  0.04  0.04  0.04  0.03  0.03  0.02 31051992 12
  0.02  0.02  0.01  0.01  0.02  0.02  0.02  0.02  0.02  0.02  0.03  0.03 01061992 00
  0.03  0.04  0.04  0.03  0.04  0.05  0.06  0.07  0.08  0.08  0.07  0.07 01061992 12
  0.08  0.08  0.09  0.09  0.10  0.11  0.10  0.10  0.11  0.11  0.10  0.11 02061992 00
  0.09  0.08  0.10  0.07  0.07  0.07  0.06  0.04  0.04  0.04  0.04  0.04 02061992 12
  0.03  0.02  0.02  0.01  0.00  0.00 -0.00 -0.00 -0.00  0.00  0.00  0.01 03061992 00
  0.00  0.00  0.00  0.00  0.00  0.01  0.01  0.01 -0.00 -0.01 -0.01 -0.02 03061992 12
 -0.02 -0.02 -0.04 -0.05 -0.06 -0.06 -0.07 -0.08 -0.10 -0.12 -0.11 -0.12 04061992 00
 -0.12 -0.11 -0.10 -0.09 -0.12 -0.11 -0.12 -0.13 -0.12 -0.10 -0.12 -0.13 04061992 12
 -0.14 -0.13 -0.11 -0.10 -0.12 -0.10 -0.11 -0.12 -0.12 -0.10 -0.09 -0.07 05061992 00
 -0.08 -0.09 -0.09 -0.08 -0.08 -0.09 -0.08 -0.09 -0.11 -0.13 -0.16 -0.18 05061992 12
 -0.16 -0.16 -0.16 -0.14 -0.14 -0.15 -0.13 -0.14 -0.14 -0.13 -0.12 -0.13 06061992 00
 -0.12 -0.11 -0.11 -0.10 -0.10 -0.10 -0.10 -0.09 -0.09 -0.09 -0.08 -0.09 06061992 12
 -0.10 -0.10 -0.10 -0.09 -0.08 -0.08 -0.08 -0.06 -0.07 -0.07 -0.05 -0.04 07061992 00
 -0.03 -0.02 -0.02 -0.01  0.01  0.01  0.00  0.01  0.02  0.03  0.02  0.03 07061992 12
  0.03  0.03  0.02  0.02  0.02  0.02  0.03  0.04  0.03  0.03  0.03  0.03 08061992 00
  0.04  0.04  0.06  0.06  0.06  0.06  0.06  0.06  0.07  0.06  0.05  0.05 08061992 12
  0.05  0.04  0.04  0.02  0.02  0.01  0.01  0.02  0.02  0.02  0.03  0.02 09061992 00
  0.02  0.01  0.01  0.01  0.01  0.02  0.01  0.00  0.00  0.00 -0.00  0.00 09061992 12
  0.01  0.00 -0.01 -0.01 -0.02 -0.03 -0.04 -0.04 -0.04 -0.04 -0.04 -0.04 10061992 00
 -0.05 -0.05 -0.05 -0.04 -0.03 -0.03 -0.03 -0.03 -0.03 -0.04 -0.06 -0.07 10061992 12
 -0.07 -0.07 -0.07 -0.08 -0.10 -0.11 -0.11 -0.11 -0.10 -0.10 -0.10 -0.08 11061992 00
 -0.07 -0.08 -0.08 -0.06 -0.06 -0.07 -0.08 -0.09 -0.09 -0.09 -0.10 -0.10 11061992 12
 -0.09 -0.09 -0.10 -0.10 -0.10 -0.11 -0.12 -0.11 -0.11 -0.11 -0.11 -0.12 12061992 00
 -0.11 -0.10 -0.10 -0.10 -0.10 -0.10 -0.11 -0.11 -0.11 -0.11 -0.10 -0.10 12061992 12
 -0.10 -0.09 -0.09 -0.10 -0.09 -0.10 -0.12 -0.12 -0.11 -0.11 -0.10 -0.09 13061992 00
 -0.10 -0.09 -0.07 -0.08 -0.07 -0.05 -0.05 -0.07 -0.07 -0.06 -0.06 -0.04 13061992 12
 -0.03 -0.04 -0.05 -0.06 -0.07 -0.06 -0.05 -0.06 -0.05 -0.05 -0.05 -0.06 14061992 00
 -0.05 -0.04 -0.03 -0.03 -0.04 -0.04 -0.05 -0.06 -0.06 -0.05 -0.04 -0.03 14061992 12
 -0.04 -0.04 -0.04 -0.04 -0.04 -0.04 -0.05 -0.06 -0.08 -0.09 -0.09 -0.09 15061992 00
 -0.09 -0.10 -0.11 -0.11 -0.12 -0.13 -0.13 -0.14 -0.15 -0.17 -0.17 -0.17 15061992 12
 -0.17 -0.17 -0.18 -0.18 -0.20 -0.22 -0.23 -0.23 -0.25 -0.24 -0.26 -0.25 16061992 00
 -0.22 -0.21 -0.21 -0.21 -0.20 -0.20 -0.21 -0.20 -0.22 -0.22 -0.22 -0.23 16061992 12
 -0.21 -0.21 -0.23 -0.22 -0.21 -0.22 -0.22 -0.21 -0.21 -0.23 -0.23 -0.23 17061992 00
 -0.22 -0.20 -0.19 -0.22 -0.20 -0.20 -0.21 -0.19 -0.20 -0.23 -0.24 -0.25 17061992 12
 -0.25 -0.22 -0.21 -0.22 -0.20 -0.19 -0.22 -0.21 -0.19 -0.21 -0.22 -0.25 18061992 00
 -0.26 -0.24 -0.23 -0.25 -0.25 -0.24 -0.25 -0.26 -0.24 -0.22 -0.22 -0.23 18061992 12
 -0.22 -0.19 -0.16 -0.14 -0.14 -0.13 -0.15 -0.14 -0.11 -0.11 -0.16 -0.18 19061992 00
 -0.20 -0.19 -0.17 -0.19 -0.21 -0.21 -0.21 -0.22 -0.22 -0.21 -0.23 -0.24 19061992 12
 -0.22 -0.22 -0.18 -0.18 -0.19 -0.18 -0.16 -0.16 -0.15 -0.14 -0.17 -0.19 20061992 00
 -0.21 -0.20 -0.19 -0.18 -0.19 -0.19 -0.18 -0.17 -0.17 -0.15 -0.15 -0.17 20061992 12
 -0.16 -0.16 -0.14 -0.14 -0.15 -0.17 -0.15 -0.13 -0.11 -0.12 -0.14 -0.19 21061992 00
 -0.20 -0.18 -0.16 -0.15 -0.15 -0.15 -0.15 -0.13 -0.11 -0.10 -0.09 -0.11 21061992 12
 -0.13 -0.13 -0.12 -0.10 -0.10 -0.11 -0.13 -0.13 -0.13 -0.12 -0.11 -0.11 22061992 00
 -0.12 -0.12 -0.10 -0.09 -0.09 -0.08 -0.08 -0.07 -0.05 -0.04 -0.04 -0.04 22061992 12
 -0.04 -0.04 -0.03 -0.04 -0.05 -0.06 -0.07 -0.07 -0.07 -0.06 -0.06 -0.06 23061992 00
 -0.07 -0.08 -0.06 -0.05 -0.04 -0.04 -0.04 -0.03 -0.02 -0.02 -0.03 -0.04 23061992 12
 -0.04 -0.03 -0.02 -0.02 -0.02 -0.02 -0.02 -0.02 -0.01 -0.01 -0.01 -0.02 24061992 00
 -0.04 -0.05 -0.04 -0.03 -0.03 -0.03 -0.04 -0.04 -0.03 -0.03 -0.04 -0.04 24061992 12
 -0.04 -0.04 -0.05 -0.06 -0.06 -0.06 -0.06 -0.06 -0.05 -0.04 -0.05 -0.05 25061992 00
 -0.06 -0.06 -0.05 -0.05 -0.06 -0.06 -0.07 -0.07 -0.05 -0.04 -0.04 -0.04 25061992 12
 -0.05 -0.05 -0.05 -0.06 -0.08 -0.09 -0.10 -0.09 -0.06 -0.07 -0.08 -0.09 26061992 00
 -0.11 -0.11 -0.10 -0.11 -0.12 -0.11 -0.11 -0.09 -0.08 -0.08 -0.10 -0.11 26061992 12
 -0.12 -0.12 -0.11 -0.09 -0.11 -0.12 -0.13 -0.12 -0.10 -0.10 -0.10 -0.11 27061992 00
 -0.11 -0.11 -0.10 -0.09 -0.10 -0.12 -0.12 -0.11 -0.09 -0.08 -0.08 -0.10 27061992 12
 -0.11 -0.11 -0.11 -0.10 -0.09 -0.10 -0.11 -0.10 -0.10 -0.09 -0.09 -0.09 28061992 00
 -0.08 -0.08 -0.08 -0.08 -0.07 -0.07 -0.07 -0.07 -0.08 -0.07 -0.07 -0.07 28061992 12
 -0.07 -0.06 -0.07 -0.06 -0.06 -0.05 -0.04 -0.04 -0.03 -0.04 -0.03 -0.03 29061992 00
 -0.04 -0.04 -0.03 -0.02 -0.02 -0.01 -0.00  0.00  0.01  0.02  0.02  0.02 29061992 12
  0.02  0.02  0.01  0.00  0.00  0.00  0.00  0.01  0.00  0.00  0.01  0.01 30061992 00
  0.01  0.00 -0.00 -0.00  0.01  0.03  0.04  0.04  0.03  0.02  0.03  0.02 30061992 12
  0.02  0.02  0.02  0.01 -0.00 -0.00  0.00  0.00 -0.01 -0.01 -0.02 -0.03 01071992 00
 -0.04 -0.02 -0.02 -0.03 -0.03 -0.04 -0.05 -0.07 -0.11 -0.12 -0.11 -0.10 01071992 12
 -0.10 -0.09 -0.11 -0.11 -0.12 -0.13 -0.12 -0.10 -0.11 -0.11 -0.12 -0.10 02071992 00
 -0.10 -0.08 -0.06 -0.06 -0.04 -0.05 -0.06 -0.04 -0.02 -0.00 -0.01 -0.03 02071992 12
 -0.04 -0.03 -0.03 -0.02 -0.02 -0.03 -0.04 -0.04 -0.03 -0.01  0.01  0.01 03071992 00
  0.02  0.02  0.02  0.03  0.03  0.03  0.02  0.01  0.01  0.02  0.03  0.05 03071992 12
  0.05  0.04  0.03  0.04  0.05  0.05  0.04  0.04  0.03  0.00 -0.03 -0.04 04071992 00
 -0.04 -0.04 -0.03 -0.04 -0.05 -0.05 -0.04 -0.03 -0.04 -0.05 -0.07 -0.08 04071992 12
 -0.08 -0.06 -0.05 -0.05 -0.08 -0.09 -0.08 -0.09 -0.10 -0.11 -0.14 -0.20 05071992 00
 -0.19 -0.18 -0.16 -0.14 -0.13 -0.16 -0.15 -0.15 -0.15 -0.14 -0.13 -0.15 05071992 12
 -0.15 -0.15 -0.14 -0.13 -0.14 -0.15 -0.15 -0.13 -0.13 -0.13 -0.12 -0.12 06071992 00
 -0.14 -0.14 -0.13 -0.12 -0.10 -0.10 -0.13 -0.12 -0.11 -0.12 -0.12 -0.12 06071992 12
 -0.13 -0.15 -0.15 -0.15 -0.13 -0.12 -0.12 -0.12 -0.11 -0.12 -0.11 -0.10 07071992 00
 -0.11 -0.12 -0.12 -0.13 -0.11 -0.10 -0.11 -0.11 -0.10 -0.11 -0.12 -0.12 07071992 12
 -0.11 -0.12 -0.12 -0.12 -0.12 -0.10 -0.10 -0.09 -0.08 -0.07 -0.08 -0.09 08071992 00
 -0.10 -0.11 -0.11 -0.10 -0.09 -0.09 -0.09 -0.09 -0.09 -0.08 -0.08 -0.09 08071992 12
 -0.08 -0.07 -0.07 -0.08 -0.09 -0.09 -0.08 -0.07 -0.04 -0.03 -0.03 -0.04 09071992 00
 -0.04 -0.03 -0.01 -0.00  0.00 -0.00 -0.01 -0.01 -0.00  0.00  0.01  0.02 09071992 12
  0.03  0.03  0.04  0.04  0.03  0.03  0.03  0.04  0.04  0.03  0.03  0.02 10071992 00
  0.01  0.01  0.01  0.01  0.01  0.01  0.01  0.01  0.02  0.03  0.02  0.02 10071992 12
  0.01  0.02  0.03  0.05  0.07  0.09  0.10  0.10  0.10  0.10  0.10  0.12 11071992 00
  0.13  0.14  0.15  0.16  0.14  0.14  0.14  0.14  0.14  0.14  0.15  0.15 11071992 12
  0.16  0.15  0.16  0.16  0.15  0.13  0.12  0.10  0.12  0.10  0.10  0.09 12071992 00
  0.10  0.09  0.08  0.08  0.07  0.06  0.05  0.05  0.06  0.07  0.06  0.07 12071992 12
  0.08  0.08  0.08  0.10  0.10  0.09  0.09  0.12  0.15  0.16  0.13  0.12 13071992 00
  0.11  0.12  0.11  0.11  0.10  0.07  0.06  0.07  0.07  0.07  0.07  0.07 13071992 12
  0.08  0.10  0.10  0.10  0.08  0.04  0.00 -0.01 -0.01 -0.02 -0.04 -0.05 14071992 00
 -0.05 -0.04 -0.02 -0.03 -0.04 -0.05 -0.07 -0.07 -0.06 -0.06 -0.06 -0.06 14071992 12
 -0.06 -0.04 -0.03 -0.04 -0.05 -0.07 -0.08 -0.08 -0.06 -0.05 -0.06 -0.05 15071992 00
 -0.04 -0.02 -0.00  0.01  0.00 -0.01 -0.02 -0.02 -0.00  0.02  0.03  0.02 15071992 12
  0.01  0.01  0.01  0.01  0.00  0.01  0.01  0.00  0.00 -0.00 -0.01 -0.00 16071992 00
 -0.01  0.00  0.02  0.03  0.03  0.04  0.04  0.04  0.05  0.06  0.07  0.06 16071992 12
  0.07  0.07  0.08  0.09  0.08  0.09  0.10  0.09  0.10  0.10  0.08  0.09 17071992 00
  0.09  0.08  0.08  0.09  0.09  0.09  0.10  0.10  0.11  0.12  0.13  0.12 17071992 12
  0.13  0.11  0.11  0.12  0.12  0.13  0.14  0.13  0.10  0.09  0.08  0.07 18071992 00
  0.08  0.06  0.08  0.10  0.11  0.12  0.13  0.13  0.12  0.14  0.15  0.15 18071992 12
  0.15  0.13  0.13  0.15  0.15  0.14  0.13  0.12  0.12  0.12  0.12  0.10 19071992 00
  0.10  0.09  0.07  0.08  0.08  0.06  0.06  0.06  0.07  0.07  0.08  0.06 19071992 12
  0.05  0.06  0.05  0.04  0.04  0.04  0.04  0.04  0.03  0.02  0.02  0.01 20071992 00
  0.02  0.02  0.01  0.01  0.01  0.02  0.02  0.03  0.03  0.03  0.03  0.04 20071992 12
  0.04  0.05  0.05  0.05  0.06  0.07  0.05  0.05  0.05  0.05  0.07  0.08 21071992 00
  0.07  0.06  0.06  0.06  0.07  0.06  0.05  0.04  0.05  0.05  0.03  0.01 21071992 12
  0.01  0.01  0.02  0.00 -0.01 -0.03 -0.04 -0.04 -0.03 -0.04 -0.04 -0.05 22071992 00
 -0.07 -0.08 -0.07 -0.07 -0.06 -0.05 -0.06 -0.05 -0.05 -0.05 -0.05 -0.04 22071992 12
 -0.04 -0.04 -0.04 -0.05 -0.04 -0.04 -0.03 -0.03 -0.02  0.00  0.01  0.03 23071992 00
  0.06  0.10  0.11  0.08  0.05  0.05  0.05  0.06  0.06  0.07  0.08  0.07 23071992 12
  0.05  0.05  0.03  0.01  0.00 -0.01 -0.02 -0.03 -0.03 -0.03 -0.03 -0.04 24071992 00
 -0.05 -0.06 -0.06 -0.07 -0.08 -0.09 -0.10 -0.08 -0.06 -0.05 -0.04 -0.04 24071992 12
 -0.04 -0.02 -0.02 -0.02 -0.03 -0.02  0.00  0.03  0.04  0.03  0.03  0.04 25071992 00
  0.05  0.07  0.10  0.11  0.09  0.08  0.07  0.08  0.09  0.12  0.13  0.13 25071992 12
  0.13  0.11  0.07  0.06  0.06  0.03  0.02  0.01  0.03  0.04  0.03  0.01 26071992 00
 -0.00  0.01  0.06  0.09  0.08  0.06  0.06  0.06  0.06  0.06  0.05  0.03 26071992 12
  0.02  0.02  0.01 -0.00 -0.01 -0.03 -0.05 -0.04 -0.03 -0.03 -0.03 -0.03 27071992 00
 -0.03 -0.02  0.00  0.01  0.01 -0.01 -0.03 -0.03 -0.03 -0.04 -0.05 -0.08 27071992 12
 -0.10 -0.11 -0.12 -0.14 -0.16 -0.22 -0.25 -0.24 -0.22 -0.19 -0.17 -0.17 28071992 00
 -0.18 -0.17 -0.16 -0.16 -0.15 -0.14 -0.16 -0.15 -0.14 -0.14 -0.12 -0.11 28071992 12
 -0.12 -0.12 -0.11 -0.12 -0.12 -0.12 -0.12 -0.13 -0.10 -0.11 -0.11 -0.09 29071992 00
 -0.08 -0.08 -0.05 -0.05 -0.06 -0.06 -0.06 -0.06 -0.07 -0.06 -0.07 -0.06 29071992 12
 -0.07 -0.07 -0.06 -0.05 -0.06 -0.06 -0.06 -0.06 -0.07 -0.08 -0.07 -0.07 30071992 00
 -0.08 -0.08 -0.08 -0.07 -0.08 -0.09 -0.09 -0.10 -0.11 -0.09 -0.11 -0.11 30071992 12
 -0.10 -0.08 -0.09 -0.07 -0.08 -0.08 -0.08 -0.07 -0.07 -0.08 -0.08 -0.08 31071992 00
 -0.08 -0.06 -0.05 -0.04 -0.02 -0.02 -0.02 -0.01  0.01  0.03  0.04  0.04 31071992 12
  0.04  0.04  0.06  0.08  0.09  0.09  0.10  0.10  0.12  0.16  0.16  0.15 01081992 00
  0.14  0.13  0.10  0.12  0.11  0.10  0.09  0.08  0.06  0.06  0.06  0.06 01081992 12
  0.06  0.06  0.04  0.06  0.07  0.07  0.07  0.07  0.07  0.07  0.05  0.05 02081992 00
  0.06  0.05  0.06  0.06  0.07  0.07  0.07  0.08  0.09  0.12  0.17  0.19 02081992 12
  0.18  0.17  0.18  0.21  0.28  0.26  0.26  0.27  0.26  0.26  0.28  0.25 03081992 00
  0.24  0.27  0.27  0.25  0.24  0.28  0.24  0.24  0.23  0.19  0.17  0.16 03081992 12
  0.13  0.10  0.10  0.04  0.01  0.03  0.01  0.03  0.05  0.04 -0.00 -0.02 04081992 00
 -0.04 -0.01 -0.00 -0.01  0.00  0.02  0.02  0.03  0.04  0.06  0.11  0.21 04081992 12
  0.29  0.31  0.30  0.28  0.27  0.26  0.25  0.19  0.21  0.23  0.20  0.13 05081992 00
  0.08  0.05  0.04  0.04  0.01  0.02  0.04  0.05  0.06  0.07  0.08  0.07 05081992 12
  0.06  0.04  0.03  0.04  0.03  0.00 -0.04 -0.07 -0.08 -0.08 -0.09 -0.12 06081992 00
 -0.14 -0.16 -0.17 -0.17 -0.17 -0.15 -0.14 -0.12 -0.12 -0.11 -0.12 -0.11 06081992 12
 -0.10 -0.11 -0.13 -0.13 -0.13 -0.12 -0.12 -0.09 -0.06 -0.06 -0.07 -0.09 07081992 00
 -0.09 -0.08 -0.08 -0.09 -0.09 -0.10 -0.10 -0.10 -0.11 -0.12 -0.12 -0.13 07081992 12
 -0.13 -0.14 -0.14 -0.17 -0.18 -0.18 -0.16 -0.12 -0.11 -0.11 -0.13 -0.13 08081992 00
 -0.13 -0.12 -0.09 -0.08 -0.11 -0.07 -0.06 -0.05 -0.05 -0.04 -0.03 -0.02 08081992 12
 -0.02 -0.01 -0.01  0.01  0.01  0.01  0.02  0.03  0.03  0.03  0.04  0.05 09081992 00
  0.06  0.07  0.08  0.09  0.08  0.06  0.04  0.04  0.03  0.03  0.03  0.03 09081992 12
  0.04  0.04  0.04  0.02  0.00 -0.01 -0.00  0.01  0.02  0.01  0.02  0.01 10081992 00
  0.00  0.01  0.03  0.04  0.05  0.05  0.04  0.05  0.06  0.07  0.08  0.07 10081992 12
  0.07  0.06  0.05  0.04  0.05  0.07  0.10  0.11  0.10  0.09  0.09  0.10 11081992 00
  0.09  0.09  0.09  0.09  0.10  0.10  0.12  0.15  0.16  0.17  0.16  0.16 11081992 12
  0.15  0.17  0.17  0.22  0.27  0.31  0.37  0.42  0.41  0.36  0.31  0.23 12081992 00
  0.19  0.20  0.17  0.18  0.20  0.18  0.14  0.13  0.14  0.15  0.19  0.20 12081992 12
  0.21  0.21  0.20  0.17  0.16  0.13  0.08  0.08  0.06  0.03  0.01 -0.00 13081992 00
  0.02  0.06  0.07  0.08  0.09  0.11  0.10  0.10  0.08  0.05  0.06  0.05 13081992 12
  0.02 -0.01 -0.04 -0.06 -0.07 -0.07 -0.09 -0.09 -0.08 -0.07 -0.06 -0.04 14081992 00
 -0.03 -0.01 -0.02 -0.02 -0.03 -0.04 -0.04 -0.04 -0.04 -0.04 -0.04 -0.05 14081992 12
 -0.04 -0.03 -0.02 -0.01 -0.00  0.00  0.02  0.04  0.08  0.11  0.12  0.12 15081992 00
  0.13  0.14  0.17  0.17  0.14  0.13  0.11  0.09  0.09  0.06  0.06  0.04 15081992 12
  0.03  0.01 -0.00  0.00  0.01  0.03  0.03  0.03  0.03  0.02  0.01  0.00 16081992 00
  0.01  0.01  0.01  0.01 -0.00  0.00  0.00  0.01  0.01  0.02  0.03  0.03 16081992 12
  0.03  0.04  0.04  0.05  0.05  0.06  0.07  0.08  0.11  0.13  0.12  0.09 17081992 00
  0.09  0.07  0.06  0.06  0.04  0.02  0.01 -0.00 -0.02 -0.03 -0.03 -0.03 17081992 12
 -0.03 -0.03 -0.03 -0.04 -0.04 -0.04 -0.04 -0.03 -0.02 -0.03 -0.04 -0.05 18081992 00
 -0.04 -0.03 -0.02 -0.02 -0.01 -0.00  0.00  0.00  0.00  0.01  0.01  0.02 18081992 12
  0.02  0.01  0.00 -0.00 -0.00  0.01  0.01  0.02  0.02  0.01  0.01  0.00 19081992 00
 -0.00 -0.01 -0.00 -0.01 -0.01 -0.02 -0.03 -0.03 -0.03 -0.03 -0.03 -0.03 19081992 12
 -0.02 -0.02 -0.03 -0.04 -0.02 -0.01  0.01  0.02  0.02  0.02  0.02  0.02 20081992 00
  0.03  0.04  0.05  0.05  0.07  0.07  0.07  0.07  0.08  0.09  0.09  0.07 20081992 12
  0.06  0.05  0.04  0.02  0.02  0.01  0.01  0.00  0.01  0.00 -0.01 -0.01 21081992 00
 -0.00  0.00  0.01  0.01  0.01  0.01  0.01  0.01  0.03  0.04  0.04  0.04 21081992 12
  0.03  0.03  0.03  0.02  0.03  0.05  0.09  0.13  0.13  0.10  0.09  0.10 22081992 00
  0.13  0.19  0.22  0.23  0.22  0.21  0.19  0.18  0.19  0.21  0.25  0.26 22081992 12
  0.25  0.20  0.18  0.12  0.12  0.11  0.13  0.14  0.13  0.09  0.05  0.01 23081992 00
 -0.02 -0.02 -0.00 -0.00  0.01  0.01  0.01  0.05  0.07  0.09  0.11  0.12 23081992 12
  0.12  0.12  0.09  0.07  0.05  0.06  0.06  0.07  0.07  0.05  0.04  0.04 24081992 00
  0.04  0.04  0.04  0.06  0.07  0.07  0.07  0.07  0.07  0.08  0.11  0.12 24081992 12
  0.12  0.12  0.14  0.21  0.31  0.38  0.36  0.32  0.26  0.26  0.23  0.22 25081992 00
  0.16  0.18  0.17  0.13  0.10  0.11  0.10  0.12  0.13  0.12  0.12  0.12 25081992 12
  0.12  0.11  0.12  0.12  0.12  0.13  0.11  0.11  0.13  0.11  0.10  0.09 26081992 00
  0.10  0.12  0.14  0.17  0.17  0.17  0.18  0.18  0.17  0.15  0.12  0.11 26081992 12
  0.11  0.10  0.10  0.11  0.12  0.16  0.27  0.32  0.35  0.34  0.32  0.27 27081992 00
  0.26  0.28  0.25  0.28  0.30  0.29  0.32  0.39  0.40  0.39  0.40  0.35 27081992 12
  0.34  0.38  0.32  0.35  0.37  0.32  0.29  0.30  0.29  0.24  0.23  0.20 28081992 00
  0.13  0.15  0.15  0.11  0.13  0.12  0.08  0.08  0.08  0.08  0.08  0.09 28081992 12
  0.09  0.09  0.09  0.07  0.08  0.09  0.08  0.08  0.09  0.08  0.08  0.09 29081992 00
  0.10  0.10  0.12  0.12  0.14  0.15  0.15  0.16  0.21  0.24  0.20  0.20 29081992 12
  0.19  0.18  0.21  0.18  0.18  0.25  0.33  0.39  0.49  0.49  0.47  0.40 30081992 00
  0.39  0.35  0.33  0.41  0.35  0.41  0.46  0.49  0.47  0.47  0.43  0.41 30081992 12
  0.40  0.32  0.23  0.28  0.20  0.23  0.24  0.22  0.20  0.24  0.24  0.22 31081992 00
  0.22  0.24  0.23  0.24  0.26  0.24  0.29  0.31  0.29  0.29  0.29  0.26 31081992 12
  0.26  0.23  0.20  0.17  0.21  0.17  0.20  0.23  0.23  0.21  0.19  0.19 01091992 00
  0.16  0.17  0.14  0.10  0.13  0.09  0.09  0.11  0.09  0.07  0.09  0.09 01091992 12
  0.10  0.12  0.16  0.21  0.28  0.33  0.32  0.32  0.32  0.31  0.30  0.25 02091992 00
  0.22  0.20  0.18  0.16  0.16  0.17  0.15  0.16  0.17  0.17  0.17  0.16 02091992 12
  0.13  0.09  0.08  0.03  0.01 -0.01 -0.02  0.01  0.04  0.05  0.03  0.03 03091992 00
  0.04  0.06  0.09  0.09  0.08  0.06  0.05  0.05  0.05  0.05  0.04  0.01 03091992 12
 -0.02 -0.04 -0.02  0.00 -0.01 -0.03 -0.04 -0.00  0.05  0.06  0.04 -0.01 04091992 00
 -0.04 -0.04 -0.02 -0.01 -0.02 -0.05 -0.09 -0.10 -0.08 -0.07 -0.08 -0.10 04091992 12
 -0.13 -0.13 -0.11 -0.11 -0.12 -0.12 -0.11 -0.08 -0.08 -0.09 -0.12 -0.11 05091992 00
 -0.09 -0.07 -0.07 -0.07 -0.09 -0.08 -0.08 -0.05 -0.03 -0.02 -0.04 -0.05 05091992 12
 -0.05 -0.03 -0.00  0.01  0.02  0.02  0.03  0.06  0.10  0.14  0.18  0.23 06091992 00
  0.26  0.27  0.33  0.38  0.44  0.45  0.42  0.43  0.43  0.46  0.46  0.43 06091992 12
  0.40  0.36  0.34  0.36  0.34  0.26  0.13  0.05  0.04  0.04  0.06  0.09 07091992 00
  0.14  0.22  0.26  0.27  0.27  0.25  0.23  0.18  0.16  0.15  0.12  0.10 07091992 12
  0.09  0.11  0.10  0.06  0.04  0.07  0.09  0.10  0.11  0.11  0.10  0.08 08091992 00
  0.08  0.08  0.10  0.08  0.04  0.00 -0.01 -0.01  0.02  0.04  0.08  0.12 08091992 12
  0.13  0.13  0.14  0.15  0.16  0.15  0.15  0.15  0.14  0.11  0.07  0.06 09091992 00
  0.06  0.05  0.03  0.05  0.05  0.05  0.05  0.04  0.04  0.04  0.03  0.02 09091992 12
  0.01 -0.01 -0.02 -0.01  0.00  0.02  0.06  0.10  0.11  0.11  0.11  0.13 10091992 00
  0.16  0.20  0.20  0.19  0.19  0.18  0.17  0.18  0.19  0.19  0.16  0.13 10091992 12
  0.12  0.14  0.13  0.12  0.14  0.18  0.24  0.25  0.25  0.25  0.27  0.26 11091992 00
  0.26  0.25  0.24  0.23  0.23  0.21  0.16  0.16  0.21  0.23  0.23  0.18 11091992 12
  0.15  0.13  0.09  0.05  0.07  0.04  0.00 -0.01 -0.03 -0.06 -0.07 -0.09 12091992 00
 -0.08 -0.05 -0.04 -0.03 -0.03 -0.04 -0.05 -0.03 -0.00  0.02  0.04  0.06 12091992 12
  0.10  0.12  0.12  0.10  0.10  0.08  0.06  0.03  0.00 -0.00 -0.01 -0.01 13091992 00
 -0.01 -0.01 -0.00  0.00  0.01  0.00  0.01  0.02  0.04  0.05  0.05  0.05 13091992 12
  0.07  0.09  0.11  0.12  0.13  0.14  0.16  0.17  0.17  0.14  0.12  0.11 14091992 00
  0.09  0.07  0.06  0.04  0.02  0.02  0.01 -0.02 -0.02 -0.00 -0.00  0.00 14091992 12
  0.01  0.02  0.05  0.07  0.10  0.14  0.18  0.22  0.30  0.36  0.40  0.40 15091992 00
  0.40  0.34  0.30  0.31  0.22  0.22  0.24  0.18  0.08 -0.01 -0.11 -0.12 15091992 12
 -0.12 -0.15 -0.15 -0.16 -0.17 -0.17 -0.18 -0.17 -0.15 -0.12 -0.11 -0.12 16091992 00
 -0.12 -0.10 -0.08 -0.09 -0.09 -0.08 -0.08 -0.08 -0.05 -0.06 -0.07 -0.08 16091992 12
 -0.07 -0.06 -0.06 -0.06 -0.07 -0.06 -0.05 -0.04 -0.04 -0.05 -0.05 -0.04 17091992 00
 -0.02 -0.01 -0.02 -0.02 -0.02 -0.00  0.01  0.01  0.01  0.02  0.02  0.01 17091992 12
 -0.00 -0.02 -0.03 -0.04 -0.03 -0.03 -0.03 -0.02 -0.01 -0.01 -0.02 -0.04 18091992 00
 -0.05 -0.05 -0.05 -0.05 -0.04 -0.04 -0.04 -0.03 -0.01 -0.01 -0.01 -0.02 18091992 12
 -0.02 -0.03 -0.03 -0.04 -0.04 -0.03 -0.01  0.00  0.01  0.00 -0.01 -0.01 19091992 00
 -0.00  0.00  0.00 -0.01 -0.02 -0.04 -0.06 -0.05 -0.04 -0.04 -0.04 -0.05 19091992 12
 -0.08 -0.08 -0.07 -0.06 -0.05 -0.05 -0.05 -0.04 -0.03 -0.02 -0.02 -0.04 20091992 00
 -0.06 -0.08 -0.07 -0.07 -0.08 -0.09 -0.09 -0.08 -0.07 -0.05 -0.05 -0.05 20091992 12
 -0.05 -0.04 -0.04 -0.06 -0.07 -0.07 -0.06 -0.05 -0.04 -0.04 -0.07 -0.09 21091992 00
 -0.10 -0.07 -0.07 -0.09 -0.11 -0.12 -0.13 -0.11 -0.08 -0.05 -0.02 -0.02 21091992 12
 -0.02 -0.02 -0.02 -0.01  0.01  0.02  0.03  0.03  0.03  0.01 -0.00 -0.01 22091992 00
 -0.02 -0.02 -0.01 -0.02 -0.03 -0.05 -0.05 -0.04 -0.03 -0.02 -0.02 -0.01 22091992 12
 -0.01 -0.01 -0.01 -0.01 -0.02 -0.01  0.00  0.03  0.04  0.04  0.02  0.00 23091992 00
 -0.00 -0.00  0.01  0.02  0.00 -0.01 -0.01 -0.00  0.01  0.02  0.02  0.02 23091992 12
  0.01  0.01  0.01  0.01  0.00 -0.00  0.01  0.02  0.03  0.03  0.04  0.05 24091992 00
  0.06  0.06  0.07  0.07  0.07  0.08  0.06  0.06  0.04  0.04  0.03  0.02 24091992 12
  0.01  0.00 -0.00 -0.01 -0.02 -0.02 -0.02 -0.02 -0.02 -0.03 -0.04 -0.05 25091992 00
 -0.05 -0.04 -0.03 -0.04 -0.05 -0.06 -0.06 -0.04 -0.04 -0.04 -0.05 -0.06 25091992 12
 -0.06 -0.06 -0.05 -0.06 -0.06 -0.07 -0.07 -0.07 -0.06 -0.06 -0.06 -0.04 26091992 00
 -0.03 -0.05 -0.04 -0.04 -0.04 -0.05 -0.04 -0.04 -0.03 -0.01 -0.02 -0.03 26091992 12
 -0.03 -0.02 -0.01 -0.00 -0.00 -0.01 -0.00  0.01  0.02  0.02  0.02  0.01 27091992 00
  0.01  0.02  0.02  0.02  0.03  0.03  0.03  0.03  0.04  0.03  0.02  0.02 27091992 12
  0.01  0.00  0.01  0.01  0.00 -0.00 -0.01 -0.01 -0.01 -0.00 -0.01 -0.02 28091992 00
 -0.02 -0.01 -0.01 -0.01 -0.01 -0.01 -0.01 -0.01 -0.01 -0.01 -0.01 -0.01 28091992 12
 -0.01 -0.02 -0.02 -0.02 -0.01 -0.02 -0.02  0.02  0.10  0.19  0.22  0.20 29091992 00
  0.19  0.17  0.14  0.14  0.08  0.06  0.06  0.04  0.04  0.07  0.07  0.05 29091992 12
  0.06  0.06  0.04  0.03  0.03  0.04  0.04  0.05  0.04  0.03  0.00 -0.01 30091992 00
 -0.01 -0.01 -0.01 -0.02 -0.03 -0.03 -0.03 -0.03 -0.02 -0.02 -0.02 -0.03 30091992 12
 -0.04 -0.04 -0.04 -0.03 -0.03 -0.04 -0.04 -0.04 -0.03 -0.02 -0.00  0.00 01101992 00
  0.00  0.01  0.01  0.01  0.01  0.01  0.00  0.01  0.02  0.02  0.01 -0.01 01101992 12
 -0.03 -0.04 -0.04 -0.04 -0.02 -0.03 -0.03 -0.04 -0.03 -0.03 -0.01  0.01 02101992 00
  0.03  0.05  0.06  0.07  0.07  0.08  0.08  0.10  0.12  0.14  0.14  0.12 02101992 12
  0.10  0.08  0.09  0.06  0.02 -0.04 -0.06 -0.07 -0.06 -0.06 -0.07 -0.07 03101992 00
 -0.05 -0.04 -0.04 -0.05 -0.05 -0.06 -0.08 -0.10 -0.12 -0.15 -0.16 -0.19 03101992 12
 -0.24 -0.27 -0.26 -0.26 -0.22 -0.22 -0.20 -0.17 -0.14 -0.13 -0.13 -0.11 04101992 00
 -0.10 -0.11 -0.08 -0.10 -0.11 -0.13 -0.17 -0.19 -0.18 -0.17 -0.17 -0.19 04101992 12
 -0.22 -0.21 -0.22 -0.19 -0.17 -0.14 -0.12 -0.10 -0.08 -0.09 -0.11 -0.13 05101992 00
 -0.15 -0.15 -0.18 -0.24 -0.26 -0.25 -0.25 -0.23 -0.20 -0.20 -0.17 -0.15 05101992 12
 -0.12 -0.09 -0.09 -0.14 -0.17 -0.16 -0.16 -0.13 -0.14 -0.13 -0.16 -0.17 06101992 00
 -0.16 -0.15 -0.14 -0.14 -0.19 -0.22 -0.23 -0.20 -0.17 -0.14 -0.12 -0.13 06101992 12
 -0.12 -0.11 -0.09 -0.08 -0.11 -0.16 -0.16 -0.15 -0.12 -0.14 -0.14 -0.16 07101992 00
 -0.16 -0.15 -0.15 -0.16 -0.17 -0.20 -0.20 -0.18 -0.16 -0.15 -0.15 -0.15 07101992 12
 -0.14 -0.14 -0.15 -0.16 -0.15 -0.16 -0.16 -0.15 -0.14 -0.14 -0.16 -0.16 08101992 00
 -0.17 -0.16 -0.16 -0.16 -0.14 -0.16 -0.19 -0.19 -0.16 -0.13 -0.11 -0.08 08101992 12
 -0.09 -0.07 -0.07 -0.09 -0.11 -0.14 -0.21 -0.24 -0.24 -0.24 -0.23 -0.24 09101992 00
 -0.27 -0.27 -0.25 -0.26 -0.26 -0.25 -0.27 -0.26 -0.23 -0.22 -0.18 -0.16 09101992 12
 -0.15 -0.16 -0.14 -0.17 -0.17 -0.16 -0.18 -0.19 -0.19 -0.21 -0.20 -0.19 10101992 00
 -0.20 -0.20 -0.18 -0.19 -0.20 -0.20 -0.22 -0.23 -0.23 -0.21 -0.20 -0.19 10101992 12
 -0.19 -0.19 -0.16 -0.16 -0.17 -0.15 -0.15 -0.16 -0.15 -0.14 -0.16 -0.14 11101992 00
 -0.13 -0.15 -0.14 -0.14 -0.16 -0.17 -0.19 -0.21 -0.18 -0.19 -0.18 -0.16 11101992 12
 -0.16 -0.17 -0.15 -0.15 -0.16 -0.17 -0.16 -0.16 -0.15 -0.17 -0.17 -0.16 12101992 00
 -0.15 -0.14 -0.14 -0.14 -0.15 -0.16 -0.16 -0.16 -0.17 -0.16 -0.17 -0.17 12101992 12
 -0.15 -0.15 -0.16 -0.14 -0.14 -0.14 -0.13 -0.12 -0.14 -0.15 -0.15 -0.16 13101992 00
 -0.14 -0.13 -0.13 -0.11 -0.11 -0.11 -0.12 -0.12 -0.12 -0.11 -0.11 -0.11 13101992 12
 -0.11 -0.10 -0.08 -0.06 -0.04 -0.04 -0.04 -0.02  0.00  0.01  0.02  0.04 14101992 00
  0.07  0.10  0.14  0.16  0.15  0.16  0.19  0.18  0.14  0.11  0.11  0.10 14101992 12
  0.08  0.04  0.01  0.03  0.02  0.02 -0.00 -0.04 -0.05 -0.04 -0.04 -0.04 15101992 00
 -0.03 -0.00  0.01  0.01  0.01  0.00  0.01  0.04  0.06  0.07  0.06  0.06 15101992 12
  0.06  0.07  0.06  0.06  0.08  0.08  0.09  0.10  0.10  0.09  0.07  0.07 16101992 00
  0.06  0.06  0.05  0.03  0.03  0.01  0.00  0.00  0.00  0.00  0.01  0.01 16101992 12
  0.01  0.03  0.04  0.03  0.04  0.05  0.05  0.06  0.07  0.08  0.09  0.09 17101992 00
  0.09  0.10  0.10  0.08  0.08  0.08  0.08  0.10  0.12  0.11  0.11  0.13 17101992 12
  0.14  0.13  0.12  0.12  0.12  0.13  0.12  0.12  0.13  0.13  0.11  0.12 18101992 00
  0.13  0.13  0.12  0.10  0.09  0.09  0.09  0.08  0.09  0.08  0.07  0.07 18101992 12
  0.08  0.08  0.08  0.06  0.06  0.06  0.08  0.08  0.07  0.07  0.07  0.07 19101992 00
  0.08  0.08  0.06  0.04  0.02  0.01  0.01  0.02  0.01  0.01 -0.01 -0.03 19101992 12
 -0.04 -0.02 -0.02 -0.04 -0.05 -0.07 -0.07 -0.06 -0.05 -0.06 -0.07 -0.07 20101992 00
 -0.06 -0.06 -0.09 -0.12 -0.13 -0.11 -0.11 -0.11 -0.12 -0.13 -0.12 -0.12 20101992 12
 -0.11 -0.09 -0.08 -0.07 -0.04 -0.03 -0.01 -0.02 -0.01 -0.01  0.02  0.05 21101992 00
  0.07  0.07  0.06  0.05  0.05  0.06  0.06  0.05  0.04  0.02  0.01  0.01 21101992 12
  0.01  0.00 -0.03 -0.05 -0.06 -0.07 -0.07 -0.05 -0.04 -0.03 -0.01  0.01 22101992 00
  0.02  0.03  0.06  0.09  0.13  0.16  0.17  0.18  0.18  0.17  0.15  0.13 22101992 12
  0.11  0.11  0.11  0.09  0.09  0.11  0.12  0.16  0.18  0.19  0.22  0.25 23101992 00
  0.25  0.23  0.24  0.26  0.24  0.23  0.22  0.22  0.23  0.19  0.15  0.12 23101992 12
  0.13  0.12  0.15  0.14  0.11  0.12  0.13  0.13  0.15  0.17  0.18  0.19 24101992 00
  0.22  0.20  0.20  0.21  0.20  0.17  0.14  0.12  0.12  0.10  0.08  0.06 24101992 12
  0.06  0.04  0.03  0.04  0.06  0.15  0.32  0.44  0.47  0.47  0.46  0.44 25101992 00
  0.45  0.43  0.32  0.30  0.24  0.12 -0.06 -0.14 -0.19 -0.16 -0.13 -0.10 25101992 12
 -0.09 -0.08 -0.03 -0.01 -0.00  0.02  0.05  0.07  0.09  0.07  0.05  0.04 26101992 00
  0.04  0.05  0.05  0.05  0.06  0.06  0.05  0.05  0.08  0.10  0.11  0.12 26101992 12
  0.15  0.16  0.18  0.18  0.20  0.21  0.21  0.22  0.26  0.24  0.25  0.26 27101992 00
  0.26  0.24  0.30  0.30  0.32  0.34  0.34  0.32  0.32  0.30  0.28  0.29 27101992 12
  0.30  0.26  0.28  0.28  0.27  0.30  0.30  0.28  0.30  0.31  0.28  0.31 28101992 00
  0.30  0.28  0.29  0.30  0.27  0.28  0.27  0.24  0.23  0.22  0.18  0.15 28101992 12
  0.16  0.12  0.11  0.12  0.08  0.08  0.09  0.09  0.08  0.08  0.07  0.08 29101992 00
  0.09  0.09  0.09  0.08  0.08  0.08  0.09  0.09  0.08  0.06  0.07  0.06 29101992 12
  0.08  0.08  0.06  0.05  0.05  0.05  0.04  0.04  0.03  0.02  0.02  0.02 30101992 00
  0.02  0.02  0.01 -0.01 -0.01 -0.01 -0.02 -0.02 -0.03 -0.04 -0.04 -0.03 30101992 12
 -0.03 -0.04 -0.06 -0.07 -0.07 -0.07 -0.06 -0.06 -0.06 -0.07 -0.07 -0.06 31101992 00
 -0.04 -0.03 -0.02  0.00  0.03  0.05  0.07  0.07  0.08  0.10  0.12  0.15 31101992 12
  0.16  0.16  0.18  0.20  0.26  0.30  0.31  0.29  0.31  0.28  0.20  0.16 01111992 00
  0.17  0.10  0.06 -0.00 -0.02 -0.04 -0.06 -0.08 -0.07 -0.06 -0.05  0.01 01111992 12
  0.07  0.15  0.24  0.35  0.45  0.53  0.60  0.65  0.70  0.77  0.79  0.74 02111992 00
  0.66  0.63  0.57  0.48  0.41  0.30  0.21  0.12  0.08  0.09  0.03 -0.05 02111992 12
 -0.10 -0.13 -0.17 -0.19 -0.16 -0.08  0.03  0.12  0.14  0.14  0.14  0.17 03111992 00
  0.21  0.19  0.17  0.19  0.18  0.20  0.17  0.13  0.11  0.11  0.11  0.10 03111992 12
  0.06  0.05  0.05  0.05  0.02  0.04  0.05  0.05  0.03  0.02 -0.00  0.01 04111992 00
  0.03  0.03  0.02  0.00  0.01  0.03  0.03  0.04  0.08  0.11  0.13  0.14 04111992 12
  0.14  0.13  0.10  0.06  0.06  0.03  0.01 -0.02 -0.01 -0.04 -0.06 -0.06 05111992 00
 -0.06 -0.06 -0.08 -0.09 -0.10 -0.10 -0.11 -0.09 -0.07 -0.04 -0.05 -0.06 05111992 12
 -0.06 -0.05 -0.03 -0.01 -0.00  0.01  0.03  0.04  0.05  0.06  0.07  0.07 06111992 00
  0.06  0.05  0.05  0.02 -0.03 -0.06 -0.10 -0.11 -0.09 -0.07 -0.07 -0.09 06111992 12
 -0.09 -0.07 -0.05 -0.03 -0.02 -0.02 -0.02 -0.02 -0.02 -0.03 -0.04 -0.05 07111992 00
 -0.06 -0.07 -0.07 -0.08 -0.09 -0.12 -0.15 -0.16 -0.14 -0.12 -0.12 -0.13 07111992 12
 -0.15 -0.14 -0.14 -0.15 -0.13 -0.14 -0.14 -0.14 -0.14 -0.13 -0.11 -0.10 08111992 00
 -0.08 -0.08 -0.10 -0.12 -0.11 -0.08 -0.07 -0.06 -0.05 -0.05 -0.05 -0.03 08111992 12
 -0.03 -0.03 -0.01  0.01  0.04  0.10  0.16  0.17  0.18  0.21  0.23  0.27 09111992 00
  0.32  0.32  0.28  0.29  0.26  0.20  0.17  0.14  0.09  0.07  0.03  0.02 09111992 12
  0.02  0.03  0.04  0.06  0.09  0.11  0.15  0.17  0.17  0.18  0.20  0.20 10111992 00
  0.20  0.19  0.17  0.15  0.16  0.15  0.12  0.12  0.13  0.14  0.17  0.15 10111992 12
  0.16  0.19  0.18  0.19  0.21  0.24  0.27  0.30  0.30  0.26  0.23  0.19 11111992 00
  0.16  0.16  0.20  0.20  0.23  0.27  0.31  0.37  0.43  0.45  0.45  0.45 11111992 12
  0.40  0.34  0.34  0.27  0.27  0.28  0.23  0.15  0.10  0.06  0.09  0.09 12111992 00
  0.05  0.04  0.06  0.07  0.08  0.09  0.09  0.10  0.12  0.12  0.09  0.09 12111992 12
  0.08  0.07  0.03  0.02  0.01  0.02  0.01 -0.02 -0.07 -0.09 -0.08 -0.07 13111992 00
 -0.06 -0.04 -0.03 -0.05 -0.05 -0.06 -0.07 -0.06 -0.04 -0.02 -0.00  0.01 13111992 12
  0.02  0.04  0.06  0.07  0.08  0.09  0.08  0.08  0.07  0.04  0.00 -0.04 14111992 00
 -0.04 -0.03 -0.04 -0.04 -0.04 -0.02 -0.02 -0.00  0.04  0.13  0.21  0.22 14111992 12
  0.19  0.18  0.16  0.16  0.18  0.17  0.17  0.17  0.14  0.10  0.08  0.08 15111992 00
  0.10  0.12  0.10  0.08  0.07  0.08  0.07  0.08  0.08  0.08  0.08  0.08 15111992 12
  0.09  0.09  0.08  0.09  0.11  0.14  0.17  0.20  0.24  0.28  0.33  0.40 16111992 00
  0.43  0.39  0.33  0.28  0.20  0.18  0.15  0.15  0.18  0.15  0.11  0.11 16111992 12
  0.12  0.13  0.15  0.15  0.14  0.14  0.13  0.11  0.11  0.11  0.11  0.11 17111992 00
  0.12  0.14  0.15  0.16  0.14  0.11  0.07  0.04  0.04  0.04  0.03  0.00 17111992 12
 -0.00  0.01  0.02  0.04  0.07  0.10  0.16  0.23  0.33  0.43  0.51  0.56 18111992 00
  0.54  0.48  0.49  0.47  0.46  0.42  0.39  0.35  0.30  0.26  0.29  0.27 18111992 12
  0.25  0.23  0.25  0.24  0.20  0.22  0.24  0.27  0.22  0.19  0.18  0.22 19111992 00
  0.19  0.14  0.09  0.08  0.06  0.10  0.11  0.09  0.05  0.03  0.03  0.04 19111992 12
  0.04  0.03  0.02  0.04  0.06  0.07  0.08  0.09  0.13  0.15  0.17  0.18 20111992 00
  0.18  0.17  0.17  0.14  0.12  0.10  0.11  0.09  0.04  0.01 -0.00 -0.01 20111992 12
 -0.00 -0.00 -0.01 -0.01  0.00 -0.00 -0.03 -0.04 -0.04 -0.03 -0.01 -0.00 21111992 00
  0.01  0.02  0.05  0.11  0.23  0.38  0.46  0.43  0.40  0.37  0.32  0.34 21111992 12
  0.29  0.25  0.24  0.20  0.12  0.07  0.04  0.04  0.07  0.06  0.08  0.10 22111992 00
  0.13  0.15  0.17  0.19  0.23  0.30  0.32  0.30  0.28  0.27  0.26  0.27 22111992 12
  0.28  0.27  0.30  0.35  0.38  0.42  0.48  0.47  0.46  0.44  0.36  0.36 23111992 00
  0.46  0.49  0.50  0.56  0.61  0.66  0.74  0.72  0.61  0.53  0.39  0.28 23111992 12
  0.23  0.18  0.08  0.11  0.08  0.01 -0.05 -0.09 -0.11 -0.09 -0.06 -0.01 24111992 00
  0.08  0.14  0.17  0.17  0.19  0.26  0.39  0.57  0.66  0.75  0.76  0.68 24111992 12
  0.58  0.56  0.49  0.42  0.43  0.39  0.34  0.37  0.40  0.38  0.42  0.44 25111992 00
  0.45  0.48  0.50  0.45  0.47  0.44  0.36  0.29  0.23  0.15  0.13  0.12 25111992 12
  0.11  0.13  0.14  0.12  0.12  0.13  0.14  0.15  0.18  0.19  0.23  0.26 26111992 00
  0.29  0.31  0.34  0.35  0.34  0.35  0.33  0.26  0.18  0.12  0.09  0.10 26111992 12
  0.08  0.03  0.03  0.05  0.06  0.09  0.12  0.14  0.20  0.24  0.25  0.24 27111992 00
  0.24  0.23  0.26  0.31  0.34  0.36  0.39  0.39  0.38  0.35  0.25  0.16 27111992 12
  0.13  0.03 -0.02 -0.03 -0.05 -0.06 -0.06 -0.07 -0.08 -0.06 -0.03 -0.01 28111992 00
 -0.01 -0.01 -0.01 -0.03 -0.07 -0.10 -0.10 -0.09 -0.09 -0.11 -0.12 -0.10 28111992 12
 -0.09 -0.06 -0.05 -0.06 -0.06 -0.05 -0.05 -0.04 -0.04 -0.03 -0.02 -0.02 29111992 00
 -0.00  0.03  0.07  0.14  0.22  0.28  0.31  0.33  0.38  0.45  0.54  0.57 29111992 12
  0.49  0.41  0.31  0.25  0.21  0.22  0.16  0.18  0.16  0.12  0.10  0.15 30111992 00
  0.20  0.24  0.24  0.26  0.29  0.32  0.32  0.33  0.36  0.37  0.32  0.28 30111992 12
  0.24  0.18  0.19  0.20  0.28  0.33  0.37  0.39  0.43  0.46  0.50  0.51 01121992 00
  0.57  0.54  0.49  0.44  0.42  0.39  0.38  0.32  0.33  0.31  0.27  0.27 01121992 12
  0.36  0.44  0.44  0.43  0.46  0.51  0.54  0.52  0.48  0.53  0.53  0.52 02121992 00
  0.52  0.57  0.61  0.65  0.63  0.51  0.42  0.34  0.26  0.27  0.27  0.26 02121992 12
  0.28  0.33  0.36  0.34  0.34  0.35  0.37  0.42  0.46  0.46  0.47  0.46 03121992 00
  0.41  0.39  0.40  0.40  0.35  0.36  0.36  0.35  0.34  0.31  0.31  0.29 03121992 12
  0.25  0.22  0.25  0.28  0.28  0.28  0.26  0.29  0.31  0.34  0.35  0.35 04121992 00
  0.35  0.32  0.30  0.31  0.34  0.32  0.32  0.34  0.34  0.33  0.34  0.36 04121992 12
  0.36  0.34  0.33  0.37  0.39  0.34  0.31  0.27  0.28  0.25  0.26  0.26 05121992 00
  0.28  0.27  0.24  0.21  0.22  0.20  0.18  0.16  0.15  0.15  0.15  0.13 05121992 12
  0.13  0.12  0.11  0.11  0.14  0.16  0.16  0.16  0.16  0.17  0.19  0.21 06121992 00
  0.22  0.24  0.21  0.19  0.23  0.32  0.34  0.31  0.30  0.34  0.37  0.39 06121992 12
  0.35  0.35  0.35  0.34  0.32  0.34  0.32  0.30  0.28  0.25  0.24  0.25 07121992 00
  0.24  0.20  0.19  0.13  0.05  0.01 -0.02 -0.06 -0.08 -0.10 -0.10 -0.09 07121992 12
 -0.09 -0.07 -0.06 -0.06 -0.07 -0.09 -0.11 -0.12 -0.10 -0.08 -0.07 -0.05 08121992 00
 -0.05 -0.04 -0.05 -0.07 -0.08 -0.07 -0.09 -0.09 -0.08 -0.07 -0.06 -0.04 08121992 12
 -0.04 -0.03 -0.02 -0.02 -0.03 -0.03 -0.05 -0.06 -0.08 -0.10 -0.13 -0.15 09121992 00
 -0.18 -0.21 -0.22 -0.22 -0.22 -0.21 -0.22 -0.22 -0.22 -0.20 -0.19 -0.17 09121992 12
 -0.16 -0.17 -0.16 -0.15 -0.16 -0.15 -0.14 -0.15 -0.13 -0.13 -0.11 -0.09 10121992 00
 -0.07 -0.08 -0.08 -0.06 -0.05 -0.02 -0.00 -0.01 -0.02 -0.04 -0.04 -0.04 10121992 12
 -0.05 -0.05 -0.05 -0.05 -0.04 -0.05 -0.08 -0.10 -0.10 -0.10 -0.08 -0.07 11121992 00
 -0.05 -0.01 -0.00  0.02  0.03  0.05  0.07  0.07  0.07  0.07  0.07  0.06 11121992 12
  0.07  0.07  0.06  0.04  0.02  0.02  0.00 -0.05 -0.10 -0.14 -0.15 -0.12 12121992 00
 -0.09 -0.05 -0.02 -0.02 -0.01 -0.01  0.00  0.02  0.02  0.00 -0.01 -0.03 12121992 12
 -0.04 -0.05 -0.05 -0.05 -0.05 -0.03 -0.03 -0.00  0.05  0.10  0.13  0.16 13121992 00
  0.17  0.16  0.17  0.18  0.19  0.19  0.21  0.21  0.19  0.18  0.18  0.16 13121992 12
  0.16  0.15  0.11  0.11  0.16  0.16  0.19  0.21  0.20  0.19  0.22  0.23 14121992 00
  0.27  0.28  0.26  0.27  0.30  0.28  0.28  0.30  0.28  0.24  0.23  0.22 14121992 12
  0.22  0.24  0.23  0.20  0.22  0.24  0.21  0.21  0.21  0.18  0.18  0.20 15121992 00
  0.20  0.18  0.16  0.14  0.15  0.16  0.15  0.15  0.17  0.16  0.17  0.21 15121992 12
  0.22  0.25  0.26  0.27  0.29  0.30  0.30  0.26  0.26  0.24  0.17  0.08 16121992 00
  0.05  0.01 -0.01 -0.03 -0.05 -0.06 -0.05 -0.02 -0.01 -0.00  0.00  0.02 16121992 12
  0.05  0.05  0.03  0.01  0.00 -0.01 -0.01 -0.02 -0.03 -0.01  0.01  0.03 17121992 00
  0.08  0.17  0.20  0.19  0.21  0.26  0.33  0.40  0.41  0.42  0.45  0.49 17121992 12
  0.54  0.68  0.78  0.74  0.67  0.55  0.49  0.42  0.35  0.25  0.30  0.30 18121992 00
  0.22  0.12  0.10  0.09  0.09  0.09  0.08  0.10  0.09  0.07  0.07  0.08 18121992 12
  0.08  0.07  0.06  0.04 -0.03 -0.08 -0.12 -0.14 -0.14 -0.14 -0.13 -0.10 19121992 00
 -0.09 -0.09 -0.08 -0.07 -0.05 -0.02 -0.01 -0.02 -0.06 -0.10 -0.12 -0.12 19121992 12
 -0.13 -0.14 -0.16 -0.19 -0.21 -0.20 -0.18 -0.17 -0.16 -0.16 -0.15 -0.14 20121992 00
 -0.13 -0.13 -0.14 -0.13 -0.14 -0.15 -0.16 -0.17 -0.16 -0.16 -0.16 -0.16 20121992 12
 -0.14 -0.13 -0.11 -0.10 -0.07 -0.07 -0.07 -0.08 -0.10 -0.09 -0.07 -0.05 21121992 00
 -0.05 -0.05 -0.06 -0.06 -0.05 -0.05 -0.08 -0.09 -0.10 -0.11 -0.12 -0.12 21121992 12
 -0.14 -0.13 -0.13 -0.15 -0.15 -0.16 -0.18 -0.20 -0.21 -0.21 -0.20 -0.19 22121992 00
 -0.19 -0.18 -0.18 -0.20 -0.22 -0.22 -0.22 -0.22 -0.23 -0.24 -0.23 -0.21 22121992 12
 -0.21 -0.21 -0.20 -0.21 -0.21 -0.19 -0.18 -0.17 -0.19 -0.20 -0.20 -0.19 23121992 00
 -0.17 -0.17 -0.16 -0.16 -0.17 -0.15 -0.15 -0.18 -0.16 -0.17 -0.15 -0.15 23121992 12
 -0.16 -0.17 -0.15 -0.14 -0.14 -0.15 -0.16 -0.16 -0.16 -0.16 -0.18 -0.17 24121992 00
 -0.16 -0.15 -0.14 -0.14 -0.16 -0.17 -0.17 -0.17 -0.18 -0.20 -0.19 -0.20 24121992 12
 -0.17 -0.16 -0.17 -0.15 -0.14 -0.14 -0.13 -0.12 -0.13 -0.13 -0.14 -0.12 25121992 00
 -0.11 -0.11 -0.12 -0.11 -0.10 -0.12 -0.15 -0.17 -0.21 -0.23 -0.22 -0.24 25121992 12
 -0.24 -0.24 -0.25 -0.26 -0.23 -0.23 -0.25 -0.24 -0.25 -0.28 -0.27 -0.28 26121992 00
 -0.27 -0.24 -0.24 -0.27 -0.25 -0.26 -0.27 -0.26 -0.26 -0.29 -0.32 -0.32 26121992 12
 -0.33 -0.30 -0.28 -0.29 -0.27 -0.27 -0.30 -0.30 -0.30 -0.33 -0.33 -0.33 27121992 00
 -0.32 -0.29 -0.29 -0.31 -0.29 -0.26 -0.27 -0.28 -0.26 -0.27 -0.32 -0.33 27121992 12
 -0.36 -0.34 -0.29 -0.27 -0.31 -0.28 -0.30 -0.32 -0.30 -0.30 -0.30 -0.30 28121992 00
 -0.30 -0.30 -0.27 -0.26 -0.27 -0.25 -0.25 -0.28 -0.27 -0.25 -0.26 -0.27 28121992 12
 -0.30 -0.30 -0.26 -0.24 -0.23 -0.20 -0.19 -0.20 -0.21 -0.19 -0.19 -0.19 29121992 00
 -0.19 -0.19 -0.19 -0.20 -0.20 -0.21 -0.18 -0.18 -0.17 -0.14 -0.14 -0.16 29121992 12
 -0.17 -0.17 -0.14 -0.13 -0.12 -0.13 -0.12 -0.12 -0.12 -0.11 -0.10 -0.11 30121992 00
 -0.10 -0.10 -0.10 -0.10 -0.09 -0.08 -0.07 -0.06 -0.05 -0.03 -0.00  0.01 30121992 12
 -0.00 -0.03 -0.04 -0.02 -0.01 -0.00 -0.01 -0.02 -0.03 -0.04 -0.05 -0.05 31121992 00
 -0.05 -0.06 -0.06 -0.06 -0.05 -0.05 -0.07 -0.06 -0.06 -0.06 -0.07 -0.08 31121992 12
