Parameter Z: CS3 Location ( 52, 86) Lat 53.500 Lon -3.417
 -0.10 -0.13 -0.14 -0.14 -0.14 -0.15 -0.18 -0.20 -0.18 -0.17 -0.14 -0.09 01011993 00
 -0.05 -0.04 -0.03 -0.05 -0.02 -0.01  0.00 -0.01 -0.02 -0.01 -0.01 -0.02 01011993 12
 -0.04 -0.06 -0.07 -0.05 -0.01  0.01 -0.02 -0.05 -0.08 -0.08 -0.07 -0.05 02011993 00
 -0.06 -0.10 -0.17 -0.20 -0.20 -0.17 -0.16 -0.14 -0.15 -0.13 -0.11 -0.09 02011993 12
 -0.08 -0.08 -0.10 -0.08 -0.06 -0.03 -0.02 -0.04 -0.06 -0.06 -0.04 -0.01 03011993 00
  0.02  0.07  0.10  0.15  0.18  0.14  0.13  0.15  0.19  0.23  0.30  0.34 03011993 12
  0.37  0.36  0.31  0.27  0.26  0.20  0.13  0.08  0.06 -0.03 -0.07 -0.09 04011993 00
 -0.06 -0.07 -0.13 -0.15 -0.16 -0.17 -0.20 -0.22 -0.21 -0.17 -0.12 -0.09 04011993 12
 -0.07 -0.07 -0.03  0.11  0.27  0.41  0.49  0.55  0.60  0.61  0.55  0.54 05011993 00
  0.51  0.53  0.44  0.27  0.08 -0.03 -0.14 -0.20 -0.21 -0.22 -0.21 -0.20 05011993 12
 -0.20 -0.18 -0.16 -0.11 -0.04  0.01  0.01 -0.03 -0.08 -0.11 -0.08 -0.05 06011993 00
 -0.04 -0.01  0.02  0.03  0.01  0.01  0.01  0.02  0.03  0.02  0.01 -0.01 06011993 12
 -0.02 -0.04 -0.05 -0.04 -0.05 -0.06 -0.07 -0.07 -0.03  0.02  0.07  0.12 07011993 00
  0.16  0.18  0.19  0.21  0.26  0.33  0.45  0.49  0.52  0.53  0.49  0.42 07011993 12
  0.32  0.25  0.16  0.18  0.14  0.04 -0.08 -0.13 -0.14 -0.09 -0.07 -0.03 08011993 00
  0.02  0.01  0.00 -0.02 -0.01 -0.01 -0.02 -0.02 -0.03 -0.03 -0.01  0.02 08011993 12
  0.08  0.17  0.25  0.31  0.37  0.48  0.64  0.83  0.90  0.82  0.71  0.61 09011993 00
  0.45  0.39  0.38  0.26  0.28  0.23  0.12  0.01 -0.04 -0.05 -0.03  0.01 09011993 12
  0.02  0.01  0.00  0.01  0.05  0.09  0.15  0.27  0.43  0.49  0.57  0.66 10011993 00
  0.78  0.93  1.17  1.24  1.16  1.12  1.02  0.90  0.77  0.69  0.57  0.52 10011993 12
  0.46  0.28  0.18  0.27  0.27  0.46  0.62  0.71  0.82  0.93  0.91  0.81 11011993 00
  0.75  0.63  0.51  0.60  0.48  0.52  0.53  0.46  0.43  0.53  0.57  0.53 11011993 12
  0.53  0.51  0.48  0.52  0.58  0.50  0.55  0.59  0.57  0.58  0.64  0.69 12011993 00
  0.71  0.69  0.61  0.58  0.65  0.51  0.55  0.54  0.45  0.36  0.36  0.27 12011993 12
  0.26  0.26  0.23  0.25  0.31  0.30  0.24  0.24  0.26  0.23  0.23  0.26 13011993 00
  0.27  0.29  0.27  0.24  0.27  0.30  0.28  0.28  0.27  0.26  0.26  0.26 13011993 12
  0.20  0.20  0.19  0.21  0.31  0.37  0.37  0.37  0.39  0.35  0.25  0.17 14011993 00
  0.12  0.09  0.09  0.03 -0.00 -0.02 -0.05 -0.08 -0.07 -0.06 -0.04  0.06 14011993 12
  0.16  0.21  0.26  0.33  0.45  0.62  0.80  0.91  1.01  1.18  1.25  1.19 15011993 00
  1.07  0.94  0.75  0.62  0.51  0.43  0.46  0.41  0.36  0.40  0.37  0.31 15011993 12
  0.27  0.25  0.16  0.06 -0.01 -0.04  0.04  0.13  0.19  0.25  0.33  0.42 16011993 00
  0.58  0.72  0.80  0.75  0.71  0.66  0.63  0.59  0.54  0.48  0.51  0.44 16011993 12
  0.40  0.52  0.74  0.88  0.91  0.90  0.90  0.93  0.95  0.85  0.75  0.70 17011993 00
  0.51  0.30  0.11 -0.04 -0.11 -0.12 -0.15 -0.15 -0.09 -0.10 -0.09 -0.04 17011993 12
  0.02  0.09  0.14  0.16  0.13  0.05  0.00 -0.03 -0.03 -0.07 -0.08 -0.05 18011993 00
  0.00  0.03  0.04  0.07  0.15  0.20  0.22  0.25  0.32  0.43  0.52  0.57 18011993 12
  0.52  0.46  0.38  0.30  0.16  0.04 -0.09 -0.15 -0.17 -0.18 -0.16 -0.13 19011993 00
 -0.09 -0.06 -0.06  0.00  0.15  0.33  0.46  0.50  0.53  0.53  0.57  0.57 19011993 12
  0.52  0.43  0.44  0.40  0.33  0.25  0.21  0.14  0.14  0.13  0.13  0.19 20011993 00
  0.29  0.35  0.41  0.48  0.52  0.49  0.44  0.35  0.23  0.18  0.12  0.14 20011993 12
  0.13  0.11  0.10  0.14  0.12  0.03 -0.01  0.02  0.05  0.10  0.13  0.20 21011993 00
  0.25  0.30  0.36  0.45  0.59  0.76  0.87  0.95  0.97  0.92  0.87  0.81 21011993 12
  0.74  0.76  0.69  0.75  0.75  0.58  0.37  0.24  0.17  0.09  0.11  0.09 22011993 00
  0.13  0.13  0.09  0.12  0.20  0.27  0.29  0.32  0.31  0.29  0.27  0.22 22011993 12
  0.20  0.17  0.14  0.08  0.09  0.09  0.02 -0.05 -0.09 -0.11 -0.06 -0.02 23011993 00
  0.03  0.12  0.19  0.28  0.32  0.39  0.53  0.74  1.00  1.15  1.13  1.12 23011993 12
  1.11  1.14  1.30  1.24  1.31  1.38  1.19  0.88  0.59  0.39  0.26  0.23 24011993 00
  0.11  0.03  0.02  0.01  0.07  0.21  0.31  0.37  0.45  0.45  0.45  0.45 24011993 12
  0.44  0.39  0.37  0.37  0.27  0.26  0.19  0.03 -0.15 -0.26 -0.30 -0.27 25011993 00
 -0.20 -0.16 -0.15 -0.20 -0.19 -0.18 -0.17 -0.14 -0.08 -0.04 -0.02 -0.03 25011993 12
 -0.01  0.04  0.06  0.07  0.09  0.11  0.10  0.09  0.06  0.04  0.04  0.04 26011993 00
  0.07  0.05  0.09  0.13  0.13  0.12  0.13  0.12  0.09  0.03 -0.02 -0.03 26011993 12
 -0.04 -0.05 -0.08 -0.09 -0.10 -0.09 -0.10 -0.11 -0.12 -0.13 -0.11 -0.06 27011993 00
 -0.03 -0.01  0.00  0.01  0.02  0.04  0.06  0.05  0.04  0.02  0.01  0.03 27011993 12
  0.04  0.04  0.04  0.04  0.04  0.04  0.04  0.06  0.07  0.06  0.07  0.09 28011993 00
  0.10  0.10  0.08  0.07  0.08  0.10  0.08  0.08  0.07  0.06  0.05  0.04 28011993 12
  0.04  0.03  0.01  0.00  0.00  0.00 -0.01 -0.01 -0.01 -0.03 -0.04 -0.04 29011993 00
 -0.04 -0.05 -0.07 -0.08 -0.09 -0.09 -0.09 -0.10 -0.10 -0.12 -0.12 -0.13 29011993 12
 -0.12 -0.12 -0.13 -0.13 -0.12 -0.11 -0.11 -0.10 -0.10 -0.10 -0.07 -0.04 30011993 00
 -0.03 -0.02 -0.01 -0.00  0.01  0.02  0.01  0.01  0.02  0.02  0.01 -0.01 30011993 12
 -0.06 -0.11 -0.14 -0.15 -0.15 -0.16 -0.20 -0.25 -0.27 -0.29 -0.30 -0.29 31011993 00
 -0.32 -0.33 -0.34 -0.33 -0.28 -0.27 -0.24 -0.24 -0.22 -0.25 -0.24 -0.21 31011993 12
 -0.21 -0.25 -0.25 -0.25 -0.23 -0.21 -0.22 -0.22 -0.21 -0.20 -0.23 -0.24 01021993 00
 -0.23 -0.25 -0.29 -0.27 -0.26 -0.22 -0.21 -0.19 -0.20 -0.17 -0.15 -0.11 01021993 12
 -0.08 -0.06 -0.08 -0.08 -0.05 -0.03 -0.02 -0.03 -0.03 -0.05 -0.06 -0.05 02021993 00
 -0.05 -0.09 -0.15 -0.22 -0.25 -0.25 -0.25 -0.26 -0.25 -0.22 -0.17 -0.13 02021993 12
 -0.13 -0.12 -0.09 -0.07 -0.07 -0.07 -0.08 -0.08 -0.10 -0.13 -0.15 -0.15 03021993 00
 -0.13 -0.12 -0.13 -0.15 -0.19 -0.23 -0.23 -0.22 -0.19 -0.18 -0.16 -0.17 03021993 12
 -0.15 -0.13 -0.11 -0.08 -0.06 -0.06 -0.05 -0.05 -0.05 -0.06 -0.08 -0.12 04021993 00
 -0.15 -0.15 -0.15 -0.16 -0.18 -0.21 -0.25 -0.25 -0.21 -0.15 -0.11 -0.08 04021993 12
 -0.10 -0.08 -0.07 -0.07 -0.04 -0.03 -0.05 -0.09 -0.10 -0.10 -0.10 -0.10 05021993 00
 -0.13 -0.14 -0.13 -0.13 -0.14 -0.15 -0.19 -0.21 -0.20 -0.19 -0.16 -0.14 05021993 12
 -0.14 -0.14 -0.11 -0.12 -0.11 -0.10 -0.12 -0.15 -0.15 -0.16 -0.16 -0.15 06021993 00
 -0.16 -0.18 -0.16 -0.17 -0.19 -0.20 -0.22 -0.26 -0.28 -0.25 -0.26 -0.26 06021993 12
 -0.22 -0.23 -0.22 -0.21 -0.23 -0.24 -0.23 -0.23 -0.23 -0.25 -0.24 -0.24 07021993 00
 -0.22 -0.21 -0.23 -0.20 -0.22 -0.23 -0.24 -0.25 -0.27 -0.29 -0.28 -0.28 07021993 12
 -0.28 -0.25 -0.27 -0.26 -0.25 -0.26 -0.27 -0.24 -0.26 -0.28 -0.26 -0.27 08021993 00
 -0.27 -0.23 -0.25 -0.25 -0.23 -0.24 -0.24 -0.23 -0.26 -0.28 -0.28 -0.25 08021993 12
 -0.26 -0.23 -0.21 -0.25 -0.22 -0.24 -0.25 -0.23 -0.24 -0.26 -0.27 -0.25 09021993 00
 -0.24 -0.23 -0.20 -0.23 -0.20 -0.20 -0.21 -0.21 -0.19 -0.22 -0.24 -0.21 09021993 12
 -0.21 -0.22 -0.20 -0.20 -0.22 -0.18 -0.20 -0.20 -0.19 -0.21 -0.22 -0.23 10021993 00
 -0.20 -0.21 -0.18 -0.16 -0.19 -0.15 -0.18 -0.19 -0.17 -0.16 -0.18 -0.18 10021993 12
 -0.17 -0.18 -0.17 -0.14 -0.15 -0.14 -0.14 -0.15 -0.16 -0.16 -0.16 -0.17 11021993 00
 -0.14 -0.14 -0.15 -0.14 -0.13 -0.13 -0.12 -0.13 -0.13 -0.12 -0.13 -0.15 11021993 12
 -0.14 -0.15 -0.16 -0.15 -0.13 -0.14 -0.14 -0.14 -0.16 -0.16 -0.16 -0.16 12021993 00
 -0.17 -0.16 -0.18 -0.17 -0.17 -0.18 -0.18 -0.18 -0.19 -0.19 -0.19 -0.19 12021993 12
 -0.21 -0.21 -0.22 -0.20 -0.16 -0.15 -0.17 -0.15 -0.15 -0.16 -0.14 -0.14 13021993 00
 -0.14 -0.14 -0.14 -0.14 -0.13 -0.13 -0.13 -0.14 -0.14 -0.13 -0.13 -0.12 13021993 12
 -0.12 -0.13 -0.13 -0.13 -0.12 -0.10 -0.08 -0.09 -0.08 -0.10 -0.10 -0.08 14021993 00
 -0.05 -0.06 -0.08 -0.08 -0.07 -0.06 -0.07 -0.08 -0.08 -0.07 -0.07 -0.07 14021993 12
 -0.09 -0.12 -0.16 -0.18 -0.19 -0.18 -0.20 -0.20 -0.22 -0.23 -0.23 -0.21 15021993 00
 -0.21 -0.20 -0.23 -0.25 -0.24 -0.23 -0.20 -0.22 -0.21 -0.22 -0.21 -0.21 15021993 12
 -0.21 -0.22 -0.23 -0.26 -0.25 -0.24 -0.23 -0.22 -0.20 -0.20 -0.20 -0.19 16021993 00
 -0.19 -0.18 -0.17 -0.18 -0.22 -0.22 -0.22 -0.19 -0.16 -0.16 -0.16 -0.17 16021993 12
 -0.17 -0.19 -0.18 -0.18 -0.21 -0.23 -0.22 -0.23 -0.22 -0.24 -0.25 -0.25 17021993 00
 -0.23 -0.23 -0.21 -0.21 -0.21 -0.23 -0.22 -0.18 -0.15 -0.13 -0.13 -0.11 17021993 12
 -0.12 -0.12 -0.12 -0.12 -0.11 -0.11 -0.13 -0.12 -0.11 -0.08 -0.06 -0.04 18021993 00
 -0.06 -0.04 -0.00  0.03  0.06  0.07  0.06  0.06  0.08  0.13  0.14  0.16 18021993 12
  0.14  0.10  0.13  0.16  0.14  0.08  0.02  0.00 -0.02 -0.06 -0.14 -0.19 19021993 00
 -0.24 -0.24 -0.22 -0.22 -0.23 -0.23 -0.27 -0.29 -0.26 -0.24 -0.18 -0.12 19021993 12
 -0.10 -0.09 -0.09 -0.11 -0.10 -0.06 -0.03 -0.03 -0.03 -0.04 -0.05 -0.04 20021993 00
 -0.07 -0.06 -0.03 -0.00  0.02  0.07  0.10  0.10  0.10  0.09  0.04  0.00 20021993 12
 -0.01 -0.05 -0.06 -0.08 -0.11 -0.14 -0.18 -0.25 -0.31 -0.31 -0.30 -0.26 21021993 00
 -0.21 -0.17 -0.16 -0.12 -0.13 -0.13 -0.10 -0.06 -0.05 -0.07 -0.07 -0.07 21021993 12
 -0.07 -0.07 -0.08 -0.09 -0.10 -0.12 -0.14 -0.17 -0.20 -0.21 -0.20 -0.18 22021993 00
 -0.16 -0.14 -0.16 -0.16 -0.17 -0.20 -0.21 -0.20 -0.20 -0.20 -0.22 -0.21 22021993 12
 -0.21 -0.19 -0.19 -0.20 -0.17 -0.19 -0.20 -0.19 -0.20 -0.23 -0.21 -0.20 23021993 00
 -0.19 -0.16 -0.16 -0.17 -0.16 -0.16 -0.18 -0.16 -0.14 -0.16 -0.16 -0.17 23021993 12
 -0.17 -0.15 -0.13 -0.14 -0.11 -0.11 -0.11 -0.11 -0.12 -0.13 -0.13 -0.11 24021993 00
 -0.11 -0.10 -0.09 -0.11 -0.09 -0.09 -0.09 -0.08 -0.06 -0.06 -0.06 -0.06 24021993 12
 -0.05 -0.03  0.00  0.02  0.04  0.05  0.05  0.06  0.08  0.13  0.18  0.21 25021993 00
  0.24  0.21  0.21  0.22  0.19  0.16  0.17  0.12  0.03 -0.07 -0.15 -0.19 25021993 12
 -0.20 -0.22 -0.22 -0.20 -0.18 -0.14 -0.12 -0.11 -0.08 -0.05 -0.02  0.02 26021993 00
  0.03  0.03  0.04  0.01 -0.03 -0.05 -0.07 -0.11 -0.18 -0.30 -0.44 -0.53 26021993 12
 -0.54 -0.47 -0.40 -0.37 -0.38 -0.37 -0.31 -0.31 -0.32 -0.29 -0.27 -0.26 27021993 00
 -0.23 -0.20 -0.15 -0.12 -0.13 -0.15 -0.17 -0.19 -0.21 -0.20 -0.24 -0.27 27021993 12
 -0.27 -0.28 -0.26 -0.27 -0.31 -0.33 -0.31 -0.29 -0.30 -0.29 -0.26 -0.27 28021993 00
 -0.25 -0.23 -0.23 -0.21 -0.23 -0.25 -0.25 -0.22 -0.24 -0.25 -0.22 -0.24 28021993 12
 -0.26 -0.25 -0.26 -0.25 -0.26 -0.24 -0.25 -0.21 -0.21 -0.21 -0.18 -0.20 01031993 00
 -0.25 -0.26 -0.28 -0.29 -0.29 -0.29 -0.31 -0.29 -0.29 -0.30 -0.26 -0.19 01031993 12
 -0.19 -0.18 -0.18 -0.19 -0.14 -0.13 -0.13 -0.13 -0.10 -0.10 -0.12 -0.11 02031993 00
 -0.12 -0.17 -0.17 -0.21 -0.20 -0.19 -0.18 -0.19 -0.20 -0.20 -0.19 -0.18 02031993 12
 -0.15 -0.16 -0.17 -0.16 -0.16 -0.13 -0.16 -0.16 -0.18 -0.18 -0.19 -0.19 03031993 00
 -0.20 -0.21 -0.27 -0.30 -0.31 -0.28 -0.26 -0.28 -0.27 -0.29 -0.26 -0.25 03031993 12
 -0.24 -0.25 -0.26 -0.31 -0.29 -0.28 -0.27 -0.25 -0.24 -0.24 -0.22 -0.20 04031993 00
 -0.20 -0.20 -0.19 -0.20 -0.24 -0.21 -0.19 -0.16 -0.15 -0.18 -0.19 -0.18 04031993 12
 -0.16 -0.15 -0.13 -0.11 -0.12 -0.15 -0.17 -0.16 -0.11 -0.10 -0.09 -0.09 05031993 00
 -0.08 -0.10 -0.11 -0.11 -0.12 -0.14 -0.14 -0.13 -0.14 -0.14 -0.14 -0.15 05031993 12
 -0.14 -0.12 -0.12 -0.12 -0.11 -0.13 -0.15 -0.14 -0.12 -0.10 -0.10 -0.09 06031993 00
 -0.11 -0.10 -0.11 -0.12 -0.13 -0.14 -0.15 -0.15 -0.13 -0.13 -0.11 -0.10 06031993 12
 -0.11 -0.10 -0.10 -0.10 -0.10 -0.10 -0.09 -0.08 -0.08 -0.07 -0.07 -0.06 07031993 00
 -0.05 -0.04 -0.03 -0.04 -0.04 -0.04 -0.04 -0.06 -0.05 -0.06 -0.06 -0.05 07031993 12
 -0.04 -0.04 -0.03 -0.04 -0.04 -0.04 -0.04 -0.05 -0.06 -0.05 -0.05 -0.04 08031993 00
 -0.02 -0.03 -0.03 -0.03 -0.03 -0.03 -0.03 -0.05 -0.07 -0.07 -0.07 -0.09 08031993 12
 -0.08 -0.07 -0.08 -0.07 -0.08 -0.09 -0.08 -0.08 -0.08 -0.08 -0.08 -0.07 09031993 00
 -0.05 -0.04 -0.06 -0.05 -0.05 -0.05 -0.04 -0.02 -0.01 -0.01 -0.02 -0.03 09031993 12
 -0.02 -0.00  0.01  0.01  0.00 -0.00 -0.01 -0.01 -0.02 -0.03 -0.03 -0.02 10031993 00
 -0.03 -0.03 -0.03 -0.05 -0.05 -0.05 -0.06 -0.06 -0.07 -0.09 -0.10 -0.10 10031993 12
 -0.10 -0.10 -0.09 -0.10 -0.08 -0.06 -0.07 -0.07 -0.06 -0.05 -0.04 -0.02 11031993 00
 -0.02 -0.03 -0.03 -0.04 -0.03 -0.02 -0.03 -0.02 -0.01 -0.02 -0.04 -0.05 11031993 12
 -0.04 -0.04 -0.03 -0.02 -0.02 -0.00 -0.01 -0.01 -0.01 -0.00  0.01  0.03 12031993 00
  0.04  0.04  0.04  0.05  0.06  0.07  0.06  0.05  0.05  0.04  0.04  0.02 12031993 12
  0.02  0.02  0.02  0.03  0.05  0.05  0.05  0.04  0.04  0.05  0.08  0.10 13031993 00
  0.11  0.11  0.10  0.09  0.10  0.11  0.09  0.09  0.09  0.09  0.09  0.10 13031993 12
  0.08  0.08  0.07  0.05  0.06  0.07  0.07  0.06  0.07  0.07  0.07  0.10 14031993 00
  0.11  0.10  0.09  0.07  0.06  0.05  0.05  0.03  0.03  0.01 -0.00 -0.02 14031993 12
 -0.03 -0.03 -0.04 -0.04 -0.03 -0.02 -0.03 -0.04 -0.05 -0.05 -0.03 -0.00 15031993 00
  0.01  0.02  0.01  0.00  0.00  0.02  0.04  0.06  0.07  0.07  0.07  0.06 15031993 12
  0.03 -0.00 -0.04 -0.05 -0.04 -0.06 -0.07 -0.09 -0.10 -0.10 -0.07 -0.03 16031993 00
  0.01  0.04  0.09  0.11  0.11  0.09  0.09  0.08  0.09  0.08  0.09  0.10 16031993 12
  0.09  0.08  0.07  0.09  0.14  0.18  0.20  0.19  0.19  0.16  0.16  0.18 17031993 00
  0.18  0.16  0.16  0.09  0.04 -0.01 -0.00  0.02  0.07  0.09  0.10  0.11 17031993 12
  0.12  0.11  0.11  0.12  0.12  0.15  0.15  0.17  0.19  0.13  0.04  0.01 18031993 00
  0.01  0.01 -0.03 -0.07 -0.10 -0.12 -0.16 -0.16 -0.13 -0.11 -0.09 -0.11 18031993 12
 -0.13 -0.12 -0.10 -0.10 -0.11 -0.11 -0.10 -0.08 -0.07 -0.07 -0.06 -0.05 19031993 00
 -0.06 -0.05 -0.04 -0.04 -0.04 -0.06 -0.07 -0.07 -0.04 -0.03 -0.02 -0.03 19031993 12
 -0.04 -0.04 -0.03 -0.03 -0.04 -0.06 -0.08 -0.09 -0.07 -0.05 -0.03 -0.01 20031993 00
  0.00  0.01  0.03  0.03  0.05  0.06  0.07  0.08  0.08  0.10  0.11  0.14 20031993 12
  0.16  0.17  0.18  0.20  0.21  0.19  0.18  0.16  0.14  0.14  0.11  0.08 21031993 00
  0.06  0.04  0.02  0.02  0.01 -0.01 -0.01 -0.01 -0.00  0.00  0.01  0.03 21031993 12
  0.06  0.07  0.07  0.08  0.09  0.11  0.12  0.12  0.13  0.14  0.17  0.18 22031993 00
  0.20  0.24  0.26  0.26  0.26  0.26  0.22  0.20  0.18  0.17  0.17  0.13 22031993 12
  0.12  0.13  0.13  0.13  0.15  0.15  0.12  0.13  0.13  0.16  0.17  0.17 23031993 00
  0.16  0.15  0.14  0.12  0.12  0.08  0.01 -0.06 -0.12 -0.14 -0.14 -0.12 23031993 12
 -0.11 -0.10 -0.12 -0.12 -0.11 -0.10 -0.09 -0.07 -0.08 -0.09 -0.09 -0.09 24031993 00
 -0.08 -0.08 -0.11 -0.12 -0.13 -0.13 -0.14 -0.15 -0.18 -0.20 -0.22 -0.21 24031993 12
 -0.20 -0.18 -0.20 -0.21 -0.20 -0.22 -0.25 -0.25 -0.27 -0.30 -0.28 -0.28 25031993 00
 -0.26 -0.24 -0.23 -0.24 -0.22 -0.23 -0.25 -0.22 -0.21 -0.25 -0.23 -0.24 25031993 12
 -0.24 -0.21 -0.19 -0.22 -0.20 -0.21 -0.23 -0.22 -0.21 -0.20 -0.20 -0.18 26031993 00
 -0.19 -0.16 -0.14 -0.15 -0.12 -0.10 -0.10 -0.09 -0.07 -0.06 -0.05 -0.05 26031993 12
 -0.05 -0.05 -0.05 -0.04 -0.02 -0.00 -0.00  0.00 -0.00 -0.00 -0.00  0.01 27031993 00
  0.01 -0.01 -0.03 -0.04 -0.05 -0.05 -0.06 -0.06 -0.07 -0.08 -0.08 -0.06 27031993 12
 -0.04 -0.05 -0.05 -0.04 -0.03 -0.01 -0.01 -0.02 -0.03 -0.03 -0.02 -0.01 28031993 00
  0.00  0.01  0.01  0.03  0.03  0.03  0.03  0.03  0.03  0.02  0.02  0.02 28031993 12
  0.01  0.00 -0.01 -0.02 -0.02 -0.01 -0.01 -0.02 -0.01 -0.00  0.03  0.06 29031993 00
  0.05  0.04  0.05  0.08  0.14  0.20  0.21  0.18  0.16  0.16  0.20  0.26 29031993 12
  0.28  0.25  0.20  0.17  0.20  0.24  0.23  0.23  0.28  0.32  0.38  0.51 30031993 00
  0.55  0.41  0.29  0.21  0.23  0.24  0.20  0.13  0.15  0.08  0.00  0.01 30031993 12
  0.05  0.03 -0.00 -0.05 -0.06 -0.05 -0.04 -0.04 -0.02 -0.00 -0.00  0.01 31031993 00
  0.02  0.00 -0.04 -0.04 -0.02  0.02  0.06  0.08  0.11  0.13  0.15  0.17 31031993 12
  0.16  0.18  0.19  0.21  0.21  0.20  0.17  0.12  0.08  0.06  0.06  0.05 01041993 00
  0.00 -0.03 -0.03 -0.05 -0.05 -0.05 -0.04 -0.00  0.03  0.04  0.04  0.04 01041993 12
  0.05  0.05  0.03  0.01  0.00  0.01 -0.00 -0.01 -0.02 -0.03 -0.02 -0.02 02041993 00
 -0.02 -0.02 -0.02 -0.02 -0.01 -0.01 -0.01 -0.00 -0.00 -0.00  0.01  0.02 02041993 12
  0.02  0.02  0.01  0.01  0.03  0.05  0.06  0.06  0.04  0.03  0.03  0.03 03041993 00
  0.02  0.01 -0.00  0.02  0.08  0.15  0.16  0.14  0.12  0.14  0.17  0.18 03041993 12
  0.15  0.13  0.14  0.14  0.11  0.09  0.07  0.06  0.06  0.05  0.04  0.05 04041993 00
  0.05  0.04  0.03  0.02  0.01  0.03  0.05  0.06  0.06  0.06  0.08  0.09 04041993 12
  0.11  0.11  0.10  0.13  0.20  0.39  0.52  0.52  0.52  0.49  0.46  0.47 05041993 00
  0.54  0.50  0.51  0.56  0.57  0.60  0.68  0.62  0.61  0.61  0.56  0.55 05041993 12
  0.59  0.59  0.52  0.57  0.56  0.49  0.39  0.32  0.25  0.24  0.24  0.17 06041993 00
  0.11  0.14  0.10  0.11  0.10  0.07  0.04  0.03  0.02  0.00  0.02  0.03 06041993 12
  0.03  0.04  0.03  0.03  0.03  0.04  0.05  0.07  0.08  0.07  0.06  0.06 07041993 00
  0.05  0.04  0.04  0.02  0.01  0.00 -0.01 -0.02 -0.02 -0.03 -0.03 -0.02 07041993 12
 -0.01 -0.00 -0.01 -0.01 -0.02 -0.02 -0.03 -0.02 -0.01 -0.01 -0.00  0.00 08041993 00
  0.01  0.02  0.03  0.04  0.04  0.05  0.05  0.05  0.05  0.03  0.03  0.03 08041993 12
  0.02  0.00 -0.01 -0.02 -0.03 -0.02 -0.02 -0.03 -0.03 -0.02  0.01  0.04 09041993 00
  0.05  0.05  0.07  0.08  0.09  0.10  0.10  0.11  0.10  0.10  0.11  0.11 09041993 12
  0.11  0.11  0.08  0.08  0.09  0.08  0.07  0.06  0.03  0.03  0.03  0.04 10041993 00
  0.05  0.04  0.03  0.02  0.02  0.02  0.03  0.04  0.04  0.03  0.03  0.03 10041993 12
  0.03  0.03  0.03  0.02  0.03  0.03  0.03  0.04  0.04  0.03  0.04  0.05 11041993 00
  0.05  0.05  0.04  0.03  0.04  0.04  0.05  0.06  0.06  0.06  0.05  0.05 11041993 12
  0.06  0.07  0.06  0.05  0.05  0.05  0.06  0.07  0.08  0.08  0.09  0.10 12041993 00
  0.12  0.11  0.10  0.09  0.09  0.11  0.12  0.11  0.11  0.10  0.09  0.10 12041993 12
  0.12  0.11  0.08  0.06  0.05  0.05  0.06  0.05  0.06  0.05  0.05  0.07 13041993 00
  0.09  0.08  0.07  0.07  0.07  0.07  0.08  0.07  0.06  0.06  0.05  0.05 13041993 12
  0.04  0.05  0.04  0.02  0.01  0.01  0.00  0.00  0.00  0.00  0.00  0.00 14041993 00
  0.00 -0.00 -0.01 -0.03 -0.02 -0.01 -0.02 -0.02 -0.03 -0.03 -0.04 -0.05 14041993 12
 -0.06 -0.06 -0.06 -0.06 -0.07 -0.06 -0.07 -0.06 -0.05 -0.05 -0.04 -0.04 15041993 00
 -0.04 -0.04 -0.04 -0.04 -0.03 -0.03 -0.03 -0.03 -0.03 -0.04 -0.03 -0.01 15041993 12
  0.01  0.01 -0.00 -0.02 -0.02 -0.00  0.01  0.01  0.00 -0.01 -0.01  0.01 16041993 00
  0.01  0.01  0.01  0.02  0.02  0.02  0.02  0.01  0.01  0.02  0.02  0.02 16041993 12
  0.03  0.03  0.01 -0.01 -0.03 -0.02 -0.02 -0.01 -0.01 -0.02 -0.02 -0.02 17041993 00
 -0.02 -0.02 -0.01  0.00 -0.00 -0.01 -0.01 -0.01 -0.00 -0.01  0.00  0.01 17041993 12
  0.03  0.04  0.05  0.06  0.08  0.12  0.16  0.15  0.16  0.16  0.17  0.17 18041993 00
  0.18  0.16  0.16  0.14  0.11  0.10  0.09  0.05  0.03  0.02  0.03  0.05 18041993 12
  0.06  0.05  0.04  0.03  0.03  0.06  0.09  0.09  0.09  0.08  0.08  0.08 19041993 00
  0.09  0.09  0.08  0.09  0.11  0.13  0.17  0.19  0.17  0.15  0.15  0.17 19041993 12
  0.21  0.23  0.21  0.20  0.20  0.18  0.17  0.18  0.19  0.22  0.22  0.22 20041993 00
  0.22  0.23  0.21  0.21  0.21  0.19  0.19  0.19  0.18  0.19  0.18  0.19 20041993 12
  0.21  0.23  0.23  0.23  0.24  0.23  0.18  0.15  0.14  0.14  0.14  0.10 21041993 00
  0.08  0.07  0.06  0.05  0.07  0.08  0.08  0.09  0.10  0.10  0.11  0.11 21041993 12
  0.12  0.14  0.13  0.12  0.14  0.15  0.15  0.16  0.17  0.19  0.18  0.17 22041993 00
  0.17  0.18  0.18  0.16  0.17  0.17  0.16  0.17  0.18  0.18  0.17  0.17 22041993 12
  0.14  0.13  0.14  0.12  0.12  0.13  0.13  0.14  0.16  0.16  0.20  0.20 23041993 00
  0.18  0.18  0.19  0.18  0.18  0.19  0.19  0.19  0.20  0.19  0.19  0.19 23041993 12
  0.16  0.16  0.16  0.14  0.13  0.14  0.15  0.14  0.14  0.16  0.16  0.16 24041993 00
  0.14  0.13  0.12  0.12  0.10  0.11  0.11  0.09  0.08  0.08  0.09  0.09 24041993 12
  0.09  0.07  0.06  0.05  0.05  0.04  0.05  0.04  0.03  0.03  0.02  0.02 25041993 00
  0.03  0.03  0.01  0.00  0.01  0.01  0.01  0.00 -0.01 -0.02 -0.04 -0.03 25041993 12
 -0.03 -0.03 -0.03 -0.04 -0.05 -0.06 -0.06 -0.06 -0.06 -0.06 -0.06 -0.06 26041993 00
 -0.05 -0.06 -0.05 -0.05 -0.04 -0.03 -0.03 -0.02 -0.01 -0.01 -0.01 -0.01 26041993 12
 -0.01 -0.03 -0.05 -0.08 -0.09 -0.09 -0.09 -0.10 -0.12 -0.14 -0.14 -0.12 27041993 00
 -0.14 -0.13 -0.13 -0.13 -0.13 -0.13 -0.13 -0.13 -0.13 -0.12 -0.13 -0.14 27041993 12
 -0.16 -0.16 -0.16 -0.16 -0.16 -0.17 -0.16 -0.14 -0.13 -0.13 -0.13 -0.15 28041993 00
 -0.15 -0.15 -0.16 -0.15 -0.16 -0.17 -0.18 -0.16 -0.16 -0.16 -0.15 -0.15 28041993 12
 -0.17 -0.16 -0.15 -0.13 -0.11 -0.07 -0.07 -0.06 -0.06 -0.07 -0.06 -0.06 29041993 00
 -0.07 -0.09 -0.11 -0.12 -0.11 -0.09 -0.07 -0.06 -0.05 -0.06 -0.06 -0.03 29041993 12
 -0.00 -0.00 -0.02 -0.04 -0.04 -0.02 -0.02 -0.02 -0.02 -0.02 -0.03 -0.02 30041993 00
 -0.02 -0.01  0.00  0.01  0.01  0.01  0.01  0.01  0.02  0.02  0.01  0.02 30041993 12
  0.02  0.01  0.00  0.01  0.01  0.02  0.02  0.01  0.01  0.01  0.01  0.02 01051993 00
  0.02  0.01  0.00 -0.01 -0.02 -0.01 -0.01 -0.01 -0.01 -0.02 -0.02 -0.01 01051993 12
 -0.01 -0.03 -0.04 -0.04 -0.05 -0.05 -0.05 -0.04 -0.05 -0.05 -0.05 -0.04 02051993 00
 -0.04 -0.05 -0.06 -0.07 -0.07 -0.07 -0.07 -0.07 -0.06 -0.06 -0.07 -0.07 02051993 12
 -0.07 -0.08 -0.09 -0.10 -0.11 -0.12 -0.14 -0.14 -0.14 -0.14 -0.13 -0.13 03051993 00
 -0.12 -0.13 -0.13 -0.13 -0.15 -0.17 -0.18 -0.19 -0.18 -0.17 -0.17 -0.18 03051993 12
 -0.18 -0.16 -0.17 -0.19 -0.19 -0.20 -0.23 -0.21 -0.22 -0.21 -0.19 -0.19 04051993 00
 -0.20 -0.18 -0.19 -0.20 -0.20 -0.20 -0.23 -0.25 -0.23 -0.23 -0.21 -0.18 04051993 12
 -0.22 -0.21 -0.20 -0.22 -0.22 -0.21 -0.22 -0.21 -0.24 -0.24 -0.23 -0.19 05051993 00
 -0.17 -0.20 -0.17 -0.18 -0.19 -0.18 -0.18 -0.20 -0.19 -0.22 -0.22 -0.19 05051993 12
 -0.17 -0.19 -0.17 -0.17 -0.18 -0.18 -0.17 -0.19 -0.20 -0.17 -0.19 -0.20 06051993 00
 -0.17 -0.17 -0.18 -0.17 -0.18 -0.18 -0.18 -0.19 -0.19 -0.21 -0.19 -0.19 06051993 12
 -0.17 -0.16 -0.18 -0.15 -0.17 -0.18 -0.18 -0.18 -0.20 -0.19 -0.20 -0.21 07051993 00
 -0.20 -0.17 -0.19 -0.18 -0.18 -0.19 -0.19 -0.18 -0.19 -0.21 -0.17 -0.19 07051993 12
 -0.21 -0.17 -0.17 -0.18 -0.16 -0.18 -0.19 -0.19 -0.22 -0.22 -0.23 -0.21 08051993 00
 -0.20 -0.20 -0.20 -0.24 -0.21 -0.21 -0.22 -0.21 -0.20 -0.23 -0.23 -0.22 08051993 12
 -0.23 -0.20 -0.18 -0.22 -0.21 -0.21 -0.22 -0.22 -0.22 -0.25 -0.23 -0.21 09051993 00
 -0.20 -0.22 -0.19 -0.20 -0.23 -0.18 -0.20 -0.22 -0.21 -0.22 -0.24 -0.20 09051993 12
 -0.21 -0.21 -0.20 -0.22 -0.24 -0.21 -0.20 -0.21 -0.19 -0.19 -0.20 -0.19 10051993 00
 -0.16 -0.16 -0.14 -0.14 -0.13 -0.12 -0.10 -0.12 -0.13 -0.12 -0.13 -0.14 10051993 12
 -0.14 -0.15 -0.14 -0.16 -0.17 -0.17 -0.16 -0.18 -0.20 -0.20 -0.21 -0.21 11051993 00
 -0.18 -0.19 -0.18 -0.17 -0.18 -0.18 -0.18 -0.16 -0.18 -0.18 -0.17 -0.20 11051993 12
 -0.19 -0.18 -0.20 -0.19 -0.20 -0.18 -0.17 -0.13 -0.15 -0.14 -0.08 -0.04 12051993 00
 -0.05 -0.05 -0.04 -0.02 -0.01 -0.00 -0.01  0.01  0.02  0.00 -0.00  0.00 12051993 12
  0.01  0.02  0.01  0.00  0.01  0.01  0.02  0.03  0.03  0.03  0.04  0.07 13051993 00
  0.09  0.10  0.10  0.09  0.08  0.08  0.08  0.08  0.08  0.08  0.07  0.07 13051993 12
  0.08  0.09  0.10  0.11  0.13  0.13  0.13  0.12  0.11  0.10  0.10  0.12 14051993 00
  0.14  0.16  0.15  0.12  0.13  0.14  0.16  0.17  0.17  0.17  0.18  0.18 14051993 12
  0.18  0.19  0.18  0.20  0.20  0.20  0.20  0.20  0.18  0.19  0.21  0.22 15051993 00
  0.21  0.20  0.17  0.18  0.18  0.16  0.13  0.11  0.12  0.11  0.09  0.09 15051993 12
  0.10  0.09  0.07  0.07  0.09  0.09  0.07  0.04  0.04  0.07  0.11  0.12 16051993 00
  0.12  0.11  0.10  0.09  0.11  0.12  0.12  0.11  0.09  0.12  0.18  0.24 16051993 12
  0.27  0.29  0.27  0.26  0.26  0.29  0.25  0.23  0.25  0.28  0.30  0.30 17051993 00
  0.30  0.32  0.31  0.31  0.33  0.35  0.28  0.22  0.17  0.17  0.20  0.26 17051993 12
  0.28  0.30  0.33  0.37  0.43  0.52  0.52  0.38  0.22  0.10  0.06  0.06 18051993 00
  0.04  0.06  0.11  0.08  0.05  0.10  0.12  0.10  0.08  0.05  0.06  0.06 18051993 12
  0.07  0.04  0.03  0.01 -0.00 -0.00  0.01  0.02  0.03  0.04  0.06  0.07 19051993 00
  0.07  0.08  0.08  0.07  0.06  0.04  0.01  0.00 -0.00 -0.00 -0.01 -0.01 19051993 12
 -0.03 -0.04 -0.05 -0.06 -0.07 -0.07 -0.08 -0.08 -0.09 -0.08 -0.06 -0.05 20051993 00
 -0.05 -0.06 -0.05 -0.06 -0.07 -0.05 -0.05 -0.05 -0.05 -0.04 -0.03 -0.02 20051993 12
 -0.01 -0.01 -0.01 -0.01 -0.00  0.01  0.01  0.01  0.02  0.02  0.02  0.02 21051993 00
  0.02  0.02  0.03  0.02  0.02  0.02  0.02  0.03  0.04  0.04  0.03  0.03 21051993 12
  0.02  0.01  0.02  0.01  0.01  0.01  0.02  0.03  0.03  0.02  0.01  0.02 22051993 00
  0.01  0.01  0.01 -0.00 -0.01 -0.01 -0.02 -0.03 -0.03 -0.04 -0.04 -0.03 22051993 12
 -0.03 -0.03 -0.05 -0.06 -0.06 -0.06 -0.06 -0.05 -0.05 -0.05 -0.06 -0.06 23051993 00
 -0.06 -0.06 -0.07 -0.07 -0.06 -0.07 -0.08 -0.07 -0.07 -0.08 -0.07 -0.08 23051993 12
 -0.08 -0.08 -0.09 -0.12 -0.12 -0.12 -0.12 -0.10 -0.08 -0.06 -0.06 -0.03 24051993 00
 -0.04 -0.02 -0.01 -0.02 -0.01 -0.02 -0.03 -0.04 -0.03 -0.04 -0.05 -0.04 24051993 12
 -0.03 -0.03 -0.05 -0.08 -0.08 -0.07 -0.06 -0.06 -0.07 -0.09 -0.10 -0.08 25051993 00
 -0.09 -0.09 -0.08 -0.10 -0.12 -0.12 -0.14 -0.17 -0.19 -0.21 -0.22 -0.19 25051993 12
 -0.17 -0.16 -0.15 -0.17 -0.19 -0.18 -0.17 -0.20 -0.21 -0.20 -0.21 -0.15 26051993 00
 -0.14 -0.14 -0.12 -0.10 -0.07 -0.06 -0.08 -0.10 -0.11 -0.06 -0.03 -0.02 26051993 12
 -0.01 -0.02 -0.02 -0.04 -0.04 -0.01  0.02  0.02  0.01 -0.00  0.01  0.03 27051993 00
  0.04  0.04  0.03  0.03  0.03  0.04  0.04  0.04  0.03  0.02  0.02  0.03 27051993 12
  0.04  0.04  0.04  0.02  0.01  0.03  0.05  0.06  0.06  0.05  0.06  0.07 28051993 00
  0.09  0.10  0.10  0.09  0.09  0.09  0.08  0.08  0.07  0.07  0.07  0.07 28051993 12
  0.07  0.07  0.06  0.06  0.05  0.05  0.05  0.05  0.04  0.04  0.03  0.03 29051993 00
  0.04  0.05  0.04  0.03  0.05  0.07  0.09  0.10  0.11  0.11  0.12  0.12 29051993 12
  0.12  0.15  0.19  0.21  0.21  0.22  0.23  0.27  0.32  0.32  0.32  0.33 30051993 00
  0.35  0.37  0.42  0.46  0.44  0.43  0.38  0.37  0.37  0.41  0.37  0.38 30051993 12
  0.36  0.31  0.28  0.31  0.32  0.30  0.27  0.24  0.23  0.24  0.22  0.22 31051993 00
  0.23  0.20  0.14  0.13  0.13  0.09  0.07  0.04  0.03  0.03  0.04  0.03 31051993 12
  0.03  0.03  0.02  0.02  0.03  0.04  0.03  0.02  0.02  0.02  0.03  0.04 01061993 00
  0.04  0.05  0.05  0.04  0.06  0.07  0.06  0.05  0.04  0.03  0.04  0.05 01061993 12
  0.06  0.06  0.06  0.06  0.07  0.09  0.10  0.09  0.08  0.07  0.08  0.09 02061993 00
  0.09  0.08  0.08  0.06  0.05  0.04  0.02  0.01  0.01  0.01  0.01 -0.00 02061993 12
 -0.02 -0.03 -0.03 -0.04 -0.05 -0.04 -0.04 -0.04 -0.06 -0.06 -0.05 -0.05 03061993 00
 -0.05 -0.07 -0.08 -0.08 -0.08 -0.06 -0.05 -0.05 -0.05 -0.06 -0.05 -0.04 03061993 12
 -0.04 -0.04 -0.03 -0.03 -0.03 -0.03 -0.03 -0.04 -0.04 -0.03 -0.03 -0.02 04061993 00
 -0.02 -0.02 -0.03 -0.04 -0.03 -0.03 -0.03 -0.05 -0.07 -0.08 -0.08 -0.08 04061993 12
 -0.07 -0.07 -0.08 -0.08 -0.09 -0.10 -0.10 -0.12 -0.14 -0.14 -0.14 -0.13 05061993 00
 -0.12 -0.12 -0.13 -0.11 -0.11 -0.12 -0.11 -0.10 -0.10 -0.12 -0.10 -0.11 05061993 12
 -0.09 -0.08 -0.09 -0.09 -0.09 -0.09 -0.09 -0.08 -0.09 -0.08 -0.09 -0.08 06061993 00
 -0.08 -0.07 -0.05 -0.05 -0.04 -0.05 -0.06 -0.06 -0.04 -0.03 -0.02 -0.02 06061993 12
 -0.02 -0.00  0.00 -0.01 -0.01 -0.01 -0.00  0.00 -0.00 -0.02 -0.05 -0.05 07061993 00
 -0.04 -0.04 -0.04 -0.05 -0.05 -0.05 -0.06 -0.06 -0.05 -0.04 -0.05 -0.04 07061993 12
 -0.04 -0.03 -0.02 -0.03 -0.03 -0.02 -0.03 -0.03 -0.03 -0.04 -0.05 -0.05 08061993 00
 -0.05 -0.05 -0.04 -0.04 -0.05 -0.05 -0.04 -0.03 -0.02 -0.02 -0.02 -0.02 08061993 12
 -0.02 -0.02 -0.01 -0.02 -0.02 -0.02 -0.02 -0.02 -0.01 -0.01  0.00  0.01 09061993 00
  0.00  0.00  0.01  0.02  0.03  0.03  0.03  0.02  0.02  0.02  0.02  0.01 09061993 12
  0.02  0.03  0.04  0.04  0.03  0.02  0.02  0.03  0.03  0.04  0.06  0.07 10061993 00
  0.07  0.07  0.06  0.06  0.07  0.07  0.08  0.08  0.08  0.07  0.06  0.07 10061993 12
  0.08  0.07  0.07  0.06  0.06  0.06  0.07  0.07  0.06  0.06  0.05  0.04 11061993 00
  0.04  0.03  0.03  0.03  0.04  0.04  0.04  0.05  0.06  0.06  0.05  0.03 11061993 12
  0.02  0.00 -0.01 -0.03 -0.04 -0.05 -0.05 -0.06 -0.07 -0.07 -0.08 -0.10 12061993 00
 -0.12 -0.14 -0.13 -0.11 -0.10 -0.09 -0.09 -0.08 -0.04 -0.03 -0.05 -0.06 12061993 12
 -0.07 -0.09 -0.09 -0.09 -0.09 -0.09 -0.11 -0.12 -0.12 -0.11 -0.10 -0.09 13061993 00
 -0.08 -0.08 -0.09 -0.07 -0.07 -0.05 -0.04 -0.03 -0.02 -0.01 -0.00  0.00 13061993 12
  0.02  0.02  0.02  0.02  0.02  0.03  0.03  0.01 -0.00  0.01  0.02  0.01 14061993 00
 -0.01 -0.03 -0.05 -0.07 -0.08 -0.09 -0.09 -0.09 -0.10 -0.12 -0.12 -0.13 14061993 12
 -0.13 -0.13 -0.12 -0.13 -0.13 -0.10 -0.11 -0.10 -0.10 -0.09 -0.07 -0.04 15061993 00
 -0.04 -0.05 -0.04 -0.03 -0.02 -0.00 -0.00 -0.01 -0.00  0.01  0.01  0.01 15061993 12
  0.00 -0.01 -0.03 -0.04 -0.05 -0.05 -0.06 -0.08 -0.09 -0.09 -0.08 -0.07 16061993 00
 -0.06 -0.05 -0.04 -0.03 -0.03 -0.05 -0.06 -0.07 -0.06 -0.05 -0.04 -0.03 16061993 12
 -0.02 -0.01 -0.01 -0.01 -0.00 -0.00 -0.00 -0.00 -0.00 -0.01 -0.01  0.00 17061993 00
  0.01  0.00 -0.00 -0.01 -0.03 -0.02 -0.00  0.00  0.02  0.02  0.04  0.06 17061993 12
  0.08  0.10  0.12  0.14  0.16  0.18  0.17  0.14  0.12  0.10  0.07  0.05 18061993 00
  0.05  0.04  0.05  0.05  0.05  0.06  0.09  0.10  0.08  0.07  0.06  0.08 18061993 12
  0.08  0.08  0.07  0.08  0.07  0.06  0.06  0.06  0.04  0.04  0.03  0.03 19061993 00
  0.04  0.05  0.04  0.03  0.03  0.03  0.03  0.03  0.01  0.01 -0.00 -0.02 19061993 12
 -0.02 -0.02 -0.03 -0.03 -0.03 -0.05 -0.06 -0.08 -0.09 -0.10 -0.09 -0.08 20061993 00
 -0.08 -0.09 -0.09 -0.09 -0.09 -0.09 -0.09 -0.09 -0.10 -0.10 -0.11 -0.10 20061993 12
 -0.09 -0.08 -0.08 -0.08 -0.09 -0.10 -0.10 -0.09 -0.09 -0.10 -0.10 -0.10 21061993 00
 -0.09 -0.09 -0.10 -0.11 -0.10 -0.10 -0.10 -0.10 -0.11 -0.12 -0.13 -0.11 21061993 12
 -0.09 -0.07 -0.06 -0.06 -0.05 -0.06 -0.06 -0.06 -0.06 -0.08 -0.07 -0.06 22061993 00
 -0.06 -0.07 -0.08 -0.10 -0.08 -0.08 -0.08 -0.07 -0.08 -0.11 -0.12 -0.11 22061993 12
 -0.10 -0.08 -0.07 -0.09 -0.08 -0.08 -0.08 -0.06 -0.05 -0.06 -0.05 -0.05 23061993 00
 -0.04 -0.05 -0.04 -0.06 -0.06 -0.06 -0.06 -0.07 -0.07 -0.08 -0.10 -0.10 23061993 12
 -0.10 -0.10 -0.09 -0.09 -0.10 -0.10 -0.10 -0.11 -0.10 -0.10 -0.10 -0.10 24061993 00
 -0.11 -0.12 -0.12 -0.12 -0.11 -0.11 -0.10 -0.10 -0.11 -0.12 -0.13 -0.14 24061993 12
 -0.14 -0.14 -0.14 -0.15 -0.15 -0.14 -0.13 -0.13 -0.14 -0.14 -0.13 -0.13 25061993 00
 -0.14 -0.13 -0.13 -0.12 -0.11 -0.10 -0.10 -0.09 -0.09 -0.07 -0.04  0.01 25061993 12
  0.03  0.04  0.04  0.04  0.06  0.07  0.06  0.06  0.08  0.09  0.07  0.04 26061993 00
 -0.01 -0.05 -0.04 -0.06 -0.07 -0.06 -0.07 -0.08 -0.09 -0.09 -0.10 -0.10 26061993 12
 -0.10 -0.10 -0.10 -0.11 -0.10 -0.10 -0.09 -0.09 -0.08 -0.08 -0.08 -0.08 27061993 00
 -0.09 -0.11 -0.11 -0.11 -0.11 -0.09 -0.09 -0.08 -0.08 -0.09 -0.10 -0.10 27061993 12
 -0.09 -0.09 -0.10 -0.11 -0.11 -0.10 -0.10 -0.08 -0.09 -0.09 -0.10 -0.09 28061993 00
 -0.08 -0.07 -0.09 -0.09 -0.08 -0.06 -0.06 -0.06 -0.06 -0.06 -0.05 -0.06 28061993 12
 -0.06 -0.05 -0.06 -0.07 -0.07 -0.08 -0.08 -0.08 -0.07 -0.06 -0.05 -0.05 29061993 00
 -0.04 -0.04 -0.04 -0.05 -0.06 -0.05 -0.05 -0.04 -0.03 -0.03 -0.03 -0.03 29061993 12
 -0.03 -0.02 -0.03 -0.04 -0.06 -0.06 -0.06 -0.06 -0.06 -0.07 -0.08 -0.09 30061993 00
 -0.09 -0.09 -0.10 -0.11 -0.12 -0.12 -0.12 -0.11 -0.10 -0.10 -0.11 -0.11 30061993 12
 -0.10 -0.12 -0.13 -0.13 -0.13 -0.16 -0.16 -0.14 -0.13 -0.11 -0.10 -0.11 01071993 00
 -0.11 -0.10 -0.11 -0.11 -0.11 -0.12 -0.13 -0.11 -0.11 -0.10 -0.10 -0.09 01071993 12
 -0.10 -0.08 -0.09 -0.10 -0.09 -0.09 -0.08 -0.09 -0.08 -0.07 -0.04 -0.02 02071993 00
 -0.02 -0.01 -0.01 -0.01 -0.01 -0.01 -0.02 -0.02 -0.01 -0.01 -0.01 -0.00 02071993 12
 -0.00 -0.01  0.00  0.02  0.03  0.04  0.03  0.01 -0.00 -0.00 -0.00 -0.00 03071993 00
 -0.01 -0.02 -0.02 -0.02 -0.02 -0.02 -0.03 -0.04 -0.04 -0.03 -0.02 -0.02 03071993 12
 -0.02 -0.02 -0.02 -0.01 -0.02 -0.03 -0.05 -0.06 -0.08 -0.09 -0.08 -0.07 04071993 00
 -0.06 -0.06 -0.08 -0.08 -0.08 -0.08 -0.08 -0.09 -0.10 -0.12 -0.13 -0.14 04071993 12
 -0.13 -0.12 -0.13 -0.13 -0.14 -0.15 -0.15 -0.17 -0.21 -0.23 -0.22 -0.20 05071993 00
 -0.19 -0.19 -0.21 -0.21 -0.17 -0.17 -0.17 -0.16 -0.17 -0.21 -0.22 -0.22 05071993 12
 -0.19 -0.16 -0.17 -0.18 -0.16 -0.17 -0.17 -0.15 -0.14 -0.17 -0.17 -0.16 06071993 00
 -0.16 -0.14 -0.13 -0.16 -0.14 -0.14 -0.14 -0.14 -0.15 -0.18 -0.18 -0.18 06071993 12
 -0.18 -0.17 -0.15 -0.16 -0.15 -0.14 -0.14 -0.14 -0.13 -0.15 -0.16 -0.16 07071993 00
 -0.16 -0.14 -0.12 -0.12 -0.12 -0.10 -0.11 -0.11 -0.09 -0.07 -0.06 -0.06 07071993 12
 -0.05 -0.04 -0.02 -0.02 -0.02 -0.01 -0.00  0.01  0.02  0.03  0.04  0.02 08071993 00
  0.02  0.02  0.02  0.04  0.07  0.11  0.12  0.13  0.13  0.10  0.09  0.08 08071993 12
  0.08  0.07  0.05  0.03  0.03  0.04  0.04  0.04  0.03  0.04  0.07  0.09 09071993 00
  0.09  0.09  0.09  0.08  0.08  0.08  0.07  0.08  0.10  0.10  0.09  0.09 09071993 12
  0.09  0.11  0.12  0.11  0.08  0.06  0.06  0.08  0.09  0.08  0.07  0.07 10071993 00
  0.08  0.09  0.10  0.08  0.09  0.09  0.09  0.07  0.08  0.08  0.06  0.04 10071993 12
  0.04  0.04  0.04  0.03  0.03  0.02  0.02  0.02  0.04  0.03  0.02  0.01 11071993 00
  0.01 -0.00  0.00  0.01  0.02  0.01  0.01  0.02  0.03  0.02 -0.00 -0.01 11071993 12
 -0.01 -0.01 -0.03 -0.05 -0.06 -0.06 -0.06 -0.06 -0.05 -0.06 -0.06 -0.06 12071993 00
 -0.07 -0.08 -0.07 -0.07 -0.08 -0.08 -0.09 -0.09 -0.08 -0.09 -0.09 -0.09 12071993 12
 -0.08 -0.09 -0.09 -0.09 -0.08 -0.06 -0.04 -0.04 -0.03 -0.04 -0.04 -0.03 13071993 00
 -0.01 -0.00 -0.01 -0.01 -0.02 -0.01 -0.01  0.02  0.05  0.09  0.10  0.10 13071993 12
  0.10  0.10  0.10  0.10  0.08  0.07  0.05  0.04  0.02  0.01  0.01  0.02 14071993 00
  0.03  0.01  0.01  0.01  0.00  0.01  0.01  0.01  0.03  0.05  0.05  0.05 14071993 12
  0.06  0.06  0.05  0.04  0.07  0.08  0.10  0.11  0.10  0.09  0.10  0.11 15071993 00
  0.12  0.11  0.10  0.10  0.13  0.13  0.12  0.11  0.11  0.12  0.15  0.16 15071993 12
  0.14  0.13  0.13  0.12  0.12  0.14  0.13  0.13  0.10  0.10  0.09  0.10 16071993 00
  0.10  0.10  0.09  0.09  0.08  0.10  0.10  0.10  0.10  0.09  0.09  0.09 16071993 12
  0.08  0.07  0.07  0.06  0.05  0.05  0.04  0.02  0.01 -0.01  0.00  0.01 17071993 00
  0.00 -0.01 -0.01 -0.02 -0.02 -0.03 -0.04 -0.05 -0.06 -0.05 -0.04 -0.03 17071993 12
 -0.02 -0.02 -0.03 -0.04 -0.03 -0.02 -0.01  0.00  0.01  0.01  0.02  0.02 18071993 00
  0.03  0.04  0.04  0.04  0.03  0.04  0.05  0.05  0.05  0.05  0.06  0.08 18071993 12
  0.09  0.09  0.09  0.08  0.08  0.06  0.05  0.03  0.00 -0.01 -0.03 -0.04 19071993 00
 -0.04 -0.04 -0.04 -0.04 -0.04 -0.03 -0.02  0.00  0.01 -0.01 -0.02 -0.01 19071993 12
 -0.01 -0.02 -0.02 -0.02 -0.02 -0.03 -0.04 -0.04 -0.06 -0.06 -0.05 -0.04 20071993 00
 -0.03 -0.02 -0.04 -0.04 -0.03 -0.03 -0.03 -0.03 -0.03 -0.03 -0.03 -0.03 20071993 12
 -0.03 -0.02 -0.02 -0.02 -0.03 -0.04 -0.04 -0.04 -0.05 -0.05 -0.05 -0.04 21071993 00
 -0.04 -0.04 -0.05 -0.06 -0.06 -0.06 -0.07 -0.06 -0.06 -0.07 -0.08 -0.08 21071993 12
 -0.08 -0.07 -0.06 -0.07 -0.07 -0.07 -0.08 -0.08 -0.07 -0.07 -0.08 -0.06 22071993 00
 -0.08 -0.08 -0.07 -0.07 -0.06 -0.05 -0.06 -0.06 -0.05 -0.05 -0.05 -0.05 22071993 12
 -0.04 -0.04 -0.02 -0.02 -0.00  0.02  0.04  0.06  0.07  0.08  0.10  0.10 23071993 00
  0.10  0.11  0.09  0.08  0.11  0.11  0.10  0.09  0.07  0.05  0.01 -0.02 23071993 12
 -0.02 -0.02 -0.04 -0.04 -0.03 -0.01 -0.00  0.00 -0.00  0.00  0.01  0.03 24071993 00
  0.03  0.02  0.03  0.02  0.04  0.06  0.08  0.10  0.11  0.12  0.14  0.15 24071993 12
  0.16  0.15  0.14  0.12  0.11  0.13  0.13  0.14  0.17  0.16  0.13  0.11 25071993 00
  0.10  0.09  0.11  0.10  0.09  0.10  0.11  0.11  0.12  0.12  0.11  0.10 25071993 12
  0.11  0.12  0.12  0.12  0.12  0.12  0.12  0.11  0.11  0.11  0.10  0.09 26071993 00
  0.10  0.11  0.08  0.07  0.06  0.07  0.07  0.07  0.05  0.05  0.06  0.06 26071993 12
  0.07  0.10  0.11  0.12  0.14  0.14  0.14  0.14  0.13  0.11  0.11  0.12 27071993 00
  0.10  0.11  0.11  0.11  0.13  0.12  0.13  0.14  0.16  0.14  0.13  0.12 27071993 12
  0.12  0.10  0.09  0.07  0.09  0.11  0.10  0.11  0.09  0.08  0.07  0.06 28071993 00
  0.04  0.01 -0.02 -0.02 -0.04 -0.04 -0.05 -0.05 -0.04 -0.03 -0.02 -0.00 28071993 12
  0.00  0.02  0.04  0.07  0.09  0.10  0.10  0.09  0.08  0.07  0.08  0.07 29071993 00
  0.07  0.06  0.05  0.03  0.02  0.01  0.02  0.03  0.02  0.02  0.02  0.02 29071993 12
  0.02  0.02  0.02  0.00 -0.00  0.01  0.01  0.00 -0.01 -0.00  0.01  0.02 30071993 00
  0.03  0.03  0.05  0.05  0.03  0.03  0.03  0.04  0.05  0.05  0.06  0.06 30071993 12
  0.06  0.04  0.04  0.03  0.03  0.04  0.04  0.04  0.05  0.05  0.05  0.05 31071993 00
  0.05  0.03  0.02  0.01  0.00 -0.02 -0.04 -0.05 -0.06 -0.06 -0.07 -0.06 31071993 12
 -0.06 -0.06 -0.05 -0.05 -0.05 -0.04 -0.03 -0.03 -0.03 -0.05 -0.04 -0.03 01081993 00
 -0.02 -0.00  0.00 -0.00 -0.00  0.00  0.02  0.04  0.05  0.05  0.05  0.04 01081993 12
  0.04  0.07  0.07  0.07  0.08  0.08  0.08  0.07  0.08  0.09  0.10  0.08 02081993 00
  0.06  0.06  0.07  0.06  0.06  0.07  0.08  0.11  0.13  0.14  0.13  0.13 02081993 12
  0.12  0.13  0.14  0.13  0.14  0.13  0.11  0.09  0.08  0.06  0.06  0.06 03081993 00
  0.03  0.03  0.04  0.02  0.01  0.01  0.00 -0.00  0.02  0.02  0.01  0.00 03081993 12
 -0.01 -0.01 -0.00 -0.01 -0.01 -0.01 -0.01 -0.02 -0.03 -0.04 -0.03 -0.03 04081993 00
 -0.03 -0.02 -0.01 -0.02 -0.02 -0.02 -0.02 -0.01 -0.00 -0.01  0.00  0.01 04081993 12
  0.01  0.00 -0.00 -0.00  0.01  0.01  0.02  0.03  0.04  0.03  0.02  0.01 05081993 00
  0.01  0.01 -0.01 -0.03 -0.03 -0.02 -0.02 -0.03 -0.05 -0.08 -0.09 -0.09 05081993 12
 -0.09 -0.08 -0.08 -0.08 -0.08 -0.07 -0.08 -0.08 -0.06 -0.06 -0.06 -0.05 06081993 00
 -0.06 -0.06 -0.04 -0.05 -0.05 -0.05 -0.04 -0.04 -0.03 -0.03 -0.03 -0.02 06081993 12
 -0.01 -0.00  0.00 -0.00 -0.00 -0.00 -0.00 -0.00 -0.00  0.00  0.00 -0.01 07081993 00
 -0.01 -0.02 -0.02 -0.02 -0.02 -0.02 -0.02 -0.03 -0.04 -0.05 -0.06 -0.07 07081993 12
 -0.07 -0.06 -0.07 -0.08 -0.08 -0.08 -0.07 -0.06 -0.06 -0.07 -0.07 -0.06 08081993 00
 -0.05 -0.04 -0.02 -0.01  0.01  0.02  0.01  0.02  0.03  0.03  0.01 -0.01 08081993 12
 -0.02 -0.02 -0.02 -0.02 -0.01  0.01  0.02  0.05  0.08  0.11  0.14  0.16 09081993 00
  0.15  0.12  0.13  0.11  0.11  0.11  0.11  0.10  0.11  0.09  0.06  0.05 09081993 12
  0.05  0.03  0.04  0.04  0.06  0.06  0.05  0.05  0.06  0.04  0.00 -0.02 10081993 00
 -0.02 -0.02 -0.02 -0.03 -0.03 -0.01 -0.01 -0.01 -0.01 -0.01 -0.00  0.01 10081993 12
  0.03  0.04  0.04  0.04  0.05  0.07  0.10  0.15  0.23  0.32  0.39  0.43 11081993 00
  0.40  0.37  0.30  0.27  0.22  0.17  0.09  0.06  0.02  0.00 -0.05 -0.09 11081993 12
 -0.07 -0.02 -0.01 -0.02 -0.02  0.01  0.06  0.09  0.12  0.13  0.14  0.15 12081993 00
  0.15  0.11  0.08  0.06  0.07  0.06  0.03 -0.00 -0.01 -0.01 -0.02 -0.04 12081993 12
 -0.07 -0.08 -0.08 -0.09 -0.10 -0.09 -0.08 -0.08 -0.08 -0.07 -0.05 -0.03 13081993 00
 -0.01  0.01  0.03  0.04  0.04  0.05  0.05  0.05  0.05  0.03  0.03  0.02 13081993 12
  0.01 -0.00 -0.02 -0.03 -0.04 -0.04 -0.04 -0.05 -0.04 -0.04 -0.03 -0.02 14081993 00
 -0.01 -0.00  0.00  0.01 -0.00 -0.01 -0.01 -0.01  0.01  0.02  0.03  0.03 14081993 12
  0.03  0.02  0.02  0.02  0.01  0.01 -0.00 -0.00 -0.01 -0.02 -0.02 -0.02 15081993 00
 -0.02 -0.02 -0.02 -0.03 -0.04 -0.05 -0.07 -0.07 -0.05 -0.04 -0.03 -0.03 15081993 12
 -0.04 -0.04 -0.05 -0.06 -0.06 -0.05 -0.06 -0.06 -0.08 -0.09 -0.08 -0.08 16081993 00
 -0.09 -0.10 -0.10 -0.11 -0.11 -0.12 -0.15 -0.17 -0.16 -0.17 -0.15 -0.15 16081993 12
 -0.16 -0.16 -0.16 -0.17 -0.18 -0.17 -0.18 -0.20 -0.19 -0.20 -0.19 -0.17 17081993 00
 -0.16 -0.18 -0.16 -0.17 -0.18 -0.17 -0.17 -0.19 -0.20 -0.19 -0.19 -0.16 17081993 12
 -0.14 -0.16 -0.14 -0.13 -0.14 -0.14 -0.13 -0.14 -0.14 -0.14 -0.13 -0.12 18081993 00
 -0.10 -0.09 -0.10 -0.08 -0.08 -0.09 -0.09 -0.10 -0.11 -0.11 -0.11 -0.11 18081993 12
 -0.12 -0.11 -0.12 -0.11 -0.11 -0.12 -0.12 -0.12 -0.14 -0.14 -0.12 -0.12 19081993 00
 -0.12 -0.09 -0.09 -0.09 -0.08 -0.08 -0.08 -0.07 -0.07 -0.07 -0.06 -0.05 19081993 12
 -0.06 -0.05 -0.04 -0.05 -0.04 -0.05 -0.05 -0.05 -0.06 -0.06 -0.07 -0.07 20081993 00
 -0.08 -0.08 -0.07 -0.07 -0.06 -0.06 -0.07 -0.07 -0.08 -0.09 -0.10 -0.08 20081993 12
 -0.08 -0.07 -0.05 -0.06 -0.05 -0.05 -0.06 -0.07 -0.07 -0.09 -0.10 -0.10 21081993 00
 -0.09 -0.09 -0.08 -0.09 -0.10 -0.08 -0.08 -0.09 -0.09 -0.09 -0.11 -0.11 21081993 12
 -0.10 -0.10 -0.09 -0.09 -0.10 -0.08 -0.08 -0.09 -0.10 -0.11 -0.15 -0.17 22081993 00
 -0.14 -0.12 -0.12 -0.11 -0.12 -0.14 -0.12 -0.11 -0.11 -0.10 -0.12 -0.14 22081993 12
 -0.12 -0.12 -0.11 -0.12 -0.13 -0.14 -0.12 -0.11 -0.12 -0.12 -0.14 -0.16 23081993 00
 -0.15 -0.12 -0.12 -0.12 -0.12 -0.14 -0.14 -0.12 -0.13 -0.15 -0.16 -0.16 23081993 12
 -0.18 -0.17 -0.19 -0.18 -0.17 -0.17 -0.16 -0.15 -0.15 -0.16 -0.15 -0.13 24081993 00
 -0.13 -0.13 -0.13 -0.14 -0.13 -0.13 -0.13 -0.13 -0.12 -0.13 -0.13 -0.12 24081993 12
 -0.12 -0.13 -0.13 -0.13 -0.12 -0.11 -0.10 -0.09 -0.08 -0.07 -0.05 -0.03 25081993 00
 -0.04 -0.06 -0.07 -0.09 -0.09 -0.10 -0.12 -0.13 -0.13 -0.13 -0.15 -0.16 25081993 12
 -0.15 -0.15 -0.18 -0.19 -0.19 -0.18 -0.18 -0.17 -0.17 -0.15 -0.14 -0.14 26081993 00
 -0.12 -0.10 -0.11 -0.14 -0.14 -0.15 -0.13 -0.14 -0.12 -0.13 -0.13 -0.13 26081993 12
 -0.13 -0.12 -0.12 -0.13 -0.13 -0.13 -0.13 -0.11 -0.12 -0.12 -0.12 -0.12 27081993 00
 -0.11 -0.10 -0.10 -0.10 -0.13 -0.13 -0.14 -0.13 -0.12 -0.12 -0.13 -0.13 27081993 12
 -0.12 -0.12 -0.12 -0.11 -0.12 -0.14 -0.14 -0.14 -0.13 -0.13 -0.12 -0.12 28081993 00
 -0.12 -0.12 -0.12 -0.12 -0.11 -0.12 -0.13 -0.13 -0.12 -0.11 -0.11 -0.12 28081993 12
 -0.11 -0.10 -0.11 -0.12 -0.10 -0.10 -0.12 -0.12 -0.11 -0.11 -0.10 -0.09 29081993 00
 -0.09 -0.08 -0.08 -0.08 -0.10 -0.11 -0.14 -0.15 -0.14 -0.13 -0.13 -0.13 29081993 12
 -0.13 -0.12 -0.11 -0.12 -0.11 -0.11 -0.14 -0.15 -0.15 -0.15 -0.15 -0.14 30081993 00
 -0.14 -0.14 -0.13 -0.13 -0.15 -0.15 -0.16 -0.17 -0.16 -0.16 -0.15 -0.14 30081993 12
 -0.14 -0.14 -0.14 -0.15 -0.15 -0.15 -0.15 -0.17 -0.15 -0.16 -0.15 -0.13 31081993 00
 -0.14 -0.15 -0.15 -0.15 -0.16 -0.17 -0.17 -0.18 -0.18 -0.19 -0.19 -0.16 31081993 12
 -0.16 -0.17 -0.16 -0.16 -0.16 -0.17 -0.17 -0.17 -0.19 -0.19 -0.20 -0.19 01091993 00
 -0.17 -0.17 -0.18 -0.17 -0.17 -0.18 -0.17 -0.16 -0.17 -0.18 -0.18 -0.18 01091993 12
 -0.15 -0.14 -0.16 -0.14 -0.15 -0.16 -0.16 -0.16 -0.18 -0.20 -0.18 -0.18 02091993 00
 -0.16 -0.14 -0.15 -0.14 -0.13 -0.14 -0.13 -0.12 -0.12 -0.11 -0.12 -0.12 02091993 12
 -0.10 -0.09 -0.10 -0.09 -0.08 -0.09 -0.10 -0.10 -0.10 -0.11 -0.10 -0.11 03091993 00
 -0.09 -0.08 -0.08 -0.09 -0.09 -0.09 -0.11 -0.10 -0.09 -0.11 -0.11 -0.12 03091993 12
 -0.12 -0.10 -0.09 -0.11 -0.09 -0.10 -0.10 -0.09 -0.09 -0.10 -0.11 -0.09 04091993 00
 -0.09 -0.08 -0.07 -0.09 -0.09 -0.10 -0.11 -0.11 -0.11 -0.11 -0.11 -0.11 04091993 12
 -0.11 -0.09 -0.09 -0.09 -0.08 -0.08 -0.10 -0.10 -0.10 -0.09 -0.10 -0.09 05091993 00
 -0.10 -0.09 -0.08 -0.07 -0.08 -0.08 -0.09 -0.09 -0.07 -0.06 -0.06 -0.08 05091993 12
 -0.08 -0.08 -0.07 -0.06 -0.06 -0.06 -0.05 -0.06 -0.05 -0.04 -0.03 -0.02 06091993 00
 -0.03 -0.02 -0.01 -0.01 -0.02 -0.02 -0.01 -0.00  0.00  0.01  0.02  0.02 06091993 12
  0.01 -0.00 -0.01 -0.02 -0.01 -0.01  0.00  0.02  0.02  0.03  0.06  0.08 07091993 00
  0.08  0.06  0.07  0.08  0.11  0.11  0.08  0.06  0.05  0.04  0.06  0.08 07091993 12
  0.09  0.06  0.04  0.02  0.02  0.03  0.02  0.02  0.02  0.04  0.08  0.08 08091993 00
  0.10  0.11  0.12  0.12  0.13  0.16  0.17  0.16  0.15  0.14  0.14  0.15 08091993 12
  0.16  0.16  0.14  0.10  0.10  0.10  0.13  0.13  0.14  0.13  0.14  0.15 09091993 00
  0.17  0.19  0.18  0.17  0.17  0.17  0.19  0.19  0.18  0.18  0.17  0.16 09091993 12
  0.17  0.20  0.19  0.18  0.16  0.16  0.16  0.21  0.23  0.25  0.25  0.25 10091993 00
  0.26  0.26  0.23  0.18  0.16  0.16  0.16  0.15  0.14  0.13  0.11  0.10 10091993 12
  0.09  0.10  0.11  0.08  0.08  0.06  0.07  0.08  0.10  0.10  0.12  0.11 11091993 00
  0.10  0.09  0.07  0.07  0.05  0.06  0.05  0.04  0.03  0.04  0.03  0.03 11091993 12
  0.04  0.04  0.03  0.03  0.01  0.01  0.00 -0.00  0.00 -0.00 -0.01 -0.01 12091993 00
 -0.00 -0.02 -0.04 -0.06 -0.09 -0.11 -0.12 -0.16 -0.21 -0.24 -0.30 -0.35 12091993 12
 -0.33 -0.34 -0.34 -0.31 -0.32 -0.30 -0.27 -0.24 -0.19 -0.12 -0.08 -0.07 13091993 00
 -0.04 -0.03 -0.06 -0.06 -0.05 -0.10 -0.11 -0.10 -0.11 -0.08 -0.10 -0.12 13091993 12
 -0.13 -0.12 -0.14 -0.15 -0.11 -0.06 -0.02  0.00 -0.01  0.01  0.03  0.04 14091993 00
  0.06  0.09  0.10  0.10  0.11  0.10  0.07  0.08  0.09  0.09  0.08  0.06 14091993 12
  0.06  0.05  0.05  0.04  0.05  0.07  0.08  0.08  0.07  0.06  0.06  0.06 15091993 00
  0.04  0.04  0.05  0.06  0.06  0.05  0.03  0.04  0.05  0.06  0.06  0.05 15091993 12
  0.04  0.04  0.04  0.04  0.04  0.04  0.04  0.04  0.04  0.04  0.04  0.04 16091993 00
  0.03  0.03  0.03  0.02  0.02  0.02  0.00 -0.01 -0.01 -0.01 -0.01 -0.02 16091993 12
 -0.02 -0.02 -0.03 -0.04 -0.04 -0.04 -0.04 -0.05 -0.05 -0.05 -0.04 -0.04 17091993 00
 -0.04 -0.03 -0.05 -0.05 -0.05 -0.05 -0.06 -0.06 -0.06 -0.06 -0.05 -0.06 17091993 12
 -0.07 -0.06 -0.07 -0.08 -0.08 -0.08 -0.08 -0.06 -0.06 -0.06 -0.06 -0.05 18091993 00
 -0.04 -0.02  0.00 -0.01 -0.01 -0.02 -0.02 -0.01  0.00  0.01  0.00 -0.01 18091993 12
 -0.02 -0.02  0.00  0.02  0.03  0.03  0.03  0.04  0.06  0.08  0.11  0.12 19091993 00
  0.14  0.12  0.12  0.17  0.18  0.15  0.13  0.12  0.09  0.11  0.10  0.12 19091993 12
  0.09  0.08  0.05  0.05  0.07  0.06  0.08  0.08  0.08  0.08  0.12  0.12 20091993 00
  0.10  0.08  0.07  0.06  0.09  0.09  0.09  0.09  0.08  0.08  0.09  0.09 20091993 12
  0.09  0.08  0.07  0.07  0.09  0.10  0.09  0.08  0.08  0.07  0.07  0.08 21091993 00
  0.08  0.06  0.06  0.05  0.05  0.06  0.06  0.06  0.07  0.06  0.05  0.04 21091993 12
  0.03  0.04  0.03  0.01  0.01  0.01  0.00  0.00  0.00 -0.01 -0.02 -0.02 22091993 00
 -0.02 -0.01 -0.02 -0.03 -0.03 -0.04 -0.04 -0.04 -0.04 -0.04 -0.03 -0.03 22091993 12
 -0.03 -0.04 -0.06 -0.07 -0.06 -0.06 -0.07 -0.06 -0.06 -0.07 -0.07 -0.06 23091993 00
 -0.06 -0.07 -0.07 -0.08 -0.08 -0.07 -0.05 -0.04 -0.03 -0.04 -0.05 -0.04 23091993 12
 -0.03 -0.02 -0.03 -0.02 -0.02 -0.01 -0.01 -0.02 -0.02 -0.02 -0.01  0.00 24091993 00
  0.01  0.01 -0.00 -0.02 -0.03 -0.03 -0.03 -0.03 -0.03 -0.04 -0.04 -0.03 24091993 12
 -0.04 -0.05 -0.07 -0.09 -0.10 -0.09 -0.08 -0.07 -0.07 -0.08 -0.07 -0.06 25091993 00
 -0.06 -0.04 -0.01 -0.02 -0.05 -0.05 -0.05 -0.03 -0.02 -0.02 -0.04 -0.03 25091993 12
 -0.03 -0.05 -0.08 -0.11 -0.14 -0.15 -0.14 -0.15 -0.14 -0.16 -0.15 -0.15 26091993 00
 -0.14 -0.13 -0.12 -0.11 -0.10 -0.11 -0.11 -0.11 -0.09 -0.09 -0.07 -0.06 26091993 12
 -0.05 -0.06 -0.07 -0.08 -0.08 -0.08 -0.08 -0.06 -0.05 -0.04 -0.04 -0.05 27091993 00
 -0.05 -0.04 -0.04 -0.04 -0.04 -0.06 -0.08 -0.08 -0.07 -0.06 -0.05 -0.04 27091993 12
 -0.04 -0.03 -0.04 -0.04 -0.04 -0.03 -0.03 -0.02 -0.02 -0.02 -0.03 -0.02 28091993 00
 -0.02 -0.02 -0.01 -0.01 -0.00  0.01  0.03  0.03  0.03  0.03  0.03  0.04 28091993 12
  0.05  0.05  0.05  0.05  0.06  0.08  0.11  0.12  0.10  0.07  0.05  0.04 29091993 00
  0.04  0.05  0.03  0.02  0.00 -0.02 -0.02 -0.02 -0.01  0.00 -0.01 -0.01 29091993 12
  0.00 -0.00  0.01  0.02  0.03  0.05  0.09  0.12  0.11  0.10  0.06  0.04 30091993 00
  0.04  0.05  0.03  0.03  0.05  0.05  0.07  0.10  0.10  0.09  0.10  0.12 30091993 12
  0.13  0.15  0.16  0.16  0.17  0.19  0.20  0.23  0.27  0.28  0.29  0.26 01101993 00
  0.23  0.23  0.23  0.21  0.23  0.25  0.24  0.23  0.23  0.24  0.22  0.22 01101993 12
  0.20  0.20  0.21  0.20  0.21  0.23  0.22  0.22  0.22  0.20  0.20  0.21 02101993 00
  0.18  0.15  0.16  0.13  0.14  0.16  0.16  0.15  0.16  0.15  0.14  0.12 02101993 12
  0.09  0.07  0.08  0.07  0.08  0.09  0.09  0.08  0.10  0.12  0.12  0.12 03101993 00
  0.11  0.10  0.09  0.11  0.12  0.15  0.17  0.18  0.23  0.26  0.28  0.29 03101993 12
  0.29  0.24  0.22  0.24  0.23  0.24  0.23  0.21  0.19  0.22  0.23  0.26 04101993 00
  0.25  0.23  0.21  0.22  0.22  0.22  0.25  0.25  0.26  0.29  0.29  0.26 04101993 12
  0.25  0.21  0.19  0.21  0.20  0.19  0.21  0.20  0.18  0.21  0.24  0.25 05101993 00
  0.23  0.22  0.20  0.19  0.21  0.19  0.21  0.21  0.19  0.18  0.20  0.19 05101993 12
  0.17  0.15  0.13  0.11  0.13  0.12  0.13  0.13  0.13  0.12  0.14  0.14 06101993 00
  0.11  0.10  0.08  0.07  0.09  0.10  0.10  0.10  0.09  0.08  0.11  0.13 06101993 12
  0.13  0.13  0.11  0.09  0.11  0.13  0.13  0.14  0.13  0.12  0.14  0.17 07101993 00
  0.15  0.12  0.09  0.07  0.07  0.09  0.08  0.08  0.06  0.05  0.04  0.06 07101993 12
  0.05  0.03  0.01 -0.01 -0.00  0.02  0.05  0.07  0.06  0.06  0.07  0.11 08101993 00
  0.13  0.12  0.12  0.09  0.08  0.06  0.05  0.05  0.06  0.07  0.07  0.07 08101993 12
  0.07  0.07  0.08  0.08  0.09  0.11  0.12  0.13  0.13  0.12  0.11  0.11 09101993 00
  0.11  0.13  0.12  0.12  0.11  0.11  0.11  0.12  0.13  0.14  0.14  0.13 09101993 12
  0.12  0.13  0.13  0.11  0.11  0.09  0.09  0.09  0.09  0.08  0.08  0.08 10101993 00
  0.07  0.07  0.08  0.07  0.08  0.07  0.06  0.07  0.07  0.08  0.08  0.08 10101993 12
  0.08  0.07  0.07  0.08  0.09  0.10  0.11  0.12  0.12  0.12  0.12  0.13 11101993 00
  0.14  0.13  0.12  0.12  0.13  0.13  0.13  0.12  0.11  0.09  0.10  0.09 11101993 12
  0.09  0.10  0.10  0.10  0.11  0.12  0.12  0.11  0.11  0.11  0.11  0.11 12101993 00
  0.11  0.11  0.11  0.10  0.10  0.09  0.08  0.08  0.09  0.07  0.05  0.04 12101993 12
  0.04  0.04  0.04  0.02  0.01  0.02  0.05  0.05  0.05  0.06  0.05  0.04 13101993 00
  0.04  0.05  0.05  0.04  0.04  0.03  0.02  0.02  0.03  0.02  0.00 -0.02 13101993 12
 -0.04 -0.05 -0.05 -0.06 -0.07 -0.08 -0.10 -0.06 -0.03 -0.01 -0.01 -0.01 14101993 00
 -0.03 -0.02 -0.01 -0.01  0.00  0.00  0.00  0.01  0.03  0.03  0.03  0.03 14101993 12
  0.03  0.03  0.03  0.03  0.04  0.04  0.02  0.02  0.01  0.01  0.01 -0.00 15101993 00
 -0.01 -0.01 -0.01 -0.03 -0.04 -0.05 -0.06 -0.07 -0.07 -0.07 -0.07 -0.06 15101993 12
 -0.06 -0.08 -0.08 -0.09 -0.09 -0.09 -0.10 -0.12 -0.15 -0.14 -0.12 -0.12 16101993 00
 -0.10 -0.10 -0.12 -0.11 -0.13 -0.14 -0.14 -0.17 -0.18 -0.18 -0.15 -0.15 16101993 12
 -0.14 -0.14 -0.17 -0.15 -0.15 -0.17 -0.17 -0.17 -0.21 -0.22 -0.19 -0.19 17101993 00
 -0.19 -0.16 -0.19 -0.20 -0.19 -0.20 -0.21 -0.20 -0.22 -0.26 -0.26 -0.24 17101993 12
 -0.26 -0.24 -0.23 -0.27 -0.23 -0.25 -0.26 -0.25 -0.26 -0.29 -0.30 -0.29 18101993 00
 -0.28 -0.27 -0.23 -0.26 -0.23 -0.22 -0.23 -0.24 -0.22 -0.24 -0.26 -0.23 18101993 12
 -0.24 -0.24 -0.21 -0.21 -0.20 -0.17 -0.19 -0.20 -0.20 -0.21 -0.22 -0.21 19101993 00
 -0.21 -0.21 -0.20 -0.18 -0.21 -0.18 -0.18 -0.19 -0.18 -0.18 -0.20 -0.20 19101993 12
 -0.18 -0.17 -0.15 -0.11 -0.13 -0.12 -0.11 -0.12 -0.11 -0.09 -0.08 -0.08 20101993 00
 -0.08 -0.08 -0.07 -0.06 -0.05 -0.02 -0.01 -0.02 -0.06 -0.10 -0.13 -0.17 20101993 12
 -0.19 -0.19 -0.20 -0.20 -0.22 -0.27 -0.27 -0.25 -0.26 -0.25 -0.22 -0.23 21101993 00
 -0.22 -0.20 -0.20 -0.18 -0.17 -0.18 -0.19 -0.16 -0.17 -0.18 -0.17 -0.20 21101993 12
 -0.24 -0.24 -0.23 -0.21 -0.18 -0.17 -0.19 -0.18 -0.17 -0.19 -0.19 -0.17 22101993 00
 -0.18 -0.19 -0.19 -0.21 -0.19 -0.20 -0.20 -0.21 -0.19 -0.21 -0.21 -0.20 22101993 12
 -0.20 -0.24 -0.23 -0.23 -0.22 -0.20 -0.20 -0.20 -0.21 -0.20 -0.20 -0.19 23101993 00
 -0.18 -0.21 -0.26 -0.26 -0.26 -0.24 -0.24 -0.22 -0.21 -0.20 -0.21 -0.21 23101993 12
 -0.21 -0.19 -0.21 -0.21 -0.21 -0.21 -0.20 -0.22 -0.22 -0.24 -0.24 -0.23 24101993 00
 -0.23 -0.23 -0.22 -0.28 -0.29 -0.29 -0.27 -0.24 -0.22 -0.23 -0.23 -0.23 24101993 12
 -0.23 -0.22 -0.20 -0.24 -0.28 -0.28 -0.28 -0.26 -0.25 -0.25 -0.26 -0.25 25101993 00
 -0.24 -0.25 -0.25 -0.23 -0.27 -0.30 -0.31 -0.29 -0.24 -0.24 -0.24 -0.24 25101993 12
 -0.23 -0.25 -0.24 -0.21 -0.23 -0.25 -0.25 -0.25 -0.23 -0.23 -0.23 -0.23 26101993 00
 -0.23 -0.23 -0.25 -0.26 -0.26 -0.28 -0.30 -0.29 -0.28 -0.25 -0.24 -0.24 26101993 12
 -0.24 -0.23 -0.25 -0.25 -0.23 -0.24 -0.26 -0.25 -0.25 -0.24 -0.23 -0.21 27101993 00
 -0.22 -0.20 -0.22 -0.24 -0.23 -0.25 -0.28 -0.28 -0.27 -0.25 -0.24 -0.22 27101993 12
 -0.24 -0.23 -0.23 -0.24 -0.23 -0.22 -0.24 -0.25 -0.25 -0.26 -0.22 -0.21 28101993 00
 -0.20 -0.20 -0.19 -0.20 -0.19 -0.16 -0.18 -0.19 -0.19 -0.20 -0.19 -0.18 28101993 12
 -0.18 -0.18 -0.16 -0.18 -0.18 -0.16 -0.16 -0.17 -0.19 -0.19 -0.18 -0.17 29101993 00
 -0.16 -0.17 -0.15 -0.16 -0.18 -0.17 -0.19 -0.21 -0.21 -0.21 -0.20 -0.18 29101993 12
 -0.18 -0.19 -0.19 -0.20 -0.20 -0.19 -0.19 -0.22 -0.22 -0.23 -0.22 -0.20 30101993 00
 -0.20 -0.22 -0.21 -0.22 -0.23 -0.24 -0.22 -0.22 -0.21 -0.21 -0.21 -0.18 30101993 12
 -0.19 -0.21 -0.19 -0.18 -0.19 -0.20 -0.19 -0.18 -0.20 -0.20 -0.22 -0.20 31101993 00
 -0.18 -0.17 -0.17 -0.15 -0.16 -0.17 -0.15 -0.13 -0.14 -0.15 -0.14 -0.15 31101993 12
 -0.14 -0.13 -0.14 -0.12 -0.12 -0.13 -0.12 -0.12 -0.12 -0.13 -0.12 -0.12 01111993 00
 -0.10 -0.09 -0.10 -0.09 -0.09 -0.09 -0.09 -0.08 -0.09 -0.09 -0.09 -0.09 01111993 12
 -0.08 -0.07 -0.07 -0.06 -0.05 -0.06 -0.06 -0.05 -0.03 -0.03 -0.03 -0.03 02111993 00
 -0.02 -0.02 -0.02 -0.02 -0.01 -0.02 -0.02 -0.01 -0.00  0.02  0.03  0.02 02111993 12
  0.01  0.01  0.01  0.01  0.01  0.02  0.02  0.02  0.01  0.00  0.02  0.05 03111993 00
  0.05  0.05  0.04  0.04  0.06  0.06  0.07  0.07  0.07  0.07  0.07  0.08 03111993 12
  0.07  0.06  0.04  0.03  0.04  0.03  0.04  0.03  0.01 -0.00 -0.00  0.02 04111993 00
  0.03  0.03  0.03  0.02  0.02  0.03  0.04  0.04  0.04  0.03  0.03  0.03 04111993 12
  0.04  0.04  0.03  0.03  0.03  0.03  0.03  0.04  0.04  0.03  0.04  0.05 05111993 00
  0.06  0.06  0.05  0.04  0.03  0.02  0.01  0.00 -0.01 -0.02 -0.03 -0.04 05111993 12
 -0.05 -0.05 -0.05 -0.04 -0.03 -0.04 -0.05 -0.06 -0.06 -0.05 -0.03 -0.01 06111993 00
 -0.01 -0.01 -0.02 -0.01 -0.01 -0.02 -0.02 -0.00 -0.00 -0.00 -0.00  0.00 06111993 12
  0.00  0.01  0.01  0.01  0.02  0.03  0.03  0.03  0.03  0.03  0.03  0.04 07111993 00
  0.05  0.06  0.04  0.03  0.02  0.01 -0.00 -0.02 -0.03 -0.03 -0.04 -0.06 07111993 12
 -0.09 -0.11 -0.12 -0.14 -0.15 -0.14 -0.14 -0.14 -0.14 -0.14 -0.14 -0.12 08111993 00
 -0.10 -0.09 -0.11 -0.11 -0.11 -0.09 -0.09 -0.09 -0.09 -0.09 -0.09 -0.08 08111993 12
 -0.07 -0.05 -0.04 -0.02  0.01  0.04  0.08  0.12  0.17  0.22  0.29  0.34 09111993 00
  0.39  0.42  0.39  0.33  0.26  0.23  0.16  0.08  0.03 -0.00 -0.05 -0.05 09111993 12
 -0.05 -0.07 -0.08 -0.07 -0.06 -0.05 -0.04 -0.02  0.01  0.03  0.05  0.05 10111993 00
  0.05  0.05  0.05  0.03  0.01 -0.00  0.00  0.02  0.03  0.02  0.01  0.00 10111993 12
  0.00 -0.00 -0.01 -0.02 -0.02 -0.02 -0.02 -0.02 -0.02 -0.02 -0.02 -0.01 11111993 00
  0.00  0.00  0.00 -0.00 -0.01 -0.02 -0.03 -0.01  0.00  0.01  0.00  0.00 11111993 12
  0.00  0.01  0.01  0.02  0.02  0.02  0.01  0.00 -0.01 -0.02 -0.02 -0.02 12111993 00
 -0.01 -0.01 -0.02 -0.01  0.02  0.09  0.15  0.19  0.19  0.17  0.13  0.09 12111993 12
  0.10  0.06  0.05  0.03  0.01 -0.02 -0.06 -0.10 -0.12 -0.11 -0.09 -0.04 13111993 00
 -0.01 -0.01  0.00 -0.02 -0.04 -0.00  0.05  0.08  0.11  0.10  0.11  0.12 13111993 12
  0.13  0.13  0.14  0.16  0.15  0.13  0.04 -0.13 -0.20 -0.17 -0.13 -0.08 14111993 00
 -0.03 -0.04 -0.05 -0.05 -0.07 -0.10 -0.13 -0.19 -0.23 -0.24 -0.23 -0.23 14111993 12
 -0.20 -0.18 -0.21 -0.18 -0.20 -0.20 -0.18 -0.15 -0.13 -0.10 -0.09 -0.06 15111993 00
 -0.03 -0.01 -0.01 -0.00 -0.00  0.00  0.02  0.03  0.02  0.01 -0.02 -0.03 15111993 12
 -0.05 -0.06 -0.06 -0.06 -0.07 -0.07 -0.09 -0.11 -0.10 -0.10 -0.11 -0.10 16111993 00
 -0.09 -0.09 -0.08 -0.10 -0.09 -0.10 -0.11 -0.11 -0.08 -0.05 -0.05 -0.07 16111993 12
 -0.10 -0.10 -0.09 -0.10 -0.12 -0.11 -0.10 -0.10 -0.09 -0.11 -0.12 -0.09 17111993 00
 -0.05 -0.07 -0.10 -0.11 -0.12 -0.10 -0.12 -0.14 -0.11 -0.04 -0.03 -0.07 17111993 12
 -0.08 -0.09 -0.11 -0.11 -0.12 -0.08 -0.04 -0.03 -0.04 -0.02  0.01  0.03 18111993 00
  0.03 -0.02 -0.07 -0.09 -0.07 -0.05 -0.05 -0.07 -0.10 -0.09 -0.07 -0.05 18111993 12
 -0.06 -0.07 -0.09 -0.12 -0.11 -0.07 -0.04 -0.05 -0.06 -0.06 -0.02  0.04 19111993 00
  0.05  0.00 -0.04 -0.05 -0.02 -0.02 -0.05 -0.07 -0.08 -0.12 -0.15 -0.16 19111993 12
 -0.17 -0.20 -0.21 -0.20 -0.19 -0.16 -0.16 -0.15 -0.15 -0.14 -0.11 -0.11 20111993 00
 -0.12 -0.12 -0.13 -0.13 -0.13 -0.14 -0.15 -0.14 -0.14 -0.14 -0.15 -0.15 20111993 12
 -0.17 -0.16 -0.15 -0.15 -0.13 -0.12 -0.10 -0.10 -0.12 -0.14 -0.15 -0.13 21111993 00
 -0.11 -0.12 -0.13 -0.14 -0.13 -0.11 -0.10 -0.11 -0.11 -0.11 -0.10 -0.09 21111993 12
 -0.09 -0.13 -0.16 -0.17 -0.16 -0.13 -0.13 -0.11 -0.12 -0.11 -0.12 -0.12 22111993 00
 -0.11 -0.10 -0.13 -0.14 -0.13 -0.11 -0.11 -0.12 -0.14 -0.13 -0.11 -0.10 22111993 12
 -0.09 -0.08 -0.11 -0.14 -0.12 -0.09 -0.07 -0.08 -0.08 -0.09 -0.07 -0.06 23111993 00
 -0.05 -0.04 -0.03 -0.05 -0.05 -0.04 -0.04 -0.04 -0.04 -0.04 -0.04 -0.03 23111993 12
 -0.03 -0.03 -0.03 -0.04 -0.03  0.01  0.01 -0.01 -0.03 -0.03 -0.04 -0.02 24111993 00
 -0.01 -0.00 -0.01 -0.03 -0.04 -0.02 -0.03 -0.07 -0.07 -0.04  0.01  0.05 24111993 12
  0.05  0.01 -0.02 -0.02  0.01  0.04  0.04  0.04  0.03  0.03  0.05  0.09 25111993 00
  0.12  0.14  0.14  0.11  0.09  0.06  0.01 -0.01 -0.02 -0.07 -0.10 -0.15 25111993 12
 -0.18 -0.19 -0.21 -0.25 -0.27 -0.27 -0.27 -0.25 -0.25 -0.22 -0.19 -0.18 26111993 00
 -0.19 -0.16 -0.16 -0.17 -0.17 -0.18 -0.21 -0.22 -0.21 -0.19 -0.15 -0.12 26111993 12
 -0.13 -0.12 -0.12 -0.13 -0.11 -0.08 -0.07 -0.07 -0.08 -0.08 -0.07 -0.05 27111993 00
 -0.05 -0.04 -0.03 -0.06 -0.09 -0.11 -0.14 -0.16 -0.15 -0.15 -0.14 -0.13 27111993 12
 -0.12 -0.12 -0.10 -0.14 -0.16 -0.10 -0.03 -0.02 -0.07 -0.10 -0.11 -0.07 28111993 00
 -0.03 -0.04 -0.05 -0.08 -0.09 -0.05 -0.01 -0.04 -0.08 -0.12 -0.13 -0.05 28111993 12
  0.03  0.01 -0.02 -0.06 -0.10 -0.07 -0.03 -0.06 -0.07 -0.09 -0.14 -0.15 29111993 00
 -0.08  0.05  0.02 -0.08 -0.08  0.16  0.46  0.53  0.42  0.34  0.31  0.27 29111993 12
  0.19  0.15  0.16  0.13  0.17  0.16  0.10  0.12  0.16  0.16  0.12  0.10 30111993 00
  0.10  0.10  0.10  0.09  0.09  0.08  0.05  0.01 -0.00 -0.03 -0.00 -0.00 30111993 12
 -0.01 -0.01 -0.02 -0.01  0.03  0.06  0.09  0.12  0.17  0.24  0.30  0.36 01121993 00
  0.34  0.31  0.30  0.27  0.25  0.26  0.22  0.15  0.14  0.14  0.15  0.17 01121993 12
  0.19  0.20  0.23  0.25  0.25  0.27  0.26  0.22  0.19  0.19  0.21  0.23 02121993 00
  0.18  0.13  0.11  0.11  0.10  0.10  0.13  0.15  0.19  0.23  0.23  0.21 02121993 12
  0.24  0.20  0.23  0.29  0.31  0.28  0.26  0.22  0.17  0.19  0.18  0.16 03121993 00
  0.16  0.14  0.14  0.17  0.21  0.24  0.27  0.29  0.37  0.52  0.64  0.65 03121993 12
  0.61  0.58  0.55  0.57  0.65  0.61  0.59  0.56  0.46  0.27  0.09 -0.07 04121993 00
 -0.11 -0.11 -0.18 -0.21 -0.22 -0.20 -0.14 -0.08 -0.01  0.07  0.18  0.19 04121993 12
  0.16  0.12  0.11  0.11  0.14  0.13  0.10  0.12  0.15  0.13  0.06  0.02 05121993 00
  0.00  0.00  0.00 -0.02 -0.04 -0.06 -0.09 -0.09 -0.09 -0.08 -0.07 -0.07 05121993 12
 -0.08 -0.10 -0.09 -0.06 -0.02  0.01  0.02  0.05  0.09  0.12  0.15  0.15 06121993 00
  0.17  0.16  0.16  0.15  0.16  0.18  0.18  0.15  0.17  0.24  0.28  0.26 06121993 12
  0.27  0.27  0.24  0.25  0.20  0.16  0.13  0.09  0.01 -0.02 -0.02 -0.01 07121993 00
  0.03  0.07  0.08  0.12  0.16  0.18  0.20  0.24  0.27  0.29  0.30  0.25 07121993 12
  0.16  0.07  0.03 -0.01  0.01  0.02  0.04  0.12  0.23  0.32  0.38  0.46 08121993 00
  0.53  0.59  0.71  0.86  0.96  1.04  1.04  1.08  1.25  1.29  1.21  1.10 08121993 12
  0.96  0.85  0.78  0.70  0.48  0.22  0.12  0.12  0.09  0.12  0.13  0.15 09121993 00
  0.22  0.22  0.17  0.11  0.08  0.01 -0.05 -0.10 -0.08 -0.04  0.02  0.05 09121993 12
  0.06  0.04  0.08  0.19  0.40  0.65  0.74  0.68  0.58  0.53  0.52  0.44 10121993 00
  0.31  0.29  0.24  0.21  0.17  0.11  0.05  0.13  0.17  0.19  0.22  0.26 10121993 12
  0.29  0.31  0.33  0.40  0.40  0.30  0.23  0.25  0.30  0.27  0.26  0.20 11121993 00
  0.15  0.13  0.13  0.09  0.00 -0.11 -0.17 -0.17 -0.15 -0.14 -0.11 -0.08 11121993 12
 -0.08 -0.08 -0.12 -0.15 -0.13 -0.06 -0.02 -0.01 -0.03 -0.04 -0.03  0.07 12121993 00
  0.14  0.14  0.18  0.23  0.25  0.27  0.31  0.33  0.29  0.30  0.28  0.27 12121993 12
  0.29  0.31  0.27  0.25  0.25  0.24  0.22  0.20  0.17  0.11  0.08  0.00 13121993 00
 -0.06 -0.07 -0.07 -0.10 -0.19 -0.30 -0.37 -0.47 -0.51 -0.46 -0.42 -0.42 13121993 12
 -0.33 -0.29 -0.31 -0.18 -0.14 -0.08  0.03  0.14  0.17  0.15  0.13  0.16 14121993 00
  0.17  0.20  0.22  0.22  0.30  0.43  0.57  0.76  0.91  0.88  0.77  0.69 14121993 12
  0.55  0.43  0.46  0.38  0.40  0.41  0.30  0.18  0.21  0.27  0.32  0.32 15121993 00
  0.29  0.33  0.40  0.44  0.45  0.50  0.53  0.57  0.66  0.69  0.60  0.49 15121993 12
  0.46  0.35  0.29  0.36  0.31  0.36  0.40  0.38  0.28  0.29  0.31  0.30 16121993 00
  0.26  0.19  0.14  0.20  0.19  0.13  0.11  0.10  0.11  0.14  0.14  0.10 16121993 12
  0.11  0.10  0.10  0.11  0.16  0.19  0.19  0.18  0.12  0.08  0.09  0.11 17121993 00
  0.08  0.07  0.06  0.05  0.08  0.08  0.08  0.09  0.10  0.12  0.14  0.15 17121993 12
  0.18  0.19  0.16  0.15  0.19  0.21  0.21  0.22  0.26  0.34  0.46  0.53 18121993 00
  0.49  0.45  0.37  0.35  0.36  0.38  0.37  0.44  0.47  0.50  0.56  0.62 18121993 12
  0.61  0.57  0.58  0.62  0.70  0.77  0.70  0.65  0.64  0.58  0.46  0.43 19121993 00
  0.45  0.39  0.32  0.18  0.09  0.01 -0.12 -0.12 -0.06 -0.03  0.03  0.13 19121993 12
  0.15  0.08  0.03 -0.00  0.01  0.07  0.15  0.16  0.14  0.10  0.06  0.02 20121993 00
 -0.00 -0.02  0.01  0.04  0.08  0.15  0.22  0.27  0.29  0.31  0.33  0.33 20121993 12
  0.30  0.25  0.17  0.09 -0.01 -0.09 -0.16 -0.14 -0.12 -0.08 -0.03  0.05 21121993 00
  0.19  0.31  0.40  0.48  0.46  0.40  0.29  0.27  0.20  0.15  0.10 -0.01 21121993 12
 -0.09 -0.10 -0.08 -0.04  0.03  0.07  0.15  0.28  0.44  0.56  0.63  0.69 22121993 00
  0.72  0.60  0.41  0.25  0.06 -0.07 -0.12 -0.15 -0.19 -0.20 -0.16 -0.16 22121993 12
 -0.16 -0.13 -0.07  0.04  0.13  0.16  0.16  0.20  0.25  0.30  0.31  0.31 23121993 00
  0.31  0.33  0.36  0.36  0.39  0.37  0.33  0.33  0.28  0.23  0.21  0.16 23121993 12
  0.09 -0.04 -0.15 -0.22 -0.26 -0.29 -0.26 -0.17 -0.16 -0.14 -0.12 -0.13 24121993 00
 -0.14 -0.12 -0.07 -0.01 -0.04 -0.07 -0.08 -0.05  0.01  0.06  0.10  0.11 24121993 12
  0.12  0.09  0.06  0.05  0.07  0.11  0.12  0.11  0.09  0.06  0.01 -0.00 25121993 00
 -0.02 -0.03 -0.04 -0.06 -0.09 -0.10 -0.09 -0.07 -0.05 -0.04 -0.03 -0.02 25121993 12
  0.00  0.00 -0.02 -0.02 -0.01 -0.01 -0.00  0.00 -0.02 -0.05 -0.08 -0.08 26121993 00
 -0.07 -0.04 -0.02 -0.02 -0.04 -0.03 -0.03 -0.01  0.00 -0.00 -0.01  0.01 26121993 12
  0.02  0.03  0.03  0.01  0.00  0.02  0.03  0.02 -0.00 -0.02 -0.03 -0.03 27121993 00
 -0.02 -0.02 -0.04 -0.06 -0.07 -0.06 -0.06 -0.06 -0.06 -0.04 -0.01  0.02 27121993 12
  0.04  0.05  0.08  0.06  0.09  0.24  0.41  0.44  0.44  0.41  0.36  0.30 28121993 00
  0.26  0.22  0.14  0.12  0.11  0.08  0.04  0.03  0.02  0.02  0.04  0.06 28121993 12
  0.10  0.15  0.18  0.20  0.24  0.30  0.37  0.47  0.55  0.62  0.63  0.58 29121993 00
  0.50  0.46  0.43  0.37  0.43  0.38  0.27  0.21  0.24  0.27  0.28  0.25 29121993 12
  0.23  0.22  0.24  0.26  0.33  0.41  0.42  0.43  0.47  0.43  0.38  0.31 30121993 00
  0.22  0.17  0.16  0.08  0.07  0.09  0.09  0.09  0.16  0.22  0.25  0.25 30121993 12
  0.24  0.23  0.25  0.31  0.30  0.29  0.27  0.21  0.16  0.16  0.16  0.16 31121993 00
  0.16  0.11  0.07  0.07  0.06  0.08  0.09  0.09  0.11  0.16  0.18  0.15 31121993 12
