Parameter Z: CS3X Location (100, 86) Lat 53.500 Lon -3.417
  0.02  0.03  0.05  0.03  0.03  0.03  0.05  0.08  0.12  0.14  0.14  0.14 01012010 00
  0.12  0.09  0.08  0.10  0.12  0.12  0.09  0.05  0.02  0.01  0.00 -0.01 01012010 12
 -0.00  0.00  0.01  0.02  0.03  0.05  0.06  0.07  0.10  0.13  0.12  0.12 02012010 00
  0.11  0.05  0.03  0.02  0.02 -0.00 -0.03 -0.06 -0.12 -0.16 -0.17 -0.16 02012010 12
 -0.17 -0.15 -0.12 -0.14 -0.14 -0.16 -0.15 -0.14 -0.12 -0.08 -0.07 -0.06 03012010 00
 -0.06 -0.04  0.00  0.00  0.01 -0.01 -0.02 -0.01  0.00  0.01  0.02  0.01 03012010 12
 -0.01 -0.01 -0.00  0.01  0.03  0.02  0.01  0.01  0.01  0.01  0.02  0.01 04012010 00
  0.00  0.01  0.01  0.03  0.03  0.04  0.05  0.05  0.06  0.07  0.07  0.07 04012010 12
  0.06  0.07  0.08  0.08  0.07  0.06  0.09  0.09  0.07  0.06  0.04  0.01 05012010 00
  0.00 -0.00 -0.02 -0.03 -0.06 -0.09 -0.10 -0.11 -0.13 -0.17 -0.21 -0.22 05012010 12
 -0.20 -0.20 -0.19 -0.17 -0.15 -0.20 -0.22 -0.22 -0.19 -0.20 -0.24 -0.31 06012010 00
 -0.35 -0.34 -0.32 -0.30 -0.28 -0.31 -0.32 -0.31 -0.26 -0.21 -0.19 -0.18 06012010 12
 -0.17 -0.12 -0.13 -0.10 -0.09 -0.08 -0.10 -0.11 -0.10 -0.08 -0.06 -0.06 07012010 00
 -0.09 -0.12 -0.13 -0.13 -0.13 -0.13 -0.12 -0.11 -0.12 -0.12 -0.11 -0.11 07012010 12
 -0.10 -0.10 -0.10 -0.11 -0.11 -0.13 -0.15 -0.16 -0.16 -0.16 -0.17 -0.18 08012010 00
 -0.19 -0.22 -0.22 -0.21 -0.22 -0.22 -0.23 -0.25 -0.25 -0.25 -0.25 -0.24 08012010 12
 -0.23 -0.26 -0.29 -0.30 -0.31 -0.30 -0.27 -0.26 -0.28 -0.30 -0.30 -0.28 09012010 00
 -0.28 -0.30 -0.34 -0.34 -0.33 -0.32 -0.29 -0.26 -0.26 -0.26 -0.27 -0.27 09012010 12
 -0.26 -0.26 -0.29 -0.32 -0.33 -0.34 -0.31 -0.26 -0.23 -0.24 -0.26 -0.30 10012010 00
 -0.30 -0.27 -0.25 -0.28 -0.33 -0.33 -0.33 -0.30 -0.26 -0.23 -0.25 -0.28 10012010 12
 -0.28 -0.25 -0.21 -0.20 -0.21 -0.21 -0.23 -0.23 -0.20 -0.17 -0.14 -0.14 11012010 00
 -0.16 -0.17 -0.16 -0.13 -0.10 -0.09 -0.11 -0.12 -0.12 -0.10 -0.07 -0.06 11012010 12
 -0.06 -0.09 -0.08 -0.06 -0.04 -0.00  0.03  0.04  0.04  0.05  0.06  0.08 12012010 00
  0.11  0.15  0.17  0.22  0.28  0.32  0.28  0.17  0.05  0.01  0.01  0.04 12012010 12
  0.09  0.11  0.12  0.13  0.17  0.25  0.34  0.35  0.32  0.25  0.18  0.14 13012010 00
  0.13  0.12  0.12  0.09  0.03 -0.01 -0.04 -0.07 -0.06 -0.03 -0.01  0.01 13012010 12
  0.04  0.07  0.09  0.10  0.10  0.10  0.11  0.12  0.12  0.12  0.12  0.11 14012010 00
  0.11  0.11  0.12  0.13  0.12  0.11  0.09  0.07  0.07  0.07  0.08  0.06 14012010 12
  0.05  0.05  0.06  0.06  0.07  0.06  0.08  0.16  0.21  0.22  0.24  0.27 15012010 00
  0.28  0.32  0.30  0.26  0.21  0.16  0.13  0.16  0.18  0.18  0.17  0.15 15012010 12
  0.15  0.22  0.33  0.40  0.44  0.46  0.52  0.63  0.67  0.58  0.49  0.45 16012010 00
  0.40  0.39  0.38  0.35  0.32  0.27  0.25  0.27  0.29  0.26  0.26  0.23 16012010 12
  0.15  0.09  0.09  0.11  0.19  0.20  0.19  0.16  0.09  0.02 -0.00  0.03 17012010 00
  0.03  0.01  0.02  0.01  0.03  0.05  0.05  0.03 -0.00 -0.02 -0.01  0.01 17012010 12
  0.02  0.01  0.02  0.02  0.01  0.02  0.03  0.04  0.04  0.02 -0.00 -0.01 18012010 00
 -0.02 -0.03 -0.04 -0.04 -0.04 -0.06 -0.06 -0.07 -0.09 -0.12 -0.13 -0.13 18012010 12
 -0.12 -0.11 -0.10 -0.08 -0.07 -0.08 -0.08 -0.07 -0.04  0.01  0.03  0.04 19012010 00
  0.02  0.04  0.04  0.05  0.06  0.04  0.01 -0.02 -0.04 -0.03 -0.00  0.01 19012010 12
 -0.01 -0.04 -0.04 -0.03 -0.02 -0.02 -0.03 -0.02 -0.01  0.02  0.07  0.10 20012010 00
  0.11  0.10  0.08  0.05  0.04  0.02  0.01 -0.01 -0.05 -0.09 -0.13 -0.16 20012010 12
 -0.17 -0.15 -0.14 -0.12 -0.11 -0.11 -0.11 -0.10 -0.08 -0.07 -0.05 -0.05 21012010 00
 -0.05 -0.06 -0.06 -0.04  0.00  0.02  0.01  0.01  0.03  0.08  0.18  0.27 21012010 12
  0.29  0.27  0.26  0.23  0.20  0.21  0.21  0.21  0.18  0.13  0.08  0.05 22012010 00
  0.02  0.02  0.02 -0.01 -0.04 -0.07 -0.08 -0.07 -0.07 -0.07 -0.07 -0.06 22012010 12
 -0.07 -0.10 -0.13 -0.14 -0.15 -0.14 -0.13 -0.12 -0.09 -0.08 -0.08 -0.09 23012010 00
 -0.11 -0.11 -0.10 -0.08 -0.08 -0.10 -0.11 -0.11 -0.11 -0.10 -0.09 -0.09 23012010 12
 -0.11 -0.14 -0.14 -0.13 -0.11 -0.11 -0.11 -0.11 -0.11 -0.10 -0.09 -0.08 24012010 00
 -0.09 -0.12 -0.12 -0.10 -0.09 -0.09 -0.10 -0.12 -0.13 -0.13 -0.12 -0.11 24012010 12
 -0.13 -0.16 -0.18 -0.21 -0.23 -0.24 -0.25 -0.26 -0.28 -0.30 -0.31 -0.31 25012010 00
 -0.31 -0.32 -0.34 -0.33 -0.31 -0.30 -0.28 -0.28 -0.28 -0.27 -0.25 -0.24 25012010 12
 -0.22 -0.21 -0.23 -0.25 -0.26 -0.27 -0.26 -0.25 -0.25 -0.25 -0.25 -0.26 26012010 00
 -0.25 -0.24 -0.25 -0.27 -0.27 -0.28 -0.28 -0.28 -0.27 -0.26 -0.26 -0.26 26012010 12
 -0.25 -0.24 -0.25 -0.28 -0.32 -0.31 -0.28 -0.25 -0.22 -0.18 -0.17 -0.16 27012010 00
 -0.15 -0.13 -0.09 -0.05 -0.04 -0.06 -0.07 -0.09 -0.09 -0.08 -0.07 -0.09 27012010 12
 -0.11 -0.14 -0.15 -0.16 -0.18 -0.24 -0.29 -0.30 -0.24 -0.16 -0.09 -0.08 28012010 00
 -0.10 -0.11 -0.07 -0.01  0.02  0.01  0.01  0.03  0.04  0.06  0.05  0.05 28012010 12
  0.05  0.04  0.06  0.09  0.12  0.13  0.14  0.13  0.11  0.08  0.00 -0.11 29012010 00
 -0.16 -0.19 -0.16 -0.14 -0.18 -0.27 -0.33 -0.31 -0.23 -0.12 -0.05 -0.01 29012010 12
  0.03 -0.01  0.01  0.01  0.02 -0.01 -0.07 -0.16 -0.17 -0.15 -0.14 -0.13 30012010 00
 -0.11 -0.12 -0.10 -0.09 -0.05 -0.01  0.01  0.02  0.04  0.05  0.04  0.04 30012010 12
  0.03  0.03  0.04  0.04  0.05  0.06  0.07  0.09  0.10  0.11  0.11  0.11 31012010 00
  0.10  0.06  0.07  0.07  0.08  0.09  0.08  0.04  0.01  0.03  0.06  0.09 31012010 12
  0.08  0.04  0.03  0.04  0.04  0.04  0.04  0.01  0.00  0.01  0.01  0.01 01022010 00
  0.01  0.00  0.00  0.02  0.02  0.03  0.03  0.03  0.05  0.09  0.13  0.13 01022010 12
  0.14  0.15  0.14  0.15  0.17  0.19  0.18  0.17  0.16  0.18  0.20  0.17 02022010 00
  0.18  0.19  0.14  0.13  0.13  0.14  0.12  0.10  0.09  0.07  0.03  0.01 02022010 12
 -0.00 -0.01 -0.02 -0.02 -0.02 -0.02 -0.01 -0.00 -0.01 -0.00  0.01  0.04 03022010 00
  0.04  0.03  0.04  0.05  0.05  0.05  0.05  0.05  0.06  0.08  0.10  0.13 03022010 12
  0.15  0.15  0.13  0.12  0.10  0.09  0.08  0.09  0.09  0.08  0.09  0.12 04022010 00
  0.12  0.13  0.13  0.12  0.11  0.13  0.13  0.15  0.17  0.21  0.29  0.37 04022010 12
  0.35  0.29  0.22  0.18  0.14  0.19  0.22  0.28  0.28  0.26  0.26  0.29 05022010 00
  0.31  0.31  0.30  0.27  0.23  0.22  0.22  0.24  0.24  0.21  0.19  0.16 05022010 12
  0.12  0.07  0.04  0.02 -0.03 -0.08 -0.10 -0.10 -0.09 -0.10 -0.12 -0.15 06022010 00
 -0.17 -0.17 -0.16 -0.15 -0.15 -0.16 -0.17 -0.19 -0.20 -0.19 -0.19 -0.19 06022010 12
 -0.20 -0.23 -0.26 -0.25 -0.24 -0.21 -0.18 -0.16 -0.16 -0.15 -0.14 -0.11 07022010 00
 -0.09 -0.08 -0.09 -0.11 -0.13 -0.14 -0.14 -0.11 -0.08 -0.08 -0.09 -0.08 07022010 12
 -0.05 -0.02 -0.01  0.00 -0.00  0.00  0.01 -0.00 -0.02 -0.02 -0.01  0.01 08022010 00
  0.02  0.01  0.00  0.00  0.00 -0.02 -0.04 -0.04 -0.03 -0.04 -0.04 -0.04 08022010 12
 -0.05 -0.06 -0.06 -0.07 -0.10 -0.11 -0.09 -0.08 -0.08 -0.08 -0.10 -0.10 09022010 00
 -0.09 -0.10 -0.09 -0.10 -0.13 -0.16 -0.16 -0.15 -0.12 -0.09 -0.08 -0.08 09022010 12
 -0.08 -0.07 -0.05 -0.03 -0.06 -0.10 -0.10 -0.10 -0.10 -0.08 -0.08 -0.11 10022010 00
 -0.13 -0.14 -0.15 -0.14 -0.15 -0.20 -0.22 -0.23 -0.22 -0.18 -0.14 -0.12 10022010 12
 -0.11 -0.13 -0.16 -0.16 -0.17 -0.19 -0.21 -0.20 -0.18 -0.17 -0.15 -0.13 11022010 00
 -0.14 -0.15 -0.15 -0.15 -0.14 -0.16 -0.21 -0.24 -0.24 -0.21 -0.17 -0.14 11022010 12
 -0.15 -0.18 -0.20 -0.19 -0.18 -0.18 -0.21 -0.24 -0.23 -0.23 -0.23 -0.20 12022010 00
 -0.19 -0.20 -0.21 -0.21 -0.21 -0.22 -0.26 -0.30 -0.30 -0.31 -0.28 -0.25 12022010 12
 -0.22 -0.24 -0.24 -0.26 -0.26 -0.24 -0.24 -0.25 -0.23 -0.23 -0.22 -0.19 13022010 00
 -0.17 -0.17 -0.15 -0.16 -0.16 -0.15 -0.14 -0.15 -0.15 -0.15 -0.15 -0.13 13022010 12
 -0.11 -0.11 -0.12 -0.13 -0.14 -0.14 -0.14 -0.14 -0.17 -0.15 -0.14 -0.11 14022010 00
 -0.08 -0.09 -0.09 -0.07 -0.07 -0.06 -0.06 -0.08 -0.09 -0.08 -0.07 -0.06 14022010 12
 -0.04 -0.03 -0.03 -0.03 -0.03 -0.02 -0.01 -0.02 -0.03 -0.01  0.02  0.04 15022010 00
  0.04  0.07  0.09  0.10  0.11  0.12  0.13  0.15  0.16  0.15  0.17  0.18 15022010 12
  0.18  0.16  0.16  0.16  0.16  0.16  0.15  0.13  0.11  0.11  0.10  0.13 16022010 00
  0.12  0.11  0.12  0.12  0.12  0.13  0.13  0.13  0.13  0.14  0.14  0.14 16022010 12
  0.15  0.14  0.13  0.16  0.15  0.16  0.16  0.16  0.16  0.15  0.15  0.14 17022010 00
  0.16  0.14  0.11  0.12  0.11  0.12  0.13  0.13  0.14  0.16  0.15  0.16 17022010 12
  0.17  0.17  0.15  0.15  0.14  0.15  0.15  0.15  0.14  0.14  0.15  0.14 18022010 00
  0.15  0.12  0.09  0.06  0.05  0.06  0.07  0.08  0.08  0.09  0.11  0.12 18022010 12
  0.13  0.14  0.13  0.11  0.11  0.11  0.12  0.12  0.11  0.11  0.12  0.12 19022010 00
  0.13  0.12  0.11  0.11  0.11  0.11  0.11  0.11  0.10  0.11  0.13  0.14 19022010 12
  0.14  0.16  0.14  0.12  0.11  0.10  0.11  0.12  0.11  0.11  0.11  0.13 20022010 00
  0.12  0.12  0.12  0.11  0.11  0.12  0.12  0.12  0.12  0.12  0.14  0.18 20022010 12
  0.20  0.20  0.19  0.17  0.15  0.14  0.15  0.17  0.17  0.17  0.18  0.22 21022010 00
  0.22  0.21  0.22  0.21  0.21  0.21  0.20  0.21  0.22  0.21  0.21  0.24 21022010 12
  0.26  0.27  0.25  0.22  0.18  0.16  0.18  0.19  0.20  0.20  0.20  0.21 22022010 00
  0.25  0.26  0.26  0.27  0.25  0.22  0.21  0.20  0.20  0.21  0.20  0.19 22022010 12
  0.21  0.22  0.24  0.24  0.22  0.21  0.20  0.20  0.20  0.23  0.24  0.24 23022010 00
  0.24  0.24  0.24  0.22  0.20  0.17  0.14  0.13  0.13  0.14  0.14  0.14 23022010 12
  0.15  0.21  0.29  0.32  0.31  0.29  0.30  0.31  0.33  0.34  0.35  0.34 24022010 00
  0.34  0.34  0.35  0.35  0.32  0.27  0.23  0.20  0.19  0.21  0.22  0.21 24022010 12
  0.19  0.17  0.17  0.20  0.22  0.19  0.15  0.12  0.10  0.11  0.14  0.17 25022010 00
  0.19  0.20  0.20  0.21  0.23  0.24  0.25  0.28  0.28  0.27  0.28  0.28 25022010 12
  0.28  0.28  0.26  0.25  0.25  0.25  0.21  0.17  0.16  0.14  0.12  0.13 26022010 00
  0.12  0.10  0.08  0.06  0.08  0.12  0.16  0.15  0.14  0.13  0.12  0.13 26022010 12
  0.17  0.17  0.14  0.11  0.10  0.11  0.13  0.12  0.10  0.08  0.07  0.06 27022010 00
  0.09  0.09  0.08  0.08  0.08  0.12  0.19  0.22  0.22  0.21  0.21  0.19 27022010 12
  0.17  0.20  0.19  0.19  0.17  0.17  0.17  0.21  0.21  0.21  0.21  0.22 28022010 00
  0.19  0.20  0.20  0.23  0.23  0.22  0.22  0.21  0.20  0.16  0.17  0.18 28022010 12
  0.14  0.13  0.13  0.13  0.11  0.09  0.07  0.06  0.04  0.06  0.07  0.09 01032010 00
  0.08  0.06  0.07  0.06  0.07  0.07  0.07  0.09  0.11  0.11  0.10  0.09 01032010 12
  0.10  0.07  0.07  0.06  0.05  0.04  0.02  0.01  0.00 -0.02 -0.03 -0.03 02032010 00
 -0.04 -0.05 -0.06 -0.07 -0.07 -0.07 -0.07 -0.08 -0.10 -0.11 -0.11 -0.10 02032010 12
 -0.12 -0.11 -0.09 -0.10 -0.09 -0.10 -0.08 -0.06 -0.05 -0.02 -0.02 -0.00 03032010 00
 -0.00 -0.01 -0.01 -0.00 -0.00 -0.00 -0.01 -0.03 -0.04 -0.06 -0.07 -0.06 03032010 12
 -0.06 -0.07 -0.07 -0.09 -0.11 -0.12 -0.13 -0.14 -0.15 -0.17 -0.18 -0.20 04032010 00
 -0.19 -0.19 -0.17 -0.15 -0.17 -0.16 -0.17 -0.15 -0.15 -0.15 -0.17 -0.15 04032010 12
 -0.15 -0.16 -0.16 -0.13 -0.15 -0.15 -0.16 -0.16 -0.15 -0.14 -0.15 -0.16 05032010 00
 -0.16 -0.19 -0.18 -0.13 -0.11 -0.10 -0.11 -0.13 -0.13 -0.13 -0.13 -0.13 05032010 12
 -0.11 -0.15 -0.16 -0.13 -0.13 -0.14 -0.15 -0.18 -0.18 -0.17 -0.17 -0.18 06032010 00
 -0.19 -0.19 -0.18 -0.15 -0.13 -0.15 -0.15 -0.16 -0.17 -0.16 -0.17 -0.18 06032010 12
 -0.20 -0.22 -0.22 -0.21 -0.18 -0.17 -0.17 -0.18 -0.19 -0.19 -0.18 -0.17 07032010 00
 -0.16 -0.17 -0.18 -0.17 -0.16 -0.14 -0.15 -0.15 -0.16 -0.16 -0.15 -0.14 07032010 12
 -0.16 -0.19 -0.20 -0.20 -0.18 -0.18 -0.19 -0.19 -0.19 -0.17 -0.14 -0.13 08032010 00
 -0.15 -0.20 -0.22 -0.22 -0.20 -0.20 -0.20 -0.21 -0.22 -0.21 -0.17 -0.14 08032010 12
 -0.14 -0.18 -0.21 -0.23 -0.22 -0.20 -0.18 -0.17 -0.18 -0.18 -0.17 -0.14 09032010 00
 -0.12 -0.16 -0.21 -0.22 -0.22 -0.20 -0.18 -0.19 -0.22 -0.24 -0.24 -0.22 09032010 12
 -0.20 -0.20 -0.23 -0.28 -0.30 -0.30 -0.26 -0.22 -0.21 -0.21 -0.21 -0.22 10032010 00
 -0.21 -0.20 -0.22 -0.26 -0.29 -0.30 -0.29 -0.26 -0.23 -0.21 -0.22 -0.23 10032010 12
 -0.22 -0.21 -0.20 -0.22 -0.28 -0.31 -0.29 -0.25 -0.21 -0.18 -0.16 -0.16 11032010 00
 -0.16 -0.15 -0.12 -0.10 -0.11 -0.16 -0.17 -0.16 -0.14 -0.11 -0.07 -0.07 11032010 12
 -0.07 -0.09 -0.08 -0.07 -0.06 -0.09 -0.11 -0.12 -0.11 -0.09 -0.09 -0.11 12032010 00
 -0.12 -0.14 -0.15 -0.16 -0.18 -0.23 -0.29 -0.31 -0.30 -0.27 -0.24 -0.21 12032010 12
 -0.21 -0.21 -0.21 -0.19 -0.19 -0.20 -0.22 -0.22 -0.21 -0.21 -0.18 -0.16 13032010 00
 -0.17 -0.18 -0.18 -0.18 -0.17 -0.18 -0.19 -0.19 -0.20 -0.19 -0.17 -0.12 13032010 12
 -0.11 -0.12 -0.14 -0.15 -0.14 -0.14 -0.16 -0.17 -0.17 -0.18 -0.18 -0.15 14032010 00
 -0.14 -0.13 -0.13 -0.13 -0.13 -0.14 -0.16 -0.18 -0.20 -0.20 -0.19 -0.17 14032010 12
 -0.14 -0.15 -0.14 -0.15 -0.16 -0.16 -0.16 -0.16 -0.14 -0.13 -0.11 -0.10 15032010 00
 -0.07 -0.09 -0.08 -0.08 -0.07 -0.08 -0.10 -0.13 -0.15 -0.16 -0.16 -0.15 15032010 12
 -0.13 -0.11 -0.12 -0.12 -0.13 -0.13 -0.13 -0.13 -0.13 -0.10 -0.10 -0.09 16032010 00
 -0.06 -0.03 -0.02 -0.02 -0.02 -0.03 -0.03 -0.02 -0.01 -0.00  0.00  0.01 16032010 12
  0.02  0.04  0.05  0.05  0.05  0.06  0.09  0.12  0.14  0.13  0.11  0.10 17032010 00
  0.09  0.06  0.07  0.07  0.09  0.08  0.05  0.04  0.03  0.01  0.03  0.03 17032010 12
  0.04  0.06  0.07  0.09  0.09  0.09  0.08  0.08  0.10  0.13  0.13  0.13 18032010 00
  0.13  0.13  0.16  0.22  0.25  0.26  0.27  0.29  0.34  0.38  0.37  0.35 18032010 12
  0.35  0.31  0.29  0.35  0.35  0.39  0.36  0.30  0.26  0.20  0.13  0.14 19032010 00
  0.15  0.12  0.05 -0.00 -0.05 -0.03 -0.03 -0.05 -0.04  0.01  0.06  0.08 19032010 12
  0.11  0.12  0.16  0.20  0.23  0.25  0.26  0.25  0.24  0.22  0.21  0.21 20032010 00
  0.20  0.18  0.13  0.10  0.07  0.06  0.05  0.03  0.02  0.02  0.02  0.03 20032010 12
  0.05  0.06  0.07  0.06  0.04  0.03  0.02  0.01  0.01  0.01  0.02  0.03 21032010 00
  0.03  0.05  0.07  0.07  0.07  0.05  0.05  0.05  0.05  0.06  0.07  0.07 21032010 12
  0.07  0.07  0.06  0.08  0.12  0.14  0.15  0.15  0.17  0.21  0.26  0.33 22032010 00
  0.38  0.35  0.29  0.21  0.16  0.17  0.19  0.22  0.20  0.16  0.12  0.05 22032010 12
 -0.02 -0.04 -0.01 -0.01 -0.03 -0.05 -0.07 -0.10 -0.11 -0.10 -0.09 -0.07 23032010 00
 -0.02  0.01  0.02  0.02  0.04  0.07  0.10  0.15  0.20  0.24  0.25  0.25 23032010 12
  0.27  0.28  0.26  0.24  0.22  0.19  0.17  0.14  0.13  0.13  0.13  0.13 24032010 00
  0.16  0.17  0.14  0.13  0.12  0.10  0.12  0.15  0.16  0.15  0.14  0.13 24032010 12
  0.13  0.14  0.15  0.16  0.17  0.16  0.15  0.14  0.17  0.20  0.21  0.21 25032010 00
  0.20  0.21  0.25  0.25  0.22  0.19  0.18  0.18  0.20  0.23  0.26  0.27 25032010 12
  0.27  0.30  0.32  0.37  0.43  0.45  0.42  0.39  0.38  0.38  0.40  0.42 26032010 00
  0.41  0.36  0.31  0.30  0.32  0.30  0.27  0.23  0.20  0.18  0.20  0.21 26032010 12
  0.22  0.21  0.19  0.19  0.21  0.20  0.18  0.16  0.14  0.12  0.10  0.10 27032010 00
  0.12  0.12  0.12  0.10  0.09  0.09  0.08  0.09  0.10  0.09  0.09  0.08 27032010 12
  0.07  0.10  0.11  0.10  0.07  0.04  0.04  0.06  0.07  0.09  0.10  0.10 28032010 00
  0.10  0.10  0.11  0.11  0.10  0.08  0.07  0.07  0.06  0.07  0.06  0.03 28032010 12
  0.04  0.04  0.04  0.04  0.04  0.05  0.08  0.09  0.08  0.08  0.10  0.10 29032010 00
  0.13  0.16  0.16  0.16  0.16  0.18  0.23  0.28  0.25  0.24  0.23  0.23 29032010 12
  0.20  0.23  0.23  0.24  0.22  0.22  0.23  0.25  0.25  0.19  0.18  0.13 30032010 00
  0.04  0.05  0.06  0.10  0.12  0.12  0.13  0.18  0.19  0.18  0.18  0.18 30032010 12
  0.15  0.10  0.10  0.11  0.14  0.11  0.06 -0.04 -0.15 -0.17 -0.11 -0.07 31032010 00
 -0.07 -0.05 -0.03  0.04  0.08  0.11  0.15  0.15  0.14  0.17  0.17  0.15 31032010 12
  0.15  0.15  0.16  0.19  0.18  0.17  0.16  0.15  0.14  0.10  0.10  0.10 01042010 00
  0.13  0.11  0.09  0.13  0.12  0.14  0.14  0.13  0.13  0.12  0.09  0.09 01042010 12
  0.08  0.07  0.05  0.08  0.09  0.10  0.10  0.12  0.15  0.21  0.23  0.18 02042010 00
  0.15  0.11  0.07  0.10  0.13  0.15  0.14  0.14  0.15  0.18  0.19  0.18 02042010 12
  0.18  0.17  0.14  0.13  0.15  0.15  0.16  0.15  0.14  0.14  0.15  0.13 03042010 00
  0.12  0.11  0.08  0.06  0.08  0.06  0.07  0.07  0.06  0.06  0.06  0.04 03042010 12
  0.03  0.01 -0.00 -0.03 -0.04 -0.03 -0.02 -0.02 -0.02 -0.03 -0.05 -0.05 04042010 00
 -0.05 -0.05 -0.05 -0.04 -0.05 -0.05 -0.04 -0.03 -0.01 -0.01 -0.00  0.01 04042010 12
  0.01 -0.00 -0.00  0.00  0.05  0.13  0.20  0.24  0.28  0.32  0.38  0.41 05042010 00
  0.38  0.34  0.31  0.26  0.22  0.23  0.25  0.26  0.23  0.20  0.24  0.33 05042010 12
  0.37  0.36  0.35  0.33  0.30  0.30  0.32  0.33  0.31  0.27  0.25  0.26 06042010 00
  0.30  0.32  0.31  0.24  0.16  0.11  0.10  0.10  0.11  0.11  0.09  0.06 06042010 12
  0.06  0.06  0.05  0.05  0.02 -0.02 -0.04 -0.06 -0.09 -0.09 -0.09 -0.12 07042010 00
 -0.14 -0.16 -0.16 -0.15 -0.15 -0.14 -0.13 -0.13 -0.12 -0.10 -0.09 -0.08 07042010 12
 -0.10 -0.13 -0.16 -0.15 -0.14 -0.14 -0.14 -0.14 -0.15 -0.16 -0.15 -0.14 08042010 00
 -0.13 -0.14 -0.16 -0.17 -0.18 -0.18 -0.17 -0.17 -0.18 -0.18 -0.19 -0.20 08042010 12
 -0.19 -0.19 -0.20 -0.22 -0.24 -0.25 -0.23 -0.20 -0.19 -0.17 -0.17 -0.16 09042010 00
 -0.16 -0.15 -0.14 -0.15 -0.18 -0.19 -0.19 -0.18 -0.18 -0.18 -0.18 -0.19 09042010 12
 -0.19 -0.19 -0.19 -0.19 -0.21 -0.24 -0.23 -0.23 -0.23 -0.22 -0.21 -0.21 10042010 00
 -0.20 -0.20 -0.19 -0.18 -0.18 -0.20 -0.21 -0.21 -0.20 -0.18 -0.17 -0.18 10042010 12
 -0.18 -0.19 -0.19 -0.19 -0.20 -0.23 -0.24 -0.23 -0.23 -0.22 -0.20 -0.19 11042010 00
 -0.19 -0.19 -0.20 -0.20 -0.21 -0.22 -0.24 -0.23 -0.25 -0.24 -0.23 -0.22 11042010 12
 -0.21 -0.22 -0.23 -0.22 -0.21 -0.22 -0.24 -0.25 -0.25 -0.24 -0.21 -0.19 12042010 00
 -0.19 -0.20 -0.21 -0.22 -0.20 -0.21 -0.24 -0.24 -0.25 -0.25 -0.23 -0.20 12042010 12
 -0.21 -0.20 -0.23 -0.23 -0.23 -0.24 -0.24 -0.26 -0.24 -0.26 -0.25 -0.22 13042010 00
 -0.20 -0.20 -0.21 -0.22 -0.21 -0.21 -0.22 -0.26 -0.25 -0.27 -0.26 -0.23 13042010 12
 -0.21 -0.23 -0.22 -0.24 -0.23 -0.21 -0.22 -0.23 -0.25 -0.22 -0.23 -0.21 14042010 00
 -0.17 -0.17 -0.16 -0.18 -0.19 -0.18 -0.20 -0.22 -0.22 -0.21 -0.21 -0.22 14042010 12
 -0.18 -0.17 -0.19 -0.19 -0.19 -0.18 -0.19 -0.22 -0.24 -0.23 -0.22 -0.21 15042010 00
 -0.20 -0.18 -0.19 -0.19 -0.20 -0.19 -0.19 -0.22 -0.27 -0.26 -0.28 -0.26 15042010 12
 -0.24 -0.19 -0.22 -0.22 -0.23 -0.22 -0.21 -0.21 -0.22 -0.23 -0.20 -0.21 16042010 00
 -0.20 -0.15 -0.16 -0.16 -0.18 -0.18 -0.17 -0.18 -0.20 -0.18 -0.19 -0.19 16042010 12
 -0.19 -0.15 -0.11 -0.12 -0.12 -0.13 -0.13 -0.11 -0.11 -0.12 -0.11 -0.12 17042010 00
 -0.11 -0.09 -0.06 -0.07 -0.07 -0.07 -0.06 -0.04 -0.06 -0.07 -0.07 -0.06 17042010 12
 -0.05 -0.04 -0.03 -0.04 -0.05 -0.05 -0.05 -0.05 -0.07 -0.10 -0.10 -0.09 18042010 00
 -0.08 -0.06 -0.04 -0.04 -0.04 -0.05 -0.05 -0.06 -0.07 -0.09 -0.10 -0.09 18042010 12
 -0.09 -0.10 -0.09 -0.09 -0.11 -0.10 -0.10 -0.10 -0.09 -0.09 -0.11 -0.11 19042010 00
 -0.11 -0.10 -0.07 -0.05 -0.06 -0.05 -0.07 -0.08 -0.08 -0.07 -0.06 -0.03 19042010 12
  0.00  0.02  0.03  0.05  0.04  0.02  0.02  0.02  0.01 -0.02 -0.06 -0.08 20042010 00
 -0.08 -0.07 -0.06 -0.07 -0.07 -0.08 -0.09 -0.09 -0.07 -0.05 -0.04 -0.04 20042010 12
 -0.06 -0.10 -0.11 -0.08 -0.09 -0.11 -0.10 -0.11 -0.11 -0.10 -0.10 -0.10 21042010 00
 -0.10 -0.09 -0.08 -0.08 -0.07 -0.08 -0.10 -0.10 -0.10 -0.11 -0.12 -0.12 21042010 12
 -0.12 -0.13 -0.14 -0.13 -0.11 -0.10 -0.09 -0.09 -0.08 -0.06 -0.04 -0.01 22042010 00
  0.00 -0.00 -0.00 -0.02 -0.03 -0.04 -0.05 -0.05 -0.06 -0.07 -0.07 -0.06 22042010 12
 -0.06 -0.04 -0.04 -0.05 -0.05 -0.06 -0.05 -0.04 -0.02 -0.01 -0.00  0.00 23042010 00
  0.00 -0.00 -0.00  0.01  0.02  0.01 -0.00 -0.00  0.01  0.01  0.01  0.02 23042010 12
  0.03  0.02  0.01  0.01 -0.00 -0.01 -0.01 -0.01 -0.03 -0.03 -0.03 -0.02 24042010 00
 -0.02 -0.02 -0.01  0.00  0.01  0.01 -0.00 -0.01  0.01  0.03  0.05  0.06 24042010 12
  0.06  0.07  0.08  0.08  0.08  0.07  0.05  0.03  0.02  0.02  0.03  0.04 25042010 00
  0.03  0.02  0.02  0.02  0.02  0.02  0.02  0.02  0.01 -0.00 -0.00 -0.00 25042010 12
  0.00  0.00 -0.01 -0.03 -0.05 -0.08 -0.10 -0.10 -0.10 -0.10 -0.08 -0.08 26042010 00
 -0.08 -0.09 -0.09 -0.09 -0.09 -0.10 -0.12 -0.12 -0.13 -0.13 -0.13 -0.11 26042010 12
 -0.11 -0.12 -0.13 -0.13 -0.13 -0.14 -0.13 -0.15 -0.15 -0.15 -0.11 -0.07 27042010 00
 -0.06 -0.06 -0.09 -0.09 -0.09 -0.09 -0.10 -0.09 -0.09 -0.08 -0.06 -0.03 27042010 12
  0.01  0.01  0.02  0.02  0.03  0.03  0.02  0.03  0.02  0.02  0.03  0.05 28042010 00
  0.07  0.07  0.07  0.07  0.06  0.06  0.06  0.07  0.09  0.07  0.09  0.10 28042010 12
  0.10  0.11  0.11  0.11  0.10  0.08  0.06  0.04  0.01  0.02  0.00 -0.00 29042010 00
 -0.01 -0.02 -0.02 -0.01  0.00  0.01  0.02  0.03  0.04  0.05  0.07  0.09 29042010 12
  0.10  0.09  0.10  0.10  0.11  0.10  0.10  0.10  0.09  0.09  0.09  0.11 30042010 00
  0.11  0.08  0.09  0.09  0.10  0.09  0.08  0.07  0.07  0.07  0.07  0.07 30042010 12
  0.07  0.06  0.05  0.05  0.04  0.04  0.03  0.01 -0.00 -0.01 -0.01 -0.01 01052010 00
 -0.01 -0.01 -0.00  0.01  0.02  0.02  0.02  0.00 -0.02 -0.05 -0.07 -0.07 01052010 12
 -0.07 -0.08 -0.10 -0.11 -0.12 -0.14 -0.14 -0.15 -0.17 -0.20 -0.19 -0.19 02052010 00
 -0.19 -0.19 -0.17 -0.16 -0.17 -0.17 -0.17 -0.16 -0.16 -0.17 -0.18 -0.19 02052010 12
 -0.18 -0.20 -0.19 -0.19 -0.22 -0.24 -0.26 -0.26 -0.25 -0.26 -0.29 -0.28 03052010 00
 -0.31 -0.29 -0.25 -0.23 -0.23 -0.21 -0.22 -0.20 -0.18 -0.17 -0.16 -0.17 03052010 12
 -0.17 -0.20 -0.20 -0.19 -0.19 -0.21 -0.23 -0.24 -0.24 -0.22 -0.22 -0.24 04052010 00
 -0.25 -0.25 -0.23 -0.20 -0.18 -0.20 -0.20 -0.21 -0.21 -0.20 -0.21 -0.25 04052010 12
 -0.26 -0.27 -0.28 -0.26 -0.23 -0.24 -0.25 -0.25 -0.24 -0.21 -0.19 -0.20 05052010 00
 -0.22 -0.22 -0.22 -0.20 -0.19 -0.17 -0.18 -0.19 -0.20 -0.19 -0.17 -0.19 05052010 12
 -0.23 -0.23 -0.21 -0.20 -0.19 -0.16 -0.15 -0.14 -0.14 -0.13 -0.11 -0.10 06052010 00
 -0.12 -0.16 -0.17 -0.18 -0.17 -0.17 -0.17 -0.18 -0.18 -0.18 -0.16 -0.13 06052010 12
 -0.09 -0.07 -0.05 -0.06 -0.09 -0.10 -0.11 -0.11 -0.11 -0.13 -0.15 -0.16 07052010 00
 -0.17 -0.16 -0.16 -0.15 -0.15 -0.15 -0.14 -0.13 -0.13 -0.11 -0.10 -0.09 07052010 12
 -0.09 -0.08 -0.08 -0.10 -0.12 -0.15 -0.16 -0.17 -0.17 -0.16 -0.15 -0.16 08052010 00
 -0.16 -0.15 -0.14 -0.14 -0.14 -0.13 -0.11 -0.10 -0.10 -0.11 -0.12 -0.12 08052010 12
 -0.12 -0.11 -0.10 -0.11 -0.14 -0.15 -0.14 -0.12 -0.08 -0.06 -0.05 -0.06 09052010 00
 -0.06 -0.05 -0.04 -0.04 -0.06 -0.07 -0.07 -0.06 -0.05 -0.04 -0.03 -0.03 09052010 12
 -0.03 -0.02 -0.00  0.00 -0.02 -0.05 -0.06 -0.05 -0.05 -0.05 -0.05 -0.08 10052010 00
 -0.11 -0.12 -0.12 -0.10 -0.11 -0.12 -0.11 -0.10 -0.09 -0.09 -0.09 -0.09 10052010 12
 -0.09 -0.10 -0.10 -0.10 -0.11 -0.14 -0.16 -0.16 -0.13 -0.10 -0.07 -0.06 11052010 00
 -0.07 -0.09 -0.09 -0.07 -0.05 -0.05 -0.06 -0.06 -0.06 -0.05 -0.03 -0.03 11052010 12
 -0.03 -0.03 -0.03 -0.02 -0.02 -0.04 -0.07 -0.08 -0.07 -0.07 -0.07 -0.07 12052010 00
 -0.08 -0.08 -0.08 -0.08 -0.08 -0.08 -0.09 -0.09 -0.10 -0.09 -0.07 -0.04 12052010 12
 -0.04 -0.03 -0.04 -0.05 -0.05 -0.05 -0.06 -0.05 -0.04 -0.03 -0.01  0.00 13052010 00
  0.02  0.03  0.03  0.03  0.04  0.05  0.06  0.08  0.09  0.09  0.08  0.07 13052010 12
  0.08  0.12  0.12  0.12  0.10  0.09  0.08  0.07  0.03  0.02  0.01 -0.00 14052010 00
 -0.02 -0.02 -0.03 -0.03 -0.02 -0.03 -0.03 -0.03 -0.02 -0.02 -0.03 -0.03 14052010 12
 -0.04 -0.04 -0.04 -0.03 -0.04 -0.05 -0.08 -0.11 -0.13 -0.11 -0.09 -0.07 15052010 00
 -0.06 -0.03 -0.04 -0.03 -0.03 -0.02 -0.02 -0.01 -0.01 -0.01 -0.02 -0.03 15052010 12
 -0.03 -0.01  0.02  0.05  0.06  0.07  0.07  0.05  0.04  0.03  0.04  0.02 16052010 00
 -0.00 -0.02 -0.04 -0.04 -0.05 -0.06 -0.07 -0.08 -0.10 -0.12 -0.12 -0.11 16052010 12
 -0.10 -0.08 -0.07 -0.08 -0.08 -0.09 -0.10 -0.10 -0.11 -0.14 -0.16 -0.14 17052010 00
 -0.14 -0.13 -0.12 -0.12 -0.12 -0.13 -0.13 -0.12 -0.13 -0.15 -0.16 -0.16 17052010 12
 -0.17 -0.16 -0.15 -0.15 -0.16 -0.16 -0.16 -0.16 -0.16 -0.16 -0.16 -0.16 18052010 00
 -0.15 -0.16 -0.15 -0.13 -0.14 -0.13 -0.14 -0.14 -0.14 -0.14 -0.13 -0.13 18052010 12
 -0.11 -0.13 -0.13 -0.10 -0.10 -0.08 -0.09 -0.09 -0.09 -0.08 -0.09 -0.10 19052010 00
 -0.12 -0.13 -0.14 -0.15 -0.15 -0.17 -0.17 -0.18 -0.18 -0.18 -0.19 -0.20 19052010 12
 -0.20 -0.20 -0.20 -0.20 -0.18 -0.17 -0.16 -0.17 -0.19 -0.19 -0.18 -0.20 20052010 00
 -0.20 -0.20 -0.22 -0.21 -0.21 -0.20 -0.21 -0.21 -0.22 -0.22 -0.21 -0.20 20052010 12
 -0.22 -0.23 -0.23 -0.24 -0.23 -0.22 -0.21 -0.22 -0.23 -0.23 -0.21 -0.20 21052010 00
 -0.20 -0.22 -0.23 -0.24 -0.23 -0.21 -0.20 -0.21 -0.21 -0.22 -0.21 -0.20 21052010 12
 -0.19 -0.20 -0.22 -0.22 -0.21 -0.20 -0.18 -0.18 -0.18 -0.19 -0.18 -0.16 22052010 00
 -0.16 -0.17 -0.19 -0.19 -0.20 -0.19 -0.17 -0.16 -0.16 -0.16 -0.16 -0.16 22052010 12
 -0.14 -0.14 -0.15 -0.17 -0.17 -0.18 -0.17 -0.15 -0.14 -0.14 -0.13 -0.13 23052010 00
 -0.13 -0.11 -0.11 -0.12 -0.12 -0.11 -0.10 -0.10 -0.07 -0.06 -0.06 -0.07 23052010 12
 -0.07 -0.06 -0.05 -0.06 -0.07 -0.08 -0.08 -0.09 -0.09 -0.08 -0.08 -0.08 24052010 00
 -0.09 -0.09 -0.08 -0.07 -0.07 -0.08 -0.07 -0.07 -0.05 -0.03 -0.03 -0.05 24052010 12
 -0.05 -0.05 -0.04 -0.05 -0.08 -0.11 -0.11 -0.12 -0.10 -0.10 -0.10 -0.10 25052010 00
 -0.11 -0.12 -0.10 -0.08 -0.08 -0.09 -0.11 -0.12 -0.10 -0.07 -0.08 -0.09 25052010 12
 -0.10 -0.10 -0.09 -0.07 -0.07 -0.07 -0.08 -0.06 -0.05 -0.04 -0.03 -0.03 26052010 00
 -0.04 -0.04 -0.04 -0.03 -0.03 -0.03 -0.04 -0.02  0.00  0.00  0.01  0.00 26052010 12
 -0.00 -0.00  0.01  0.02  0.02  0.01 -0.01 -0.01 -0.00  0.01  0.03  0.04 27052010 00
  0.03  0.03  0.02  0.03  0.05  0.05  0.06  0.06  0.06  0.07  0.08  0.08 27052010 12
  0.08  0.09  0.07  0.06  0.05  0.04  0.02 -0.01 -0.03 -0.03 -0.03 -0.03 28052010 00
 -0.02 -0.02 -0.02 -0.02 -0.01 -0.00  0.01  0.03  0.03  0.02  0.01  0.01 28052010 12
  0.01  0.02  0.02  0.01  0.01 -0.00  0.00  0.03  0.06  0.07  0.08  0.08 29052010 00
  0.07  0.07  0.09  0.10  0.13  0.14  0.15  0.14  0.14  0.13  0.12  0.10 29052010 12
  0.09  0.07  0.08  0.07  0.08  0.07  0.06  0.04  0.01 -0.01 -0.02 -0.01 30052010 00
 -0.02 -0.02 -0.03 -0.04 -0.03 -0.02 -0.02 -0.05 -0.08 -0.09 -0.09 -0.08 30052010 12
 -0.08 -0.08 -0.10 -0.11 -0.11 -0.12 -0.12 -0.12 -0.13 -0.15 -0.15 -0.15 31052010 00
 -0.12 -0.10 -0.09 -0.09 -0.09 -0.11 -0.10 -0.09 -0.08 -0.08 -0.07 -0.07 31052010 12
 -0.08 -0.07 -0.04 -0.03 -0.02 -0.02 -0.03 -0.02 -0.01 -0.00  0.00  0.01 01062010 00
 -0.00 -0.02 -0.03 -0.04 -0.06 -0.07 -0.07 -0.08 -0.07 -0.07 -0.08 -0.09 01062010 12
 -0.09 -0.10 -0.09 -0.09 -0.08 -0.09 -0.10 -0.10 -0.10 -0.11 -0.12 -0.13 02062010 00
 -0.12 -0.12 -0.11 -0.10 -0.10 -0.11 -0.11 -0.11 -0.11 -0.12 -0.13 -0.13 02062010 12
 -0.13 -0.13 -0.13 -0.12 -0.12 -0.11 -0.12 -0.13 -0.13 -0.13 -0.12 -0.13 03062010 00
 -0.13 -0.13 -0.13 -0.11 -0.09 -0.09 -0.08 -0.09 -0.09 -0.08 -0.08 -0.09 03062010 12
 -0.09 -0.08 -0.08 -0.07 -0.06 -0.05 -0.05 -0.06 -0.07 -0.07 -0.06 -0.05 04062010 00
 -0.05 -0.06 -0.07 -0.07 -0.06 -0.05 -0.04 -0.03 -0.03 -0.03 -0.02 -0.01 04062010 12
 -0.01 -0.02 -0.03 -0.05 -0.06 -0.07 -0.08 -0.09 -0.10 -0.09 -0.09 -0.08 05062010 00
 -0.08 -0.09 -0.10 -0.10 -0.09 -0.08 -0.06 -0.05 -0.06 -0.07 -0.06 -0.05 05062010 12
 -0.03 -0.03 -0.03 -0.04 -0.05 -0.05 -0.05 -0.05 -0.05 -0.05 -0.04 -0.04 06062010 00
 -0.04 -0.05 -0.05 -0.05 -0.04 -0.04 -0.04 -0.04 -0.05 -0.05 -0.04 -0.03 06062010 12
 -0.02 -0.02 -0.04 -0.05 -0.06 -0.05 -0.05 -0.04 -0.03 -0.01  0.00  0.01 07062010 00
  0.03  0.04  0.05  0.05  0.07  0.07  0.08  0.07  0.06  0.07  0.07  0.07 07062010 12
  0.08  0.06  0.06  0.07  0.08  0.08  0.07  0.07  0.07  0.07  0.08  0.09 08062010 00
  0.09  0.08  0.08  0.08  0.09  0.09  0.09  0.08  0.07  0.06  0.05  0.05 08062010 12
  0.05  0.05  0.04  0.04  0.03  0.02  0.01  0.00  0.00  0.01  0.01  0.02 09062010 00
  0.01 -0.01 -0.03 -0.04 -0.04 -0.03 -0.03 -0.04 -0.05 -0.07 -0.08 -0.08 09062010 12
 -0.08 -0.07 -0.07 -0.09 -0.11 -0.14 -0.14 -0.13 -0.13 -0.13 -0.14 -0.15 10062010 00
 -0.15 -0.16 -0.16 -0.16 -0.13 -0.11 -0.11 -0.13 -0.12 -0.12 -0.10 -0.09 10062010 12
 -0.10 -0.10 -0.08 -0.07 -0.07 -0.08 -0.08 -0.04 -0.02 -0.01 -0.00  0.01 11062010 00
  0.01  0.02  0.03  0.04  0.05  0.06  0.05  0.05  0.06  0.08  0.06  0.06 11062010 12
  0.07  0.05  0.05  0.04  0.05  0.03 -0.02 -0.06 -0.08 -0.09 -0.09 -0.07 12062010 00
 -0.07 -0.07 -0.07 -0.07 -0.06 -0.04 -0.05 -0.06 -0.06 -0.05 -0.05 -0.04 12062010 12
 -0.03 -0.02 -0.02 -0.03 -0.03 -0.03 -0.03 -0.02 -0.02 -0.01 -0.00  0.02 13062010 00
  0.03  0.04  0.04  0.04  0.04  0.04  0.03  0.01 -0.01 -0.02 -0.02 -0.04 13062010 12
 -0.06 -0.09 -0.13 -0.16 -0.17 -0.20 -0.22 -0.27 -0.33 -0.35 -0.30 -0.29 14062010 00
 -0.29 -0.24 -0.21 -0.23 -0.22 -0.23 -0.22 -0.23 -0.27 -0.28 -0.27 -0.27 14062010 12
 -0.27 -0.26 -0.22 -0.25 -0.25 -0.25 -0.23 -0.23 -0.24 -0.27 -0.24 -0.23 15062010 00
 -0.25 -0.23 -0.17 -0.18 -0.18 -0.20 -0.20 -0.19 -0.21 -0.23 -0.23 -0.24 15062010 12
 -0.23 -0.24 -0.21 -0.19 -0.19 -0.20 -0.21 -0.21 -0.20 -0.22 -0.23 -0.20 16062010 00
 -0.21 -0.21 -0.20 -0.16 -0.17 -0.17 -0.18 -0.18 -0.18 -0.21 -0.23 -0.23 16062010 12
 -0.22 -0.23 -0.21 -0.18 -0.19 -0.18 -0.19 -0.19 -0.18 -0.18 -0.19 -0.21 17062010 00
 -0.19 -0.18 -0.17 -0.17 -0.16 -0.17 -0.16 -0.17 -0.15 -0.14 -0.16 -0.17 17062010 12
 -0.15 -0.16 -0.16 -0.14 -0.10 -0.10 -0.11 -0.13 -0.13 -0.11 -0.10 -0.11 18062010 00
 -0.13 -0.12 -0.15 -0.14 -0.14 -0.13 -0.12 -0.11 -0.11 -0.10 -0.10 -0.10 18062010 12
 -0.10 -0.10 -0.10 -0.12 -0.14 -0.14 -0.14 -0.16 -0.18 -0.17 -0.16 -0.15 19062010 00
 -0.15 -0.16 -0.15 -0.16 -0.14 -0.11 -0.10 -0.10 -0.09 -0.09 -0.07 -0.07 19062010 12
 -0.09 -0.12 -0.12 -0.12 -0.13 -0.12 -0.11 -0.11 -0.11 -0.11 -0.11 -0.09 20062010 00
 -0.08 -0.08 -0.08 -0.08 -0.08 -0.07 -0.06 -0.05 -0.06 -0.07 -0.08 -0.08 20062010 12
 -0.08 -0.09 -0.10 -0.12 -0.13 -0.14 -0.13 -0.13 -0.13 -0.12 -0.12 -0.12 21062010 00
 -0.11 -0.10 -0.11 -0.11 -0.11 -0.11 -0.11 -0.10 -0.09 -0.09 -0.10 -0.09 21062010 12
 -0.09 -0.08 -0.08 -0.09 -0.09 -0.09 -0.10 -0.10 -0.09 -0.08 -0.09 -0.09 22062010 00
 -0.09 -0.09 -0.08 -0.08 -0.10 -0.10 -0.09 -0.08 -0.08 -0.07 -0.07 -0.07 22062010 12
 -0.07 -0.07 -0.07 -0.08 -0.10 -0.11 -0.11 -0.11 -0.09 -0.08 -0.07 -0.06 23062010 00
 -0.06 -0.05 -0.04 -0.04 -0.04 -0.05 -0.05 -0.06 -0.06 -0.05 -0.04 -0.04 23062010 12
 -0.04 -0.04 -0.04 -0.05 -0.06 -0.09 -0.10 -0.09 -0.09 -0.09 -0.08 -0.07 24062010 00
 -0.07 -0.08 -0.08 -0.08 -0.08 -0.08 -0.09 -0.10 -0.10 -0.10 -0.09 -0.07 24062010 12
 -0.07 -0.07 -0.08 -0.09 -0.09 -0.10 -0.11 -0.11 -0.10 -0.11 -0.09 -0.07 25062010 00
 -0.07 -0.07 -0.08 -0.08 -0.07 -0.06 -0.07 -0.07 -0.08 -0.08 -0.07 -0.05 25062010 12
 -0.04 -0.04 -0.05 -0.06 -0.06 -0.05 -0.05 -0.06 -0.06 -0.06 -0.06 -0.05 26062010 00
 -0.03 -0.03 -0.02 -0.03 -0.03 -0.02 -0.01 -0.01 -0.01 -0.02 -0.03 -0.03 26062010 12
 -0.02 -0.01  0.00  0.00 -0.01 -0.01 -0.01  0.00  0.00  0.01  0.01  0.01 27062010 00
  0.01  0.00  0.00  0.00  0.01  0.01  0.01  0.02  0.02  0.01  0.02  0.02 27062010 12
  0.02  0.02  0.00 -0.01 -0.02 -0.02 -0.03 -0.06 -0.10 -0.12 -0.11 -0.09 28062010 00
 -0.08 -0.05 -0.02 -0.01 -0.00  0.01  0.03  0.04  0.04  0.04  0.04  0.03 28062010 12
  0.02  0.02  0.02  0.03  0.03  0.02  0.00 -0.02 -0.04 -0.06 -0.08 -0.08 29062010 00
 -0.07 -0.07 -0.07 -0.08 -0.08 -0.08 -0.08 -0.08 -0.09 -0.10 -0.10 -0.10 29062010 12
 -0.09 -0.09 -0.08 -0.08 -0.08 -0.10 -0.10 -0.10 -0.11 -0.11 -0.11 -0.08 30062010 00
 -0.08 -0.07 -0.05 -0.04 -0.04 -0.04 -0.04 -0.03 -0.03 -0.02 -0.02 -0.01 30062010 12
 -0.00 -0.01 -0.00  0.02  0.05  0.06  0.06  0.07  0.10  0.16  0.23  0.25 01072010 00
  0.22  0.20  0.19  0.19  0.22  0.21  0.20  0.16  0.12  0.10  0.08  0.08 01072010 12
  0.10  0.13  0.09  0.07  0.08  0.08  0.08  0.10  0.10  0.10  0.11  0.12 02072010 00
  0.11  0.11  0.11  0.10  0.13  0.16  0.18  0.18  0.17  0.16  0.16  0.16 02072010 12
  0.14  0.12  0.11  0.07  0.03  0.00 -0.01 -0.01 -0.02 -0.03 -0.04 -0.04 03072010 00
 -0.05 -0.06 -0.04 -0.03 -0.01 -0.01 -0.01 -0.01 -0.00 -0.01 -0.02 -0.04 03072010 12
 -0.04 -0.04 -0.03 -0.02 -0.01 -0.01 -0.01 -0.01  0.01  0.05  0.11  0.20 04072010 00
  0.30  0.36  0.37  0.35  0.34  0.32  0.31  0.30  0.30  0.25  0.14  0.01 04072010 12
 -0.08 -0.17 -0.21 -0.17 -0.14 -0.14 -0.14 -0.15 -0.14 -0.11 -0.08 -0.06 05072010 00
 -0.06 -0.06 -0.06 -0.08 -0.11 -0.13 -0.14 -0.14 -0.14 -0.13 -0.12 -0.12 05072010 12
 -0.13 -0.15 -0.16 -0.15 -0.12 -0.11 -0.11 -0.14 -0.16 -0.18 -0.18 -0.17 06072010 00
 -0.16 -0.14 -0.13 -0.13 -0.12 -0.10 -0.07 -0.02  0.04  0.08  0.10  0.13 06072010 12
  0.20  0.25  0.27  0.27  0.24  0.19  0.13  0.10  0.06  0.03  0.03  0.03 07072010 00
 -0.00 -0.04 -0.06 -0.07 -0.06 -0.01  0.03  0.05  0.07  0.07  0.06  0.07 07072010 12
  0.09  0.09  0.06  0.03 -0.00 -0.03 -0.03 -0.05 -0.05 -0.04 -0.04 -0.03 08072010 00
 -0.02 -0.00 -0.00 -0.01 -0.01 -0.01 -0.01 -0.02 -0.02 -0.03 -0.04 -0.04 08072010 12
 -0.03 -0.02 -0.02 -0.03 -0.03 -0.02 -0.02 -0.02 -0.01  0.00  0.02  0.04 09072010 00
  0.06  0.07  0.07  0.06  0.06  0.04  0.01 -0.02 -0.03 -0.02 -0.01  0.01 09072010 12
  0.01  0.02  0.02  0.02  0.03  0.03  0.04  0.04  0.03  0.02  0.01  0.02 10072010 00
  0.03  0.02  0.02  0.01  0.01  0.02  0.03  0.03  0.03  0.05  0.07  0.09 10072010 12
  0.11  0.11  0.09  0.09  0.09  0.10  0.12  0.15  0.14  0.14  0.13  0.10 11072010 00
  0.09  0.07  0.07  0.05  0.01 -0.02 -0.06 -0.09 -0.11 -0.10 -0.10 -0.09 11072010 12
 -0.07 -0.08 -0.09 -0.09 -0.08 -0.07 -0.06 -0.05 -0.03 -0.04 -0.06 -0.05 12072010 00
 -0.03 -0.02 -0.01 -0.01 -0.01 -0.01 -0.01 -0.01 -0.00 -0.00  0.00  0.01 12072010 12
  0.01 -0.00 -0.01 -0.02 -0.02 -0.03 -0.04 -0.05 -0.06 -0.05 -0.03 -0.03 13072010 00
 -0.03 -0.02 -0.02 -0.02 -0.01 -0.01 -0.01 -0.01  0.01  0.02  0.04  0.05 13072010 12
  0.07  0.08  0.09  0.10  0.09  0.07  0.06  0.08  0.10  0.10  0.09  0.09 14072010 00
  0.10  0.12  0.12  0.14  0.13  0.13  0.14  0.15  0.18  0.22  0.23  0.20 14072010 12
  0.19  0.17  0.12  0.14  0.15  0.17  0.17  0.17  0.18  0.21  0.19  0.20 15072010 00
  0.19  0.19  0.17  0.14  0.18  0.19  0.21  0.18  0.14  0.13  0.15  0.15 15072010 12
  0.13  0.13  0.14  0.17  0.28  0.31  0.34  0.32  0.30  0.32  0.37  0.30 16072010 00
  0.25  0.16  0.12  0.04  0.01  0.05  0.06  0.07  0.05  0.05  0.04  0.05 16072010 12
  0.04  0.07  0.06  0.04 -0.00 -0.01  0.01  0.02  0.02  0.02  0.02  0.02 17072010 00
  0.01 -0.00  0.00 -0.01 -0.02 -0.04 -0.06 -0.05 -0.04 -0.04 -0.04 -0.04 17072010 12
 -0.05 -0.05 -0.04 -0.03 -0.01  0.03  0.06  0.06  0.06  0.08  0.10  0.12 18072010 00
  0.15  0.14  0.13  0.09  0.06  0.04  0.05  0.04  0.04  0.03  0.03  0.03 18072010 12
  0.03 -0.00 -0.03 -0.03 -0.05 -0.06 -0.04 -0.03 -0.03 -0.04 -0.04 -0.02 19072010 00
  0.02  0.07  0.07  0.06  0.03  0.02  0.02  0.04  0.03  0.03  0.03  0.03 19072010 12
  0.02  0.01 -0.01 -0.02 -0.01 -0.00 -0.01  0.00  0.01  0.02  0.01  0.01 20072010 00
 -0.00 -0.01 -0.02 -0.01 -0.01 -0.01 -0.01 -0.00  0.00  0.01  0.03  0.06 20072010 12
  0.08  0.07  0.08  0.08  0.08  0.08  0.07  0.07  0.07  0.07  0.07  0.07 21072010 00
  0.06  0.05  0.05  0.04  0.02  0.01  0.01  0.00 -0.00  0.00  0.01  0.01 21072010 12
  0.01  0.00 -0.01 -0.03 -0.05 -0.07 -0.09 -0.11 -0.12 -0.14 -0.14 -0.14 22072010 00
 -0.14 -0.14 -0.13 -0.13 -0.13 -0.14 -0.15 -0.17 -0.17 -0.17 -0.16 -0.15 22072010 12
 -0.15 -0.15 -0.15 -0.14 -0.13 -0.15 -0.16 -0.16 -0.16 -0.15 -0.14 -0.13 23072010 00
 -0.12 -0.12 -0.12 -0.12 -0.11 -0.12 -0.12 -0.12 -0.13 -0.12 -0.11 -0.11 23072010 12
 -0.10 -0.10 -0.10 -0.10 -0.10 -0.10 -0.10 -0.10 -0.08 -0.07 -0.06 -0.04 24072010 00
 -0.02 -0.02 -0.02 -0.02 -0.02 -0.01 -0.02 -0.03 -0.05 -0.06 -0.06 -0.07 24072010 12
 -0.06 -0.05 -0.05 -0.06 -0.07 -0.07 -0.08 -0.11 -0.10 -0.09 -0.07 -0.06 25072010 00
 -0.06 -0.06 -0.05 -0.04 -0.04 -0.05 -0.07 -0.09 -0.08 -0.07 -0.07 -0.07 25072010 12
 -0.06 -0.07 -0.08 -0.07 -0.06 -0.07 -0.08 -0.10 -0.11 -0.09 -0.09 -0.09 26072010 00
 -0.06 -0.05 -0.04 -0.05 -0.05 -0.04 -0.05 -0.06 -0.06 -0.04 -0.03 -0.02 26072010 12
  0.01  0.01 -0.00 -0.01 -0.02 -0.02 -0.03 -0.06 -0.08 -0.09 -0.08 -0.06 27072010 00
 -0.05 -0.04 -0.05 -0.05 -0.05 -0.04 -0.04 -0.04 -0.04 -0.04 -0.04 -0.04 27072010 12
 -0.03 -0.02 -0.01  0.00 -0.00 -0.00 -0.01 -0.03 -0.05 -0.07 -0.05 -0.03 28072010 00
 -0.04 -0.02 -0.02 -0.03 -0.02 -0.02 -0.02 -0.03 -0.05 -0.07 -0.08 -0.08 28072010 12
 -0.07 -0.07 -0.07 -0.08 -0.08 -0.09 -0.09 -0.09 -0.10 -0.11 -0.10 -0.07 29072010 00
 -0.07 -0.06 -0.04 -0.05 -0.05 -0.07 -0.07 -0.06 -0.07 -0.09 -0.10 -0.09 29072010 12
 -0.09 -0.08 -0.06 -0.06 -0.06 -0.07 -0.07 -0.06 -0.05 -0.04 -0.03 -0.01 30072010 00
 -0.01  0.01  0.04  0.07  0.09  0.10  0.11  0.13  0.14  0.12  0.08  0.05 30072010 12
  0.05  0.02  0.00 -0.01 -0.02 -0.01 -0.01 -0.02 -0.02  0.00  0.02  0.01 31072010 00
  0.02  0.02  0.03  0.05  0.06  0.06  0.06  0.05  0.05  0.04  0.03  0.02 31072010 12
  0.01  0.00 -0.01 -0.01 -0.02 -0.03 -0.03 -0.04 -0.03 -0.04 -0.04 -0.04 01082010 00
 -0.04 -0.04 -0.04 -0.04 -0.04 -0.04 -0.03 -0.03 -0.03 -0.04 -0.05 -0.06 01082010 12
 -0.05 -0.05 -0.05 -0.06 -0.07 -0.08 -0.09 -0.09 -0.09 -0.09 -0.09 -0.09 02082010 00
 -0.09 -0.09 -0.09 -0.07 -0.06 -0.07 -0.06 -0.06 -0.06 -0.07 -0.07 -0.08 02082010 12
 -0.09 -0.07 -0.06 -0.05 -0.05 -0.05 -0.05 -0.05 -0.03 -0.01  0.01  0.02 03082010 00
  0.00 -0.02 -0.02 -0.03 -0.03 -0.04 -0.05 -0.06 -0.06 -0.04 -0.03 -0.04 03082010 12
 -0.04 -0.03  0.00  0.02  0.03  0.03  0.03  0.04  0.07  0.08  0.08  0.07 04082010 00
  0.04 -0.02 -0.05 -0.06 -0.07 -0.07 -0.05 -0.06 -0.04 -0.03 -0.03 -0.02 04082010 12
 -0.02 -0.01 -0.01 -0.02 -0.04 -0.06 -0.06 -0.06 -0.05 -0.04 -0.05 -0.05 05082010 00
 -0.06 -0.06 -0.04 -0.03 -0.03 -0.04 -0.05 -0.05 -0.05 -0.04 -0.04 -0.04 05082010 12
 -0.04 -0.04 -0.04 -0.04 -0.03 -0.02 -0.01  0.00  0.02  0.03  0.05  0.07 06082010 00
  0.10  0.14  0.14  0.12  0.10  0.09  0.08  0.08  0.06  0.06  0.06  0.06 06082010 12
  0.05  0.05  0.05  0.06  0.06  0.05  0.04  0.01 -0.02 -0.03 -0.02 -0.03 07082010 00
 -0.03 -0.05 -0.06 -0.08 -0.10 -0.12 -0.12 -0.10 -0.11 -0.11 -0.11 -0.11 07082010 12
 -0.10 -0.11 -0.12 -0.12 -0.14 -0.16 -0.16 -0.15 -0.15 -0.14 -0.11 -0.11 08082010 00
 -0.11 -0.11 -0.11 -0.10 -0.09 -0.10 -0.10 -0.10 -0.10 -0.09 -0.09 -0.06 08082010 12
 -0.04 -0.03 -0.02 -0.02 -0.01  0.01  0.03  0.05  0.05  0.04  0.06  0.07 09082010 00
  0.07  0.06  0.05  0.05  0.04  0.02 -0.00 -0.02 -0.03 -0.01 -0.00  0.00 09082010 12
  0.00  0.01  0.02  0.03  0.03  0.02  0.01  0.02  0.04  0.06  0.08  0.09 10082010 00
  0.10  0.11  0.10  0.10  0.09  0.08  0.06  0.03  0.00  0.02  0.02  0.01 10082010 12
 -0.01 -0.00  0.00  0.00  0.00  0.01  0.01  0.01  0.00  0.01  0.01  0.01 11082010 00
  0.02  0.02  0.03  0.03  0.03  0.03  0.02  0.01 -0.01 -0.02 -0.02 -0.01 11082010 12
 -0.00 -0.02 -0.01  0.00  0.02  0.01 -0.01 -0.04 -0.06 -0.07 -0.06 -0.05 12082010 00
 -0.05 -0.06 -0.06 -0.08 -0.08 -0.07 -0.05 -0.04 -0.07 -0.10 -0.12 -0.11 12082010 12
 -0.09 -0.09 -0.08 -0.11 -0.11 -0.12 -0.11 -0.11 -0.12 -0.16 -0.18 -0.16 13082010 00
 -0.17 -0.16 -0.13 -0.11 -0.14 -0.14 -0.15 -0.13 -0.13 -0.16 -0.17 -0.17 13082010 12
 -0.14 -0.15 -0.15 -0.13 -0.16 -0.15 -0.16 -0.14 -0.14 -0.16 -0.20 -0.20 14082010 00
 -0.18 -0.18 -0.17 -0.14 -0.15 -0.16 -0.17 -0.17 -0.16 -0.17 -0.21 -0.25 14082010 12
 -0.21 -0.21 -0.21 -0.17 -0.17 -0.19 -0.20 -0.20 -0.18 -0.19 -0.21 -0.22 15082010 00
 -0.18 -0.18 -0.17 -0.16 -0.13 -0.13 -0.12 -0.13 -0.13 -0.12 -0.12 -0.11 15082010 12
 -0.10 -0.08 -0.09 -0.09 -0.08 -0.09 -0.08 -0.08 -0.09 -0.10 -0.10 -0.09 16082010 00
 -0.08 -0.07 -0.08 -0.06 -0.04 -0.03 -0.03 -0.03 -0.02 -0.01  0.01  0.03 16082010 12
  0.04  0.06  0.06  0.06  0.06  0.05  0.05  0.06  0.06  0.05  0.04  0.04 17082010 00
  0.02 -0.01 -0.03 -0.04 -0.04 -0.05 -0.04 -0.03 -0.03 -0.03 -0.01 -0.00 17082010 12
  0.01  0.00  0.01  0.02  0.01  0.01  0.00  0.00  0.02  0.03  0.04  0.06 18082010 00
  0.08  0.09  0.09  0.08  0.08  0.09  0.08  0.08  0.08  0.08  0.08  0.09 18082010 12
  0.11  0.13  0.13  0.11  0.09  0.07  0.06  0.05  0.06  0.06  0.07  0.07 19082010 00
  0.06  0.06  0.08  0.10  0.11  0.10  0.10  0.10  0.11  0.13  0.16  0.18 19082010 12
  0.20  0.20  0.21  0.23  0.24  0.24  0.23  0.22  0.21  0.23  0.27  0.31 20082010 00
  0.31  0.29  0.29  0.31  0.34  0.32  0.29  0.25  0.21  0.17  0.17  0.17 20082010 12
  0.18  0.17  0.13  0.06  0.00 -0.06 -0.11 -0.11 -0.09 -0.07 -0.04 -0.02 21082010 00
 -0.02 -0.01  0.01  0.03  0.06  0.08  0.09  0.08  0.06  0.04  0.05  0.06 21082010 12
  0.06  0.06  0.06  0.06  0.05  0.03 -0.01 -0.01  0.02  0.02  0.01  0.01 22082010 00
  0.00 -0.01 -0.01 -0.01 -0.01 -0.01  0.00  0.00 -0.01 -0.01  0.01  0.02 22082010 12
  0.04  0.05  0.05  0.05  0.06  0.07  0.09  0.11  0.12  0.13  0.14  0.14 23082010 00
  0.15  0.16  0.17  0.18  0.19  0.21  0.23  0.23  0.24  0.22  0.21  0.20 23082010 12
  0.19  0.19  0.20  0.22  0.22  0.20  0.19  0.19  0.18  0.20  0.23  0.20 24082010 00
  0.19  0.17  0.15  0.18  0.20  0.20  0.16  0.07  0.02 -0.01 -0.01 -0.04 24082010 12
 -0.06 -0.06 -0.06 -0.06 -0.06 -0.08 -0.08 -0.07 -0.05 -0.03 -0.02  0.00 25082010 00
  0.03  0.04  0.05  0.05  0.05  0.04  0.04  0.03  0.01  0.00 -0.00  0.00 25082010 12
 -0.00 -0.02 -0.03 -0.04 -0.04 -0.04 -0.05 -0.06 -0.07 -0.08 -0.05 -0.03 26082010 00
 -0.02 -0.00 -0.01 -0.01 -0.00  0.00  0.01  0.00 -0.00  0.00  0.02  0.01 26082010 12
  0.01  0.01 -0.00 -0.01 -0.01 -0.02 -0.02 -0.03 -0.03 -0.04 -0.03 -0.01 27082010 00
 -0.01 -0.01  0.00  0.00  0.00  0.02  0.03  0.03  0.02  0.01  0.02  0.01 27082010 12
  0.02  0.01 -0.00 -0.00 -0.00 -0.01 -0.00 -0.01 -0.02 -0.02 -0.01 -0.01 28082010 00
 -0.02 -0.01  0.02  0.03  0.04  0.05  0.04  0.00 -0.00  0.02  0.02  0.00 28082010 12
 -0.02 -0.01  0.03  0.04  0.04  0.06  0.08  0.11  0.12  0.15  0.16  0.12 29082010 00
  0.07  0.05  0.03  0.00 -0.01 -0.04 -0.08 -0.12 -0.14 -0.18 -0.25 -0.30 29082010 12
 -0.29 -0.27 -0.21 -0.17 -0.19 -0.19 -0.20 -0.17 -0.13 -0.12 -0.12 -0.08 30082010 00
 -0.10 -0.10 -0.09 -0.08 -0.09 -0.10 -0.12 -0.13 -0.13 -0.14 -0.15 -0.15 30082010 12
 -0.14 -0.14 -0.13 -0.10 -0.10 -0.11 -0.13 -0.15 -0.14 -0.11 -0.10 -0.08 31082010 00
 -0.07 -0.09 -0.08 -0.07 -0.05 -0.05 -0.06 -0.06 -0.06 -0.06 -0.06 -0.06 31082010 12
 -0.06 -0.07 -0.07 -0.06 -0.06 -0.07 -0.09 -0.10 -0.10 -0.09 -0.07 -0.07 01092010 00
 -0.08 -0.08 -0.08 -0.07 -0.06 -0.06 -0.05 -0.04 -0.03 -0.01 -0.01 -0.02 01092010 12
 -0.03 -0.03 -0.03 -0.04 -0.05 -0.05 -0.07 -0.08 -0.09 -0.09 -0.10 -0.11 02092010 00
 -0.12 -0.12 -0.11 -0.11 -0.09 -0.08 -0.06 -0.06 -0.06 -0.06 -0.05 -0.05 02092010 12
 -0.06 -0.07 -0.07 -0.08 -0.09 -0.08 -0.08 -0.08 -0.09 -0.10 -0.10 -0.10 03092010 00
 -0.09 -0.09 -0.09 -0.09 -0.09 -0.09 -0.09 -0.07 -0.07 -0.08 -0.08 -0.07 03092010 12
 -0.05 -0.06 -0.07 -0.07 -0.07 -0.07 -0.06 -0.05 -0.05 -0.04 -0.04 -0.04 04092010 00
 -0.05 -0.06 -0.06 -0.05 -0.04 -0.05 -0.06 -0.05 -0.05 -0.06 -0.06 -0.05 04092010 12
 -0.05 -0.04 -0.05 -0.08 -0.12 -0.13 -0.13 -0.13 -0.15 -0.15 -0.15 -0.16 05092010 00
 -0.15 -0.15 -0.14 -0.14 -0.14 -0.13 -0.12 -0.11 -0.13 -0.13 -0.12 -0.10 05092010 12
 -0.08 -0.07 -0.06 -0.07 -0.10 -0.12 -0.13 -0.16 -0.19 -0.17 -0.10 -0.02 06092010 00
  0.01  0.01  0.01  0.01  0.02  0.02  0.04  0.08  0.06 -0.00 -0.02 -0.02 06092010 12
  0.01  0.05  0.06  0.04  0.03  0.04  0.06  0.07  0.05  0.06  0.06  0.05 07092010 00
  0.08  0.09  0.10  0.10  0.09  0.11  0.14  0.13  0.12  0.10  0.09  0.08 07092010 12
  0.09  0.10  0.11  0.10  0.09  0.09  0.11  0.12  0.11  0.09  0.07  0.07 08092010 00
  0.06  0.09  0.09  0.09  0.08  0.07  0.07  0.07  0.07  0.07  0.08  0.07 08092010 12
  0.06  0.06  0.06  0.06  0.06  0.05  0.05  0.05  0.05  0.04  0.03  0.03 09092010 00
  0.01  0.00  0.01  0.01  0.01 -0.00 -0.00  0.00 -0.01 -0.01 -0.01  0.00 09092010 12
  0.00  0.02  0.03  0.03  0.03  0.05  0.09  0.14  0.22  0.23  0.20  0.21 10092010 00
  0.22  0.19  0.20  0.21  0.20  0.18  0.14  0.11  0.08  0.04  0.02  0.03 10092010 12
  0.05  0.03  0.04  0.06  0.06  0.06  0.06  0.08  0.12  0.13  0.12  0.10 11092010 00
  0.09  0.08  0.05  0.06  0.06  0.07  0.05  0.04  0.03  0.04  0.03  0.02 11092010 12
  0.02  0.01 -0.00 -0.01 -0.02 -0.04 -0.04 -0.04 -0.06 -0.09 -0.12 -0.14 12092010 00
 -0.14 -0.14 -0.13 -0.11 -0.12 -0.12 -0.13 -0.12 -0.11 -0.12 -0.13 -0.11 12092010 12
 -0.10 -0.09 -0.08 -0.07 -0.07 -0.05 -0.05 -0.03  0.00  0.05  0.10  0.11 13092010 00
  0.11  0.10  0.09  0.10  0.12  0.12  0.15  0.19  0.24  0.29  0.29  0.21 13092010 12
  0.15  0.13  0.14  0.11  0.12  0.12  0.12  0.14  0.14  0.15  0.18  0.19 14092010 00
  0.18  0.17  0.18  0.17  0.18  0.17  0.16  0.20  0.23  0.26  0.27  0.16 14092010 12
 -0.00 -0.03  0.06  0.11  0.13  0.14  0.16  0.23  0.30  0.33  0.32  0.30 15092010 00
  0.27  0.24  0.21  0.17  0.13  0.10  0.03 -0.02 -0.04 -0.03 -0.00  0.01 15092010 12
 -0.00 -0.04 -0.03 -0.01 -0.02 -0.02 -0.02 -0.03 -0.03 -0.01  0.01  0.02 16092010 00
  0.04  0.03  0.05  0.05  0.05  0.06  0.04 -0.01 -0.02  0.00  0.02  0.01 16092010 12
  0.00 -0.02 -0.03 -0.03 -0.03 -0.04 -0.04 -0.04 -0.04 -0.04 -0.04 -0.05 17092010 00
 -0.04 -0.03 -0.02 -0.02 -0.04 -0.05 -0.06 -0.06 -0.06 -0.05 -0.03 -0.04 17092010 12
 -0.05 -0.04 -0.02 -0.00  0.01  0.01  0.01  0.01  0.02  0.02  0.00 -0.02 18092010 00
 -0.03 -0.03 -0.02 -0.04 -0.05 -0.05 -0.03 -0.01  0.02  0.08  0.12  0.14 18092010 12
  0.14  0.12  0.12  0.14  0.14  0.14  0.13  0.12  0.11  0.10  0.11  0.11 19092010 00
  0.10  0.11  0.11  0.11  0.10  0.08  0.07  0.08  0.09  0.10  0.13  0.15 19092010 12
  0.13  0.12  0.11  0.10  0.10  0.11  0.12  0.13  0.14  0.14  0.13  0.12 20092010 00
  0.12  0.12  0.12  0.09  0.05  0.01 -0.04 -0.06 -0.06 -0.06 -0.05 -0.04 20092010 12
 -0.04 -0.04 -0.04 -0.05 -0.05 -0.05 -0.03 -0.02 -0.01 -0.02 -0.01  0.01 21092010 00
  0.01  0.01  0.01  0.00  0.00  0.01  0.02  0.03  0.02  0.01  0.02  0.03 21092010 12
  0.04  0.04  0.03  0.03  0.03  0.03  0.03  0.04  0.03  0.02  0.03  0.04 22092010 00
  0.05  0.06  0.06  0.07  0.08  0.09  0.09  0.08  0.06  0.06  0.06  0.06 22092010 12
  0.06  0.07  0.08  0.09  0.08  0.06  0.07  0.09  0.08  0.07  0.06  0.05 23092010 00
  0.03  0.04  0.04  0.04  0.03  0.01  0.00 -0.01 -0.02 -0.05 -0.05 -0.04 23092010 12
 -0.04 -0.06 -0.05 -0.05 -0.07 -0.11 -0.18 -0.26 -0.25 -0.25 -0.27 -0.29 24092010 00
 -0.28 -0.25 -0.25 -0.23 -0.24 -0.22 -0.21 -0.20 -0.21 -0.18 -0.20 -0.19 24092010 12
 -0.16 -0.14 -0.16 -0.16 -0.17 -0.15 -0.14 -0.14 -0.15 -0.15 -0.13 -0.11 25092010 00
 -0.08 -0.08 -0.10 -0.10 -0.12 -0.11 -0.11 -0.11 -0.12 -0.13 -0.14 -0.13 25092010 12
 -0.12 -0.10 -0.09 -0.08 -0.09 -0.09 -0.08 -0.07 -0.07 -0.06 -0.05 -0.05 26092010 00
 -0.05 -0.04 -0.04 -0.04 -0.04 -0.05 -0.05 -0.05 -0.06 -0.07 -0.05 -0.05 26092010 12
 -0.05 -0.03 -0.01 -0.02 -0.03 -0.04 -0.05 -0.05 -0.05 -0.05 -0.04 -0.03 27092010 00
 -0.02 -0.02 -0.02 -0.03 -0.03 -0.04 -0.04 -0.04 -0.05 -0.05 -0.04 -0.04 27092010 12
 -0.03 -0.02 -0.02 -0.03 -0.02 -0.03 -0.03 -0.02 -0.01  0.00  0.02  0.03 28092010 00
  0.03  0.03  0.03  0.04  0.04  0.04  0.03  0.03  0.03  0.02 -0.00 -0.02 28092010 12
 -0.01 -0.01 -0.02 -0.01 -0.01 -0.01 -0.01 -0.02 -0.01  0.00  0.02  0.02 29092010 00
  0.03  0.04  0.04  0.04  0.04  0.03  0.03  0.03  0.03  0.02  0.01 -0.01 29092010 12
 -0.01 -0.01 -0.02 -0.02 -0.03 -0.04 -0.05 -0.05 -0.06 -0.05 -0.04 -0.03 30092010 00
 -0.03 -0.02 -0.02 -0.01 -0.00  0.02  0.05  0.06  0.05  0.05  0.06  0.08 30092010 12
  0.10  0.08  0.07  0.06  0.06  0.10  0.14  0.14  0.12  0.12  0.14  0.20 01102010 00
  0.26  0.27  0.30  0.33  0.32  0.34  0.36  0.35  0.32  0.31  0.28  0.26 01102010 12
  0.24  0.21  0.18  0.14  0.10  0.07  0.08  0.12  0.15  0.15  0.13  0.12 02102010 00
  0.14  0.17  0.16  0.14  0.13  0.11  0.12  0.14  0.16  0.17  0.19  0.20 02102010 12
  0.21  0.24  0.30  0.33  0.31  0.26  0.20  0.20  0.26  0.28  0.28  0.27 03102010 00
  0.24  0.21  0.23  0.25  0.26  0.27  0.25  0.22  0.18  0.17  0.18  0.19 03102010 12
  0.18  0.17  0.16  0.17  0.15  0.12  0.11  0.11  0.11  0.12  0.15  0.16 04102010 00
  0.17  0.17  0.18  0.22  0.29  0.32  0.34  0.37  0.40  0.43  0.50  0.53 04102010 12
  0.54  0.51  0.44  0.39  0.38  0.37  0.36  0.37  0.34  0.30  0.29  0.28 05102010 00
  0.30  0.32  0.34  0.35  0.36  0.38  0.35  0.32  0.32  0.28  0.24  0.23 05102010 12
  0.22  0.24  0.24  0.23  0.23  0.26  0.28  0.27  0.30  0.28  0.28  0.27 06102010 00
  0.28  0.29  0.31  0.32  0.31  0.31  0.27  0.24  0.21  0.22  0.16  0.09 06102010 12
  0.09  0.07  0.09  0.07  0.04  0.04  0.05  0.06  0.05  0.06  0.06  0.05 07102010 00
  0.05  0.05  0.04  0.03  0.03  0.01  0.00 -0.02 -0.03 -0.04 -0.03 -0.01 07102010 12
  0.01  0.03  0.02  0.00  0.01  0.03  0.05  0.06  0.04  0.00 -0.02 -0.02 08102010 00
 -0.03 -0.03 -0.02 -0.02 -0.02 -0.02 -0.02  0.00  0.02  0.03  0.01  0.01 08102010 12
  0.01  0.01  0.00 -0.01 -0.02 -0.02 -0.02 -0.04 -0.06 -0.09 -0.10 -0.10 09102010 00
 -0.09 -0.08 -0.09 -0.09 -0.09 -0.09 -0.08 -0.07 -0.06 -0.03 -0.03 -0.04 09102010 12
 -0.03 -0.01 -0.02 -0.02 -0.05 -0.07 -0.07 -0.08 -0.10 -0.09 -0.08 -0.07 10102010 00
 -0.07 -0.06 -0.05 -0.07 -0.07 -0.09 -0.08 -0.08 -0.09 -0.10 -0.11 -0.11 10102010 12
 -0.10 -0.09 -0.07 -0.10 -0.12 -0.14 -0.14 -0.14 -0.14 -0.17 -0.18 -0.15 11102010 00
 -0.16 -0.17 -0.13 -0.13 -0.12 -0.13 -0.13 -0.12 -0.13 -0.15 -0.14 -0.14 11102010 12
 -0.13 -0.13 -0.13 -0.10 -0.13 -0.12 -0.13 -0.12 -0.10 -0.10 -0.09 -0.08 12102010 00
 -0.08 -0.09 -0.07 -0.06 -0.07 -0.07 -0.10 -0.11 -0.10 -0.11 -0.12 -0.12 12102010 12
 -0.13 -0.13 -0.13 -0.11 -0.11 -0.11 -0.12 -0.12 -0.11 -0.10 -0.10 -0.11 13102010 00
 -0.10 -0.10 -0.09 -0.08 -0.08 -0.09 -0.10 -0.11 -0.12 -0.13 -0.14 -0.16 13102010 12
 -0.17 -0.16 -0.16 -0.16 -0.16 -0.16 -0.16 -0.15 -0.14 -0.13 -0.12 -0.11 14102010 00
 -0.12 -0.13 -0.13 -0.12 -0.13 -0.13 -0.13 -0.13 -0.14 -0.15 -0.14 -0.14 14102010 12
 -0.15 -0.16 -0.15 -0.13 -0.12 -0.12 -0.12 -0.12 -0.11 -0.08 -0.05 -0.04 15102010 00
 -0.04 -0.06 -0.06 -0.05 -0.04 -0.05 -0.06 -0.09 -0.08 -0.05 -0.05 -0.10 15102010 12
 -0.15 -0.19 -0.20 -0.21 -0.23 -0.24 -0.24 -0.24 -0.24 -0.24 -0.22 -0.20 16102010 00
 -0.17 -0.15 -0.12 -0.10 -0.10 -0.10 -0.10 -0.11 -0.13 -0.15 -0.16 -0.16 16102010 12
 -0.15 -0.16 -0.19 -0.20 -0.20 -0.20 -0.17 -0.13 -0.11 -0.09 -0.07 -0.06 17102010 00
 -0.06 -0.04 -0.02 -0.03 -0.05 -0.08 -0.09 -0.07 -0.05 -0.04 -0.03 -0.02 17102010 12
 -0.00  0.01  0.01  0.00 -0.03 -0.06 -0.04 -0.04 -0.03 -0.01 -0.01 -0.02 18102010 00
 -0.02 -0.02 -0.00  0.00  0.00  0.04  0.10  0.12  0.12  0.10  0.06  0.02 18102010 12
  0.03  0.06  0.06  0.03 -0.03 -0.08 -0.11 -0.11 -0.09 -0.07 -0.05 -0.06 19102010 00
 -0.06 -0.05 -0.01  0.03  0.02 -0.02 -0.03 -0.04 -0.07 -0.10 -0.12 -0.16 19102010 12
 -0.19 -0.23 -0.25 -0.25 -0.26 -0.27 -0.27 -0.27 -0.21 -0.15 -0.11 -0.11 20102010 00
 -0.10 -0.12 -0.12 -0.09 -0.07 -0.07 -0.09 -0.10 -0.11 -0.09 -0.05 -0.03 20102010 12
 -0.00  0.01  0.02  0.05  0.08  0.09  0.06  0.04  0.01  0.03  0.04  0.03 21102010 00
  0.01  0.01  0.02  0.03  0.04  0.03  0.01 -0.01 -0.00  0.02  0.04  0.05 21102010 12
  0.05  0.03  0.03  0.04  0.04  0.03  0.02  0.02  0.04  0.07  0.08  0.09 22102010 00
  0.11  0.12  0.15  0.17  0.18  0.20  0.24  0.26  0.27  0.28  0.29  0.31 22102010 12
  0.31  0.25  0.21  0.22  0.19  0.14  0.08  0.02 -0.01 -0.01  0.00 -0.00 23102010 00
 -0.01 -0.02 -0.02 -0.01 -0.01 -0.02 -0.04 -0.07 -0.09 -0.10 -0.11 -0.13 23102010 12
 -0.13 -0.14 -0.14 -0.13 -0.11 -0.10 -0.12 -0.14 -0.13 -0.11 -0.09 -0.08 24102010 00
 -0.08 -0.08 -0.09 -0.08 -0.09 -0.09 -0.10 -0.13 -0.14 -0.13 -0.13 -0.13 24102010 12
 -0.11 -0.09 -0.10 -0.10 -0.12 -0.13 -0.13 -0.12 -0.09 -0.09 -0.08 -0.11 25102010 00
 -0.11 -0.09 -0.08 -0.05 -0.05 -0.05 -0.04 -0.02  0.01  0.03  0.04  0.04 25102010 12
  0.06  0.09  0.13  0.18  0.19  0.21  0.26  0.36  0.44  0.44  0.39  0.33 26102010 00
  0.30  0.21  0.18  0.17  0.17  0.17  0.14  0.11  0.13  0.15  0.13  0.19 26102010 12
  0.24  0.32  0.38  0.43  0.42  0.41  0.37  0.29  0.20  0.12  0.06  0.06 27102010 00
  0.08  0.03  0.01  0.04  0.05  0.09  0.13  0.15  0.19  0.28  0.31  0.31 27102010 12
  0.29  0.26  0.20  0.19  0.19  0.19  0.18  0.15  0.10  0.06  0.05  0.05 28102010 00
  0.07  0.09  0.11  0.14  0.19  0.21  0.21  0.22  0.24  0.28  0.36  0.42 28102010 12
  0.41  0.39  0.37  0.37  0.41  0.46  0.51  0.54  0.53  0.50  0.54  0.60 29102010 00
  0.63  0.70  0.70  0.58  0.55  0.57  0.57  0.60  0.53  0.37  0.27  0.29 29102010 12
  0.28  0.23  0.19  0.19  0.18  0.20  0.23  0.26  0.27  0.27  0.25  0.26 30102010 00
  0.29  0.30  0.30  0.27  0.25  0.24  0.26  0.28  0.28  0.28  0.27  0.28 30102010 12
  0.32  0.33  0.30  0.27  0.24  0.22  0.23  0.22  0.22  0.20  0.18  0.17 31102010 00
  0.17  0.19  0.19  0.18  0.16  0.13  0.08  0.07  0.08  0.09  0.09  0.08 31102010 12
  0.08  0.10  0.12  0.12  0.10  0.07  0.05  0.04  0.04  0.04  0.05  0.03 01112010 00
  0.01  0.00  0.03  0.06  0.07  0.07  0.09  0.17  0.29  0.40  0.47  0.52 01112010 12
  0.50  0.42  0.37  0.36  0.34  0.33  0.31  0.28  0.29  0.28  0.22  0.25 02112010 00
  0.30  0.34  0.36  0.40  0.41  0.39  0.37  0.39  0.43  0.45  0.40  0.36 02112010 12
  0.39  0.40  0.35  0.29  0.26  0.20  0.18  0.17  0.12  0.07  0.06  0.04 03112010 00
  0.06  0.08  0.07  0.06  0.10  0.13  0.14  0.15  0.14  0.10  0.08  0.09 03112010 12
  0.12  0.17  0.20  0.23  0.29  0.38  0.37  0.36  0.30  0.27  0.23  0.27 04112010 00
  0.26  0.26  0.24  0.25  0.28  0.30  0.29  0.26  0.29  0.28  0.24  0.22 04112010 12
  0.22  0.23  0.21  0.15  0.10  0.03 -0.01 -0.03 -0.04 -0.04 -0.04 -0.04 05112010 00
 -0.03 -0.01  0.01  0.02  0.05  0.08  0.10  0.08  0.07  0.07  0.05  0.00 05112010 12
 -0.01 -0.00  0.00 -0.01 -0.03 -0.05 -0.10 -0.14 -0.13 -0.10 -0.08 -0.08 06112010 00
 -0.06 -0.08 -0.07 -0.07 -0.06 -0.06 -0.06 -0.07 -0.04 -0.03 -0.04 -0.05 06112010 12
 -0.06 -0.07 -0.08 -0.10 -0.12 -0.14 -0.19 -0.27 -0.31 -0.31 -0.28 -0.29 07112010 00
 -0.26 -0.22 -0.24 -0.22 -0.22 -0.18 -0.15 -0.08  0.03  0.06  0.04  0.06 07112010 12
  0.13  0.26  0.45  0.55  0.59  0.62  0.59  0.52  0.39  0.24  0.18  0.15 08112010 00
  0.07 -0.02 -0.00 -0.04 -0.00  0.02  0.01  0.05  0.10  0.11  0.09  0.07 08112010 12
  0.01 -0.05 -0.09 -0.09 -0.08 -0.09 -0.12 -0.15 -0.20 -0.29 -0.30 -0.30 09112010 00
 -0.29 -0.26 -0.20 -0.21 -0.19 -0.23 -0.22 -0.19 -0.16 -0.17 -0.19 -0.16 09112010 12
 -0.17 -0.13 -0.04 -0.02 -0.02 -0.02  0.00  0.05  0.10  0.14  0.14  0.12 10112010 00
  0.10  0.08  0.08  0.10  0.10  0.10  0.09  0.09  0.11  0.16  0.20  0.20 10112010 12
  0.20  0.21  0.25  0.27  0.34  0.41  0.48  0.60  0.77  0.97  1.13  1.13 11112010 00
  0.98  0.90  0.76  0.69  0.76  0.89  1.05  1.08  1.09  1.20  1.30  1.27 11112010 12
  1.18  1.08  0.93  0.76  0.70  0.62  0.62  0.64  0.54  0.39  0.32  0.29 12112010 00
  0.23  0.23  0.24  0.24  0.26  0.27  0.28  0.32  0.33  0.28  0.24  0.22 12112010 12
  0.21  0.22  0.28  0.29  0.32  0.37  0.41  0.41  0.41  0.42  0.41  0.38 13112010 00
  0.37  0.37  0.36  0.32  0.26  0.21  0.18  0.18  0.19  0.19  0.18  0.20 13112010 12
  0.25  0.28  0.28  0.27  0.26  0.26  0.29  0.30  0.30  0.28  0.27  0.28 14112010 00
  0.30  0.29  0.26  0.26  0.24  0.20  0.18  0.17  0.18  0.20  0.20  0.17 14112010 12
  0.15  0.15  0.15  0.14  0.11  0.09  0.08  0.06  0.06  0.07  0.06  0.06 15112010 00
  0.05  0.05  0.08  0.09  0.10  0.11  0.10  0.08  0.08  0.08  0.08  0.07 15112010 12
  0.05  0.02  0.01 -0.02 -0.05 -0.08 -0.08 -0.07 -0.06 -0.04 -0.02 -0.01 16112010 00
  0.01  0.04  0.06  0.08  0.10  0.09  0.07  0.05  0.03  0.05  0.07  0.08 16112010 12
  0.09  0.12  0.16  0.24  0.30  0.25  0.16  0.10  0.01 -0.04 -0.01  0.03 17112010 00
  0.07  0.10  0.13  0.19  0.26  0.27  0.28  0.24  0.15  0.07  0.05  0.05 17112010 12
  0.03 -0.03 -0.09 -0.10 -0.04 -0.04 -0.09 -0.12 -0.15 -0.15 -0.11 -0.05 18112010 00
 -0.00  0.04  0.05  0.05  0.08  0.13  0.15  0.17  0.16  0.13  0.13  0.13 18112010 12
  0.12  0.12  0.09  0.04  0.00 -0.03 -0.05 -0.06 -0.05 -0.05 -0.03 -0.01 19112010 00
  0.01  0.03  0.04  0.03  0.03  0.05  0.06  0.06  0.03  0.00 -0.02 -0.02 19112010 12
 -0.02 -0.02 -0.03 -0.03 -0.02 -0.00  0.02  0.04  0.04  0.04  0.05  0.06 20112010 00
  0.07  0.07  0.06  0.06  0.06  0.07  0.06  0.05  0.03  0.01 -0.01 -0.02 20112010 12
 -0.02 -0.02 -0.02 -0.02 -0.03 -0.02 -0.02 -0.03 -0.03 -0.02 -0.02 -0.03 21112010 00
 -0.04 -0.04 -0.03 -0.03 -0.04 -0.05 -0.07 -0.09 -0.09 -0.09 -0.08 -0.08 21112010 12
 -0.06 -0.07 -0.07 -0.07 -0.08 -0.08 -0.07 -0.07 -0.05 -0.05 -0.06 -0.06 22112010 00
 -0.05 -0.05 -0.05 -0.05 -0.06 -0.06 -0.06 -0.06 -0.07 -0.07 -0.07 -0.06 22112010 12
 -0.04 -0.04 -0.04 -0.04 -0.05 -0.05 -0.04 -0.04 -0.03 -0.02 -0.03 -0.02 23112010 00
 -0.00 -0.00 -0.00  0.00 -0.01 -0.01 -0.02 -0.03 -0.04 -0.05 -0.04 -0.04 23112010 12
 -0.03 -0.02 -0.01 -0.01 -0.01 -0.02 -0.01 -0.01 -0.00  0.01  0.01  0.00 24112010 00
 -0.00 -0.01 -0.00  0.00  0.00 -0.01 -0.03 -0.04 -0.06 -0.08 -0.08 -0.09 24112010 12
 -0.09 -0.07 -0.06 -0.08 -0.09 -0.10 -0.10 -0.11 -0.15 -0.17 -0.20 -0.21 25112010 00
 -0.22 -0.23 -0.22 -0.24 -0.23 -0.24 -0.23 -0.23 -0.25 -0.26 -0.23 -0.19 25112010 12
 -0.17 -0.14 -0.09 -0.06 -0.07 -0.06 -0.06 -0.06 -0.05 -0.07 -0.13 -0.18 26112010 00
 -0.22 -0.22 -0.20 -0.19 -0.21 -0.22 -0.22 -0.22 -0.20 -0.19 -0.20 -0.18 26112010 12
 -0.20 -0.18 -0.15 -0.13 -0.13 -0.13 -0.16 -0.20 -0.22 -0.19 -0.18 -0.21 27112010 00
 -0.21 -0.22 -0.22 -0.19 -0.15 -0.15 -0.17 -0.18 -0.18 -0.14 -0.13 -0.13 27112010 12
 -0.12 -0.12 -0.11 -0.06 -0.03 -0.02  0.00 -0.01  0.01  0.03  0.03  0.01 28112010 00
 -0.01 -0.03 -0.04 -0.05 -0.07 -0.09 -0.09 -0.10 -0.12 -0.12 -0.12 -0.12 28112010 12
 -0.10 -0.09 -0.10 -0.11 -0.12 -0.10 -0.09 -0.08 -0.08 -0.08 -0.09 -0.09 29112010 00
 -0.10 -0.10 -0.10 -0.11 -0.11 -0.09 -0.08 -0.06 -0.05 -0.05 -0.04 -0.02 29112010 12
  0.00  0.02  0.01 -0.03 -0.08 -0.14 -0.17 -0.13 -0.10 -0.13 -0.17 -0.20 30112010 00
 -0.20 -0.19 -0.19 -0.18 -0.19 -0.20 -0.18 -0.17 -0.17 -0.16 -0.15 -0.15 30112010 12
 -0.16 -0.17 -0.20 -0.21 -0.18 -0.19 -0.19 -0.17 -0.15 -0.15 -0.15 -0.15 01122010 00
 -0.14 -0.12 -0.09 -0.09 -0.12 -0.15 -0.17 -0.14 -0.11 -0.09 -0.13 -0.16 01122010 12
 -0.18 -0.16 -0.15 -0.18 -0.21 -0.21 -0.20 -0.18 -0.16 -0.14 -0.16 -0.17 02122010 00
 -0.19 -0.18 -0.16 -0.17 -0.19 -0.19 -0.18 -0.18 -0.16 -0.13 -0.13 -0.13 02122010 12
 -0.14 -0.13 -0.10 -0.08 -0.10 -0.11 -0.10 -0.07 -0.05 -0.01  0.03  0.03 03122010 00
  0.01  0.00  0.04  0.10  0.16  0.20  0.21  0.18  0.18  0.18  0.16  0.16 03122010 12
  0.12  0.12  0.10  0.08  0.05  0.02 -0.00 -0.00  0.03  0.05  0.07  0.10 04122010 00
  0.12  0.12  0.11  0.10  0.09  0.08  0.06  0.04  0.03  0.02  0.02  0.00 04122010 12
  0.01  0.03  0.03  0.03  0.03  0.03  0.02  0.03  0.05  0.06  0.05  0.05 05122010 00
  0.04  0.03  0.04  0.04  0.05  0.05  0.05  0.06  0.06  0.06  0.06  0.06 05122010 12
  0.04  0.05  0.05  0.06  0.07  0.08  0.10  0.12  0.14  0.16  0.17  0.17 06122010 00
  0.16  0.17  0.16  0.17  0.17  0.15  0.14  0.14  0.16  0.15  0.16  0.14 06122010 12
  0.11  0.10  0.11  0.10  0.09  0.08  0.08  0.09  0.09  0.08  0.07  0.09 07122010 00
  0.08  0.05  0.06  0.06  0.07  0.06  0.06  0.05  0.05  0.05  0.04  0.03 07122010 12
  0.02 -0.01 -0.02 -0.02 -0.01 -0.02 -0.04 -0.07 -0.09 -0.12 -0.11 -0.11 08122010 00
 -0.13 -0.14 -0.15 -0.16 -0.15 -0.13 -0.13 -0.14 -0.14 -0.15 -0.15 -0.14 08122010 12
 -0.15 -0.15 -0.13 -0.14 -0.13 -0.12 -0.08 -0.07 -0.10 -0.13 -0.12 -0.12 09122010 00
 -0.12 -0.11 -0.08 -0.05 -0.03 -0.06 -0.07 -0.07 -0.06 -0.06 -0.11 -0.13 09122010 12
 -0.13 -0.10 -0.09 -0.07 -0.09 -0.12 -0.14 -0.13 -0.12 -0.13 -0.15 -0.15 10122010 00
 -0.17 -0.15 -0.12 -0.11 -0.12 -0.14 -0.14 -0.13 -0.11 -0.11 -0.13 -0.14 10122010 12
 -0.13 -0.14 -0.12 -0.10 -0.12 -0.13 -0.15 -0.16 -0.15 -0.15 -0.17 -0.20 11122010 00
 -0.20 -0.17 -0.14 -0.10 -0.09 -0.08 -0.09 -0.09 -0.07 -0.06 -0.07 -0.10 11122010 12
 -0.12 -0.12 -0.12 -0.11 -0.11 -0.12 -0.13 -0.15 -0.15 -0.15 -0.16 -0.17 12122010 00
 -0.18 -0.16 -0.15 -0.13 -0.11 -0.10 -0.08 -0.08 -0.09 -0.07 -0.06 -0.06 12122010 12
 -0.06 -0.07 -0.08 -0.09 -0.09 -0.09 -0.09 -0.08 -0.09 -0.10 -0.09 -0.08 13122010 00
 -0.08 -0.08 -0.07 -0.07 -0.06 -0.06 -0.06 -0.06 -0.06 -0.07 -0.08 -0.09 13122010 12
 -0.11 -0.13 -0.14 -0.14 -0.15 -0.14 -0.14 -0.16 -0.15 -0.15 -0.15 -0.14 14122010 00
 -0.15 -0.16 -0.16 -0.18 -0.20 -0.21 -0.21 -0.22 -0.25 -0.26 -0.26 -0.26 14122010 12
 -0.28 -0.32 -0.37 -0.39 -0.39 -0.36 -0.32 -0.30 -0.31 -0.32 -0.34 -0.31 15122010 00
 -0.28 -0.28 -0.30 -0.29 -0.28 -0.27 -0.25 -0.22 -0.21 -0.20 -0.18 -0.14 15122010 12
 -0.11 -0.09 -0.10 -0.10 -0.07 -0.01  0.05  0.10  0.13  0.11  0.12  0.14 16122010 00
  0.12  0.02 -0.11 -0.17 -0.22 -0.28 -0.35 -0.37 -0.37 -0.37 -0.38 -0.39 16122010 12
 -0.40 -0.38 -0.30 -0.15 -0.02  0.10  0.16  0.16  0.16  0.12  0.04 -0.02 17122010 00
 -0.04 -0.05 -0.06 -0.12 -0.25 -0.30 -0.27 -0.21 -0.13 -0.05 -0.01  0.02 17122010 12
  0.03  0.07  0.13  0.18  0.24  0.27  0.25  0.19  0.14  0.08  0.04  0.03 18122010 00
  0.01 -0.01 -0.03 -0.04 -0.03 -0.02 -0.03  0.01  0.03  0.04  0.06  0.06 18122010 12
  0.07  0.07  0.08  0.09  0.09  0.11  0.13  0.12  0.11  0.11  0.11  0.14 19122010 00
  0.17  0.19  0.19  0.18  0.17  0.15  0.13  0.12  0.12  0.11  0.10  0.08 19122010 12
  0.07  0.07  0.08  0.08  0.09  0.10  0.12  0.13  0.12  0.12  0.10  0.09 20122010 00
  0.08  0.07  0.07  0.06  0.05  0.05  0.05  0.04  0.03  0.03  0.04  0.04 20122010 12
  0.05  0.05  0.05  0.05  0.05  0.06  0.07  0.09  0.09  0.08  0.07  0.06 21122010 00
  0.04  0.05  0.05  0.06  0.06  0.05  0.05  0.06  0.05  0.06  0.06  0.06 21122010 12
  0.06  0.06  0.05  0.05  0.04  0.03  0.03  0.02  0.03  0.02  0.01 -0.01 22122010 00
 -0.02 -0.04 -0.05 -0.05 -0.06 -0.07 -0.07 -0.07 -0.10 -0.10 -0.10 -0.09 22122010 12
 -0.09 -0.07 -0.10 -0.11 -0.12 -0.12 -0.11 -0.12 -0.15 -0.16 -0.12 -0.11 23122010 00
 -0.11 -0.10 -0.12 -0.13 -0.13 -0.13 -0.13 -0.14 -0.18 -0.19 -0.20 -0.18 23122010 12
 -0.15 -0.13 -0.10 -0.13 -0.12 -0.13 -0.11 -0.10 -0.12 -0.17 -0.19 -0.16 24122010 00
 -0.16 -0.15 -0.13 -0.15 -0.14 -0.15 -0.15 -0.15 -0.17 -0.18 -0.19 -0.19 24122010 12
 -0.18 -0.17 -0.14 -0.12 -0.16 -0.16 -0.17 -0.16 -0.15 -0.16 -0.17 -0.14 25122010 00
 -0.14 -0.14 -0.12 -0.10 -0.12 -0.12 -0.13 -0.14 -0.14 -0.16 -0.18 -0.18 25122010 12
 -0.14 -0.15 -0.14 -0.09 -0.08 -0.08 -0.08 -0.08 -0.07 -0.04 -0.01 -0.01 26122010 00
  0.00  0.01  0.04  0.08  0.15  0.18  0.20  0.21  0.22  0.26  0.34  0.41 26122010 12
  0.42  0.37  0.34  0.32  0.30  0.37  0.39  0.42  0.40  0.38  0.40  0.43 27122010 00
  0.40  0.35  0.31  0.24  0.18  0.20  0.21  0.21  0.18  0.15  0.15  0.19 27122010 12
  0.22  0.18  0.16  0.11  0.07  0.06  0.10  0.11  0.13  0.12  0.11  0.12 28122010 00
  0.15  0.14  0.15  0.16  0.13  0.09  0.05  0.04  0.06  0.07  0.05  0.04 28122010 12
  0.04  0.05  0.04  0.04  0.02 -0.00 -0.00  0.01  0.01  0.03  0.03  0.02 29122010 00
 -0.00 -0.02 -0.02 -0.03 -0.04 -0.07 -0.07 -0.06 -0.07 -0.06 -0.05 -0.05 29122010 12
 -0.06 -0.06 -0.06 -0.07 -0.07 -0.07 -0.07 -0.06 -0.05 -0.06 -0.07 -0.07 30122010 00
 -0.06 -0.05 -0.04 -0.03 -0.03 -0.03 -0.06 -0.07 -0.08 -0.08 -0.07 -0.07 30122010 12
 -0.06 -0.06 -0.06 -0.06 -0.06 -0.06 -0.05 -0.04 -0.03 -0.03 -0.04 -0.05 31122010 00
 -0.06 -0.06 -0.05 -0.06 -0.07 -0.06 -0.06 -0.06 -0.06 -0.06 -0.06 -0.05 31122010 12
