Parameter Z: CS3X Location (100, 86) Lat 53.500 Lon -3.417
 -0.02 -0.04 -0.05 -0.06 -0.08 -0.10 -0.11 -0.12 -0.11 -0.10 -0.10 -0.10 01012009 00
 -0.12 -0.11 -0.10 -0.09 -0.09 -0.10 -0.10 -0.09 -0.09 -0.09 -0.12 -0.13 01012009 12
 -0.12 -0.12 -0.11 -0.11 -0.13 -0.14 -0.14 -0.13 -0.12 -0.12 -0.15 -0.18 02012009 00
 -0.19 -0.18 -0.17 -0.16 -0.17 -0.19 -0.20 -0.20 -0.18 -0.17 -0.18 -0.20 02012009 12
 -0.18 -0.19 -0.17 -0.14 -0.12 -0.13 -0.12 -0.12 -0.11 -0.09 -0.07 -0.08 03012009 00
 -0.10 -0.11 -0.12 -0.11 -0.10 -0.10 -0.11 -0.12 -0.11 -0.10 -0.09 -0.09 03012009 12
 -0.10 -0.11 -0.10 -0.09 -0.08 -0.08 -0.07 -0.07 -0.07 -0.06 -0.06 -0.06 04012009 00
 -0.07 -0.07 -0.06 -0.06 -0.06 -0.06 -0.06 -0.06 -0.07 -0.07 -0.07 -0.06 04012009 12
 -0.07 -0.07 -0.07 -0.09 -0.10 -0.11 -0.12 -0.14 -0.17 -0.18 -0.20 -0.22 05012009 00
 -0.23 -0.23 -0.22 -0.21 -0.20 -0.19 -0.18 -0.19 -0.19 -0.20 -0.19 -0.16 05012009 12
 -0.13 -0.11 -0.11 -0.13 -0.15 -0.15 -0.16 -0.17 -0.18 -0.19 -0.19 -0.18 06012009 00
 -0.18 -0.18 -0.18 -0.18 -0.18 -0.17 -0.16 -0.12 -0.09 -0.08 -0.07 -0.07 06012009 12
 -0.06 -0.05 -0.06 -0.07 -0.09 -0.10 -0.11 -0.10 -0.10 -0.11 -0.12 -0.12 07012009 00
 -0.12 -0.11 -0.09 -0.10 -0.12 -0.13 -0.14 -0.12 -0.10 -0.09 -0.10 -0.11 07012009 12
 -0.11 -0.10 -0.10 -0.12 -0.15 -0.16 -0.15 -0.13 -0.13 -0.12 -0.13 -0.14 08012009 00
 -0.15 -0.14 -0.12 -0.11 -0.13 -0.15 -0.16 -0.16 -0.15 -0.13 -0.12 -0.12 08012009 12
 -0.12 -0.11 -0.10 -0.09 -0.12 -0.15 -0.15 -0.11 -0.10 -0.07 -0.05 -0.05 09012009 00
 -0.06 -0.07 -0.06 -0.04 -0.04 -0.05 -0.07 -0.07 -0.07 -0.07 -0.05 -0.02 09012009 12
  0.01  0.00 -0.03 -0.02  0.01  0.04  0.09  0.11  0.10  0.10  0.09  0.11 10012009 00
  0.15  0.19  0.25  0.27  0.29  0.34  0.39  0.42  0.39  0.39  0.37  0.33 10012009 12
  0.33  0.35  0.34  0.33  0.29  0.28  0.34  0.41  0.37  0.37  0.40  0.42 11012009 00
  0.45  0.56  0.53  0.56  0.55  0.51  0.54  0.64  0.61  0.56  0.54  0.51 11012009 12
  0.45  0.50  0.61  0.67  0.70  0.67  0.66  0.66  0.58  0.44  0.42  0.34 12012009 00
  0.20  0.08  0.08  0.08  0.13  0.10  0.09  0.12  0.17  0.18  0.18  0.20 12012009 12
  0.19  0.15  0.14  0.16  0.17  0.17  0.14  0.11  0.10  0.08  0.10  0.10 13012009 00
  0.10  0.07  0.05  0.06  0.06  0.07  0.06  0.05  0.04  0.03  0.01  0.01 13012009 12
  0.01  0.01 -0.01 -0.02 -0.03 -0.03 -0.03 -0.03 -0.02 -0.01 -0.00  0.01 14012009 00
  0.02  0.01  0.03  0.06  0.07  0.05  0.03  0.02  0.04  0.12  0.20  0.22 14012009 12
  0.23  0.24  0.28  0.31  0.39  0.39  0.38  0.35  0.34  0.41  0.49  0.47 15012009 00
  0.40  0.38  0.33  0.27  0.31  0.29  0.31  0.30  0.27  0.28  0.32  0.31 15012009 12
  0.28  0.28  0.22  0.14  0.09  0.09  0.11  0.13  0.12  0.10  0.11  0.12 16012009 00
  0.11  0.12  0.17  0.20  0.25  0.32  0.34  0.35  0.34  0.31  0.29  0.28 16012009 12
  0.26  0.25  0.24  0.21  0.21  0.26  0.30  0.39  0.43  0.45  0.43  0.35 17012009 00
  0.28  0.20  0.17  0.13  0.15  0.28  0.45  0.65  0.77  0.84  0.96  1.14 17012009 12
  1.17  1.07  0.99  0.83  0.58  0.38  0.27  0.24  0.34  0.35  0.25  0.17 18012009 00
  0.14  0.06  0.08  0.21  0.32  0.43  0.47  0.42  0.38  0.34  0.28  0.20 18012009 12
  0.15  0.14  0.15  0.19  0.20  0.22  0.25  0.31  0.40  0.52  0.64  0.73 19012009 00
  0.77  0.72  0.67  0.63  0.60  0.53  0.37  0.23  0.18  0.20  0.23  0.24 19012009 12
  0.25  0.29  0.35  0.40  0.39  0.32  0.28  0.31  0.35  0.36  0.37  0.34 20012009 00
  0.27  0.22  0.22  0.25  0.28  0.28  0.24  0.21  0.24  0.27  0.30  0.33 20012009 12
  0.30  0.23  0.20  0.17  0.09  0.04  0.02  0.02  0.01  0.06  0.09  0.10 21012009 00
  0.08  0.07  0.09  0.16  0.24  0.27  0.25  0.23  0.23  0.24  0.24  0.23 21012009 12
  0.23  0.23  0.25  0.32  0.45  0.56  0.64  0.69  0.71  0.70  0.69  0.66 22012009 00
  0.62  0.53  0.43  0.35  0.33  0.31  0.27  0.27  0.22  0.19  0.22  0.26 22012009 12
  0.32  0.41  0.44  0.42  0.37  0.33  0.30  0.28  0.26  0.22  0.21  0.23 23012009 00
  0.24  0.28  0.33  0.37  0.41  0.43  0.42  0.41  0.42  0.43  0.37  0.28 23012009 12
  0.25  0.25  0.29  0.30  0.24  0.18  0.18  0.18  0.21  0.25  0.27  0.29 24012009 00
  0.30  0.30  0.28  0.27  0.26  0.25  0.27  0.31  0.32  0.32  0.32  0.35 24012009 12
  0.43  0.52  0.56  0.52  0.47  0.45  0.54  0.62  0.57  0.45  0.39  0.34 25012009 00
  0.35  0.42  0.47  0.51  0.53  0.56  0.63  0.68  0.64  0.57  0.47  0.32 25012009 12
  0.15  0.11  0.11  0.14  0.11  0.05  0.02  0.05  0.02 -0.00 -0.01 -0.03 26012009 00
 -0.08 -0.09 -0.08 -0.05 -0.03 -0.05 -0.08 -0.09 -0.07 -0.04 -0.03 -0.04 26012009 12
 -0.03 -0.01  0.01  0.04  0.06  0.10  0.12  0.15  0.16  0.13  0.10  0.07 27012009 00
  0.04  0.03  0.05  0.04  0.03  0.03  0.01 -0.00 -0.01 -0.02 -0.00  0.01 27012009 12
  0.01 -0.00 -0.01 -0.01  0.00  0.00  0.01  0.01  0.02  0.02  0.02  0.01 28012009 00
  0.01  0.00  0.00  0.00  0.00  0.00  0.01 -0.00 -0.02 -0.01 -0.00 -0.00 28012009 12
 -0.01 -0.01 -0.02 -0.02 -0.02 -0.02 -0.01  0.01  0.04  0.05  0.05  0.04 29012009 00
  0.04  0.06  0.07  0.08  0.10  0.11  0.11  0.10  0.11  0.15  0.15  0.14 29012009 12
  0.12  0.13  0.12  0.14  0.15  0.16  0.16  0.16  0.17  0.19  0.21  0.19 30012009 00
  0.22  0.19  0.16  0.18  0.19  0.22  0.20  0.16  0.14  0.14  0.12  0.10 30012009 12
  0.08  0.09  0.06  0.03  0.04  0.02 -0.01 -0.04 -0.05 -0.03 -0.01 -0.02 31012009 00
 -0.04 -0.05 -0.06 -0.06 -0.06 -0.06 -0.06 -0.05 -0.08 -0.09 -0.08 -0.04 31012009 12
 -0.02 -0.03 -0.07 -0.11 -0.13 -0.14 -0.16 -0.17 -0.20 -0.21 -0.19 -0.14 01022009 00
 -0.14 -0.14 -0.13 -0.10 -0.07 -0.07 -0.09 -0.11 -0.10 -0.09 -0.07 -0.04 01022009 12
 -0.03 -0.07 -0.08 -0.09 -0.09 -0.10 -0.12 -0.12 -0.11 -0.07 -0.03 -0.03 02022009 00
 -0.05 -0.05 -0.02  0.01  0.02  0.00 -0.02 -0.00  0.01  0.00 -0.02 -0.08 02022009 12
 -0.11 -0.10 -0.08 -0.07 -0.06 -0.04 -0.05 -0.04 -0.03 -0.03 -0.03 -0.00 03022009 00
  0.02  0.03  0.00 -0.03 -0.03  0.01  0.08  0.13  0.12  0.11  0.11  0.14 03022009 12
  0.21  0.27  0.28  0.23  0.19  0.16  0.15  0.19  0.21  0.20  0.18  0.16 04022009 00
  0.16  0.19  0.21  0.21  0.20  0.17  0.15  0.15  0.18  0.19  0.18  0.15 04022009 12
  0.12  0.11  0.13  0.13  0.12  0.11  0.10  0.08  0.08  0.09  0.11  0.11 05022009 00
  0.11  0.12  0.13  0.15  0.14  0.11  0.10  0.09  0.07  0.06  0.07  0.06 05022009 12
  0.03 -0.02 -0.06 -0.08 -0.11 -0.12 -0.12 -0.15 -0.15 -0.14 -0.13 -0.10 06022009 00
 -0.06 -0.05 -0.02  0.01  0.03  0.02  0.03  0.03  0.04  0.05  0.05  0.05 06022009 12
  0.04  0.03  0.03  0.03  0.01 -0.02 -0.05 -0.05 -0.03 -0.01 -0.01 -0.04 07022009 00
 -0.08 -0.09 -0.08 -0.07 -0.08 -0.13 -0.18 -0.21 -0.19 -0.15 -0.12 -0.08 07022009 12
 -0.07 -0.06 -0.05 -0.02  0.02  0.04  0.05  0.06  0.06  0.06  0.07  0.08 08022009 00
  0.09  0.10  0.10  0.10  0.11  0.13  0.15  0.15  0.14  0.17  0.20  0.20 08022009 12
  0.20  0.20  0.19  0.19  0.17  0.15  0.12  0.11  0.10  0.08  0.10  0.09 09022009 00
  0.08  0.11  0.11  0.13  0.13  0.14  0.15  0.15  0.14  0.10  0.08  0.08 09022009 12
  0.05  0.02  0.02  0.02  0.04  0.04  0.01 -0.02 -0.00  0.03  0.05  0.05 10022009 00
  0.02 -0.01 -0.03 -0.00  0.02  0.02 -0.02 -0.08 -0.15 -0.17 -0.13 -0.09 10022009 12
 -0.09 -0.08 -0.09 -0.10 -0.08 -0.05 -0.02 -0.01  0.00  0.00  0.00 -0.02 11022009 00
 -0.04 -0.06 -0.07 -0.07 -0.09 -0.11 -0.12 -0.14 -0.16 -0.17 -0.19 -0.18 11022009 12
 -0.17 -0.17 -0.14 -0.14 -0.15 -0.17 -0.17 -0.15 -0.12 -0.10 -0.07 -0.08 12022009 00
 -0.07 -0.04  0.03  0.05  0.06  0.05  0.04  0.03  0.04  0.05  0.04  0.03 12022009 12
  0.01 -0.01 -0.05 -0.07 -0.08 -0.10 -0.12 -0.13 -0.13 -0.13 -0.13 -0.16 13022009 00
 -0.15 -0.14 -0.12 -0.08 -0.10 -0.10 -0.11 -0.11 -0.10 -0.10 -0.13 -0.12 13022009 12
 -0.11 -0.12 -0.13 -0.11 -0.12 -0.12 -0.13 -0.13 -0.13 -0.14 -0.15 -0.15 14022009 00
 -0.14 -0.14 -0.14 -0.10 -0.09 -0.09 -0.11 -0.11 -0.10 -0.10 -0.10 -0.10 14022009 12
 -0.09 -0.11 -0.10 -0.09 -0.07 -0.08 -0.07 -0.07 -0.08 -0.09 -0.10 -0.11 15022009 00
 -0.10 -0.10 -0.11 -0.11 -0.09 -0.10 -0.10 -0.09 -0.09 -0.10 -0.10 -0.11 15022009 12
 -0.12 -0.12 -0.11 -0.10 -0.09 -0.10 -0.10 -0.09 -0.08 -0.08 -0.07 -0.07 16022009 00
 -0.08 -0.08 -0.07 -0.07 -0.07 -0.08 -0.10 -0.09 -0.08 -0.07 -0.07 -0.09 16022009 12
 -0.11 -0.12 -0.12 -0.11 -0.11 -0.11 -0.12 -0.12 -0.13 -0.13 -0.13 -0.14 17022009 00
 -0.16 -0.17 -0.17 -0.16 -0.15 -0.15 -0.16 -0.17 -0.17 -0.16 -0.15 -0.15 17022009 12
 -0.15 -0.17 -0.17 -0.17 -0.17 -0.17 -0.16 -0.17 -0.19 -0.19 -0.19 -0.16 18022009 00
 -0.15 -0.16 -0.17 -0.18 -0.18 -0.16 -0.15 -0.14 -0.15 -0.16 -0.15 -0.14 18022009 12
 -0.12 -0.12 -0.13 -0.14 -0.15 -0.14 -0.14 -0.14 -0.14 -0.14 -0.14 -0.15 19022009 00
 -0.15 -0.14 -0.15 -0.18 -0.21 -0.23 -0.22 -0.20 -0.18 -0.19 -0.19 -0.21 19022009 12
 -0.21 -0.19 -0.17 -0.17 -0.18 -0.19 -0.20 -0.19 -0.18 -0.16 -0.16 -0.16 20022009 00
 -0.17 -0.17 -0.15 -0.14 -0.15 -0.16 -0.16 -0.15 -0.14 -0.14 -0.16 -0.17 20022009 12
 -0.17 -0.16 -0.14 -0.15 -0.17 -0.20 -0.21 -0.21 -0.21 -0.19 -0.15 -0.14 21022009 00
 -0.14 -0.14 -0.12 -0.09 -0.08 -0.10 -0.11 -0.13 -0.13 -0.12 -0.11 -0.10 21022009 12
 -0.11 -0.10 -0.08 -0.08 -0.10 -0.14 -0.18 -0.18 -0.16 -0.14 -0.13 -0.12 22022009 00
 -0.14 -0.17 -0.17 -0.16 -0.16 -0.19 -0.23 -0.25 -0.25 -0.22 -0.19 -0.15 22022009 12
 -0.15 -0.15 -0.15 -0.14 -0.13 -0.13 -0.16 -0.18 -0.16 -0.15 -0.14 -0.14 23022009 00
 -0.15 -0.16 -0.16 -0.16 -0.16 -0.17 -0.20 -0.21 -0.21 -0.20 -0.20 -0.17 23022009 12
 -0.14 -0.15 -0.15 -0.16 -0.17 -0.16 -0.18 -0.20 -0.18 -0.20 -0.19 -0.15 24022009 00
 -0.13 -0.14 -0.14 -0.15 -0.16 -0.15 -0.16 -0.17 -0.15 -0.16 -0.16 -0.15 24022009 12
 -0.13 -0.11 -0.11 -0.11 -0.11 -0.10 -0.09 -0.09 -0.10 -0.09 -0.10 -0.09 25022009 00
 -0.06 -0.05 -0.05 -0.04 -0.05 -0.05 -0.05 -0.07 -0.10 -0.11 -0.10 -0.09 25022009 12
 -0.08 -0.07 -0.07 -0.06 -0.06 -0.07 -0.08 -0.09 -0.10 -0.09 -0.07 -0.06 26022009 00
 -0.05 -0.03 -0.02 -0.02 -0.01 -0.02 -0.03 -0.04 -0.04 -0.04 -0.03 -0.01 26022009 12
  0.02  0.04  0.05  0.06  0.06  0.06  0.06  0.05  0.02 -0.01 -0.03 -0.02 27022009 00
 -0.03 -0.03 -0.02 -0.02 -0.02 -0.03 -0.02 -0.02 -0.02 -0.02 -0.02 -0.01 27022009 12
 -0.01  0.00  0.02  0.03  0.02  0.02  0.01  0.01  0.01  0.01  0.03  0.04 28022009 00
  0.05  0.04  0.05  0.06  0.06  0.06  0.07  0.07  0.07  0.08  0.06  0.07 28022009 12
  0.07  0.08  0.08  0.07  0.09  0.09  0.09  0.09  0.08  0.07  0.09  0.08 01032009 00
  0.10  0.09  0.08  0.07  0.08  0.07  0.07  0.06  0.05  0.03  0.01 -0.01 01032009 12
 -0.02 -0.01 -0.03 -0.03 -0.04 -0.06 -0.05 -0.05 -0.04 -0.04 -0.03 -0.02 02032009 00
 -0.01  0.01  0.03  0.06  0.09  0.10  0.11  0.11  0.14  0.18  0.22  0.20 02032009 12
  0.18  0.13  0.11  0.09  0.06  0.04  0.04  0.04  0.03  0.03  0.05  0.09 03032009 00
  0.13  0.16  0.19  0.24  0.28  0.34  0.36  0.40  0.46  0.53  0.59  0.56 03032009 12
  0.42  0.27  0.20  0.20  0.18  0.19  0.19  0.19  0.19  0.18  0.16  0.18 04032009 00
  0.23  0.22  0.20  0.15  0.10  0.06  0.07  0.08  0.09  0.08  0.07  0.09 04032009 12
  0.12  0.11  0.10  0.08  0.03 -0.04 -0.10 -0.14 -0.13 -0.14 -0.15 -0.18 05032009 00
 -0.19 -0.16 -0.10 -0.03 -0.00 -0.01 -0.03 -0.06 -0.04 -0.01 -0.01 -0.03 05032009 12
 -0.07 -0.11 -0.14 -0.15 -0.15 -0.14 -0.13 -0.11 -0.09 -0.06 -0.04 -0.03 06032009 00
 -0.00  0.02  0.05  0.08  0.09  0.07  0.07  0.07  0.06  0.08  0.08  0.07 06032009 12
  0.06  0.05  0.02  0.01  0.00 -0.00  0.00 -0.00 -0.01  0.00  0.01  0.02 07032009 00
  0.04  0.07  0.12  0.17  0.23  0.27  0.28  0.25  0.25  0.29  0.38  0.50 07032009 12
  0.61  0.58  0.55  0.57  0.55  0.45  0.31  0.29  0.26  0.18  0.16  0.21 08032009 00
  0.26  0.34  0.37  0.38  0.39  0.39  0.36  0.36  0.30  0.19  0.14  0.18 08032009 12
  0.23  0.27  0.25  0.23  0.23  0.21  0.14  0.11  0.16  0.19  0.20  0.16 09032009 00
  0.11  0.09  0.09  0.08  0.04 -0.01 -0.03 -0.06 -0.05 -0.04 -0.01  0.03 09032009 12
  0.07  0.11  0.14  0.19  0.23  0.26  0.29  0.29  0.24  0.20  0.13  0.04 10032009 00
 -0.00 -0.01 -0.00 -0.01 -0.05 -0.08 -0.08 -0.09 -0.09 -0.08 -0.08 -0.09 10032009 12
 -0.09 -0.09 -0.10 -0.09 -0.09 -0.10 -0.12 -0.14 -0.14 -0.12 -0.10 -0.09 11032009 00
 -0.05 -0.03 -0.01 -0.01 -0.00  0.01  0.02  0.04  0.04  0.06  0.07  0.09 11032009 12
  0.11  0.11  0.12  0.12  0.14  0.14  0.13  0.10  0.10  0.06  0.05  0.05 12032009 00
  0.03  0.00  0.00 -0.00  0.01 -0.01 -0.03 -0.04 -0.07 -0.09 -0.10 -0.10 12032009 12
 -0.10 -0.09 -0.08 -0.09 -0.08 -0.08 -0.08 -0.08 -0.09 -0.08 -0.07 -0.05 13032009 00
 -0.03 -0.01  0.04  0.05  0.05  0.04  0.05  0.07  0.10  0.15  0.15  0.14 13032009 12
  0.14  0.15  0.17  0.23  0.26  0.29  0.29  0.29  0.32  0.34  0.36  0.33 14032009 00
  0.30  0.23  0.12  0.09  0.05  0.08  0.06 -0.02 -0.10 -0.19 -0.27 -0.28 14032009 12
 -0.24 -0.22 -0.18 -0.12 -0.14 -0.14 -0.15 -0.14 -0.13 -0.13 -0.13 -0.11 15032009 00
 -0.12 -0.13 -0.12 -0.11 -0.12 -0.11 -0.13 -0.12 -0.12 -0.14 -0.16 -0.17 15032009 12
 -0.15 -0.15 -0.12 -0.10 -0.12 -0.13 -0.14 -0.14 -0.14 -0.14 -0.14 -0.14 16032009 00
 -0.14 -0.16 -0.14 -0.13 -0.13 -0.13 -0.15 -0.15 -0.16 -0.17 -0.19 -0.21 16032009 12
 -0.22 -0.22 -0.21 -0.19 -0.19 -0.20 -0.22 -0.24 -0.24 -0.24 -0.24 -0.26 17032009 00
 -0.27 -0.28 -0.28 -0.25 -0.24 -0.24 -0.24 -0.25 -0.24 -0.22 -0.19 -0.19 17032009 12
 -0.18 -0.17 -0.17 -0.15 -0.13 -0.13 -0.13 -0.13 -0.13 -0.14 -0.14 -0.15 18032009 00
 -0.17 -0.17 -0.17 -0.16 -0.17 -0.17 -0.18 -0.19 -0.19 -0.18 -0.15 -0.14 18032009 12
 -0.15 -0.16 -0.17 -0.17 -0.17 -0.18 -0.18 -0.17 -0.18 -0.19 -0.19 -0.19 19032009 00
 -0.21 -0.21 -0.19 -0.17 -0.16 -0.16 -0.15 -0.15 -0.16 -0.17 -0.16 -0.14 19032009 12
 -0.14 -0.15 -0.16 -0.16 -0.16 -0.15 -0.13 -0.12 -0.11 -0.11 -0.11 -0.10 20032009 00
 -0.09 -0.09 -0.10 -0.10 -0.10 -0.10 -0.10 -0.11 -0.12 -0.12 -0.11 -0.10 20032009 12
 -0.09 -0.09 -0.09 -0.09 -0.09 -0.09 -0.09 -0.10 -0.12 -0.14 -0.15 -0.15 21032009 00
 -0.16 -0.17 -0.17 -0.19 -0.22 -0.23 -0.23 -0.23 -0.21 -0.19 -0.20 -0.20 21032009 12
 -0.22 -0.23 -0.21 -0.21 -0.25 -0.27 -0.27 -0.26 -0.22 -0.19 -0.18 -0.19 22032009 00
 -0.20 -0.19 -0.15 -0.12 -0.13 -0.16 -0.17 -0.16 -0.13 -0.10 -0.09 -0.10 22032009 12
 -0.12 -0.13 -0.11 -0.07 -0.05 -0.03 -0.00  0.03  0.05  0.10  0.16  0.19 23032009 00
  0.14  0.12  0.17  0.20  0.19  0.12  0.05  0.01 -0.01 -0.00 -0.01 -0.05 23032009 12
 -0.12 -0.19 -0.23 -0.24 -0.27 -0.32 -0.33 -0.29 -0.25 -0.22 -0.16 -0.12 24032009 00
 -0.11 -0.10 -0.09 -0.06 -0.02  0.01  0.05  0.12  0.17  0.22  0.27  0.30 24032009 12
  0.34  0.31  0.32  0.38  0.42  0.40  0.32  0.20  0.17  0.18  0.17  0.11 25032009 00
  0.02 -0.03 -0.01  0.02  0.02 -0.03 -0.08 -0.12 -0.10 -0.09 -0.08 -0.06 25032009 12
 -0.05 -0.03 -0.01  0.02  0.08  0.16  0.27  0.32  0.31  0.37  0.47  0.44 26032009 00
  0.34  0.38  0.39  0.41  0.39  0.34  0.27  0.15  0.03  0.11  0.19  0.25 26032009 12
  0.25  0.22  0.24  0.30  0.35  0.37  0.36  0.32  0.28  0.24  0.26  0.24 27032009 00
  0.19  0.17  0.17  0.20  0.22  0.23  0.23  0.23  0.23  0.16  0.19  0.24 27032009 12
  0.23  0.16  0.12  0.10  0.11  0.05 -0.01 -0.11 -0.24 -0.31 -0.31 -0.33 28032009 00
 -0.34 -0.29 -0.31 -0.31 -0.28 -0.24 -0.19 -0.17 -0.16 -0.16 -0.11 -0.11 28032009 12
 -0.12 -0.10 -0.08 -0.09 -0.09 -0.10 -0.08 -0.06 -0.05 -0.04 -0.03 -0.02 29032009 00
 -0.01  0.01  0.03  0.05  0.07  0.07  0.08  0.09  0.09  0.13  0.14  0.11 29032009 12
  0.10  0.09  0.06  0.06  0.05  0.03 -0.00 -0.02 -0.02 -0.03 -0.04 -0.04 30032009 00
 -0.04 -0.04 -0.05 -0.04 -0.04 -0.04 -0.05 -0.05 -0.04 -0.04 -0.06 -0.06 30032009 12
 -0.06 -0.06 -0.06 -0.06 -0.07 -0.07 -0.07 -0.06 -0.07 -0.08 -0.08 -0.09 31032009 00
 -0.07 -0.07 -0.08 -0.07 -0.07 -0.07 -0.08 -0.09 -0.09 -0.12 -0.14 -0.15 31032009 12
 -0.13 -0.13 -0.13 -0.12 -0.13 -0.14 -0.15 -0.15 -0.15 -0.16 -0.16 -0.15 01042009 00
 -0.14 -0.13 -0.14 -0.13 -0.12 -0.13 -0.13 -0.14 -0.14 -0.14 -0.15 -0.15 01042009 12
 -0.14 -0.14 -0.14 -0.14 -0.13 -0.14 -0.14 -0.14 -0.13 -0.12 -0.12 -0.12 02042009 00
 -0.12 -0.12 -0.12 -0.11 -0.10 -0.09 -0.10 -0.11 -0.12 -0.11 -0.09 -0.07 02042009 12
 -0.06 -0.06 -0.07 -0.07 -0.07 -0.06 -0.05 -0.05 -0.06 -0.06 -0.05 -0.03 03042009 00
 -0.02 -0.01  0.01  0.03  0.03  0.02  0.02  0.02  0.03  0.04  0.06  0.08 03042009 12
  0.09  0.09  0.09  0.07  0.05  0.04  0.05  0.04  0.03  0.02  0.02  0.04 04042009 00
  0.04  0.04  0.04  0.01 -0.01 -0.03 -0.05 -0.06 -0.09 -0.11 -0.13 -0.14 04042009 12
 -0.14 -0.14 -0.14 -0.13 -0.13 -0.15 -0.15 -0.14 -0.12 -0.09 -0.07 -0.07 05042009 00
 -0.06 -0.04 -0.02 -0.02 -0.04 -0.03 -0.02 -0.02 -0.02 -0.01 -0.01 -0.01 05042009 12
 -0.01 -0.01 -0.02 -0.02 -0.02 -0.01  0.01  0.04  0.06  0.08  0.10  0.12 06042009 00
  0.13  0.12  0.12  0.12  0.11  0.09  0.07  0.06  0.08  0.10  0.14  0.18 06042009 12
  0.20  0.22  0.22  0.24  0.24  0.23  0.24  0.25  0.24  0.21  0.17  0.15 07042009 00
  0.13  0.12  0.12  0.12  0.13  0.15  0.16  0.16  0.15  0.18  0.21  0.25 07042009 12
  0.35  0.43  0.50  0.54  0.59  0.64  0.59  0.44  0.34  0.32  0.27  0.22 08042009 00
  0.23  0.20  0.23  0.20  0.15  0.10  0.06  0.03 -0.01  0.02 -0.01 -0.01 08042009 12
 -0.02 -0.01 -0.01 -0.00  0.01  0.04  0.12  0.21  0.22  0.20  0.20  0.21 09042009 00
  0.22  0.31  0.34  0.36  0.35  0.35  0.40  0.48  0.44  0.37  0.28  0.25 09042009 12
  0.15  0.13  0.16  0.18  0.16  0.13  0.13  0.19  0.20  0.18  0.18  0.16 10042009 00
  0.13  0.10  0.11  0.12  0.12  0.11  0.10  0.11  0.16  0.15  0.15  0.13 10042009 12
  0.12  0.10  0.11  0.10  0.11  0.10  0.08  0.07  0.06  0.06  0.05  0.06 11042009 00
  0.05  0.03  0.04  0.03  0.04  0.03  0.03  0.02  0.01 -0.00 -0.01 -0.01 11042009 12
 -0.01 -0.02 -0.02 -0.02 -0.03 -0.03 -0.03 -0.04 -0.05 -0.05 -0.05 -0.05 12042009 00
 -0.04 -0.04 -0.03 -0.02 -0.02 -0.03 -0.04 -0.04 -0.04 -0.03 -0.02 -0.01 12042009 12
 -0.01  0.01  0.02  0.03  0.03  0.02  0.01  0.01  0.02  0.04  0.06  0.06 13042009 00
  0.06  0.06  0.06  0.07  0.07  0.07  0.07  0.08  0.09  0.11  0.11  0.10 13042009 12
  0.09  0.08  0.06  0.05  0.04  0.03  0.02  0.03  0.03  0.04  0.05  0.05 14042009 00
  0.06  0.07  0.07  0.07  0.07  0.07  0.06  0.05  0.04  0.04  0.04  0.03 14042009 12
  0.02  0.02  0.01  0.00 -0.01 -0.03 -0.03 -0.02 -0.02 -0.02 -0.02 -0.02 15042009 00
 -0.02 -0.03 -0.03 -0.03 -0.03 -0.03 -0.04 -0.05 -0.06 -0.06 -0.07 -0.09 15042009 12
 -0.09 -0.08 -0.08 -0.09 -0.10 -0.11 -0.11 -0.10 -0.09 -0.07 -0.05 -0.02 16042009 00
  0.01  0.01  0.01  0.01  0.02  0.02  0.02  0.02  0.02  0.04  0.05  0.06 16042009 12
  0.04  0.04  0.01 -0.02 -0.02 -0.00  0.00  0.01 -0.00 -0.01 -0.01  0.02 17042009 00
  0.05  0.07  0.06  0.04  0.01 -0.01 -0.01 -0.01 -0.02 -0.04 -0.04 -0.03 17042009 12
 -0.03 -0.03 -0.02 -0.04 -0.05 -0.07 -0.06 -0.05 -0.05 -0.05 -0.06 -0.07 18042009 00
 -0.07 -0.06 -0.06 -0.05 -0.06 -0.07 -0.08 -0.08 -0.08 -0.08 -0.07 -0.08 18042009 12
 -0.08 -0.09 -0.09 -0.11 -0.11 -0.12 -0.11 -0.11 -0.10 -0.10 -0.09 -0.09 19042009 00
 -0.09 -0.09 -0.10 -0.12 -0.13 -0.13 -0.12 -0.11 -0.12 -0.13 -0.14 -0.14 19042009 12
 -0.13 -0.13 -0.14 -0.16 -0.17 -0.17 -0.16 -0.15 -0.13 -0.13 -0.14 -0.14 20042009 00
 -0.14 -0.13 -0.13 -0.14 -0.18 -0.19 -0.20 -0.19 -0.17 -0.15 -0.14 -0.14 20042009 12
 -0.14 -0.13 -0.11 -0.09 -0.10 -0.12 -0.11 -0.11 -0.09 -0.07 -0.06 -0.06 21042009 00
 -0.06 -0.07 -0.07 -0.08 -0.10 -0.12 -0.14 -0.15 -0.17 -0.18 -0.18 -0.18 21042009 12
 -0.19 -0.20 -0.20 -0.21 -0.22 -0.23 -0.24 -0.23 -0.22 -0.20 -0.17 -0.16 22042009 00
 -0.14 -0.13 -0.12 -0.09 -0.07 -0.05 -0.03 -0.03 -0.04 -0.04 -0.02 -0.01 22042009 12
  0.01  0.02  0.02  0.03  0.03  0.02  0.01  0.00 -0.01 -0.02 -0.03 -0.03 23042009 00
 -0.03 -0.03 -0.04 -0.05 -0.06 -0.07 -0.07 -0.07 -0.08 -0.08 -0.06 -0.03 23042009 12
 -0.01 -0.01 -0.03 -0.04 -0.05 -0.05 -0.06 -0.05 -0.04 -0.04 -0.02  0.00 24042009 00
  0.03  0.04  0.04  0.03  0.03  0.02  0.01  0.00 -0.01 -0.01 -0.01 -0.02 24042009 12
 -0.03 -0.04 -0.05 -0.06 -0.08 -0.08 -0.10 -0.11 -0.09 -0.06 -0.05 -0.04 25042009 00
 -0.01 -0.02 -0.01  0.00  0.01  0.02  0.01 -0.02 -0.03 -0.04 -0.06 -0.07 25042009 12
 -0.08 -0.08 -0.08 -0.08 -0.08 -0.09 -0.10 -0.11 -0.11 -0.12 -0.11 -0.09 26042009 00
 -0.08 -0.04 -0.03 -0.02 -0.02 -0.02  0.00  0.03  0.07  0.09  0.09  0.09 26042009 12
  0.11  0.13  0.17  0.20  0.22  0.24  0.24  0.24  0.23  0.21  0.22  0.19 27042009 00
  0.16  0.09  0.05  0.07  0.08  0.09  0.08  0.08  0.10  0.11  0.08  0.06 27042009 12
  0.04  0.02 -0.01 -0.00 -0.00  0.00 -0.02 -0.04 -0.04 -0.06 -0.07 -0.07 28042009 00
 -0.08 -0.08 -0.07 -0.07 -0.06 -0.05 -0.04 -0.02 -0.02 -0.02 -0.02 -0.03 28042009 12
 -0.03 -0.03 -0.05 -0.06 -0.05 -0.06 -0.06 -0.05 -0.03 -0.03 -0.04 -0.04 29042009 00
 -0.02  0.02  0.03  0.04  0.05  0.04  0.04  0.05  0.05  0.07  0.11  0.13 29042009 12
  0.11  0.10  0.10  0.11  0.14  0.14  0.13  0.11  0.09  0.09  0.10  0.11 30042009 00
  0.10  0.07  0.05  0.02 -0.01 -0.03 -0.04 -0.04 -0.05 -0.07 -0.07 -0.06 30042009 12
 -0.06 -0.06 -0.06 -0.06 -0.07 -0.07 -0.06 -0.05 -0.04 -0.03  0.03  0.13 01052009 00
  0.20  0.22  0.20  0.15  0.11  0.07  0.06  0.07  0.08  0.06 -0.01 -0.07 01052009 12
 -0.11 -0.16 -0.16 -0.14 -0.15 -0.15 -0.15 -0.16 -0.16 -0.14 -0.15 -0.16 02052009 00
 -0.17 -0.18 -0.19 -0.19 -0.19 -0.18 -0.15 -0.13 -0.11 -0.10 -0.07 -0.04 02052009 12
  0.00  0.04  0.06  0.07  0.06  0.06  0.00 -0.07 -0.10 -0.12 -0.13 -0.14 03052009 00
 -0.18 -0.21 -0.23 -0.25 -0.25 -0.24 -0.21 -0.16 -0.14 -0.15 -0.17 -0.17 03052009 12
 -0.16 -0.15 -0.16 -0.18 -0.18 -0.17 -0.17 -0.15 -0.12 -0.08 -0.04 -0.01 04052009 00
  0.02  0.06  0.08  0.07  0.06  0.07  0.08  0.08  0.04  0.01 -0.01 -0.02 04052009 12
 -0.04 -0.08 -0.12 -0.16 -0.19 -0.21 -0.20 -0.18 -0.14 -0.09 -0.06 -0.04 05052009 00
 -0.04 -0.05 -0.03  0.00  0.02  0.04  0.10  0.15  0.16  0.20  0.23  0.21 05052009 12
  0.18  0.18  0.18  0.15  0.08  0.01 -0.06 -0.09 -0.10 -0.10 -0.08 -0.05 06052009 00
 -0.03 -0.03 -0.01  0.03  0.09  0.16  0.19  0.21  0.21  0.22  0.25  0.31 06052009 12
  0.36  0.35  0.33  0.31  0.29  0.25  0.20  0.14  0.16  0.16  0.13  0.10 07052009 00
  0.05  0.05  0.09  0.11  0.09  0.09  0.13  0.16  0.20  0.23  0.26  0.34 07052009 12
  0.42  0.41  0.43  0.46  0.49  0.49  0.45  0.40  0.37  0.40  0.40  0.34 08052009 00
  0.32  0.29  0.27  0.27  0.21  0.15  0.12  0.08  0.04  0.02  0.02  0.02 08052009 12
  0.02  0.04  0.03  0.04  0.04  0.04  0.05  0.08  0.07  0.09  0.09  0.10 09052009 00
  0.13  0.20  0.22  0.19  0.13  0.09  0.08  0.08  0.07  0.03  0.03  0.01 09052009 12
 -0.01 -0.02 -0.04 -0.04 -0.04 -0.05 -0.07 -0.08 -0.09 -0.10 -0.10 -0.10 10052009 00
 -0.11 -0.10 -0.11 -0.11 -0.12 -0.12 -0.13 -0.15 -0.17 -0.18 -0.16 -0.16 10052009 12
 -0.15 -0.14 -0.16 -0.16 -0.18 -0.19 -0.19 -0.19 -0.20 -0.18 -0.19 -0.17 11052009 00
 -0.16 -0.14 -0.14 -0.16 -0.18 -0.18 -0.18 -0.18 -0.19 -0.21 -0.19 -0.21 11052009 12
 -0.18 -0.14 -0.14 -0.15 -0.17 -0.18 -0.18 -0.18 -0.19 -0.20 -0.20 -0.18 12052009 00
 -0.18 -0.14 -0.09 -0.10 -0.10 -0.13 -0.14 -0.13 -0.14 -0.17 -0.20 -0.20 12052009 12
 -0.18 -0.14 -0.10 -0.11 -0.11 -0.13 -0.15 -0.13 -0.13 -0.15 -0.13 -0.12 13052009 00
 -0.12 -0.11 -0.10 -0.09 -0.09 -0.09 -0.08 -0.07 -0.06 -0.05 -0.05 -0.03 13052009 12
 -0.03 -0.02 -0.03 -0.03 -0.04 -0.05 -0.05 -0.05 -0.05 -0.05 -0.05 -0.05 14052009 00
 -0.05 -0.06 -0.13 -0.21 -0.21 -0.19 -0.11 -0.02 -0.02 -0.04 -0.08 -0.10 14052009 12
 -0.08 -0.05 -0.03 -0.03 -0.04 -0.04 -0.06 -0.02  0.07  0.11  0.07  0.00 15052009 00
 -0.08 -0.09 -0.05  0.01  0.04  0.04  0.06  0.06  0.08  0.12  0.13  0.14 15052009 12
  0.17  0.12  0.08  0.07  0.09  0.10  0.11  0.12  0.13  0.16  0.25  0.36 16052009 00
  0.35  0.32  0.29  0.26  0.26  0.31  0.33  0.33  0.28  0.23  0.21  0.24 16052009 12
  0.27  0.23  0.17  0.10  0.04  0.03  0.08  0.13  0.15  0.15  0.13  0.14 17052009 00
  0.21  0.28  0.28  0.20  0.10  0.05  0.08  0.11  0.18  0.26  0.30  0.30 17052009 12
  0.30  0.32  0.32  0.33  0.30  0.26  0.23  0.24  0.23  0.22  0.19  0.15 18052009 00
  0.12  0.12  0.12  0.12  0.12  0.11  0.12  0.17  0.19  0.20  0.22  0.22 18052009 12
  0.20  0.16  0.14  0.09  0.04 -0.01 -0.04 -0.05 -0.03 -0.01  0.01  0.03 19052009 00
  0.04  0.04  0.06  0.08  0.08  0.08  0.07  0.08  0.09  0.09  0.09  0.09 19052009 12
  0.09  0.09  0.08  0.07  0.06  0.04  0.02  0.00 -0.01 -0.00  0.01  0.03 20052009 00
  0.03  0.01 -0.00 -0.01 -0.02 -0.03 -0.02 -0.02 -0.02 -0.01 -0.00  0.01 20052009 12
  0.03  0.03  0.02  0.01  0.01  0.00 -0.01 -0.01 -0.01 -0.00  0.01  0.01 21052009 00
  0.01  0.01  0.01  0.00 -0.01 -0.01  0.01  0.02  0.01  0.01  0.01  0.01 21052009 12
  0.00  0.01 -0.00 -0.02 -0.03 -0.05 -0.06 -0.06 -0.04 -0.02  0.01  0.04 22052009 00
  0.05  0.05  0.05  0.05  0.05  0.05  0.05  0.03  0.00 -0.02 -0.04 -0.04 22052009 12
 -0.02 -0.02 -0.04 -0.05 -0.06 -0.06 -0.04 -0.04 -0.04 -0.04 -0.02  0.02 23052009 00
  0.04  0.05  0.05  0.06  0.07  0.06  0.04  0.01 -0.01 -0.05 -0.06 -0.07 23052009 12
 -0.08 -0.07 -0.07 -0.08 -0.09 -0.11 -0.12 -0.13 -0.13 -0.12 -0.10 -0.07 24052009 00
 -0.05 -0.05 -0.04 -0.04 -0.04 -0.04 -0.05 -0.07 -0.05 -0.05 -0.04 -0.04 24052009 12
 -0.03 -0.04 -0.03 -0.04 -0.04 -0.04 -0.06 -0.08 -0.10 -0.09 -0.07 -0.07 25052009 00
 -0.05 -0.04 -0.04 -0.03 -0.04 -0.03 -0.02 -0.01 -0.01 -0.01  0.00  0.02 25052009 12
  0.05  0.06  0.05  0.05  0.05  0.06  0.04  0.00 -0.03 -0.02 -0.01 -0.00 26052009 00
  0.00  0.01  0.01  0.01  0.01  0.01  0.01  0.01  0.00 -0.02 -0.01 -0.00 26052009 12
 -0.01 -0.02 -0.02 -0.03 -0.03 -0.02 -0.01  0.02  0.08  0.19  0.23  0.24 27052009 00
  0.22  0.19  0.14  0.15  0.13  0.12  0.08  0.03 -0.02 -0.08 -0.12 -0.11 27052009 12
 -0.09 -0.10 -0.07 -0.07 -0.07 -0.07 -0.09 -0.10 -0.12 -0.15 -0.19 -0.19 28052009 00
 -0.19 -0.18 -0.17 -0.14 -0.16 -0.15 -0.16 -0.15 -0.14 -0.16 -0.18 -0.17 28052009 12
 -0.17 -0.16 -0.16 -0.16 -0.17 -0.17 -0.19 -0.19 -0.20 -0.22 -0.24 -0.25 29052009 00
 -0.22 -0.23 -0.21 -0.19 -0.16 -0.16 -0.14 -0.16 -0.15 -0.14 -0.15 -0.14 29052009 12
 -0.13 -0.13 -0.15 -0.13 -0.13 -0.14 -0.15 -0.16 -0.16 -0.16 -0.16 -0.15 30052009 00
 -0.15 -0.14 -0.14 -0.15 -0.14 -0.12 -0.14 -0.13 -0.14 -0.14 -0.15 -0.15 30052009 12
 -0.16 -0.16 -0.15 -0.16 -0.17 -0.17 -0.17 -0.18 -0.19 -0.20 -0.20 -0.19 31052009 00
 -0.20 -0.21 -0.21 -0.22 -0.20 -0.18 -0.16 -0.16 -0.17 -0.18 -0.18 -0.18 31052009 12
 -0.17 -0.19 -0.19 -0.20 -0.21 -0.19 -0.18 -0.17 -0.18 -0.19 -0.19 -0.17 01062009 00
 -0.15 -0.16 -0.18 -0.19 -0.19 -0.18 -0.17 -0.16 -0.16 -0.18 -0.20 -0.20 01062009 12
 -0.18 -0.17 -0.17 -0.18 -0.17 -0.17 -0.17 -0.16 -0.16 -0.16 -0.15 -0.15 02062009 00
 -0.15 -0.14 -0.14 -0.15 -0.16 -0.16 -0.15 -0.13 -0.12 -0.13 -0.13 -0.13 02062009 12
 -0.12 -0.11 -0.11 -0.12 -0.15 -0.16 -0.17 -0.16 -0.16 -0.16 -0.16 -0.17 03062009 00
 -0.17 -0.16 -0.14 -0.14 -0.16 -0.17 -0.16 -0.14 -0.13 -0.12 -0.14 -0.16 03062009 12
 -0.17 -0.16 -0.14 -0.13 -0.15 -0.17 -0.17 -0.15 -0.13 -0.11 -0.09 -0.08 04062009 00
 -0.08 -0.09 -0.08 -0.07 -0.06 -0.06 -0.06 -0.06 -0.05 -0.04 -0.04 -0.04 04062009 12
 -0.04 -0.05 -0.04 -0.03 -0.03 -0.04 -0.05 -0.05 -0.04 -0.02 -0.00  0.01 05062009 00
  0.01  0.01  0.00 -0.00  0.00  0.00 -0.02 -0.03 -0.03 -0.04 -0.05 -0.06 05062009 12
 -0.07 -0.08 -0.09 -0.08 -0.09 -0.09 -0.11 -0.13 -0.13 -0.14 -0.14 -0.15 06062009 00
 -0.16 -0.14 -0.15 -0.14 -0.12 -0.12 -0.11 -0.07 -0.07 -0.08 -0.10 -0.09 06062009 12
 -0.08 -0.05 -0.05 -0.06 -0.07 -0.07 -0.09 -0.08 -0.08 -0.08 -0.08 -0.08 07062009 00
 -0.08 -0.08 -0.08 -0.08 -0.08 -0.07 -0.06 -0.06 -0.06 -0.07 -0.07 -0.06 07062009 12
 -0.06 -0.07 -0.06 -0.05 -0.04 -0.04 -0.04 -0.04 -0.03 -0.01 -0.01  0.00 08062009 00
  0.01  0.01  0.02  0.03  0.04  0.04  0.05  0.08  0.10  0.09  0.05  0.03 08062009 12
  0.01  0.00  0.01  0.01  0.01  0.01  0.01  0.01  0.02  0.03  0.03  0.03 09062009 00
  0.03  0.03  0.04  0.05  0.05  0.04  0.03  0.01  0.00 -0.00 -0.00 -0.00 09062009 12
 -0.01 -0.02 -0.02 -0.02 -0.03 -0.02 -0.03 -0.02 -0.02 -0.02 -0.02 -0.01 10062009 00
 -0.01 -0.00  0.01  0.01  0.02  0.03  0.04  0.05  0.07  0.09  0.09  0.09 10062009 12
  0.08  0.04  0.04  0.05  0.04  0.03  0.00 -0.03 -0.05 -0.06 -0.07 -0.06 11062009 00
 -0.05 -0.04 -0.04 -0.05 -0.05 -0.06 -0.06 -0.06 -0.05 -0.05 -0.06 -0.06 11062009 12
 -0.07 -0.08 -0.07 -0.07 -0.06 -0.07 -0.08 -0.08 -0.09 -0.09 -0.09 -0.07 12062009 00
 -0.08 -0.07 -0.07 -0.06 -0.07 -0.07 -0.07 -0.05 -0.04 -0.03 -0.02 -0.01 12062009 12
 -0.00 -0.01 -0.01 -0.01 -0.01 -0.01 -0.01 -0.02 -0.03 -0.04 -0.04 -0.04 13062009 00
 -0.04 -0.04 -0.03 -0.03 -0.03 -0.03 -0.02 -0.02 -0.02 -0.03 -0.02 -0.01 13062009 12
 -0.01 -0.01 -0.01 -0.02 -0.02 -0.03 -0.03 -0.04 -0.04 -0.05 -0.05 -0.05 14062009 00
 -0.07 -0.06 -0.05 -0.04 -0.04 -0.03 -0.03 -0.03 -0.03 -0.03 -0.04 -0.04 14062009 12
 -0.04 -0.04 -0.05 -0.05 -0.05 -0.06 -0.06 -0.06 -0.06 -0.05 -0.04 -0.03 15062009 00
 -0.03 -0.04 -0.04 -0.03 -0.03 -0.03 -0.03 -0.03 -0.04 -0.05 -0.05 -0.06 15062009 12
 -0.07 -0.08 -0.09 -0.10 -0.10 -0.10 -0.11 -0.10 -0.10 -0.11 -0.12 -0.12 16062009 00
 -0.12 -0.12 -0.12 -0.12 -0.11 -0.10 -0.09 -0.08 -0.08 -0.08 -0.07 -0.05 16062009 12
 -0.04 -0.03 -0.00  0.01  0.02  0.03  0.04  0.09  0.12  0.13  0.15  0.19 17062009 00
  0.25  0.35  0.38  0.31  0.23  0.15  0.08  0.04  0.03  0.02  0.01 -0.02 17062009 12
 -0.05 -0.08 -0.07 -0.06 -0.02  0.00  0.01  0.02  0.04  0.07  0.10  0.12 18062009 00
  0.12  0.12  0.09  0.08  0.10  0.10  0.09  0.08  0.09  0.12  0.14  0.16 18062009 12
  0.16  0.13  0.08  0.04  0.00 -0.01  0.01 -0.01 -0.03 -0.04 -0.05 -0.06 19062009 00
 -0.06 -0.04 -0.03 -0.05 -0.08 -0.09 -0.10 -0.11 -0.11 -0.09 -0.11 -0.12 19062009 12
 -0.13 -0.12 -0.09 -0.08 -0.11 -0.14 -0.13 -0.11 -0.11 -0.10 -0.10 -0.10 20062009 00
 -0.10 -0.11 -0.12 -0.13 -0.16 -0.19 -0.20 -0.21 -0.18 -0.15 -0.14 -0.15 20062009 12
 -0.15 -0.16 -0.15 -0.15 -0.16 -0.20 -0.23 -0.23 -0.24 -0.21 -0.17 -0.15 21062009 00
 -0.14 -0.15 -0.15 -0.14 -0.15 -0.16 -0.17 -0.17 -0.17 -0.18 -0.17 -0.15 21062009 12
 -0.17 -0.16 -0.17 -0.16 -0.16 -0.18 -0.20 -0.21 -0.22 -0.20 -0.19 -0.16 22062009 00
 -0.15 -0.16 -0.16 -0.17 -0.17 -0.18 -0.18 -0.20 -0.19 -0.21 -0.21 -0.19 22062009 12
 -0.15 -0.16 -0.16 -0.18 -0.18 -0.17 -0.18 -0.21 -0.23 -0.20 -0.20 -0.20 23062009 00
 -0.15 -0.15 -0.15 -0.16 -0.17 -0.16 -0.16 -0.17 -0.16 -0.17 -0.17 -0.17 23062009 12
 -0.16 -0.13 -0.15 -0.14 -0.16 -0.17 -0.17 -0.18 -0.19 -0.16 -0.16 -0.16 24062009 00
 -0.16 -0.12 -0.12 -0.12 -0.12 -0.12 -0.11 -0.10 -0.11 -0.12 -0.13 -0.13 24062009 12
 -0.13 -0.09 -0.08 -0.09 -0.09 -0.10 -0.10 -0.10 -0.12 -0.12 -0.11 -0.09 25062009 00
 -0.08 -0.08 -0.05 -0.05 -0.05 -0.05 -0.05 -0.05 -0.04 -0.05 -0.06 -0.07 25062009 12
 -0.07 -0.06 -0.03 -0.04 -0.05 -0.06 -0.06 -0.06 -0.05 -0.05 -0.03 -0.02 26062009 00
 -0.01 -0.00  0.00  0.01  0.01  0.01  0.00  0.01  0.01  0.02  0.01 -0.01 26062009 12
 -0.01 -0.02 -0.02 -0.02 -0.03 -0.03 -0.04 -0.05 -0.04 -0.04 -0.04 -0.02 27062009 00
 -0.03 -0.03 -0.03 -0.04 -0.05 -0.05 -0.04 -0.04 -0.04 -0.05 -0.05 -0.04 27062009 12
 -0.04 -0.03 -0.04 -0.03 -0.03 -0.04 -0.04 -0.05 -0.05 -0.05 -0.04 -0.04 28062009 00
 -0.02 -0.02 -0.01 -0.01 -0.01 -0.00  0.00  0.00 -0.00 -0.01 -0.01 -0.02 28062009 12
 -0.01 -0.01 -0.02 -0.03 -0.03 -0.04 -0.04 -0.05 -0.05 -0.06 -0.06 -0.05 29062009 00
 -0.05 -0.05 -0.05 -0.06 -0.05 -0.05 -0.04 -0.04 -0.05 -0.04 -0.03 -0.02 29062009 12
 -0.01 -0.02 -0.03 -0.04 -0.06 -0.07 -0.07 -0.06 -0.07 -0.08 -0.09 -0.08 30062009 00
 -0.07 -0.06 -0.06 -0.07 -0.08 -0.08 -0.07 -0.06 -0.06 -0.05 -0.04 -0.03 30062009 12
 -0.02 -0.02 -0.04 -0.05 -0.06 -0.07 -0.08 -0.09 -0.10 -0.11 -0.10 -0.09 01072009 00
 -0.09 -0.09 -0.10 -0.11 -0.12 -0.12 -0.12 -0.12 -0.11 -0.10 -0.10 -0.09 01072009 12
 -0.08 -0.07 -0.08 -0.10 -0.10 -0.10 -0.10 -0.09 -0.09 -0.08 -0.07 -0.06 02072009 00
 -0.06 -0.05 -0.05 -0.05 -0.05 -0.05 -0.05 -0.04 -0.04 -0.03 -0.02 -0.00 02072009 12
  0.00 -0.00 -0.00 -0.01 -0.01 -0.01 -0.01 -0.01 -0.01 -0.00  0.01  0.02 03072009 00
  0.02  0.03  0.04  0.06  0.08  0.08  0.07  0.06  0.06  0.06  0.06  0.07 03072009 12
  0.06  0.05  0.04  0.03  0.02  0.03  0.03  0.03  0.02  0.00 -0.00  0.02 04072009 00
  0.05  0.07  0.08  0.07  0.07  0.08  0.09  0.10  0.08  0.07  0.08  0.09 04072009 12
  0.10  0.09  0.09  0.08  0.07  0.07  0.08  0.07  0.07  0.06  0.07  0.09 05072009 00
  0.11  0.12  0.13  0.12  0.12  0.12  0.14  0.14  0.13  0.12  0.10  0.09 05072009 12
  0.09  0.09  0.10  0.10  0.09  0.09  0.11  0.13  0.12  0.12  0.10  0.08 06072009 00
  0.08  0.09  0.09  0.09  0.07  0.05  0.03  0.03  0.04  0.04  0.04  0.03 06072009 12
  0.02  0.02  0.04  0.05  0.05  0.03  0.00 -0.02 -0.04 -0.03 -0.02 -0.01 07072009 00
  0.00  0.01  0.03  0.03  0.03  0.03  0.03  0.02  0.00 -0.00 -0.00 -0.01 07072009 12
 -0.01 -0.04 -0.06 -0.06 -0.05 -0.06 -0.09 -0.14 -0.16 -0.15 -0.13 -0.11 08072009 00
 -0.08 -0.04 -0.04 -0.04 -0.04 -0.02 -0.00 -0.01 -0.03 -0.03 -0.04 -0.05 08072009 12
 -0.04 -0.05 -0.04 -0.04 -0.05 -0.05 -0.05 -0.06 -0.07 -0.06 -0.05 -0.04 09072009 00
 -0.02 -0.00 -0.00 -0.00 -0.00 -0.01 -0.01 -0.01 -0.02 -0.02 -0.03 -0.05 09072009 12
 -0.05 -0.04 -0.03 -0.03 -0.03 -0.05 -0.06 -0.06 -0.06 -0.07 -0.05 -0.04 10072009 00
 -0.04 -0.03 -0.01 -0.01 -0.00 -0.00 -0.01 -0.01 -0.01  0.01  0.01  0.00 10072009 12
 -0.00 -0.00  0.01  0.01  0.00 -0.01 -0.02 -0.03 -0.04 -0.05 -0.05 -0.04 11072009 00
 -0.04 -0.03 -0.01  0.01  0.03  0.06  0.07  0.10  0.16  0.27  0.33  0.31 11072009 12
  0.25  0.19  0.13  0.14  0.16  0.18  0.18  0.15  0.14  0.19  0.27  0.31 12072009 00
  0.32  0.30  0.26  0.22  0.22  0.22  0.25  0.25  0.19  0.12  0.08  0.04 12072009 12
  0.02  0.02  0.00 -0.02 -0.01 -0.01 -0.02 -0.01  0.00  0.02  0.06  0.09 13072009 00
  0.12  0.14  0.15  0.17  0.20  0.23  0.24  0.23  0.19  0.16  0.15  0.15 13072009 12
  0.13  0.12  0.11  0.09  0.08  0.09  0.10  0.10  0.09  0.09  0.11  0.14 14072009 00
  0.15  0.14  0.14  0.14  0.12  0.11  0.11  0.11  0.11  0.11  0.12  0.15 14072009 12
  0.17  0.16  0.13  0.09  0.06  0.06  0.08  0.09  0.09  0.07  0.06  0.06 15072009 00
  0.07  0.07  0.07  0.06  0.04  0.03  0.02  0.03  0.04  0.03  0.01  0.00 15072009 12
  0.00 -0.01 -0.02 -0.04 -0.06 -0.07 -0.07 -0.07 -0.07 -0.07 -0.07 -0.07 16072009 00
 -0.07 -0.06 -0.05 -0.05 -0.07 -0.07 -0.07 -0.06 -0.03 -0.02 -0.01 -0.01 16072009 12
  0.00 -0.01 -0.01 -0.02 -0.03 -0.04 -0.05 -0.07 -0.05 -0.03 -0.03 -0.03 17072009 00
 -0.06 -0.11 -0.15 -0.13 -0.11 -0.10 -0.07 -0.05 -0.07 -0.04 -0.00  0.04 17072009 12
  0.06  0.02 -0.05 -0.10 -0.11 -0.11 -0.11 -0.11 -0.12 -0.11 -0.08 -0.06 18072009 00
 -0.05 -0.05 -0.05 -0.04 -0.03 -0.03 -0.03 -0.03 -0.03 -0.02 -0.01 -0.01 18072009 12
 -0.00 -0.00  0.01  0.04  0.04  0.04  0.04  0.05  0.05  0.05  0.07  0.07 19072009 00
  0.06  0.04  0.03  0.02  0.00 -0.01  0.00  0.01  0.00 -0.01  0.01  0.03 19072009 12
  0.05  0.06  0.06  0.06  0.05  0.04  0.02  0.01  0.00  0.00  0.00  0.00 20072009 00
  0.02  0.03  0.04  0.04  0.04  0.05  0.07  0.07  0.07  0.05  0.04  0.03 20072009 12
  0.04  0.04  0.04  0.02 -0.02 -0.03 -0.03 -0.03 -0.02  0.01  0.05  0.13 21072009 00
  0.20  0.25  0.25  0.24  0.23  0.23  0.24  0.23  0.18  0.17  0.16  0.16 21072009 12
  0.21  0.24  0.25  0.23  0.24  0.26  0.32  0.40  0.42  0.37  0.34  0.30 22072009 00
  0.22  0.26  0.25  0.28  0.27  0.24  0.24  0.27  0.26  0.25  0.25  0.23 22072009 12
  0.18  0.18  0.18  0.19  0.19  0.16  0.14  0.15  0.17  0.15  0.17  0.16 23072009 00
  0.16  0.14  0.17  0.18  0.20  0.20  0.20  0.21  0.24  0.24  0.21  0.22 23072009 12
  0.20  0.15  0.17  0.15  0.16  0.15  0.12  0.11  0.12  0.09  0.10  0.10 24072009 00
  0.10  0.07  0.05  0.06  0.06  0.08  0.08  0.06  0.05  0.03  0.00  0.00 24072009 12
  0.01 -0.01 -0.03 -0.03 -0.04 -0.04 -0.05 -0.06 -0.08 -0.10 -0.11 -0.10 25072009 00
 -0.10 -0.10 -0.08 -0.07 -0.07 -0.06 -0.06 -0.05 -0.05 -0.04 -0.03 -0.02 25072009 12
 -0.03 -0.03 -0.01  0.02  0.03  0.03  0.03  0.05  0.08  0.12  0.18  0.21 26072009 00
  0.19  0.18  0.17  0.14  0.17  0.20  0.21  0.20  0.20  0.22  0.26  0.27 26072009 12
  0.25  0.24  0.22  0.18  0.18  0.16  0.17  0.17  0.14  0.11  0.10  0.08 27072009 00
  0.06  0.06  0.07  0.05  0.05  0.08  0.08  0.10  0.09  0.09  0.11  0.12 27072009 12
  0.10  0.09  0.08  0.07  0.06  0.09  0.09  0.10  0.09  0.09  0.11  0.15 28072009 00
  0.18  0.21  0.21  0.18  0.17  0.19  0.21  0.25  0.27  0.26  0.26  0.28 28072009 12
  0.32  0.30  0.28  0.26  0.21  0.17  0.15  0.12  0.12  0.09  0.05  0.03 29072009 00
  0.03  0.01  0.01  0.03  0.03  0.04  0.08  0.10  0.12  0.13  0.14  0.13 29072009 12
  0.11  0.06  0.04  0.03  0.01 -0.01 -0.03 -0.04 -0.03 -0.01  0.01  0.02 30072009 00
  0.00 -0.02 -0.03 -0.03 -0.04 -0.04 -0.04 -0.04 -0.06 -0.07 -0.08 -0.08 30072009 12
 -0.08 -0.08 -0.08 -0.08 -0.09 -0.10 -0.10 -0.07 -0.05 -0.03 -0.01  0.01 31072009 00
  0.05  0.09  0.13  0.16  0.17  0.17  0.16  0.15  0.16  0.17  0.18  0.19 31072009 12
  0.20  0.20  0.21  0.22  0.20  0.18  0.16  0.14  0.11  0.10  0.11  0.12 01082009 00
  0.12  0.09  0.07  0.08  0.09  0.07  0.07  0.07  0.07  0.09  0.08  0.07 01082009 12
  0.09  0.10  0.08  0.05  0.00 -0.05 -0.06 -0.05 -0.04 -0.02 -0.01 -0.01 02082009 00
 -0.02 -0.01 -0.01 -0.00  0.01  0.05  0.06  0.06  0.06  0.06  0.07  0.08 02082009 12
  0.09  0.08  0.07  0.06  0.04  0.04  0.05  0.04  0.02  0.01  0.02  0.04 03082009 00
  0.08  0.10  0.10  0.09  0.09  0.10  0.13  0.14  0.15  0.13  0.11  0.08 03082009 12
  0.09  0.11  0.11  0.09  0.09  0.10  0.13  0.13  0.12  0.11  0.10  0.10 04082009 00
  0.12  0.12  0.13  0.14  0.14  0.13  0.12  0.11  0.08  0.07  0.07  0.07 04082009 12
  0.08  0.09  0.09  0.08  0.07  0.05  0.05  0.05  0.05  0.06  0.06  0.07 05082009 00
  0.07  0.08  0.09  0.11  0.11  0.10  0.08  0.06  0.03  0.02  0.02  0.01 05082009 12
  0.00 -0.02 -0.03 -0.03 -0.04 -0.04 -0.06 -0.08 -0.10 -0.10 -0.09 -0.08 06082009 00
 -0.06 -0.05 -0.05 -0.05 -0.05 -0.04 -0.04 -0.06 -0.07 -0.08 -0.08 -0.08 06082009 12
 -0.08 -0.08 -0.08 -0.08 -0.08 -0.07 -0.07 -0.09 -0.11 -0.12 -0.11 -0.10 07082009 00
 -0.08 -0.07 -0.07 -0.07 -0.09 -0.09 -0.08 -0.08 -0.10 -0.10 -0.11 -0.11 07082009 12
 -0.10 -0.09 -0.07 -0.07 -0.08 -0.08 -0.08 -0.08 -0.09 -0.09 -0.07 -0.06 08082009 00
 -0.04 -0.03 -0.01 -0.02 -0.02 -0.03 -0.04 -0.05 -0.07 -0.10 -0.11 -0.13 08082009 12
 -0.13 -0.12 -0.09 -0.09 -0.10 -0.11 -0.11 -0.11 -0.12 -0.12 -0.12 -0.10 09082009 00
 -0.10 -0.09 -0.06 -0.06 -0.06 -0.07 -0.07 -0.06 -0.06 -0.05 -0.04 -0.05 09082009 12
 -0.05 -0.04 -0.01  0.01  0.03  0.03  0.04  0.07  0.09  0.12  0.13  0.11 10082009 00
  0.11  0.09  0.05  0.03  0.03  0.02  0.01 -0.01 -0.03 -0.06 -0.10 -0.11 10082009 12
 -0.11 -0.11 -0.11 -0.10 -0.11 -0.11 -0.12 -0.12 -0.12 -0.13 -0.13 -0.11 11082009 00
 -0.11 -0.11 -0.08 -0.04 -0.03 -0.02 -0.03 -0.01 -0.00 -0.01 -0.01 -0.00 11082009 12
  0.00 -0.01 -0.02 -0.04 -0.06 -0.07 -0.07 -0.07 -0.07 -0.07 -0.08 -0.07 12082009 00
 -0.07 -0.07 -0.08 -0.07 -0.06 -0.04 -0.03 -0.03 -0.04 -0.04 -0.04 -0.07 12082009 12
 -0.09 -0.10 -0.09 -0.09 -0.09 -0.12 -0.13 -0.13 -0.13 -0.13 -0.13 -0.13 13082009 00
 -0.14 -0.14 -0.13 -0.12 -0.11 -0.10 -0.10 -0.11 -0.11 -0.10 -0.10 -0.09 13082009 12
 -0.09 -0.08 -0.08 -0.08 -0.08 -0.07 -0.07 -0.07 -0.07 -0.07 -0.05 -0.03 14082009 00
 -0.01  0.00  0.01  0.03  0.06  0.10  0.14  0.16  0.16  0.16  0.15  0.14 14082009 12
  0.14  0.16  0.17  0.16  0.14  0.12  0.13  0.15  0.15  0.15  0.18  0.22 15082009 00
  0.25  0.24  0.18  0.15  0.13  0.10  0.08  0.07  0.07  0.08  0.08  0.08 15082009 12
  0.07  0.08  0.09  0.06  0.03  0.02  0.01  0.01  0.03  0.04  0.06  0.08 16082009 00
  0.11  0.11  0.11  0.10  0.09  0.09  0.08  0.07  0.06  0.05  0.04  0.03 16082009 12
  0.02  0.00 -0.01 -0.01 -0.01 -0.01 -0.00  0.01  0.03  0.06  0.07  0.08 17082009 00
  0.08  0.08  0.07  0.05  0.03  0.02  0.01  0.00 -0.01 -0.03 -0.04 -0.04 17082009 12
 -0.04 -0.04 -0.04 -0.04 -0.04 -0.04 -0.05 -0.06 -0.05 -0.02  0.01  0.04 18082009 00
  0.04  0.04  0.05  0.06  0.08  0.09  0.11  0.11  0.10  0.08  0.06  0.06 18082009 12
  0.08  0.09  0.09  0.08  0.07  0.06  0.06  0.06  0.04  0.05  0.07  0.12 19082009 00
  0.18  0.21  0.21  0.18  0.17  0.16  0.16  0.16  0.15  0.14  0.10  0.08 19082009 12
  0.09  0.10  0.14  0.14  0.14  0.16  0.24  0.38  0.36  0.33  0.30  0.27 20082009 00
  0.21  0.25  0.20  0.22  0.23  0.21  0.20  0.19  0.15  0.13  0.15  0.15 20082009 12
  0.13  0.14  0.12  0.14  0.14  0.12  0.09  0.07  0.01  0.02  0.01  0.01 21082009 00
 -0.00 -0.01 -0.00  0.00  0.02  0.02  0.02  0.03  0.04  0.05  0.07  0.07 21082009 12
  0.06  0.03  0.04  0.04  0.04  0.02 -0.02 -0.05 -0.09 -0.12 -0.13 -0.12 22082009 00
 -0.11 -0.09 -0.07 -0.08 -0.07 -0.08 -0.07 -0.07 -0.07 -0.04 -0.03 -0.03 22082009 12
 -0.03 -0.02  0.01  0.02  0.04  0.04  0.05  0.07  0.09  0.13  0.13  0.12 23082009 00
  0.12  0.13  0.12  0.15  0.16  0.17  0.16  0.15  0.16  0.18  0.18  0.14 23082009 12
  0.14  0.13  0.07  0.06  0.06  0.07  0.06  0.03  0.02  0.04  0.04  0.05 24082009 00
  0.06  0.06  0.07  0.09  0.12  0.13  0.15  0.15  0.16  0.17  0.20  0.20 24082009 12
  0.19  0.20  0.18  0.17  0.20  0.18  0.20  0.19  0.17  0.17  0.17  0.15 25082009 00
  0.15  0.14  0.13  0.10  0.08  0.05  0.06  0.06  0.07  0.06  0.07  0.08 25082009 12
  0.06  0.06  0.07  0.08  0.12  0.17  0.19  0.21  0.25  0.30  0.39  0.46 26082009 00
  0.45  0.38  0.32  0.25  0.22  0.23  0.23  0.24  0.22  0.18  0.16  0.16 26082009 12
  0.15  0.14  0.12  0.08  0.03 -0.00 -0.01 -0.01 -0.01 -0.03 -0.05 -0.04 27082009 00
 -0.01  0.01  0.02  0.04  0.08  0.13  0.18  0.22  0.26  0.30  0.34  0.32 27082009 12
  0.32  0.35  0.35  0.35  0.31  0.25  0.22  0.23  0.27  0.30  0.26  0.21 28082009 00
  0.13  0.03 -0.02 -0.01 -0.01 -0.04 -0.07 -0.10 -0.12 -0.13 -0.13 -0.11 28082009 12
 -0.08 -0.08 -0.08 -0.11 -0.15 -0.14 -0.12 -0.11 -0.10 -0.07 -0.04 -0.03 29082009 00
 -0.04 -0.04 -0.02  0.03  0.05  0.07  0.06  0.04  0.04  0.06  0.06  0.03 29082009 12
 -0.01 -0.04 -0.05 -0.07 -0.09 -0.09 -0.08 -0.06 -0.04 -0.02  0.00  0.02 30082009 00
  0.04  0.06  0.09  0.12  0.15  0.16  0.16  0.14  0.12  0.13  0.15  0.17 30082009 12
  0.18  0.18  0.20  0.22  0.23  0.22  0.20  0.19  0.20  0.20  0.23  0.24 31082009 00
  0.22  0.18  0.15  0.14  0.17  0.19  0.16  0.13  0.15  0.16  0.16  0.21 31082009 12
  0.23  0.23  0.23  0.23  0.23  0.26  0.26  0.25  0.24  0.23  0.23  0.25 01092009 00
  0.27  0.28  0.28  0.27  0.28  0.30  0.28  0.23  0.16  0.12  0.10  0.09 01092009 12
  0.07  0.05  0.05  0.04  0.02  0.00 -0.00  0.00  0.03  0.04  0.05  0.07 02092009 00
  0.08  0.09  0.11  0.13  0.15  0.20  0.25  0.27  0.23  0.20  0.18  0.19 02092009 12
  0.19  0.17  0.19  0.26  0.32  0.36  0.35  0.28  0.25  0.26  0.28  0.27 03092009 00
  0.26  0.25  0.27  0.29  0.31  0.29  0.21  0.14  0.13  0.14  0.13  0.10 03092009 12
  0.09  0.08  0.12  0.16  0.18  0.18  0.16  0.15  0.16  0.20  0.19  0.16 04092009 00
  0.13  0.12  0.13  0.16  0.15  0.12  0.09  0.06  0.04  0.05  0.06  0.04 04092009 12
  0.02 -0.01 -0.03 -0.02 -0.03 -0.05 -0.08 -0.09 -0.07 -0.04 -0.01  0.03 05092009 00
  0.06  0.08  0.10  0.11  0.12  0.13  0.10  0.06  0.05  0.05  0.05  0.05 05092009 12
  0.02 -0.00 -0.00 -0.01 -0.01 -0.02 -0.03 -0.02 -0.01 -0.00  0.00  0.01 06092009 00
  0.03  0.05  0.08  0.09  0.09  0.08  0.07  0.09  0.14  0.17  0.19  0.18 06092009 12
  0.18  0.19  0.22  0.25  0.28  0.28  0.23  0.16  0.09  0.04  0.00  0.01 07092009 00
 -0.02 -0.05 -0.08 -0.08 -0.08 -0.08 -0.09 -0.09 -0.08 -0.05 -0.02 -0.00 07092009 12
  0.00  0.01  0.05  0.09  0.11  0.12  0.14  0.17  0.23  0.31  0.37  0.36 08092009 00
  0.36  0.36  0.34  0.39  0.41  0.45  0.42  0.29  0.18  0.08 -0.00 -0.00 08092009 12
  0.04 -0.03 -0.09 -0.14 -0.19 -0.16 -0.16 -0.17 -0.19 -0.22 -0.25 -0.26 09092009 00
 -0.26 -0.25 -0.23 -0.20 -0.23 -0.23 -0.23 -0.22 -0.22 -0.23 -0.24 -0.24 09092009 12
 -0.22 -0.23 -0.21 -0.17 -0.21 -0.21 -0.24 -0.24 -0.24 -0.25 -0.28 -0.27 10092009 00
 -0.29 -0.29 -0.27 -0.25 -0.26 -0.27 -0.30 -0.30 -0.29 -0.29 -0.31 -0.34 10092009 12
 -0.35 -0.36 -0.34 -0.30 -0.27 -0.27 -0.27 -0.27 -0.25 -0.22 -0.21 -0.22 11092009 00
 -0.22 -0.24 -0.25 -0.23 -0.22 -0.23 -0.24 -0.26 -0.26 -0.25 -0.24 -0.26 11092009 12
 -0.29 -0.30 -0.29 -0.27 -0.23 -0.21 -0.21 -0.21 -0.21 -0.18 -0.16 -0.16 12092009 00
 -0.19 -0.20 -0.20 -0.19 -0.18 -0.17 -0.18 -0.20 -0.21 -0.21 -0.20 -0.19 12092009 12
 -0.21 -0.23 -0.23 -0.23 -0.22 -0.21 -0.21 -0.21 -0.21 -0.21 -0.20 -0.20 13092009 00
 -0.21 -0.23 -0.23 -0.21 -0.20 -0.17 -0.15 -0.15 -0.17 -0.19 -0.20 -0.18 13092009 12
 -0.17 -0.19 -0.22 -0.23 -0.24 -0.22 -0.20 -0.19 -0.19 -0.19 -0.20 -0.19 14092009 00
 -0.18 -0.18 -0.20 -0.23 -0.24 -0.23 -0.22 -0.21 -0.21 -0.23 -0.24 -0.24 14092009 12
 -0.23 -0.21 -0.20 -0.23 -0.25 -0.25 -0.24 -0.21 -0.19 -0.18 -0.21 -0.23 15092009 00
 -0.23 -0.22 -0.21 -0.23 -0.27 -0.30 -0.32 -0.32 -0.31 -0.29 -0.30 -0.31 15092009 12
 -0.33 -0.32 -0.30 -0.29 -0.33 -0.38 -0.38 -0.37 -0.33 -0.28 -0.24 -0.26 16092009 00
 -0.25 -0.26 -0.25 -0.22 -0.22 -0.25 -0.27 -0.26 -0.27 -0.25 -0.22 -0.22 16092009 12
 -0.22 -0.23 -0.22 -0.19 -0.19 -0.20 -0.22 -0.19 -0.19 -0.17 -0.14 -0.12 17092009 00
 -0.12 -0.12 -0.14 -0.14 -0.14 -0.16 -0.18 -0.19 -0.18 -0.18 -0.16 -0.13 17092009 12
 -0.12 -0.11 -0.12 -0.12 -0.11 -0.10 -0.11 -0.09 -0.10 -0.10 -0.09 -0.08 18092009 00
 -0.05 -0.06 -0.06 -0.07 -0.07 -0.07 -0.06 -0.07 -0.07 -0.08 -0.08 -0.06 18092009 12
 -0.03 -0.03 -0.03 -0.04 -0.03 -0.03 -0.03 -0.04 -0.05 -0.04 -0.02 -0.01 19092009 00
  0.01  0.02  0.03  0.04  0.04  0.04  0.02 -0.03 -0.06 -0.06 -0.06 -0.07 19092009 12
 -0.08 -0.11 -0.13 -0.12 -0.12 -0.13 -0.15 -0.18 -0.19 -0.19 -0.18 -0.17 20092009 00
 -0.16 -0.12 -0.11 -0.11 -0.12 -0.11 -0.09 -0.09 -0.09 -0.08 -0.06 -0.06 20092009 12
 -0.04 -0.00  0.01  0.00 -0.00  0.00 -0.00 -0.03 -0.06 -0.07 -0.04 -0.03 21092009 00
 -0.02 -0.01  0.02  0.04  0.05  0.05  0.06  0.08  0.12  0.15  0.13  0.16 21092009 12
  0.17  0.16  0.15  0.18  0.18  0.22  0.21  0.19  0.19  0.16  0.12  0.10 22092009 00
  0.10  0.07  0.03  0.02  0.01  0.02  0.00 -0.03 -0.04 -0.03 -0.03 -0.03 22092009 12
 -0.03 -0.04 -0.04 -0.03 -0.03 -0.02 -0.02 -0.02 -0.03 -0.04 -0.05 -0.06 23092009 00
 -0.06 -0.05 -0.04 -0.02 -0.01 -0.00  0.01  0.02  0.01 -0.02 -0.05 -0.06 23092009 12
 -0.05 -0.05 -0.05 -0.05 -0.08 -0.10 -0.10 -0.10 -0.10 -0.10 -0.10 -0.09 24092009 00
 -0.09 -0.09 -0.08 -0.05 -0.06 -0.08 -0.09 -0.09 -0.07 -0.07 -0.08 -0.09 24092009 12
 -0.09 -0.09 -0.08 -0.07 -0.07 -0.09 -0.10 -0.11 -0.11 -0.10 -0.11 -0.12 25092009 00
 -0.13 -0.13 -0.12 -0.10 -0.09 -0.10 -0.11 -0.11 -0.10 -0.08 -0.08 -0.10 25092009 12
 -0.10 -0.10 -0.10 -0.10 -0.11 -0.13 -0.15 -0.16 -0.17 -0.17 -0.17 -0.17 26092009 00
 -0.18 -0.19 -0.18 -0.16 -0.15 -0.14 -0.14 -0.15 -0.14 -0.12 -0.11 -0.11 26092009 12
 -0.13 -0.13 -0.13 -0.12 -0.11 -0.11 -0.12 -0.13 -0.13 -0.12 -0.12 -0.11 27092009 00
 -0.11 -0.14 -0.14 -0.13 -0.11 -0.11 -0.12 -0.13 -0.14 -0.14 -0.11 -0.09 27092009 12
 -0.09 -0.11 -0.12 -0.11 -0.12 -0.13 -0.12 -0.13 -0.14 -0.13 -0.12 -0.09 28092009 00
 -0.06 -0.04 -0.05 -0.07 -0.10 -0.10 -0.09 -0.08 -0.06 -0.08 -0.07 -0.07 28092009 12
 -0.06 -0.06 -0.05 -0.05 -0.06 -0.08 -0.08 -0.07 -0.06 -0.06 -0.07 -0.07 29092009 00
 -0.08 -0.08 -0.07 -0.08 -0.12 -0.14 -0.14 -0.13 -0.09 -0.06 -0.06 -0.07 29092009 12
 -0.09 -0.08 -0.06 -0.06 -0.08 -0.10 -0.11 -0.12 -0.10 -0.07 -0.04 -0.02 30092009 00
 -0.03 -0.04 -0.03 -0.02 -0.04 -0.06 -0.06 -0.05 -0.04 -0.03 -0.02 -0.02 30092009 12
 -0.03 -0.03 -0.03 -0.02 -0.04 -0.08 -0.12 -0.15 -0.13 -0.11 -0.10 -0.10 01102009 00
 -0.12 -0.13 -0.12 -0.08 -0.05 -0.05 -0.07 -0.07 -0.08 -0.09 -0.08 -0.07 01102009 12
 -0.05 -0.03 -0.03 -0.04 -0.04 -0.04 -0.05 -0.04 -0.03 -0.02  0.00  0.01 02102009 00
  0.00  0.01  0.03  0.06  0.07  0.08  0.07  0.07  0.06  0.06  0.05  0.07 02102009 12
  0.10  0.14  0.20  0.29  0.33  0.35  0.42  0.47  0.49  0.50  0.50  0.47 03102009 00
  0.46  0.40  0.44  0.51  0.49  0.39  0.27  0.14  0.09  0.12  0.11  0.05 03102009 12
  0.02 -0.02 -0.01  0.02  0.03  0.02  0.01  0.00 -0.01 -0.02 -0.03 -0.02 04102009 00
 -0.00  0.02  0.05  0.07  0.08  0.09  0.09  0.08  0.07  0.07  0.07  0.06 04102009 12
  0.04  0.03  0.03  0.03  0.03  0.03  0.02  0.02  0.02  0.02  0.02  0.01 05102009 00
  0.00  0.01  0.03  0.04  0.05  0.05  0.05  0.05  0.05  0.04  0.05  0.05 05102009 12
  0.05  0.06  0.08  0.09  0.12  0.14  0.17  0.20  0.23  0.25  0.25  0.25 06102009 00
  0.26  0.24  0.26  0.25  0.27  0.26  0.23  0.19  0.15  0.11  0.08  0.04 06102009 12
  0.01 -0.05 -0.08 -0.07 -0.06 -0.07 -0.07 -0.09 -0.12 -0.12 -0.10 -0.07 07102009 00
 -0.04 -0.00  0.02  0.01  0.03  0.02  0.03  0.02 -0.01 -0.03 -0.03 -0.01 07102009 12
  0.01  0.03  0.06  0.08  0.08  0.09  0.09  0.06  0.03 -0.02 -0.04 -0.04 08102009 00
 -0.05 -0.05 -0.04 -0.04 -0.06 -0.07 -0.08 -0.09 -0.12 -0.16 -0.18 -0.17 08102009 12
 -0.16 -0.14 -0.11 -0.08 -0.10 -0.10 -0.11 -0.09 -0.08 -0.09 -0.10 -0.11 09102009 00
 -0.10 -0.06 -0.02  0.03  0.07  0.09  0.09  0.11  0.14  0.16  0.17  0.16 09102009 12
  0.16  0.16  0.15  0.12  0.11  0.09  0.07  0.03 -0.02 -0.05 -0.09 -0.13 10102009 00
 -0.13 -0.10 -0.05 -0.00  0.03  0.03  0.02  0.00 -0.01 -0.03 -0.05 -0.07 10102009 12
 -0.05 -0.01  0.03  0.06  0.09  0.10  0.11  0.11  0.12  0.12  0.11  0.09 11102009 00
  0.08  0.10  0.11  0.13  0.16  0.15  0.10  0.03 -0.03 -0.07 -0.14 -0.24 11102009 12
 -0.34 -0.38 -0.34 -0.27 -0.19 -0.13 -0.10 -0.11 -0.13 -0.15 -0.16 -0.15 12102009 00
 -0.16 -0.17 -0.14 -0.10 -0.07 -0.04 -0.04 -0.06 -0.10 -0.13 -0.15 -0.16 12102009 12
 -0.19 -0.22 -0.24 -0.21 -0.18 -0.16 -0.14 -0.13 -0.16 -0.19 -0.23 -0.23 13102009 00
 -0.20 -0.18 -0.16 -0.15 -0.11 -0.09 -0.08 -0.07 -0.10 -0.15 -0.18 -0.20 13102009 12
 -0.20 -0.19 -0.19 -0.20 -0.18 -0.15 -0.13 -0.12 -0.13 -0.16 -0.20 -0.22 14102009 00
 -0.22 -0.22 -0.20 -0.18 -0.17 -0.14 -0.13 -0.13 -0.14 -0.17 -0.20 -0.22 14102009 12
 -0.23 -0.22 -0.21 -0.20 -0.17 -0.15 -0.14 -0.15 -0.16 -0.17 -0.19 -0.23 15102009 00
 -0.25 -0.26 -0.24 -0.22 -0.20 -0.18 -0.16 -0.17 -0.17 -0.17 -0.20 -0.22 15102009 12
 -0.24 -0.26 -0.25 -0.25 -0.26 -0.27 -0.24 -0.24 -0.23 -0.25 -0.26 -0.26 16102009 00
 -0.30 -0.31 -0.32 -0.29 -0.28 -0.26 -0.27 -0.24 -0.25 -0.27 -0.25 -0.23 16102009 12
 -0.26 -0.25 -0.27 -0.25 -0.23 -0.21 -0.20 -0.20 -0.15 -0.17 -0.18 -0.16 17102009 00
 -0.18 -0.21 -0.22 -0.21 -0.20 -0.19 -0.18 -0.15 -0.16 -0.16 -0.17 -0.15 17102009 12
 -0.13 -0.15 -0.15 -0.15 -0.15 -0.13 -0.11 -0.08 -0.03 -0.04 -0.05 -0.06 18102009 00
 -0.06 -0.06 -0.06 -0.06 -0.06 -0.07 -0.06 -0.05 -0.05 -0.04 -0.06 -0.07 18102009 12
 -0.07 -0.06 -0.05 -0.04 -0.04 -0.02  0.02  0.08  0.10  0.09  0.07  0.06 19102009 00
  0.04  0.04  0.06  0.06  0.07  0.08  0.13  0.21  0.28  0.26  0.23  0.19 19102009 12
  0.18  0.15  0.18  0.15  0.14  0.11  0.11  0.18  0.23  0.21  0.14  0.13 20102009 00
  0.11  0.06  0.08  0.07  0.08  0.08  0.09  0.14  0.23  0.26  0.26  0.26 20102009 12
  0.24  0.20  0.20  0.23  0.24  0.24  0.23  0.26  0.35  0.42  0.37  0.33 21102009 00
  0.27  0.20  0.17  0.20  0.19  0.19  0.17  0.18  0.26  0.33  0.34  0.30 21102009 12
  0.27  0.22  0.17  0.19  0.17  0.18  0.14  0.13  0.16  0.21  0.23  0.22 22102009 00
  0.21  0.17  0.13  0.14  0.13  0.14  0.13  0.12  0.12  0.14  0.15  0.16 22102009 12
  0.16  0.15  0.13  0.10  0.09  0.09  0.09  0.09  0.08  0.09  0.12  0.12 23102009 00
  0.12  0.11  0.10  0.09  0.09  0.08  0.07  0.06  0.06  0.07  0.09  0.10 23102009 12
  0.10  0.09  0.05  0.02 -0.00 -0.01  0.02  0.04  0.05  0.10  0.21  0.33 24102009 00
  0.38  0.37  0.35  0.35  0.40  0.46  0.51  0.52  0.50  0.53  0.55  0.55 24102009 12
  0.58  0.60  0.56  0.52  0.48  0.42  0.37  0.36  0.30  0.18  0.11  0.14 25102009 00
  0.15  0.12  0.10  0.08  0.11  0.15  0.16  0.19  0.23  0.23  0.19  0.16 25102009 12
  0.13  0.12  0.09  0.05  0.02  0.00 -0.02 -0.06 -0.09 -0.10 -0.10 -0.07 26102009 00
 -0.02  0.01  0.02  0.01 -0.02 -0.05 -0.06 -0.07 -0.08 -0.10 -0.11 -0.11 26102009 12
 -0.09 -0.04  0.01  0.06  0.06  0.05  0.03  0.02  0.04  0.06  0.10  0.14 27102009 00
  0.16  0.20  0.26  0.27  0.25  0.22  0.18  0.16  0.15  0.15  0.16  0.17 27102009 12
  0.19  0.23  0.27  0.27  0.24  0.19  0.13  0.08  0.05  0.03  0.05  0.06 28102009 00
  0.06  0.04  0.04  0.06  0.04  0.02 -0.00 -0.05 -0.08 -0.11 -0.11 -0.09 28102009 12
 -0.06 -0.05 -0.04 -0.00  0.03  0.02 -0.00 -0.02 -0.03 -0.03  0.00  0.02 29102009 00
  0.03  0.04  0.04  0.06  0.09  0.08  0.06  0.03 -0.01 -0.04 -0.04 -0.04 29102009 12
 -0.03 -0.02 -0.01 -0.00  0.01  0.00 -0.02 -0.03 -0.06 -0.06 -0.03 -0.01 30102009 00
  0.01  0.01  0.02  0.06  0.12  0.17  0.15  0.12  0.11  0.08  0.09  0.11 30102009 12
  0.11  0.13  0.14  0.15  0.14  0.11  0.08  0.06  0.04  0.02 -0.01 -0.01 31102009 00
  0.01  0.03  0.05  0.05  0.05  0.05  0.03  0.00 -0.01 -0.03 -0.04 -0.03 31102009 12
 -0.02 -0.00  0.02  0.02 -0.00  0.01  0.05  0.08  0.07  0.05  0.06  0.18 01112009 00
  0.41  0.57  0.61  0.59  0.55  0.47  0.37  0.29  0.26  0.29  0.31  0.31 01112009 12
  0.31  0.29  0.32  0.36  0.36  0.29  0.18  0.09  0.07  0.09  0.07  0.06 02112009 00
  0.07  0.06  0.10  0.14  0.16  0.15  0.13  0.11  0.08  0.07  0.06  0.02 02112009 12
  0.01  0.05  0.07  0.10  0.13  0.17  0.26  0.33  0.37  0.39  0.45  0.44 03112009 00
  0.40  0.44  0.44  0.48  0.45  0.38  0.31  0.23  0.15  0.15  0.18  0.19 03112009 12
  0.21  0.23  0.24  0.26  0.27  0.26  0.24  0.20  0.16  0.11  0.14  0.17 04112009 00
  0.20  0.21  0.24  0.25  0.27  0.26  0.23  0.18  0.13  0.11  0.07  0.07 04112009 12
  0.06  0.06  0.10  0.12  0.15  0.16  0.14  0.08  0.05  0.04  0.06  0.10 05112009 00
  0.12  0.13  0.14  0.14  0.13  0.11  0.09  0.05  0.00 -0.04 -0.06 -0.06 05112009 12
 -0.05 -0.03  0.00  0.03  0.03  0.02  0.02  0.03  0.04  0.07  0.10  0.13 06112009 00
  0.17  0.23  0.33  0.45  0.51  0.50  0.44  0.35  0.26  0.21  0.22  0.26 06112009 12
  0.30  0.28  0.26  0.24  0.22  0.22  0.20  0.17  0.13  0.10  0.09  0.11 07112009 00
  0.13  0.18  0.19  0.21  0.21  0.21  0.21  0.19  0.13  0.05 -0.06 -0.13 07112009 12
 -0.14 -0.15 -0.20 -0.23 -0.29 -0.35 -0.37 -0.38 -0.39 -0.41 -0.46 -0.51 08112009 00
 -0.50 -0.45 -0.39 -0.31 -0.27 -0.30 -0.32 -0.33 -0.33 -0.32 -0.36 -0.41 08112009 12
 -0.37 -0.35 -0.33 -0.26 -0.21 -0.21 -0.20 -0.25 -0.27 -0.26 -0.25 -0.26 09112009 00
 -0.26 -0.23 -0.20 -0.16 -0.12 -0.08 -0.07 -0.09 -0.12 -0.11 -0.07 -0.03 09112009 12
  0.04  0.11  0.15  0.15  0.16  0.14  0.12  0.07  0.01 -0.07 -0.12 -0.14 10112009 00
 -0.17 -0.18 -0.16 -0.09 -0.04 -0.03 -0.05 -0.07 -0.08 -0.07 -0.06 -0.05 10112009 12
 -0.03  0.01  0.05  0.08  0.08  0.07  0.06  0.03 -0.00 -0.03 -0.04 -0.04 11112009 00
 -0.05 -0.02  0.04  0.10  0.13  0.13  0.12  0.09  0.06  0.03  0.01  0.01 11112009 12
  0.03  0.08  0.19  0.37  0.46  0.44  0.39  0.33  0.23  0.23  0.26  0.28 12112009 00
  0.26  0.26  0.36  0.58  0.68  0.63  0.54  0.40  0.27  0.24  0.21  0.20 12112009 12
  0.21  0.20  0.23  0.34  0.45  0.51  0.53  0.46  0.34  0.20  0.15  0.17 13112009 00
  0.22  0.22  0.16  0.13  0.14  0.14  0.13  0.11  0.08  0.10  0.19  0.40 13112009 12
  0.63  0.76  0.84  0.89  0.97  1.09  1.07  0.97  0.85  0.71  0.60  0.66 14112009 00
  0.68  0.69  0.64  0.56  0.50  0.41  0.29  0.26  0.26  0.22  0.14  0.13 14112009 12
  0.18  0.24  0.25  0.23  0.22  0.26  0.31  0.33  0.29  0.23  0.15  0.09 15112009 00
  0.12  0.13  0.16  0.17  0.17  0.22  0.31  0.31  0.31  0.29  0.25  0.20 15112009 12
  0.21  0.20  0.23  0.22  0.19  0.19  0.26  0.35  0.36  0.37  0.34  0.36 16112009 00
  0.44  0.47  0.41  0.42  0.41  0.42  0.49  0.52  0.51  0.49  0.50  0.45 16112009 12
  0.41  0.46  0.47  0.51  0.49  0.45  0.41  0.35  0.25  0.25  0.24  0.18 17112009 00
  0.12  0.13  0.12  0.18  0.21  0.30  0.43  0.52  0.50  0.45  0.45  0.42 17112009 12
  0.36  0.38  0.41  0.48  0.52  0.59  0.70  0.76  0.69  0.65  0.59  0.51 18112009 00
  0.37  0.27  0.24  0.24  0.23  0.16  0.10  0.13  0.20  0.23  0.33  0.43 18112009 12
  0.51  0.55  0.62  0.65  0.69  0.68  0.63  0.64  0.72  0.76  0.74  0.76 19112009 00
  0.70  0.60  0.64  0.67  0.75  0.77  0.70  0.68  0.78  0.79  0.71  0.61 19112009 12
  0.52  0.41  0.43  0.51  0.55  0.55  0.46  0.39  0.42  0.46  0.44  0.44 20112009 00
  0.39  0.30  0.24  0.23  0.23  0.25  0.22  0.15  0.08  0.03 -0.01 -0.01 20112009 12
  0.00 -0.02 -0.05 -0.06 -0.08 -0.08 -0.06 -0.05 -0.04 -0.00  0.08  0.17 21112009 00
  0.22  0.27  0.37  0.49  0.56  0.54  0.48  0.46  0.49  0.58  0.72  0.78 21112009 12
  0.75  0.69  0.64  0.65  0.70  0.74  0.76  0.71  0.63  0.60  0.62  0.61 22112009 00
  0.65  0.66  0.56  0.50  0.51  0.54  0.61  0.69  0.72  0.81  0.92  0.92 22112009 12
  0.87  0.75  0.53  0.42  0.35  0.28  0.27  0.24  0.15  0.08  0.07  0.11 23112009 00
  0.15  0.23  0.28  0.32  0.33  0.30  0.25  0.21  0.18  0.13  0.06  0.04 23112009 12
  0.06  0.10  0.10  0.10  0.11  0.14  0.18  0.24  0.28  0.33  0.38  0.46 24112009 00
  0.53  0.51  0.51  0.52  0.55  0.62  0.71  0.83  0.93  0.97  0.96  0.94 24112009 12
  0.84  0.72  0.69  0.60  0.45  0.37  0.36  0.38  0.44  0.56  0.76  1.04 25112009 00
  1.32  1.37  1.24  1.09  0.89  0.68  0.51  0.35  0.30  0.30  0.19  0.10 25112009 12
  0.09  0.11  0.15  0.26  0.34  0.40  0.44  0.45  0.43  0.43  0.43  0.42 26112009 00
  0.38  0.28  0.18  0.12  0.10  0.09  0.11  0.14  0.18  0.25  0.31  0.34 26112009 12
  0.34  0.35  0.38  0.39  0.37  0.32  0.25  0.17  0.12  0.10  0.12  0.14 27112009 00
  0.11  0.05  0.03  0.02 -0.01 -0.03 -0.03 -0.02  0.01  0.07  0.12  0.16 27112009 12
  0.18  0.19  0.20  0.23  0.26  0.24  0.20  0.14  0.10  0.09  0.10  0.12 28112009 00
  0.11  0.09  0.07  0.05  0.04  0.03  0.05  0.08  0.10  0.12  0.14  0.16 28112009 12
  0.16  0.12  0.06 -0.03 -0.13 -0.20 -0.22 -0.20 -0.17 -0.13 -0.12 -0.09 29112009 00
 -0.05  0.01  0.05  0.05 -0.01 -0.10 -0.12 -0.12 -0.12 -0.12 -0.17 -0.24 29112009 12
 -0.23 -0.20 -0.18 -0.19 -0.25 -0.32 -0.29 -0.27 -0.24 -0.20 -0.17 -0.19 30112009 00
 -0.19 -0.20 -0.18 -0.16 -0.17 -0.22 -0.25 -0.23 -0.21 -0.17 -0.12 -0.09 30112009 12
 -0.08 -0.07 -0.06 -0.04 -0.04 -0.06 -0.10 -0.10 -0.09 -0.06 -0.03  0.01 01122009 00
  0.04  0.06  0.06  0.08  0.13  0.21  0.32  0.37  0.36  0.33  0.30  0.25 01122009 12
  0.27  0.26  0.27  0.26  0.24  0.24  0.24  0.24  0.20  0.25  0.26  0.25 02122009 00
  0.27  0.30  0.30  0.29  0.27  0.24  0.20  0.14  0.10  0.08  0.08  0.07 02122009 12
  0.06  0.08  0.10  0.14  0.17  0.21  0.26  0.26  0.20  0.19  0.22  0.24 03122009 00
  0.20  0.17  0.17  0.19  0.20  0.18  0.12  0.02 -0.04 -0.06 -0.02  0.01 03122009 12
  0.03  0.03  0.01  0.01 -0.01 -0.02 -0.04 -0.06 -0.08 -0.05 -0.03 -0.00 04122009 00
  0.02  0.05  0.05  0.05  0.03  0.00 -0.02 -0.04 -0.03  0.01  0.06  0.08 04122009 12
  0.12  0.19  0.26  0.30  0.30  0.33  0.35  0.35  0.37  0.36  0.34  0.31 05122009 00
  0.33  0.29  0.24  0.28  0.25  0.24  0.20  0.21  0.30  0.47  0.52  0.52 05122009 12
  0.50  0.52  0.48  0.49  0.51  0.50  0.46  0.40  0.38  0.45  0.57  0.66 06122009 00
  0.71  0.72  0.71  0.70  0.70  0.70  0.71  0.66  0.59  0.55  0.51  0.42 06122009 12
  0.42  0.43  0.42  0.39  0.42  0.39  0.42  0.44  0.45  0.49  0.60  0.65 07122009 00
  0.62  0.59  0.53  0.41  0.34  0.28  0.22  0.18  0.13  0.09  0.11  0.14 07122009 12
  0.17  0.23  0.24  0.26  0.25  0.23  0.19  0.17  0.13  0.10  0.08  0.08 08122009 00
  0.10  0.11  0.13  0.14  0.15  0.16  0.18  0.20  0.22  0.24  0.26  0.31 08122009 12
  0.36  0.36  0.34  0.34  0.31  0.25  0.22  0.19  0.18  0.15  0.11  0.09 09122009 00
  0.13  0.17  0.19  0.20  0.17  0.12  0.07  0.03  0.01  0.02  0.04  0.06 09122009 12
  0.11  0.14  0.13  0.14  0.12  0.09  0.02 -0.03 -0.06 -0.09 -0.12 -0.14 10122009 00
 -0.16 -0.15 -0.13 -0.11 -0.10 -0.10 -0.10 -0.13 -0.17 -0.18 -0.17 -0.17 10122009 12
 -0.15 -0.12 -0.10 -0.07 -0.06 -0.08 -0.10 -0.12 -0.15 -0.17 -0.18 -0.18 11122009 00
 -0.17 -0.14 -0.08 -0.02  0.00 -0.01 -0.03 -0.04 -0.07 -0.08 -0.10 -0.12 11122009 12
 -0.12 -0.11 -0.09 -0.08 -0.08 -0.09 -0.10 -0.10 -0.10 -0.11 -0.12 -0.13 12122009 00
 -0.13 -0.12 -0.11 -0.10 -0.11 -0.13 -0.14 -0.15 -0.16 -0.17 -0.19 -0.20 12122009 12
 -0.18 -0.17 -0.14 -0.12 -0.11 -0.12 -0.12 -0.14 -0.14 -0.15 -0.16 -0.20 13122009 00
 -0.21 -0.21 -0.19 -0.18 -0.19 -0.22 -0.23 -0.22 -0.22 -0.21 -0.19 -0.21 13122009 12
 -0.22 -0.23 -0.21 -0.18 -0.16 -0.17 -0.16 -0.17 -0.17 -0.16 -0.14 -0.14 14122009 00
 -0.16 -0.17 -0.17 -0.14 -0.12 -0.13 -0.14 -0.14 -0.15 -0.14 -0.15 -0.15 14122009 12
 -0.15 -0.16 -0.17 -0.16 -0.16 -0.15 -0.16 -0.17 -0.17 -0.20 -0.19 -0.17 15122009 00
 -0.18 -0.19 -0.21 -0.22 -0.22 -0.22 -0.21 -0.22 -0.22 -0.22 -0.21 -0.17 15122009 12
 -0.17 -0.17 -0.17 -0.19 -0.18 -0.15 -0.12 -0.11 -0.09 -0.09 -0.08 -0.07 16122009 00
 -0.07 -0.07 -0.05 -0.03 -0.02 -0.01  0.00  0.01  0.01 -0.00 -0.02 -0.04 16122009 12
 -0.07 -0.10 -0.11 -0.13 -0.14 -0.15 -0.15 -0.13 -0.12 -0.12 -0.14 -0.13 17122009 00
 -0.14 -0.16 -0.16 -0.16 -0.16 -0.17 -0.18 -0.16 -0.14 -0.15 -0.15 -0.19 17122009 12
 -0.21 -0.23 -0.28 -0.29 -0.32 -0.33 -0.32 -0.32 -0.32 -0.30 -0.29 -0.28 18122009 00
 -0.28 -0.25 -0.26 -0.23 -0.23 -0.22 -0.21 -0.21 -0.22 -0.21 -0.18 -0.20 18122009 12
 -0.19 -0.19 -0.20 -0.23 -0.25 -0.23 -0.21 -0.19 -0.15 -0.12 -0.09 -0.07 19122009 00
 -0.06 -0.02  0.01  0.02  0.05  0.09  0.13  0.18  0.18  0.12  0.06  0.03 19122009 12
  0.03  0.01 -0.02 -0.04 -0.06 -0.06 -0.05 -0.03 -0.03  0.01  0.06  0.10 20122009 00
  0.13  0.17  0.22  0.22  0.23  0.26  0.27  0.25  0.24  0.26  0.26  0.28 20122009 12
  0.27  0.24  0.24  0.21  0.19  0.18  0.18  0.17  0.15  0.17  0.22  0.23 21122009 00
  0.23  0.22  0.17  0.13  0.12  0.11  0.13  0.15  0.17  0.23  0.32  0.37 21122009 12
  0.38  0.36  0.33  0.29  0.29  0.29  0.31  0.32  0.32  0.35  0.41  0.44 22122009 00
  0.42  0.40  0.38  0.35  0.33  0.32  0.33  0.34  0.33  0.35  0.42  0.51 22122009 12
  0.53  0.49  0.42  0.34  0.30  0.30  0.29  0.29  0.28  0.26  0.26  0.29 23122009 00
  0.29  0.29  0.29  0.25  0.19  0.16  0.15  0.16  0.17  0.16  0.18  0.23 23122009 12
  0.27  0.28  0.27  0.22  0.16  0.14  0.16  0.19  0.23  0.23  0.22  0.23 24122009 00
  0.26  0.25  0.25  0.23  0.18  0.14  0.11  0.12  0.16  0.18  0.18  0.20 24122009 12
  0.24  0.26  0.27  0.26  0.21  0.16  0.14  0.14  0.16  0.20  0.20  0.18 25122009 00
  0.19  0.21  0.20  0.19  0.17  0.16  0.16  0.19  0.23  0.28  0.32  0.35 25122009 12
  0.38  0.40  0.37  0.33  0.28  0.23  0.19  0.20  0.22  0.25  0.27  0.28 26122009 00
  0.28  0.31  0.31  0.29  0.27  0.23  0.22  0.23  0.25  0.27  0.29  0.31 26122009 12
  0.32  0.33  0.35  0.35  0.34  0.28  0.23  0.21  0.23  0.26  0.27  0.24 27122009 00
  0.18  0.09  0.01 -0.05 -0.08 -0.08 -0.09 -0.11 -0.10 -0.08 -0.05 -0.02 27122009 12
 -0.00  0.01  0.00 -0.01 -0.02 -0.01  0.01  0.03  0.03  0.06  0.10  0.13 28122009 00
  0.16  0.16  0.15  0.15  0.15  0.16  0.15  0.15  0.15  0.14  0.13  0.13 28122009 12
  0.12  0.11  0.10  0.08  0.05  0.02  0.01  0.02  0.03  0.03  0.03  0.04 29122009 00
  0.04  0.02 -0.00 -0.03 -0.05 -0.04 -0.03 -0.02 -0.02  0.01  0.06  0.11 29122009 12
  0.13  0.12  0.10  0.10  0.07  0.03  0.02  0.03  0.03  0.02 -0.01 -0.03 30122009 00
 -0.04 -0.06 -0.09 -0.12 -0.16 -0.18 -0.18 -0.15 -0.16 -0.18 -0.18 -0.14 30122009 12
 -0.12 -0.09 -0.11 -0.13 -0.15 -0.17 -0.18 -0.16 -0.16 -0.15 -0.13 -0.10 31122009 00
 -0.08 -0.05 -0.05 -0.06 -0.07 -0.06 -0.06 -0.06 -0.04 -0.04 -0.03 -0.00 31122009 12
