Parameter Z: CS3X Location (100, 86) Lat 53.500 Lon -3.417
 -0.04 -0.02 -0.02 -0.03 -0.06 -0.09 -0.10 -0.10 -0.08 -0.07 -0.07 -0.07 01012011 00
 -0.09 -0.11 -0.11 -0.12 -0.13 -0.16 -0.16 -0.17 -0.17 -0.16 -0.14 -0.15 01012011 12
 -0.16 -0.18 -0.19 -0.18 -0.20 -0.23 -0.23 -0.22 -0.20 -0.18 -0.16 -0.15 02012011 00
 -0.15 -0.16 -0.16 -0.15 -0.14 -0.15 -0.18 -0.19 -0.20 -0.18 -0.17 -0.14 02012011 12
 -0.15 -0.15 -0.16 -0.16 -0.15 -0.15 -0.15 -0.15 -0.13 -0.15 -0.13 -0.10 03012011 00
 -0.09 -0.07 -0.08 -0.08 -0.07 -0.07 -0.07 -0.08 -0.07 -0.06 -0.04 -0.01 03012011 12
  0.02  0.02  0.03  0.05  0.08  0.10  0.10  0.10  0.09  0.11  0.10  0.10 04012011 00
  0.11  0.14  0.13  0.15  0.17  0.18  0.20  0.22  0.23  0.22  0.26  0.26 04012011 12
  0.29  0.34  0.35  0.36  0.36  0.34  0.33  0.33  0.34  0.34  0.32  0.28 05012011 00
  0.21  0.20  0.22  0.25  0.26  0.25  0.27  0.30  0.30  0.25  0.26  0.24 05012011 12
  0.21  0.17  0.19  0.19  0.21  0.19  0.18  0.17  0.17  0.17  0.16  0.17 06012011 00
  0.17  0.17  0.18  0.19  0.21  0.18  0.15  0.12  0.09  0.09  0.08  0.09 06012011 12
  0.08  0.05  0.03  0.04  0.04  0.07  0.09  0.11  0.12  0.13  0.12  0.10 07012011 00
  0.10  0.08  0.09  0.12  0.13  0.15  0.17  0.20  0.28  0.39  0.43  0.43 07012011 12
  0.40  0.37  0.33  0.33  0.34  0.38  0.38  0.32  0.28  0.27  0.25  0.23 08012011 00
  0.24  0.22  0.17  0.18  0.17  0.21  0.27  0.31  0.33  0.36  0.40  0.47 08012011 12
  0.52  0.46  0.33  0.23  0.29  0.32  0.34  0.32  0.25  0.18  0.10  0.05 09012011 00
  0.05  0.08  0.07  0.06  0.04  0.03  0.02 -0.00 -0.02 -0.02  0.00  0.04 09012011 12
  0.07  0.09  0.09  0.08  0.09  0.11  0.14  0.18  0.21  0.27  0.35  0.39 10012011 00
  0.37  0.33  0.31  0.29  0.31  0.34  0.35  0.33  0.27  0.23  0.24  0.28 10012011 12
  0.28  0.29  0.28  0.24  0.23  0.28  0.31  0.32  0.28  0.18  0.06 -0.04 11012011 00
 -0.09 -0.12 -0.14 -0.17 -0.18 -0.18 -0.15 -0.12 -0.10 -0.09 -0.07 -0.02 11012011 12
  0.02  0.06  0.06  0.06  0.04  0.07  0.16  0.26  0.33  0.35  0.35  0.34 12012011 00
  0.33  0.28  0.27  0.27  0.22  0.18  0.14  0.11  0.08  0.05  0.02  0.03 12012011 12
  0.08  0.11  0.13  0.11  0.09  0.10  0.16  0.24  0.28  0.29  0.28  0.26 13012011 00
  0.22  0.18  0.15  0.15  0.13  0.10  0.08  0.06  0.06  0.08  0.09  0.10 13012011 12
  0.13  0.19  0.21  0.21  0.17  0.16  0.18  0.23  0.27  0.29  0.30  0.30 14012011 00
  0.29  0.29  0.33  0.37  0.37  0.35  0.35  0.30  0.24  0.20  0.16  0.14 14012011 12
  0.10  0.06  0.07  0.11  0.14  0.20  0.34  0.43  0.56  0.67  0.73  0.75 15012011 00
  0.67  0.59  0.60  0.62  0.59  0.55  0.50  0.43  0.37  0.35  0.35  0.39 15012011 12
  0.44  0.46  0.47  0.49  0.48  0.45  0.41  0.35  0.35  0.39  0.38  0.35 16012011 00
  0.31  0.27  0.22  0.19  0.18  0.15  0.16  0.18  0.15  0.12  0.13  0.14 16012011 12
  0.17  0.19  0.18  0.15  0.10  0.06  0.03  0.01 -0.00 -0.03 -0.05 -0.06 17012011 00
 -0.07 -0.06 -0.05 -0.04 -0.04 -0.04 -0.04 -0.02 -0.02 -0.01 -0.01 -0.03 17012011 12
 -0.06 -0.08 -0.09 -0.10 -0.12 -0.16 -0.19 -0.20 -0.17 -0.13 -0.10 -0.09 18012011 00
 -0.10 -0.12 -0.12 -0.11 -0.11 -0.15 -0.21 -0.22 -0.21 -0.20 -0.19 -0.18 18012011 12
 -0.19 -0.19 -0.20 -0.19 -0.19 -0.20 -0.21 -0.24 -0.21 -0.23 -0.21 -0.18 19012011 00
 -0.16 -0.17 -0.17 -0.18 -0.18 -0.18 -0.19 -0.22 -0.23 -0.22 -0.22 -0.21 19012011 12
 -0.16 -0.17 -0.17 -0.19 -0.19 -0.18 -0.19 -0.21 -0.21 -0.21 -0.22 -0.22 20012011 00
 -0.18 -0.18 -0.20 -0.19 -0.19 -0.19 -0.21 -0.24 -0.24 -0.26 -0.25 -0.24 20012011 12
 -0.22 -0.18 -0.20 -0.20 -0.22 -0.22 -0.21 -0.23 -0.28 -0.28 -0.28 -0.29 21012011 00
 -0.28 -0.23 -0.25 -0.24 -0.25 -0.26 -0.26 -0.28 -0.34 -0.39 -0.35 -0.35 21012011 12
 -0.34 -0.31 -0.27 -0.32 -0.31 -0.34 -0.31 -0.31 -0.36 -0.35 -0.38 -0.34 22012011 00
 -0.34 -0.31 -0.26 -0.29 -0.28 -0.31 -0.30 -0.30 -0.33 -0.40 -0.41 -0.38 22012011 12
 -0.37 -0.36 -0.31 -0.29 -0.34 -0.32 -0.33 -0.31 -0.32 -0.36 -0.41 -0.35 23012011 00
 -0.33 -0.34 -0.29 -0.26 -0.31 -0.30 -0.32 -0.30 -0.32 -0.37 -0.38 -0.40 23012011 12
 -0.37 -0.36 -0.34 -0.25 -0.25 -0.26 -0.27 -0.26 -0.24 -0.22 -0.24 -0.26 24012011 00
 -0.22 -0.24 -0.23 -0.16 -0.17 -0.17 -0.18 -0.18 -0.17 -0.16 -0.17 -0.17 24012011 12
 -0.18 -0.16 -0.15 -0.14 -0.11 -0.12 -0.10 -0.10 -0.09 -0.08 -0.08 -0.08 25012011 00
 -0.08 -0.08 -0.08 -0.05 -0.03 -0.03 -0.03 -0.04 -0.04 -0.04 -0.06 -0.08 25012011 12
 -0.11 -0.12 -0.12 -0.12 -0.11 -0.12 -0.15 -0.17 -0.18 -0.18 -0.20 -0.27 26012011 00
 -0.31 -0.32 -0.30 -0.30 -0.29 -0.27 -0.30 -0.29 -0.30 -0.30 -0.27 -0.25 26012011 12
 -0.25 -0.24 -0.23 -0.24 -0.21 -0.19 -0.17 -0.16 -0.17 -0.18 -0.17 -0.17 27012011 00
 -0.19 -0.21 -0.21 -0.22 -0.21 -0.19 -0.16 -0.13 -0.12 -0.14 -0.13 -0.11 27012011 12
 -0.08 -0.07 -0.09 -0.11 -0.14 -0.14 -0.12 -0.10 -0.10 -0.11 -0.12 -0.12 28012011 00
 -0.11 -0.12 -0.14 -0.15 -0.14 -0.14 -0.14 -0.12 -0.12 -0.12 -0.13 -0.13 28012011 12
 -0.10 -0.08 -0.10 -0.14 -0.16 -0.15 -0.14 -0.13 -0.13 -0.16 -0.18 -0.18 29012011 00
 -0.17 -0.15 -0.14 -0.16 -0.18 -0.18 -0.17 -0.15 -0.14 -0.13 -0.14 -0.15 29012011 12
 -0.14 -0.13 -0.13 -0.15 -0.18 -0.18 -0.17 -0.15 -0.13 -0.09 -0.09 -0.09 30012011 00
 -0.10 -0.10 -0.08 -0.06 -0.07 -0.10 -0.11 -0.11 -0.11 -0.10 -0.09 -0.11 30012011 12
 -0.11 -0.12 -0.12 -0.11 -0.13 -0.16 -0.17 -0.14 -0.12 -0.11 -0.08 -0.07 31012011 00
 -0.07 -0.06 -0.06 -0.05 -0.02  0.00 -0.01 -0.02 -0.03 -0.02  0.00  0.04 31012011 12
  0.06  0.09  0.11  0.13  0.13  0.11  0.09  0.08  0.08  0.08  0.08  0.05 01022011 00
  0.03 -0.01 -0.02 -0.02 -0.04 -0.08 -0.14 -0.17 -0.16 -0.13 -0.13 -0.12 01022011 12
 -0.11 -0.10 -0.08 -0.06 -0.02  0.03  0.09  0.15  0.19  0.19  0.22  0.23 02022011 00
  0.29  0.32  0.32  0.35  0.38  0.37  0.34  0.31  0.23  0.19  0.22  0.18 02022011 12
  0.16  0.15  0.12  0.13  0.14  0.14  0.13  0.11  0.07  0.06  0.08  0.03 03022011 00
 -0.05 -0.09 -0.13 -0.10 -0.08 -0.05  0.09  0.38  0.62  0.82  0.93  0.96 03022011 12
  0.89  0.78  0.84  0.90  0.91  0.79  0.56  0.38  0.25  0.10  0.12  0.17 04022011 00
  0.18  0.16  0.18  0.21  0.32  0.39  0.44  0.53  0.61  0.58  0.56  0.56 04022011 12
  0.53  0.49  0.55  0.50  0.51  0.48  0.43  0.39  0.37  0.33  0.32  0.35 05022011 00
  0.29  0.19  0.15  0.11  0.13  0.16  0.15  0.14  0.16  0.19  0.18  0.17 05022011 12
  0.18  0.17  0.18  0.23  0.24  0.25  0.22  0.21  0.22  0.24  0.24  0.25 06022011 00
  0.25  0.29  0.34  0.42  0.42  0.38  0.30  0.27  0.23  0.17  0.09  0.08 06022011 12
  0.11  0.10  0.11  0.15  0.16  0.20  0.23  0.31  0.46  0.65  0.75  0.74 07022011 00
  0.70  0.71  0.54  0.36  0.22  0.19  0.16  0.05 -0.04 -0.07 -0.11 -0.12 07022011 12
 -0.08 -0.07 -0.06 -0.04 -0.04 -0.02 -0.03 -0.05 -0.07 -0.10 -0.13 -0.14 08022011 00
 -0.14 -0.13 -0.09 -0.05 -0.03 -0.02 -0.03 -0.02 -0.00  0.03  0.08  0.12 08022011 12
  0.14  0.13  0.13  0.13  0.14  0.15  0.16  0.17  0.19  0.21  0.25  0.29 09022011 00
  0.28  0.24  0.21  0.17  0.16  0.16  0.15  0.13  0.09  0.06  0.07  0.10 09022011 12
  0.13  0.17  0.16  0.11  0.08  0.08  0.07  0.07  0.05  0.03  0.01 -0.00 10022011 00
 -0.03 -0.05 -0.04 -0.04 -0.04 -0.03 -0.01 -0.00  0.01  0.02  0.03  0.04 10022011 12
  0.05  0.07  0.08  0.08  0.08  0.09  0.11  0.11  0.12  0.12  0.12  0.12 11022011 00
  0.14  0.15  0.15  0.15  0.15  0.15  0.15  0.15  0.15  0.14  0.13  0.12 11022011 12
  0.11  0.11  0.10  0.10  0.07  0.05  0.04  0.04  0.03  0.03  0.02  0.01 12022011 00
  0.03  0.05  0.06  0.07  0.07  0.07  0.08  0.08  0.09  0.09  0.09  0.10 12022011 12
  0.14  0.22  0.26  0.25  0.26  0.28  0.31  0.33  0.32  0.30  0.29  0.30 13022011 00
  0.28  0.28  0.30  0.28  0.28  0.26  0.22  0.19  0.20  0.21  0.20  0.19 13022011 12
  0.17  0.16  0.17  0.17  0.15  0.12  0.09  0.08  0.09  0.10  0.12  0.15 14022011 00
  0.16  0.16  0.17  0.21  0.25  0.25  0.22  0.17  0.14  0.15  0.18  0.21 14022011 12
  0.22  0.20  0.19  0.20  0.25  0.29  0.31  0.29  0.24  0.16  0.13  0.12 15022011 00
  0.12  0.12  0.11  0.11  0.16  0.22  0.21  0.20  0.19  0.19  0.22  0.30 15022011 12
  0.35  0.37  0.36  0.33  0.31  0.31  0.31  0.31  0.31  0.28  0.24  0.23 16022011 00
  0.26  0.29  0.30  0.28  0.27  0.28  0.30  0.27  0.27  0.21  0.18  0.16 16022011 12
  0.19  0.21  0.23  0.22  0.21  0.21  0.25  0.26  0.24  0.23  0.19  0.15 17022011 00
  0.15  0.15  0.16  0.15  0.12  0.11  0.11  0.13  0.10  0.11  0.10  0.09 17022011 12
  0.07  0.07  0.07  0.07  0.06  0.06  0.06  0.07  0.05  0.04  0.04  0.03 18022011 00
  0.02  0.03  0.00 -0.01 -0.02 -0.03 -0.01  0.03  0.06  0.04  0.03  0.02 18022011 12
  0.01  0.02  0.01 -0.01 -0.01 -0.00  0.02  0.07  0.11  0.12  0.13  0.13 19022011 00
  0.13  0.10  0.11  0.10  0.10  0.08  0.07  0.05  0.01 -0.01 -0.02 -0.03 19022011 12
 -0.04 -0.04 -0.05 -0.04 -0.05 -0.06 -0.06 -0.04 -0.02 -0.02 -0.02 -0.02 20022011 00
 -0.03 -0.03 -0.04 -0.04 -0.04 -0.03 -0.03 -0.03 -0.03 -0.01 -0.02 -0.03 20022011 12
 -0.03 -0.03 -0.03 -0.02 -0.03 -0.05 -0.05 -0.04 -0.02 -0.01 -0.01 -0.01 21022011 00
 -0.01  0.00  0.01  0.02  0.03  0.03  0.02  0.01 -0.02 -0.03 -0.04 -0.03 21022011 12
 -0.03 -0.02 -0.02 -0.02 -0.02 -0.02 -0.02 -0.01 -0.02 -0.03 -0.04 -0.03 22022011 00
 -0.02 -0.03 -0.03 -0.01 -0.01 -0.02 -0.01 -0.01 -0.01 -0.02 -0.02 -0.02 22022011 12
 -0.01 -0.01 -0.01  0.01  0.03  0.05  0.06  0.07  0.08  0.10  0.13  0.16 23022011 00
  0.16  0.14  0.13  0.12  0.12  0.16  0.17  0.16  0.14  0.11  0.09  0.08 23022011 12
  0.06  0.05  0.04  0.02  0.02  0.03  0.03  0.06  0.07  0.08  0.10  0.12 24022011 00
  0.11  0.08  0.07  0.03  0.03  0.03  0.02  0.03  0.03  0.03  0.03  0.03 24022011 12
  0.04  0.05  0.07  0.09  0.11  0.14  0.16  0.16  0.19  0.24  0.26  0.27 25022011 00
  0.28  0.21  0.13  0.09  0.04  0.01  0.02  0.00 -0.01 -0.01 -0.01 -0.02 25022011 12
 -0.01  0.02  0.06  0.09  0.09  0.08  0.07  0.07  0.08  0.09  0.10  0.08 26022011 00
  0.04 -0.02 -0.05 -0.06 -0.07 -0.07 -0.07 -0.09 -0.10 -0.10 -0.09 -0.09 26022011 12
 -0.09 -0.10 -0.12 -0.14 -0.16 -0.17 -0.16 -0.11 -0.06 -0.03 -0.03 -0.02 27022011 00
 -0.02 -0.05 -0.10 -0.17 -0.22 -0.25 -0.27 -0.29 -0.33 -0.39 -0.42 -0.43 27022011 12
 -0.41 -0.37 -0.35 -0.33 -0.36 -0.37 -0.36 -0.32 -0.28 -0.25 -0.24 -0.25 28022011 00
 -0.27 -0.28 -0.28 -0.29 -0.34 -0.36 -0.34 -0.34 -0.32 -0.29 -0.26 -0.26 28022011 12
 -0.26 -0.27 -0.25 -0.22 -0.23 -0.29 -0.32 -0.33 -0.32 -0.29 -0.27 -0.28 01032011 00
 -0.30 -0.32 -0.33 -0.31 -0.29 -0.30 -0.33 -0.33 -0.34 -0.30 -0.28 -0.26 01032011 12
 -0.26 -0.27 -0.29 -0.29 -0.28 -0.29 -0.31 -0.32 -0.31 -0.31 -0.27 -0.23 02032011 00
 -0.23 -0.23 -0.23 -0.23 -0.22 -0.23 -0.27 -0.30 -0.30 -0.33 -0.32 -0.28 02032011 12
 -0.28 -0.29 -0.31 -0.32 -0.31 -0.32 -0.35 -0.37 -0.38 -0.37 -0.35 -0.29 03032011 00
 -0.28 -0.28 -0.30 -0.31 -0.30 -0.30 -0.33 -0.37 -0.39 -0.37 -0.37 -0.32 03032011 12
 -0.26 -0.27 -0.27 -0.30 -0.29 -0.27 -0.26 -0.27 -0.26 -0.27 -0.26 -0.24 04032011 00
 -0.19 -0.19 -0.18 -0.22 -0.23 -0.22 -0.22 -0.24 -0.24 -0.25 -0.25 -0.23 04032011 12
 -0.19 -0.15 -0.15 -0.16 -0.18 -0.19 -0.20 -0.21 -0.24 -0.22 -0.25 -0.25 05032011 00
 -0.22 -0.20 -0.21 -0.20 -0.22 -0.23 -0.23 -0.22 -0.26 -0.26 -0.27 -0.27 05032011 12
 -0.24 -0.18 -0.20 -0.21 -0.25 -0.25 -0.24 -0.24 -0.24 -0.26 -0.24 -0.25 06032011 00
 -0.22 -0.17 -0.17 -0.17 -0.18 -0.19 -0.18 -0.19 -0.21 -0.19 -0.20 -0.21 06032011 12
 -0.21 -0.19 -0.18 -0.21 -0.21 -0.22 -0.21 -0.20 -0.20 -0.20 -0.20 -0.20 07032011 00
 -0.21 -0.19 -0.15 -0.15 -0.15 -0.17 -0.16 -0.15 -0.15 -0.16 -0.15 -0.15 07032011 12
 -0.14 -0.12 -0.10 -0.11 -0.10 -0.11 -0.09 -0.07 -0.08 -0.09 -0.08 -0.03 08032011 00
 -0.03 -0.02  0.02  0.05  0.08  0.08  0.07  0.07  0.09  0.13  0.17  0.22 08032011 12
  0.23  0.24  0.25  0.25  0.26  0.33  0.37  0.36  0.32  0.25  0.16  0.09 09032011 00
  0.08  0.08  0.06  0.02 -0.01 -0.00 -0.00  0.00  0.03  0.12  0.21  0.25 09032011 12
  0.26  0.28  0.30  0.30  0.31  0.34  0.40  0.45  0.48  0.48  0.45  0.39 10032011 00
  0.35  0.35  0.30  0.21  0.17  0.19  0.23  0.23  0.18  0.09  0.01 -0.01 10032011 12
  0.04  0.10  0.09  0.07  0.07  0.06  0.08  0.11  0.14  0.15  0.14  0.11 11032011 00
  0.07  0.05  0.06  0.07  0.11  0.15  0.16  0.21  0.21  0.20  0.20  0.21 11032011 12
  0.21  0.20  0.18  0.16  0.16  0.17  0.15  0.12  0.10  0.09  0.10  0.13 12032011 00
  0.14  0.14  0.14  0.12  0.11  0.13  0.15  0.16  0.15  0.13  0.13  0.15 12032011 12
  0.18  0.19  0.18  0.16  0.15  0.13  0.13  0.12  0.12  0.11  0.09  0.10 13032011 00
  0.11  0.11  0.09  0.07  0.03  0.01  0.01  0.02  0.02 -0.00 -0.04 -0.06 13032011 12
 -0.05 -0.04 -0.07 -0.12 -0.16 -0.17 -0.17 -0.16 -0.14 -0.13 -0.13 -0.12 14032011 00
 -0.09 -0.06 -0.03 -0.04 -0.08 -0.10 -0.11 -0.11 -0.08 -0.06 -0.06 -0.06 14032011 12
 -0.05 -0.04 -0.04 -0.03 -0.02 -0.03 -0.05 -0.04 -0.03 -0.03 -0.03 -0.04 15032011 00
 -0.05 -0.06 -0.07 -0.08 -0.08 -0.08 -0.09 -0.09 -0.10 -0.09 -0.09 -0.09 15032011 12
 -0.09 -0.10 -0.10 -0.12 -0.16 -0.17 -0.16 -0.14 -0.13 -0.12 -0.12 -0.11 16032011 00
 -0.09 -0.08 -0.05 -0.04 -0.03 -0.02 -0.03 -0.03 -0.03 -0.02 -0.01 -0.02 16032011 12
 -0.02 -0.01  0.01  0.01  0.00 -0.01 -0.02 -0.02 -0.01  0.01  0.02  0.02 17032011 00
  0.01  0.00  0.00 -0.01 -0.03 -0.08 -0.13 -0.14 -0.12 -0.12 -0.11 -0.11 17032011 12
 -0.12 -0.12 -0.12 -0.12 -0.10 -0.10 -0.11 -0.11 -0.10 -0.10 -0.08 -0.06 18032011 00
 -0.07 -0.06 -0.06 -0.06 -0.06 -0.06 -0.09 -0.12 -0.12 -0.11 -0.12 -0.10 18032011 12
 -0.09 -0.11 -0.11 -0.12 -0.12 -0.15 -0.19 -0.21 -0.21 -0.20 -0.19 -0.18 19032011 00
 -0.15 -0.17 -0.16 -0.17 -0.16 -0.14 -0.14 -0.12 -0.10 -0.10 -0.11 -0.10 19032011 12
 -0.06 -0.04 -0.04 -0.05 -0.06 -0.07 -0.07 -0.07 -0.08 -0.07 -0.07 -0.06 20032011 00
 -0.06 -0.05 -0.04 -0.05 -0.05 -0.06 -0.09 -0.12 -0.15 -0.18 -0.17 -0.17 20032011 12
 -0.16 -0.12 -0.13 -0.13 -0.15 -0.16 -0.16 -0.17 -0.20 -0.21 -0.19 -0.19 21032011 00
 -0.19 -0.16 -0.16 -0.17 -0.16 -0.15 -0.14 -0.16 -0.19 -0.21 -0.19 -0.18 21032011 12
 -0.18 -0.16 -0.13 -0.16 -0.16 -0.18 -0.17 -0.18 -0.22 -0.25 -0.27 -0.24 22032011 00
 -0.25 -0.25 -0.20 -0.23 -0.23 -0.25 -0.26 -0.27 -0.29 -0.35 -0.36 -0.33 22032011 12
 -0.33 -0.32 -0.27 -0.25 -0.28 -0.28 -0.30 -0.28 -0.28 -0.30 -0.33 -0.29 23032011 00
 -0.29 -0.29 -0.25 -0.21 -0.26 -0.25 -0.28 -0.26 -0.26 -0.27 -0.29 -0.28 23032011 12
 -0.30 -0.30 -0.30 -0.24 -0.26 -0.26 -0.28 -0.28 -0.28 -0.29 -0.31 -0.32 24032011 00
 -0.27 -0.29 -0.29 -0.22 -0.19 -0.20 -0.21 -0.22 -0.20 -0.19 -0.18 -0.19 24032011 12
 -0.15 -0.18 -0.18 -0.15 -0.14 -0.15 -0.15 -0.15 -0.16 -0.15 -0.16 -0.16 25032011 00
 -0.14 -0.14 -0.14 -0.14 -0.12 -0.11 -0.10 -0.10 -0.10 -0.09 -0.08 -0.06 25032011 12
 -0.06 -0.07 -0.08 -0.07 -0.07 -0.08 -0.10 -0.11 -0.11 -0.10 -0.08 -0.08 26032011 00
 -0.09 -0.09 -0.08 -0.07 -0.07 -0.07 -0.08 -0.09 -0.09 -0.09 -0.09 -0.08 26032011 12
 -0.05 -0.05 -0.05 -0.06 -0.07 -0.08 -0.08 -0.06 -0.06 -0.06 -0.06 -0.05 27032011 00
 -0.05 -0.06 -0.06 -0.06 -0.06 -0.06 -0.07 -0.08 -0.07 -0.06 -0.05 -0.04 27032011 12
 -0.03 -0.03 -0.03 -0.04 -0.06 -0.07 -0.07 -0.06 -0.05 -0.04 -0.04 -0.04 28032011 00
 -0.04 -0.03 -0.02 -0.01  0.00 -0.00 -0.01 -0.02 -0.02 -0.01 -0.01  0.00 28032011 12
  0.01  0.01  0.01  0.02  0.02  0.01  0.00 -0.00  0.01  0.01  0.01  0.02 29032011 00
  0.02  0.03  0.03  0.03  0.04  0.05  0.05  0.04  0.03  0.04  0.05  0.05 29032011 12
  0.06  0.06  0.06  0.05  0.06  0.07  0.08  0.07  0.08  0.09  0.13  0.18 30032011 00
  0.20  0.21  0.21  0.19  0.17  0.16  0.15  0.14  0.13  0.11  0.10  0.10 30032011 12
  0.09  0.08  0.08  0.09  0.13  0.22  0.33  0.39  0.40  0.46  0.53  0.55 31032011 00
  0.52  0.46  0.42  0.39  0.30  0.18  0.10  0.06  0.05  0.04  0.04  0.06 31032011 12
  0.08  0.09  0.09  0.10  0.12  0.16  0.23  0.24  0.21  0.20  0.19  0.22 01042011 00
  0.28  0.29  0.29  0.28  0.27  0.29  0.33  0.31  0.30  0.31  0.30  0.26 01042011 12
  0.26  0.26  0.26  0.26  0.23  0.23  0.27  0.30  0.29  0.27  0.23  0.16 02042011 00
  0.11  0.10  0.12  0.13  0.10  0.08  0.09  0.10  0.09  0.10  0.11  0.12 02042011 12
  0.12  0.14  0.14  0.15  0.13  0.11  0.09  0.07  0.04  0.05  0.05  0.05 03042011 00
  0.04  0.04  0.04  0.05  0.07  0.07  0.07  0.07  0.08  0.09  0.10  0.09 03042011 12
  0.08  0.05  0.04  0.05  0.05  0.04  0.02  0.01  0.03  0.05  0.08  0.10 04042011 00
  0.14  0.23  0.29  0.32  0.35  0.37  0.37  0.35  0.29  0.23  0.19  0.19 04042011 12
  0.15  0.16  0.24  0.26  0.29  0.33  0.39  0.48  0.49  0.42  0.37  0.30 05042011 00
  0.21  0.12  0.13  0.12  0.14  0.10  0.06  0.06  0.09  0.09  0.12  0.15 05042011 12
  0.14  0.12  0.11  0.09  0.10  0.11  0.11  0.09  0.10  0.08  0.03  0.07 06042011 00
  0.07  0.03  0.06  0.09  0.10  0.11  0.12  0.10  0.08  0.04  0.04  0.04 06042011 12
  0.05  0.02  0.00 -0.00 -0.04 -0.03 -0.03 -0.06 -0.10 -0.16 -0.18 -0.16 07042011 00
 -0.16 -0.16 -0.13 -0.14 -0.15 -0.17 -0.18 -0.18 -0.19 -0.20 -0.19 -0.19 07042011 12
 -0.18 -0.15 -0.12 -0.12 -0.12 -0.14 -0.15 -0.14 -0.15 -0.18 -0.20 -0.19 08042011 00
 -0.17 -0.17 -0.14 -0.13 -0.15 -0.15 -0.16 -0.17 -0.17 -0.19 -0.20 -0.18 08042011 12
 -0.19 -0.17 -0.15 -0.13 -0.14 -0.14 -0.16 -0.16 -0.14 -0.13 -0.13 -0.12 09042011 00
 -0.11 -0.11 -0.11 -0.10 -0.08 -0.09 -0.09 -0.10 -0.10 -0.09 -0.08 -0.07 09042011 12
 -0.06 -0.05 -0.06 -0.07 -0.07 -0.09 -0.10 -0.10 -0.11 -0.12 -0.13 -0.14 10042011 00
 -0.15 -0.15 -0.14 -0.14 -0.14 -0.15 -0.14 -0.13 -0.11 -0.09 -0.08 -0.08 10042011 12
 -0.08 -0.08 -0.08 -0.07 -0.06 -0.06 -0.07 -0.07 -0.07 -0.05 -0.02  0.01 11042011 00
  0.01 -0.02 -0.05 -0.06 -0.05 -0.04 -0.02 -0.04 -0.06 -0.06 -0.08 -0.11 11042011 12
 -0.16 -0.21 -0.23 -0.21 -0.19 -0.18 -0.19 -0.20 -0.20 -0.17 -0.15 -0.13 12042011 00
 -0.14 -0.16 -0.15 -0.16 -0.16 -0.14 -0.13 -0.13 -0.12 -0.11 -0.10 -0.08 12042011 12
 -0.07 -0.07 -0.07 -0.06 -0.06 -0.05 -0.02  0.01  0.02  0.04  0.06  0.10 13042011 00
  0.15  0.20  0.24  0.24  0.21  0.17  0.13  0.09  0.07  0.06  0.02 -0.00 13042011 12
 -0.03 -0.07 -0.09 -0.09 -0.12 -0.11 -0.09 -0.08 -0.07 -0.05 -0.04 -0.04 14042011 00
 -0.04 -0.04 -0.04 -0.04 -0.06 -0.07 -0.08 -0.09 -0.09 -0.08 -0.07 -0.06 14042011 12
 -0.06 -0.05 -0.05 -0.06 -0.07 -0.08 -0.08 -0.08 -0.08 -0.07 -0.06 -0.05 15042011 00
 -0.06 -0.07 -0.07 -0.06 -0.06 -0.07 -0.08 -0.07 -0.07 -0.07 -0.05 -0.05 15042011 12
 -0.05 -0.06 -0.06 -0.05 -0.06 -0.09 -0.12 -0.13 -0.14 -0.13 -0.12 -0.11 16042011 00
 -0.10 -0.10 -0.11 -0.11 -0.11 -0.12 -0.14 -0.14 -0.15 -0.15 -0.13 -0.11 16042011 12
 -0.11 -0.12 -0.13 -0.13 -0.13 -0.15 -0.17 -0.18 -0.16 -0.17 -0.17 -0.14 17042011 00
 -0.13 -0.13 -0.14 -0.14 -0.14 -0.15 -0.16 -0.17 -0.19 -0.17 -0.17 -0.14 17042011 12
 -0.10 -0.12 -0.12 -0.14 -0.14 -0.13 -0.13 -0.14 -0.14 -0.14 -0.14 -0.14 18042011 00
 -0.10 -0.09 -0.09 -0.09 -0.09 -0.08 -0.07 -0.06 -0.07 -0.04 -0.05 -0.04 18042011 12
 -0.02 -0.01 -0.01 -0.01 -0.02 -0.03 -0.04 -0.04 -0.03 -0.02 -0.02 -0.02 19042011 00
 -0.03 -0.03 -0.04 -0.03 -0.03 -0.03 -0.03 -0.03 -0.04 -0.05 -0.05 -0.06 19042011 12
 -0.06 -0.05 -0.05 -0.06 -0.06 -0.07 -0.07 -0.07 -0.06 -0.06 -0.05 -0.05 20042011 00
 -0.04 -0.03 -0.01 -0.01 -0.01 -0.02 -0.02 -0.02 -0.03 -0.03 -0.03 -0.02 20042011 12
 -0.02 -0.02 -0.02 -0.03 -0.02 -0.03 -0.04 -0.04 -0.05 -0.05 -0.05 -0.04 21042011 00
 -0.04 -0.04 -0.03 -0.03 -0.04 -0.04 -0.03 -0.03 -0.02 -0.01  0.00  0.01 21042011 12
  0.02  0.02  0.02  0.03  0.03  0.02  0.01 -0.00 -0.00  0.00  0.02  0.03 22042011 00
  0.04  0.04  0.05  0.05  0.06  0.06  0.06  0.05  0.06  0.07  0.10  0.12 22042011 12
  0.12  0.11  0.09  0.07  0.06  0.06  0.06  0.07  0.06  0.06  0.04  0.01 23042011 00
 -0.02 -0.03 -0.04 -0.06 -0.08 -0.10 -0.11 -0.10 -0.09 -0.09 -0.09 -0.08 23042011 12
 -0.08 -0.07 -0.07 -0.07 -0.07 -0.07 -0.08 -0.09 -0.09 -0.08 -0.07 -0.08 24042011 00
 -0.09 -0.10 -0.10 -0.10 -0.10 -0.11 -0.13 -0.14 -0.15 -0.15 -0.16 -0.16 24042011 12
 -0.16 -0.17 -0.18 -0.18 -0.17 -0.16 -0.16 -0.18 -0.18 -0.18 -0.17 -0.17 25042011 00
 -0.19 -0.20 -0.20 -0.20 -0.20 -0.20 -0.21 -0.23 -0.23 -0.24 -0.24 -0.24 25042011 12
 -0.24 -0.26 -0.27 -0.25 -0.23 -0.22 -0.21 -0.22 -0.22 -0.22 -0.21 -0.18 26042011 00
 -0.16 -0.18 -0.21 -0.22 -0.22 -0.21 -0.20 -0.19 -0.20 -0.21 -0.23 -0.23 26042011 12
 -0.21 -0.19 -0.19 -0.22 -0.22 -0.22 -0.20 -0.18 -0.16 -0.16 -0.15 -0.15 27042011 00
 -0.15 -0.13 -0.12 -0.14 -0.14 -0.15 -0.15 -0.14 -0.15 -0.15 -0.16 -0.17 27042011 12
 -0.16 -0.15 -0.15 -0.16 -0.17 -0.18 -0.17 -0.15 -0.13 -0.11 -0.10 -0.10 28042011 00
 -0.11 -0.11 -0.10 -0.09 -0.09 -0.09 -0.10 -0.11 -0.11 -0.11 -0.12 -0.12 28042011 12
 -0.12 -0.13 -0.13 -0.13 -0.14 -0.16 -0.15 -0.13 -0.11 -0.10 -0.09 -0.08 29042011 00
 -0.07 -0.07 -0.08 -0.10 -0.11 -0.13 -0.13 -0.12 -0.11 -0.11 -0.11 -0.11 29042011 12
 -0.11 -0.13 -0.13 -0.13 -0.14 -0.17 -0.18 -0.18 -0.17 -0.16 -0.13 -0.12 30042011 00
 -0.13 -0.13 -0.13 -0.13 -0.13 -0.14 -0.14 -0.11 -0.12 -0.11 -0.10 -0.10 30042011 12
 -0.09 -0.10 -0.12 -0.13 -0.15 -0.17 -0.19 -0.20 -0.18 -0.17 -0.14 -0.11 01052011 00
 -0.12 -0.12 -0.13 -0.11 -0.08 -0.07 -0.08 -0.08 -0.08 -0.10 -0.09 -0.08 01052011 12
 -0.07 -0.06 -0.09 -0.12 -0.13 -0.15 -0.15 -0.14 -0.14 -0.13 -0.12 -0.09 02052011 00
 -0.07 -0.07 -0.08 -0.10 -0.09 -0.08 -0.08 -0.07 -0.07 -0.08 -0.11 -0.12 02052011 12
 -0.11 -0.11 -0.11 -0.13 -0.13 -0.13 -0.15 -0.16 -0.14 -0.14 -0.12 -0.08 03052011 00
 -0.05 -0.04 -0.03 -0.04 -0.04 -0.03 -0.03 -0.04 -0.05 -0.06 -0.09 -0.10 03052011 12
 -0.10 -0.10 -0.09 -0.09 -0.10 -0.10 -0.09 -0.08 -0.09 -0.08 -0.09 -0.10 04052011 00
 -0.10 -0.08 -0.08 -0.07 -0.08 -0.08 -0.06 -0.04 -0.03 -0.02 -0.02 -0.02 04052011 12
 -0.01  0.02  0.02  0.02 -0.01 -0.05 -0.06 -0.03 -0.03 -0.05 -0.06 -0.05 05052011 00
 -0.03 -0.00  0.02  0.03  0.04  0.05  0.06  0.07  0.09  0.10  0.09  0.08 05052011 12
  0.06  0.05  0.08  0.10  0.10  0.09  0.06  0.05  0.05  0.04  0.03  0.02 06052011 00
  0.03  0.03  0.03  0.05  0.06  0.06  0.06  0.05  0.06  0.07  0.04  0.02 06052011 12
  0.02  0.03  0.02  0.04  0.06  0.05  0.05  0.04  0.04  0.05  0.06  0.07 07052011 00
  0.07  0.06  0.06  0.05  0.04  0.05  0.06  0.07  0.08  0.10  0.11  0.11 07052011 12
  0.11  0.11  0.11  0.14  0.15  0.16  0.17  0.18  0.20  0.24  0.27  0.27 08052011 00
  0.26  0.24  0.20  0.16  0.18  0.20  0.20  0.18  0.14  0.13  0.15  0.15 08052011 12
  0.13  0.13  0.10  0.07  0.08  0.10  0.12  0.11  0.08  0.07  0.10  0.13 09052011 00
  0.13  0.13  0.12  0.10  0.08  0.09  0.10  0.11  0.10  0.08  0.07  0.07 09052011 12
  0.07  0.06  0.06  0.05  0.05  0.05  0.06  0.06  0.06  0.04  0.04  0.06 10052011 00
  0.08  0.08  0.08  0.07  0.07  0.06  0.06  0.05  0.04  0.05  0.03  0.01 10052011 12
 -0.00 -0.06 -0.09 -0.09 -0.09 -0.09 -0.09 -0.08 -0.07 -0.06 -0.07 -0.07 11052011 00
 -0.07 -0.06 -0.05 -0.04 -0.03 -0.03 -0.02 -0.02 -0.02  0.00  0.03  0.03 11052011 12
  0.02  0.02  0.01  0.00  0.01  0.01  0.01  0.02  0.01  0.02  0.03  0.05 12052011 00
  0.05  0.02 -0.02 -0.04 -0.05 -0.05 -0.06 -0.06 -0.07 -0.07 -0.08 -0.08 12052011 12
 -0.07 -0.08 -0.09 -0.11 -0.11 -0.12 -0.12 -0.10 -0.07 -0.05 -0.04 -0.03 13052011 00
 -0.01 -0.01 -0.00 -0.00  0.00  0.01  0.01  0.00  0.00  0.00 -0.01 -0.02 13052011 12
 -0.02 -0.02 -0.02 -0.02 -0.04 -0.06 -0.07 -0.07 -0.05 -0.04 -0.06 -0.08 14052011 00
 -0.10 -0.10 -0.08 -0.06 -0.06 -0.10 -0.10 -0.11 -0.09 -0.06 -0.06 -0.08 14052011 12
 -0.09 -0.11 -0.13 -0.14 -0.19 -0.26 -0.27 -0.25 -0.22 -0.19 -0.14 -0.13 15052011 00
 -0.10 -0.10 -0.08 -0.05 -0.04 -0.04 -0.06 -0.06 -0.07 -0.08 -0.08 -0.07 15052011 12
 -0.06 -0.04 -0.04 -0.06 -0.07 -0.07 -0.07 -0.06 -0.05 -0.04 -0.03 -0.02 16052011 00
 -0.02 -0.02 -0.00 -0.00 -0.01 -0.02 -0.03 -0.05 -0.04 -0.04 -0.02 -0.01 16052011 12
  0.00 -0.00 -0.01 -0.02 -0.02 -0.03 -0.06 -0.11 -0.11 -0.09 -0.07 -0.06 17052011 00
 -0.05 -0.04 -0.03 -0.04 -0.04 -0.04 -0.04 -0.04 -0.03 -0.02 -0.00  0.03 17052011 12
  0.04  0.04  0.05  0.06  0.07  0.08  0.10  0.13  0.11  0.11  0.09  0.10 18052011 00
  0.10  0.06  0.06  0.07  0.09  0.08  0.05  0.02  0.04  0.02  0.04  0.03 18052011 12
  0.03  0.00 -0.01 -0.01 -0.00 -0.02 -0.04 -0.09 -0.14 -0.15 -0.14 -0.13 19052011 00
 -0.12 -0.08 -0.07 -0.08 -0.07 -0.07 -0.05 -0.05 -0.04 -0.01  0.02  0.02 19052011 12
  0.02  0.04  0.06  0.07  0.07  0.08  0.08  0.07  0.07  0.10  0.13  0.13 20052011 00
  0.10  0.08  0.04  0.06  0.04  0.05  0.04  0.01 -0.01 -0.03 -0.05 -0.04 20052011 12
 -0.01 -0.01 -0.02 -0.03 -0.05 -0.05 -0.04 -0.03 -0.02 -0.00  0.01  0.02 21052011 00
  0.04  0.06  0.09  0.13  0.18  0.21  0.23  0.23  0.23  0.26  0.32  0.36 21052011 12
  0.37  0.34  0.27  0.21  0.20  0.22  0.26  0.31  0.31  0.31  0.34  0.30 22052011 00
  0.27  0.23  0.21  0.16  0.13  0.09  0.06  0.02 -0.02 -0.06 -0.11 -0.16 22052011 12
 -0.18 -0.15 -0.12 -0.08 -0.03  0.04  0.09  0.14  0.19  0.28  0.44  0.65 23052011 00
  0.74  0.63  0.51  0.51  0.52  0.58  0.63  0.70  0.71  0.63  0.53  0.42 23052011 12
  0.20  0.04  0.03 -0.01 -0.07 -0.12 -0.19 -0.22 -0.21 -0.21 -0.19 -0.16 24052011 00
 -0.12 -0.10 -0.10 -0.08 -0.06 -0.06 -0.05 -0.03 -0.03 -0.05 -0.06 -0.10 24052011 12
 -0.13 -0.16 -0.15 -0.13 -0.10 -0.09 -0.10 -0.09 -0.08 -0.06 -0.03  0.03 25052011 00
  0.10  0.16  0.19  0.19  0.17  0.16  0.17  0.19  0.21  0.20  0.18  0.19 25052011 12
  0.20  0.20  0.18  0.16  0.13  0.10  0.08  0.07  0.06  0.05  0.04  0.01 26052011 00
 -0.02 -0.03 -0.09 -0.19 -0.24 -0.26 -0.25 -0.21 -0.18 -0.16 -0.14 -0.10 26052011 12
 -0.07 -0.08 -0.12 -0.17 -0.17 -0.18 -0.21 -0.26 -0.30 -0.30 -0.27 -0.25 27052011 00
 -0.25 -0.24 -0.20 -0.14 -0.09 -0.06 -0.05  0.01  0.08  0.12  0.14  0.16 27052011 12
  0.17  0.18  0.20  0.18  0.13  0.10  0.11  0.11  0.10  0.09  0.09  0.11 28052011 00
  0.11  0.08  0.07  0.07  0.07  0.06  0.03  0.02  0.01  0.03  0.05  0.06 28052011 12
  0.07  0.09  0.10  0.11  0.12  0.12  0.14  0.18  0.19  0.20  0.24  0.30 29052011 00
  0.33  0.33  0.33  0.28  0.21  0.15  0.11  0.09  0.08  0.03 -0.03 -0.05 29052011 12
 -0.06 -0.04 -0.03 -0.04 -0.04 -0.03 -0.04 -0.05 -0.04 -0.01  0.01  0.04 30052011 00
  0.04  0.03  0.04  0.04  0.03  0.03  0.03  0.05  0.07  0.06  0.05  0.04 30052011 12
  0.03  0.03  0.02  0.01 -0.03 -0.07 -0.10 -0.12 -0.11 -0.09 -0.08 -0.05 31052011 00
 -0.07 -0.09 -0.09 -0.09 -0.09 -0.10 -0.12 -0.12 -0.12 -0.12 -0.12 -0.12 31052011 12
 -0.12 -0.13 -0.13 -0.11 -0.09 -0.07 -0.06 -0.05 -0.04 -0.03 -0.02 -0.01 01062011 00
 -0.01 -0.01 -0.00 -0.01 -0.03 -0.07 -0.11 -0.16 -0.18 -0.18 -0.16 -0.16 01062011 12
 -0.16 -0.18 -0.18 -0.19 -0.19 -0.20 -0.23 -0.27 -0.28 -0.29 -0.28 -0.26 02062011 00
 -0.24 -0.25 -0.26 -0.27 -0.27 -0.26 -0.27 -0.29 -0.32 -0.29 -0.32 -0.30 02062011 12
 -0.26 -0.24 -0.26 -0.26 -0.27 -0.27 -0.27 -0.29 -0.33 -0.35 -0.33 -0.33 03062011 00
 -0.28 -0.23 -0.24 -0.24 -0.27 -0.25 -0.22 -0.23 -0.24 -0.25 -0.25 -0.23 03062011 12
 -0.22 -0.20 -0.20 -0.20 -0.21 -0.21 -0.22 -0.24 -0.28 -0.32 -0.30 -0.31 04062011 00
 -0.29 -0.27 -0.24 -0.27 -0.26 -0.28 -0.27 -0.24 -0.24 -0.26 -0.26 -0.24 04062011 12
 -0.25 -0.19 -0.14 -0.17 -0.16 -0.19 -0.18 -0.17 -0.18 -0.18 -0.16 -0.15 05062011 00
 -0.15 -0.12 -0.08 -0.07 -0.08 -0.09 -0.09 -0.07 -0.06 -0.06 -0.06 -0.05 05062011 12
 -0.06 -0.05 -0.03 -0.01  0.01  0.00 -0.01 -0.02 -0.01 -0.01 -0.01  0.01 06062011 00
  0.02  0.01  0.01  0.01  0.01  0.03  0.04  0.05  0.05  0.06  0.08  0.10 06062011 12
  0.11  0.11  0.10  0.08  0.07  0.06  0.06  0.05  0.05  0.06  0.10  0.12 07062011 00
  0.12  0.12  0.11  0.09  0.09  0.12  0.13  0.14  0.13  0.12  0.12  0.13 07062011 12
  0.11  0.09  0.08  0.06  0.04  0.04  0.03  0.02  0.02  0.01 -0.00 -0.01 08062011 00
 -0.01 -0.01  0.01  0.03  0.03  0.04  0.06  0.08  0.10  0.10  0.09  0.08 08062011 12
  0.07  0.04 -0.00 -0.02 -0.03 -0.05 -0.05 -0.04 -0.03 -0.03 -0.03 -0.03 09062011 00
 -0.01  0.00  0.00  0.00 -0.00 -0.01 -0.01 -0.00  0.01  0.01  0.00 -0.01 09062011 12
 -0.01 -0.01 -0.02 -0.03 -0.03 -0.03 -0.04 -0.05 -0.05 -0.04 -0.03 -0.02 10062011 00
 -0.01 -0.01 -0.01 -0.01 -0.02 -0.03 -0.03 -0.03 -0.03 -0.02 -0.02 -0.02 10062011 12
 -0.03 -0.04 -0.05 -0.07 -0.08 -0.08 -0.09 -0.09 -0.09 -0.08 -0.07 -0.06 11062011 00
 -0.04 -0.03 -0.03 -0.04 -0.04 -0.04 -0.04 -0.02 -0.01 -0.00 -0.01 -0.02 11062011 12
 -0.03 -0.04 -0.03 -0.03 -0.03 -0.03 -0.03 -0.03 -0.04 -0.04 -0.04 -0.05 12062011 00
 -0.06 -0.05 -0.02  0.01  0.04  0.06  0.08  0.11  0.16  0.20  0.23  0.24 12062011 12
  0.23  0.22  0.22  0.22  0.22  0.21  0.20  0.18  0.14  0.10  0.08  0.09 13062011 00
  0.09  0.08  0.07  0.06  0.05  0.02  0.00  0.02  0.02  0.00 -0.02 -0.03 13062011 12
 -0.05 -0.04 -0.05 -0.07 -0.09 -0.09 -0.11 -0.12 -0.13 -0.12 -0.09 -0.07 14062011 00
 -0.06 -0.05 -0.04 -0.04 -0.03 -0.03 -0.02 -0.01 -0.01 -0.01  0.01  0.02 14062011 12
  0.02  0.04  0.02  0.03  0.06  0.09  0.14  0.16  0.13  0.10  0.10  0.10 15062011 00
  0.11  0.12  0.11  0.10  0.09  0.08  0.09  0.08  0.07  0.07  0.08  0.07 15062011 12
  0.05  0.07  0.07  0.08  0.08  0.08  0.08  0.06  0.03  0.02  0.03  0.04 16062011 00
  0.04  0.05  0.06  0.08  0.09  0.10  0.11  0.11  0.11  0.10  0.11  0.10 16062011 12
  0.09  0.09  0.10  0.11  0.10  0.09  0.09  0.10  0.15  0.18  0.18  0.20 17062011 00
  0.17  0.16  0.22  0.22  0.21  0.18  0.14  0.14  0.15  0.13  0.12  0.13 17062011 12
  0.13  0.14  0.16  0.16  0.18  0.18  0.18  0.18  0.17  0.17  0.14  0.15 18062011 00
  0.13  0.10  0.07  0.08  0.08  0.10  0.09  0.07  0.04  0.01 -0.00  0.02 18062011 12
  0.05  0.05  0.04  0.03  0.03  0.03  0.03  0.01 -0.01 -0.02 -0.02 -0.01 19062011 00
 -0.01 -0.02 -0.01  0.01  0.02  0.02  0.02  0.02  0.03  0.04  0.03  0.03 19062011 12
  0.03  0.03  0.03  0.02  0.02  0.01 -0.00 -0.02 -0.03 -0.02 -0.01  0.00 20062011 00
  0.00  0.00  0.01  0.02  0.04  0.06  0.07  0.07  0.07  0.07  0.11  0.14 20062011 12
  0.14  0.12  0.12  0.11  0.11  0.12  0.12  0.13  0.13  0.14  0.17  0.18 21062011 00
  0.18  0.17  0.15  0.14  0.16  0.18  0.16  0.15  0.15  0.16  0.18  0.19 21062011 12
  0.19  0.17  0.16  0.13  0.12  0.12  0.12  0.12  0.11  0.09  0.07  0.08 22062011 00
  0.06  0.06  0.06  0.05  0.04  0.03  0.03  0.05  0.05  0.04  0.03  0.03 22062011 12
  0.02  0.01 -0.01 -0.01 -0.01 -0.01 -0.02 -0.03 -0.02 -0.02 -0.03 -0.06 23062011 00
 -0.08 -0.10 -0.08 -0.05 -0.05 -0.05 -0.04 -0.03 -0.02 -0.01 -0.00 -0.01 23062011 12
 -0.04 -0.06 -0.07 -0.08 -0.09 -0.10 -0.12 -0.13 -0.13 -0.13 -0.12 -0.12 24062011 00
 -0.10 -0.09 -0.07 -0.05 -0.04 -0.03 -0.02 -0.02 -0.01  0.00  0.00  0.00 24062011 12
  0.02  0.05  0.09  0.09  0.06  0.06  0.07  0.11  0.14  0.16  0.16  0.16 25062011 00
  0.16  0.17  0.15  0.11  0.07  0.06  0.04 -0.01 -0.04 -0.06 -0.07 -0.07 25062011 12
 -0.07 -0.09 -0.09 -0.10 -0.10 -0.10 -0.10 -0.10 -0.09 -0.08 -0.07 -0.04 26062011 00
 -0.01 -0.00 -0.01 -0.00  0.01  0.01  0.02  0.03  0.04  0.06  0.07  0.08 26062011 12
  0.08  0.06  0.03 -0.01 -0.05 -0.07 -0.07 -0.08 -0.08 -0.09 -0.10 -0.09 27062011 00
 -0.08 -0.06 -0.04 -0.03 -0.03 -0.02 -0.02 -0.04 -0.03 -0.01  0.01  0.01 27062011 12
  0.01 -0.00 -0.01 -0.04 -0.09 -0.14 -0.14 -0.12 -0.10 -0.09 -0.09 -0.10 28062011 00
 -0.11 -0.11 -0.12 -0.13 -0.13 -0.13 -0.10 -0.09 -0.09 -0.08 -0.07 -0.07 28062011 12
 -0.07 -0.08 -0.08 -0.09 -0.09 -0.12 -0.15 -0.17 -0.16 -0.14 -0.12 -0.10 29062011 00
 -0.11 -0.12 -0.12 -0.11 -0.11 -0.13 -0.15 -0.15 -0.14 -0.14 -0.14 -0.13 29062011 12
 -0.13 -0.13 -0.13 -0.13 -0.13 -0.15 -0.19 -0.22 -0.21 -0.19 -0.17 -0.14 30062011 00
 -0.14 -0.15 -0.15 -0.15 -0.14 -0.14 -0.16 -0.17 -0.17 -0.17 -0.17 -0.17 30062011 12
 -0.15 -0.13 -0.14 -0.16 -0.17 -0.18 -0.21 -0.25 -0.24 -0.23 -0.19 -0.15 01072011 00
 -0.12 -0.15 -0.16 -0.20 -0.21 -0.20 -0.20 -0.21 -0.19 -0.18 -0.16 -0.14 01072011 12
 -0.13 -0.14 -0.14 -0.16 -0.16 -0.16 -0.17 -0.17 -0.18 -0.13 -0.12 -0.10 02072011 00
 -0.07 -0.06 -0.09 -0.09 -0.11 -0.10 -0.10 -0.10 -0.09 -0.08 -0.05 -0.05 02072011 12
 -0.04 -0.03 -0.05 -0.05 -0.07 -0.07 -0.07 -0.08 -0.08 -0.07 -0.05 -0.04 03072011 00
 -0.04 -0.05 -0.06 -0.09 -0.10 -0.10 -0.10 -0.10 -0.10 -0.09 -0.07 -0.07 03072011 12
 -0.05 -0.04 -0.04 -0.05 -0.06 -0.07 -0.08 -0.08 -0.09 -0.08 -0.06 -0.03 04072011 00
 -0.03 -0.04 -0.04 -0.06 -0.07 -0.08 -0.07 -0.06 -0.05 -0.03 -0.01  0.00 04072011 12
  0.01  0.01  0.01  0.01  0.00 -0.01 -0.02 -0.01  0.02  0.08  0.15  0.15 05072011 00
  0.12  0.10  0.08  0.05  0.09  0.08  0.08  0.07  0.07  0.08  0.11  0.13 05072011 12
  0.13  0.14  0.12  0.09  0.09  0.09  0.10  0.09  0.08  0.08  0.10  0.12 06072011 00
  0.12  0.13  0.13  0.14  0.15  0.17  0.18  0.17  0.15  0.13  0.15  0.20 06072011 12
  0.20  0.17  0.14  0.08  0.06  0.10  0.11  0.12  0.10  0.09  0.12  0.18 07072011 00
  0.20  0.20  0.20  0.17  0.15  0.15  0.15  0.16  0.14  0.12  0.11  0.13 07072011 12
  0.16  0.12  0.10  0.07  0.05  0.05  0.05  0.05  0.04  0.03  0.05  0.08 08072011 00
  0.12  0.14  0.15  0.16  0.14  0.12  0.12  0.13  0.15  0.15  0.14  0.12 08072011 12
  0.12  0.14  0.13  0.12  0.10  0.07  0.05  0.05  0.05  0.05  0.04  0.03 09072011 00
  0.02  0.03  0.03  0.03  0.01 -0.00 -0.01  0.00  0.02  0.02  0.01 -0.00 09072011 12
 -0.01 -0.01 -0.01 -0.02 -0.03 -0.04 -0.05 -0.05 -0.06 -0.06 -0.06 -0.06 10072011 00
 -0.05 -0.05 -0.05 -0.06 -0.07 -0.07 -0.06 -0.05 -0.05 -0.05 -0.05 -0.06 10072011 12
 -0.06 -0.06 -0.07 -0.10 -0.12 -0.13 -0.11 -0.10 -0.09 -0.09 -0.09 -0.09 11072011 00
 -0.10 -0.10 -0.10 -0.12 -0.13 -0.13 -0.13 -0.11 -0.10 -0.10 -0.11 -0.11 11072011 12
 -0.12 -0.13 -0.14 -0.16 -0.19 -0.21 -0.20 -0.20 -0.18 -0.15 -0.16 -0.16 12072011 00
 -0.17 -0.16 -0.15 -0.14 -0.16 -0.18 -0.17 -0.15 -0.14 -0.12 -0.11 -0.12 12072011 12
 -0.13 -0.14 -0.13 -0.12 -0.13 -0.15 -0.15 -0.16 -0.14 -0.14 -0.11 -0.09 13072011 00
 -0.09 -0.11 -0.12 -0.11 -0.10 -0.11 -0.12 -0.11 -0.11 -0.09 -0.09 -0.08 13072011 12
 -0.08 -0.09 -0.11 -0.12 -0.12 -0.11 -0.11 -0.11 -0.11 -0.10 -0.07 -0.05 14072011 00
 -0.05 -0.05 -0.06 -0.06 -0.06 -0.05 -0.06 -0.06 -0.05 -0.05 -0.04 -0.02 14072011 12
 -0.00 -0.01 -0.03 -0.05 -0.05 -0.05 -0.03 -0.03 -0.04 -0.04 -0.03 -0.00 15072011 00
  0.02  0.03  0.02  0.01  0.00  0.00  0.03  0.06  0.09  0.10  0.10  0.11 15072011 12
  0.12  0.13  0.14  0.16  0.15  0.15  0.16  0.18  0.21  0.23  0.24  0.24 16072011 00
  0.23  0.20  0.20  0.18  0.20  0.17  0.14  0.13  0.14  0.13  0.16  0.16 16072011 12
  0.14  0.11  0.13  0.14  0.15  0.14  0.13  0.12  0.15  0.14  0.12  0.12 17072011 00
  0.12  0.12  0.11  0.10  0.10  0.14  0.17  0.19  0.18  0.15  0.15  0.15 17072011 12
  0.15  0.11  0.09  0.11  0.11  0.12  0.13  0.12  0.10  0.08  0.08  0.07 18072011 00
  0.07  0.09  0.11  0.12  0.13  0.14  0.14  0.12  0.10  0.08  0.05  0.05 18072011 12
  0.05  0.03  0.01  0.00 -0.02 -0.02 -0.02 -0.03 -0.05 -0.05 -0.04 -0.02 19072011 00
 -0.02 -0.02  0.01  0.01  0.02  0.03  0.02  0.02  0.02  0.00 -0.02 -0.03 19072011 12
 -0.04 -0.05 -0.06 -0.05 -0.04 -0.03 -0.04 -0.05 -0.06 -0.06 -0.05 -0.02 20072011 00
 -0.02 -0.02 -0.02 -0.02 -0.03 -0.04 -0.04 -0.04 -0.05 -0.07 -0.09 -0.09 20072011 12
 -0.08 -0.08 -0.08 -0.07 -0.07 -0.08 -0.08 -0.08 -0.09 -0.10 -0.13 -0.14 21072011 00
 -0.14 -0.14 -0.12 -0.10 -0.08 -0.08 -0.09 -0.10 -0.11 -0.12 -0.13 -0.16 21072011 12
 -0.17 -0.16 -0.15 -0.14 -0.14 -0.15 -0.15 -0.14 -0.13 -0.12 -0.13 -0.14 22072011 00
 -0.14 -0.13 -0.12 -0.10 -0.07 -0.06 -0.06 -0.05 -0.05 -0.05 -0.05 -0.08 22072011 12
 -0.10 -0.09 -0.09 -0.07 -0.05 -0.04 -0.04 -0.05 -0.05 -0.05 -0.05 -0.06 23072011 00
 -0.08 -0.07 -0.04 -0.02  0.01  0.03  0.04  0.05  0.06  0.07  0.06  0.05 23072011 12
  0.03  0.01 -0.00  0.00  0.02  0.04  0.05  0.04  0.03  0.02  0.01 -0.00 24072011 00
 -0.01 -0.02 -0.01  0.00  0.04  0.07  0.08  0.09  0.09  0.09  0.09  0.09 24072011 12
  0.08  0.04  0.01 -0.00  0.01  0.03  0.05  0.04  0.03  0.02  0.02  0.01 25072011 00
  0.01  0.00 -0.00 -0.00  0.01  0.03  0.04  0.03  0.02 -0.00 -0.01 -0.01 25072011 12
 -0.01 -0.05 -0.09 -0.10 -0.10 -0.08 -0.06 -0.05 -0.04 -0.04 -0.05 -0.06 26072011 00
 -0.08 -0.09 -0.10 -0.11 -0.11 -0.09 -0.06 -0.05 -0.05 -0.06 -0.07 -0.07 26072011 12
 -0.07 -0.08 -0.09 -0.12 -0.14 -0.13 -0.11 -0.09 -0.07 -0.07 -0.08 -0.10 27072011 00
 -0.13 -0.13 -0.13 -0.12 -0.12 -0.10 -0.07 -0.06 -0.05 -0.04 -0.05 -0.07 27072011 12
 -0.09 -0.10 -0.10 -0.11 -0.13 -0.14 -0.14 -0.13 -0.11 -0.09 -0.10 -0.12 28072011 00
 -0.15 -0.16 -0.16 -0.16 -0.17 -0.18 -0.18 -0.15 -0.14 -0.14 -0.14 -0.15 28072011 12
 -0.17 -0.20 -0.22 -0.21 -0.21 -0.22 -0.24 -0.22 -0.21 -0.19 -0.17 -0.15 29072011 00
 -0.17 -0.18 -0.20 -0.20 -0.18 -0.17 -0.15 -0.13 -0.11 -0.12 -0.10 -0.10 29072011 12
 -0.13 -0.13 -0.15 -0.17 -0.17 -0.18 -0.16 -0.16 -0.12 -0.12 -0.10 -0.08 30072011 00
 -0.08 -0.10 -0.10 -0.11 -0.10 -0.10 -0.10 -0.08 -0.07 -0.05 -0.06 -0.05 30072011 12
 -0.05 -0.05 -0.05 -0.06 -0.06 -0.05 -0.03 -0.00  0.04  0.05  0.05  0.06 31072011 00
  0.05  0.05  0.04  0.03  0.03  0.03  0.03  0.03  0.05  0.05  0.06  0.05 31072011 12
  0.04  0.01 -0.00 -0.02 -0.02 -0.03 -0.03 -0.03 -0.02 -0.02 -0.01 -0.01 01082011 00
 -0.01 -0.02 -0.02 -0.03 -0.04 -0.03 -0.03 -0.02  0.00  0.02  0.03  0.03 01082011 12
  0.02  0.02  0.00 -0.01 -0.01 -0.01 -0.01 -0.01 -0.01  0.00  0.01  0.01 02082011 00
  0.01  0.00 -0.01 -0.03 -0.03 -0.03 -0.03 -0.03 -0.03 -0.04 -0.03 -0.02 02082011 12
 -0.02 -0.03 -0.03 -0.05 -0.06 -0.06 -0.04 -0.03 -0.02 -0.01 -0.00  0.01 03082011 00
  0.01  0.01  0.01  0.01  0.01  0.00 -0.00  0.01  0.01  0.03  0.04  0.03 03082011 12
  0.02  0.01  0.00  0.00  0.01  0.00  0.01  0.02  0.03  0.06  0.11  0.13 04082011 00
  0.13  0.12  0.12  0.10  0.09  0.10  0.09  0.08  0.08  0.09  0.10  0.11 04082011 12
  0.11  0.10  0.08  0.07  0.05  0.02  0.02  0.01  0.01 -0.00 -0.01 -0.02 05082011 00
 -0.02 -0.03 -0.03 -0.04 -0.03 -0.02 -0.01 -0.01 -0.01 -0.01 -0.01  0.00 05082011 12
  0.02  0.02  0.01  0.01  0.02  0.02  0.03  0.03  0.03  0.04  0.05  0.08 06082011 00
  0.10  0.11  0.12  0.12  0.13  0.14  0.16  0.16  0.16  0.15  0.13  0.13 06082011 12
  0.13  0.13  0.13  0.14  0.14  0.15  0.16  0.16  0.16  0.16  0.15  0.15 07082011 00
  0.15  0.14  0.13  0.14  0.15  0.15  0.14  0.14  0.13  0.12  0.11  0.10 07082011 12
  0.09  0.09  0.08  0.07  0.08  0.07  0.06  0.07  0.08  0.09  0.11  0.10 08082011 00
  0.08  0.07  0.08  0.09  0.09  0.08  0.06  0.05  0.03  0.00 -0.02 -0.04 08082011 12
 -0.07 -0.10 -0.16 -0.19 -0.19 -0.19 -0.17 -0.15 -0.15 -0.15 -0.12 -0.12 09082011 00
 -0.12 -0.12 -0.11 -0.09 -0.07 -0.08 -0.11 -0.10 -0.09 -0.10 -0.10 -0.10 09082011 12
 -0.10 -0.09 -0.07 -0.05 -0.05 -0.06 -0.05 -0.00  0.04  0.12  0.20  0.24 10082011 00
  0.23  0.23  0.25  0.29  0.30  0.28  0.27  0.24  0.20  0.17  0.15  0.13 10082011 12
  0.13  0.15  0.15  0.15  0.15  0.16  0.13  0.12  0.14  0.13  0.11  0.12 11082011 00
  0.09  0.06  0.04  0.02 -0.00 -0.01 -0.02 -0.02 -0.02 -0.02 -0.01 -0.01 11082011 12
 -0.01 -0.00 -0.00 -0.01 -0.02 -0.04 -0.05 -0.04 -0.04 -0.03 -0.02 -0.01 12082011 00
 -0.00 -0.00 -0.01  0.00  0.02  0.04  0.06  0.08  0.10  0.10  0.11  0.12 12082011 12
  0.14  0.16  0.17  0.17  0.16  0.16  0.15  0.13  0.11  0.11  0.13  0.13 13082011 00
  0.11  0.11  0.10  0.10  0.10  0.10  0.12  0.14  0.14  0.14  0.13  0.11 13082011 12
  0.10  0.10  0.08  0.09  0.07  0.06  0.06  0.08  0.07  0.06  0.08  0.09 14082011 00
  0.10  0.10  0.11  0.10  0.11  0.10  0.09  0.07  0.07  0.08  0.08  0.08 14082011 12
  0.07  0.06  0.06  0.06  0.05  0.05  0.05  0.04  0.02  0.01  0.01  0.02 15082011 00
  0.02  0.02  0.02  0.02  0.02  0.02  0.01  0.00  0.00  0.01  0.02  0.02 15082011 12
  0.03  0.06  0.09  0.11  0.10  0.10  0.10  0.11  0.13  0.16  0.14  0.16 16082011 00
  0.13  0.10  0.09  0.12  0.12  0.10  0.05  0.01 -0.04 -0.07 -0.07 -0.05 16082011 12
 -0.05 -0.07 -0.06 -0.07 -0.07 -0.07 -0.07 -0.08 -0.10 -0.11 -0.11 -0.10 17082011 00
 -0.10 -0.10 -0.07 -0.06 -0.06 -0.06 -0.06 -0.07 -0.08 -0.11 -0.11 -0.10 17082011 12
 -0.09 -0.08 -0.06 -0.07 -0.06 -0.07 -0.08 -0.08 -0.09 -0.10 -0.11 -0.09 18082011 00
 -0.09 -0.08 -0.06 -0.05 -0.05 -0.05 -0.06 -0.06 -0.06 -0.09 -0.11 -0.09 18082011 12
 -0.07 -0.06 -0.03 -0.02 -0.02 -0.02 -0.03 -0.04 -0.04 -0.05 -0.05 -0.05 19082011 00
 -0.04 -0.02  0.01  0.05  0.08  0.10  0.11  0.12  0.14  0.18  0.22  0.25 19082011 12
  0.25  0.22  0.18  0.13  0.11  0.08  0.08  0.07  0.03 -0.03 -0.08 -0.13 20082011 00
 -0.14 -0.09 -0.04  0.01  0.08  0.10  0.10  0.09  0.09  0.09  0.06  0.04 20082011 12
  0.05  0.06  0.06  0.06  0.06  0.07  0.07  0.06  0.06  0.06  0.05  0.03 21082011 00
  0.01  0.01  0.04  0.05  0.07  0.07  0.07  0.05  0.03 -0.00 -0.04 -0.08 21082011 12
 -0.10 -0.10 -0.09 -0.08 -0.08 -0.11 -0.11 -0.11 -0.11 -0.12 -0.13 -0.15 22082011 00
 -0.18 -0.19 -0.17 -0.13 -0.09 -0.06 -0.06 -0.07 -0.08 -0.09 -0.09 -0.09 22082011 12
 -0.11 -0.12 -0.11 -0.09 -0.07 -0.06 -0.08 -0.09 -0.09 -0.09 -0.08 -0.07 23082011 00
 -0.07 -0.09 -0.09 -0.06 -0.02  0.02  0.03  0.04  0.03 -0.00 -0.02 -0.01 23082011 12
 -0.00 -0.00  0.00  0.02  0.04  0.07  0.09  0.10  0.09  0.08  0.06  0.04 24082011 00
  0.03  0.02  0.01 -0.01  0.01  0.05  0.08  0.09  0.09  0.06  0.04  0.04 24082011 12
  0.06  0.06  0.05  0.05  0.07  0.09  0.10  0.10  0.08  0.08  0.09  0.10 25082011 00
  0.10  0.09  0.08  0.10  0.13  0.15  0.17  0.16  0.13  0.10  0.07  0.06 25082011 12
  0.05  0.05  0.03  0.02  0.03  0.04  0.07  0.08  0.07  0.06  0.03  0.02 26082011 00
  0.01  0.02  0.02  0.02  0.04  0.07  0.09  0.10  0.11  0.10  0.08  0.06 26082011 12
  0.02 -0.00  0.01  0.01 -0.01 -0.06 -0.08 -0.05 -0.01  0.01 -0.00 -0.02 27082011 00
 -0.04 -0.05 -0.04 -0.03 -0.02 -0.02 -0.01  0.01  0.01  0.02  0.01 -0.01 27082011 12
 -0.03 -0.04 -0.04 -0.03 -0.03 -0.03 -0.02  0.02  0.03  0.04  0.05  0.04 28082011 00
  0.03  0.04  0.05  0.05  0.06  0.06  0.05  0.04  0.05  0.06  0.05  0.03 28082011 12
 -0.00  0.00  0.01  0.02  0.02  0.01 -0.00 -0.02 -0.01 -0.00  0.02  0.01 29082011 00
 -0.01 -0.04 -0.04 -0.02 -0.01 -0.01 -0.01 -0.02 -0.02 -0.00 -0.00 -0.01 29082011 12
 -0.03 -0.04 -0.04 -0.03 -0.03 -0.04 -0.06 -0.05 -0.03 -0.01  0.00 -0.00 30082011 00
 -0.01 -0.03 -0.05 -0.05 -0.04 -0.04 -0.04 -0.04 -0.05 -0.04 -0.04 -0.04 30082011 12
 -0.04 -0.03 -0.04 -0.04 -0.05 -0.05 -0.05 -0.04 -0.03 -0.03 -0.02 -0.02 31082011 00
 -0.03 -0.03 -0.03 -0.05 -0.05 -0.06 -0.05 -0.04 -0.03 -0.02 -0.03 -0.02 31082011 12
 -0.02 -0.02 -0.02 -0.03 -0.03 -0.05 -0.05 -0.04 -0.03 -0.04 -0.03 -0.01 01092011 00
 -0.01 -0.01  0.01  0.01  0.01  0.01  0.01  0.00  0.00  0.01  0.03  0.04 01092011 12
  0.05  0.05  0.05  0.05  0.06  0.07  0.10  0.12  0.15  0.17  0.18  0.16 02092011 00
  0.17  0.16  0.14  0.10  0.11  0.09  0.10  0.08  0.06  0.06  0.08  0.09 02092011 12
  0.09  0.10  0.10  0.11  0.15  0.16  0.17  0.16  0.16  0.18  0.21  0.24 03092011 00
  0.21  0.20  0.17  0.14  0.13  0.14  0.13  0.13  0.11  0.08  0.08  0.08 03092011 12
  0.07  0.08  0.10  0.09  0.07  0.08  0.07  0.08  0.06  0.05  0.06  0.08 04092011 00
  0.09  0.12  0.15  0.18  0.20  0.21  0.20  0.19  0.17  0.16  0.15  0.17 04092011 12
  0.19  0.19  0.19  0.19  0.19  0.19  0.21  0.21  0.20  0.19  0.20  0.18 05092011 00
  0.13  0.07  0.06  0.05  0.03  0.02  0.03  0.07  0.07  0.04  0.04  0.10 05092011 12
  0.21  0.30  0.31  0.33  0.40  0.51  0.62  0.72  0.75  0.74  0.66  0.59 06092011 00
  0.51  0.44  0.36  0.32  0.32  0.28  0.26  0.29  0.37  0.46  0.52  0.47 06092011 12
  0.37  0.31  0.28  0.15  0.02 -0.05 -0.07 -0.07 -0.02  0.02  0.02  0.03 07092011 00
  0.07  0.10  0.13  0.18  0.24  0.28  0.28  0.23  0.19  0.21  0.20  0.20 07092011 12
  0.18  0.16  0.13  0.13  0.15  0.16  0.18  0.18  0.16  0.17  0.19  0.18 08092011 00
  0.18  0.17  0.13  0.08  0.06  0.04  0.03  0.03  0.02  0.01  0.02  0.04 08092011 12
  0.05  0.05  0.05  0.07  0.10  0.14  0.16  0.15  0.13  0.11  0.10  0.11 09092011 00
  0.11  0.11  0.11  0.10  0.11  0.14  0.16  0.17  0.18  0.17  0.16  0.16 09092011 12
  0.16  0.15  0.15  0.13  0.11  0.13  0.18  0.21  0.21  0.21  0.23  0.27 10092011 00
  0.31  0.33  0.34  0.35  0.36  0.39  0.44  0.46  0.43  0.39  0.37  0.36 10092011 12
  0.40  0.38  0.38  0.38  0.37  0.39  0.44  0.42  0.39  0.38  0.37  0.36 11092011 00
  0.38  0.40  0.41  0.42  0.40  0.37  0.37  0.33  0.31  0.34  0.32  0.28 11092011 12
  0.24  0.24  0.29  0.37  0.42  0.45  0.54  0.67  0.67  0.66  0.60  0.50 12092011 00
  0.49  0.61  0.61  0.70  0.74  0.76  0.78  0.76  0.67  0.61  0.61  0.50 12092011 12
  0.36  0.31  0.27  0.33  0.33  0.25  0.18  0.16  0.12  0.10  0.18  0.25 13092011 00
  0.25  0.27  0.29  0.30  0.36  0.40  0.42  0.39  0.32  0.29  0.27  0.28 13092011 12
  0.23  0.18  0.16  0.15  0.17  0.13  0.06 -0.00 -0.05 -0.07 -0.05 -0.02 14092011 00
 -0.02 -0.01 -0.02 -0.02 -0.01 -0.01 -0.02 -0.05 -0.09 -0.09 -0.09 -0.08 14092011 12
 -0.06 -0.04 -0.04 -0.06 -0.07 -0.08 -0.09 -0.11 -0.13 -0.14 -0.11 -0.10 15092011 00
 -0.08 -0.06 -0.03 -0.03 -0.03 -0.04 -0.05 -0.05 -0.06 -0.06 -0.06 -0.06 15092011 12
 -0.06 -0.06 -0.03 -0.03 -0.03 -0.05 -0.07 -0.07 -0.08 -0.08 -0.06 -0.02 16092011 00
  0.00  0.03  0.08  0.10  0.12  0.13  0.14  0.13  0.14  0.15  0.16  0.16 16092011 12
  0.17  0.16  0.16  0.21  0.22  0.24  0.23  0.21  0.20  0.16  0.11  0.12 17092011 00
  0.12  0.11  0.10  0.09  0.08  0.09  0.08  0.06  0.05  0.01 -0.04 -0.06 17092011 12
 -0.03 -0.00  0.02  0.04  0.02  0.01  0.00 -0.02 -0.05 -0.12 -0.19 -0.21 18092011 00
 -0.21 -0.17 -0.14 -0.12 -0.13 -0.15 -0.16 -0.13 -0.09 -0.08 -0.12 -0.12 18092011 12
 -0.10 -0.11 -0.10 -0.05 -0.03 -0.02 -0.03 -0.05 -0.06 -0.07 -0.08 -0.07 19092011 00
 -0.03  0.00  0.05  0.09  0.11  0.11  0.10  0.08  0.08  0.10  0.12  0.15 19092011 12
  0.18  0.17  0.15  0.15  0.15  0.15  0.14  0.09  0.04 -0.00 -0.04 -0.07 20092011 00
 -0.08 -0.04 -0.00  0.01  0.03  0.04  0.06  0.07  0.06  0.04  0.04  0.04 20092011 12
  0.05  0.04  0.05  0.07  0.08  0.09  0.10  0.11  0.12  0.14  0.16  0.21 21092011 00
  0.29  0.35  0.43  0.49  0.49  0.43  0.35  0.31  0.30  0.27  0.22  0.16 21092011 12
  0.12  0.04 -0.03 -0.04 -0.03 -0.02  0.02  0.05  0.01 -0.01 -0.01 -0.00 22092011 00
 -0.03 -0.08 -0.09 -0.05 -0.04 -0.04 -0.04 -0.05 -0.07 -0.07 -0.05 -0.02 22092011 12
 -0.02 -0.01  0.03  0.06  0.08  0.11  0.14  0.12  0.09  0.06  0.03  0.04 23092011 00
  0.06  0.06  0.05  0.08  0.10  0.11  0.12  0.13  0.13  0.13  0.12  0.10 23092011 12
  0.11  0.12  0.14  0.16  0.19  0.21  0.23  0.22  0.18  0.13  0.12  0.10 24092011 00
  0.11  0.12  0.10  0.07  0.06  0.06  0.05  0.06  0.05  0.02  0.01 -0.00 24092011 12
 -0.00  0.01  0.02  0.02  0.03  0.07  0.09  0.10  0.08  0.06  0.07  0.10 25092011 00
  0.12  0.14  0.15  0.15  0.19  0.28  0.31  0.32  0.31  0.28  0.20  0.20 25092011 12
  0.20  0.21  0.21  0.19  0.17  0.15  0.13  0.09  0.06  0.04  0.01 -0.04 26092011 00
 -0.05 -0.08 -0.07 -0.09 -0.11 -0.13 -0.12 -0.12 -0.13 -0.13 -0.11 -0.08 26092011 12
 -0.08 -0.09 -0.10 -0.08 -0.06 -0.03  0.00  0.03  0.01 -0.01 -0.01 -0.01 27092011 00
 -0.00  0.00  0.00  0.00 -0.00 -0.01 -0.01 -0.02 -0.04 -0.06 -0.06 -0.06 27092011 12
 -0.07 -0.09 -0.10 -0.12 -0.13 -0.12 -0.10 -0.07 -0.07 -0.07 -0.08 -0.08 28092011 00
 -0.06 -0.04 -0.04 -0.03 -0.04 -0.03 -0.01  0.02  0.02  0.01  0.01  0.01 28092011 12
  0.02  0.02  0.01  0.00  0.00 -0.00 -0.00 -0.01 -0.02 -0.04 -0.04 -0.04 29092011 00
 -0.03 -0.02 -0.01 -0.02 -0.04 -0.04 -0.05 -0.06 -0.07 -0.07 -0.06 -0.06 29092011 12
 -0.06 -0.05 -0.03 -0.04 -0.05 -0.07 -0.07 -0.05 -0.03  0.01  0.02  0.05 30092011 00
  0.06  0.07  0.08  0.09  0.09  0.07  0.04  0.04  0.03  0.01 -0.01 -0.02 30092011 12
 -0.03 -0.03 -0.05 -0.07 -0.09 -0.09 -0.09 -0.09 -0.10 -0.11 -0.11 -0.10 01102011 00
 -0.09 -0.08 -0.06 -0.05 -0.06 -0.06 -0.07 -0.07 -0.08 -0.10 -0.10 -0.09 01102011 12
 -0.09 -0.07 -0.06 -0.05 -0.06 -0.07 -0.08 -0.08 -0.08 -0.08 -0.08 -0.06 02102011 00
 -0.06 -0.06 -0.04 -0.01  0.01  0.01 -0.01 -0.04 -0.04 -0.04 -0.04 -0.03 02102011 12
 -0.02 -0.01 -0.01  0.00  0.02  0.03  0.05  0.05  0.04  0.04  0.07  0.13 03102011 00
  0.16  0.16  0.23  0.33  0.34  0.34  0.33  0.27  0.23  0.15  0.07  0.04 03102011 12
  0.01 -0.02 -0.04 -0.07 -0.07 -0.06 -0.02  0.02  0.05  0.06  0.05  0.05 04102011 00
  0.07  0.08  0.08  0.08  0.07  0.05  0.03 -0.00 -0.00  0.02  0.05  0.07 04102011 12
  0.10  0.13  0.18  0.21  0.21  0.21  0.24  0.25  0.25  0.25  0.27  0.27 05102011 00
  0.28  0.30  0.30  0.33  0.37  0.38  0.41  0.43  0.38  0.36  0.38  0.33 05102011 12
  0.28  0.27  0.24  0.23  0.27  0.26  0.20  0.20  0.22  0.19  0.23  0.30 06102011 00
  0.32  0.29  0.30  0.35  0.43  0.48  0.46  0.36  0.27  0.21  0.17  0.13 06102011 12
  0.08  0.05  0.08  0.05 -0.11 -0.20 -0.19 -0.17 -0.16 -0.17 -0.18 -0.18 07102011 00
 -0.16 -0.16 -0.16 -0.17 -0.18 -0.17 -0.16 -0.16 -0.12 -0.08 -0.08 -0.10 07102011 12
 -0.12 -0.11 -0.08 -0.06 -0.08 -0.12 -0.13 -0.11 -0.09 -0.06 -0.04 -0.03 08102011 00
 -0.04 -0.04 -0.03 -0.02 -0.04 -0.08 -0.10 -0.07 -0.05 -0.03 -0.01  0.00 08102011 12
  0.03  0.04  0.04  0.05  0.06  0.06  0.06  0.07  0.09  0.09  0.13  0.18 09102011 00
  0.18  0.16  0.14  0.12  0.09  0.06  0.03  0.03  0.03  0.01  0.01  0.05 09102011 12
  0.07  0.08  0.10  0.12  0.14  0.19  0.21  0.19  0.21  0.24  0.24  0.25 10102011 00
  0.30  0.28  0.24  0.18  0.13  0.09  0.05  0.01  0.00  0.02  0.05  0.09 10102011 12
  0.14  0.18  0.20  0.20  0.18  0.18  0.18  0.14  0.13  0.10  0.10  0.09 11102011 00
  0.09  0.07  0.06  0.04  0.01 -0.01 -0.04 -0.08 -0.09 -0.09 -0.09 -0.06 11102011 12
 -0.04 -0.03 -0.03 -0.04 -0.04 -0.05 -0.05 -0.04 -0.01  0.02  0.03  0.04 12102011 00
  0.06  0.07  0.07  0.06  0.04  0.00 -0.05 -0.10 -0.14 -0.14 -0.14 -0.14 12102011 12
 -0.13 -0.13 -0.15 -0.15 -0.17 -0.18 -0.19 -0.19 -0.20 -0.18 -0.18 -0.17 13102011 00
 -0.14 -0.12 -0.13 -0.13 -0.14 -0.15 -0.16 -0.19 -0.21 -0.21 -0.19 -0.18 13102011 12
 -0.15 -0.12 -0.13 -0.12 -0.14 -0.15 -0.15 -0.18 -0.20 -0.21 -0.18 -0.17 14102011 00
 -0.13 -0.09 -0.10 -0.10 -0.11 -0.11 -0.10 -0.12 -0.14 -0.13 -0.13 -0.12 14102011 12
 -0.10 -0.07 -0.06 -0.05 -0.06 -0.07 -0.06 -0.06 -0.07 -0.08 -0.06 -0.06 15102011 00
 -0.05 -0.03 -0.01 -0.01 -0.02 -0.03 -0.04 -0.05 -0.08 -0.11 -0.10 -0.08 15102011 12
 -0.06 -0.03 -0.01 -0.01 -0.01 -0.02 -0.02 -0.03 -0.07 -0.10 -0.10 -0.08 16102011 00
 -0.05 -0.03 -0.01 -0.00  0.00 -0.01 -0.00 -0.01 -0.03 -0.04 -0.04 -0.01 16102011 12
  0.03  0.08  0.10  0.14  0.18  0.19  0.20  0.20  0.19  0.21  0.25  0.30 17102011 00
  0.32  0.30  0.30  0.34  0.40  0.48  0.61  0.64  0.43  0.36  0.34  0.31 17102011 12
  0.23  0.19  0.13  0.14  0.16  0.18  0.13  0.07  0.05  0.12  0.23  0.31 18102011 00
  0.33  0.28  0.23  0.19  0.17  0.18  0.21  0.21  0.13  0.02 -0.06 -0.11 18102011 12
 -0.10 -0.02  0.04  0.02 -0.02 -0.04 -0.05 -0.06 -0.07 -0.09 -0.11 -0.12 19102011 00
 -0.13 -0.15 -0.11 -0.06 -0.05 -0.09 -0.13 -0.17 -0.18 -0.16 -0.16 -0.19 19102011 12
 -0.19 -0.16 -0.12 -0.08 -0.06 -0.06 -0.09 -0.13 -0.16 -0.16 -0.15 -0.15 20102011 00
 -0.16 -0.14 -0.12 -0.08 -0.04 -0.03 -0.04 -0.05 -0.06 -0.04 -0.00  0.04 20102011 12
  0.08  0.11  0.13  0.15  0.16  0.16  0.15  0.12  0.09  0.10  0.11  0.11 21102011 00
  0.11  0.13  0.12  0.13  0.14  0.12  0.10  0.07  0.02  0.02  0.04  0.04 21102011 12
  0.05  0.08  0.12  0.13  0.14  0.15  0.16  0.18  0.23  0.24  0.24  0.24 22102011 00
  0.24  0.26  0.28  0.30  0.29  0.29  0.26  0.22  0.16  0.14  0.13  0.13 22102011 12
  0.13  0.14  0.15  0.18  0.20  0.19  0.18  0.14  0.08  0.06  0.07  0.10 23102011 00
  0.10  0.09  0.11  0.21  0.34  0.40  0.41  0.38  0.33  0.32  0.33  0.29 23102011 12
  0.28  0.30  0.32  0.34  0.43  0.41  0.32  0.25  0.16  0.02 -0.01 -0.02 24102011 00
 -0.00  0.05  0.06  0.09  0.20  0.32  0.35  0.35  0.28  0.17  0.11  0.16 24102011 12
  0.21  0.26  0.21  0.16  0.18  0.22  0.17  0.16  0.15  0.15  0.14  0.16 25102011 00
  0.20  0.25  0.27  0.25  0.22  0.19  0.19  0.18  0.17  0.15  0.11  0.09 25102011 12
  0.12  0.13  0.16  0.16  0.16  0.18  0.20  0.22  0.18  0.18  0.16  0.10 26102011 00
  0.10  0.12  0.13  0.12  0.10  0.11  0.16  0.16  0.16  0.16  0.17  0.15 26102011 12
  0.14  0.15  0.13  0.14  0.13  0.13  0.17  0.22  0.24  0.26  0.25  0.23 27102011 00
  0.15  0.12  0.10  0.11  0.10  0.08  0.07  0.06  0.05  0.03  0.05  0.06 27102011 12
  0.05  0.04  0.05  0.05  0.05  0.03  0.01 -0.02 -0.05 -0.04 -0.04 -0.04 28102011 00
 -0.05 -0.05 -0.05 -0.05 -0.05 -0.05 -0.05 -0.04 -0.01  0.01  0.03  0.03 28102011 12
  0.06  0.11  0.12  0.12  0.11  0.12  0.14  0.18  0.21  0.20  0.18  0.19 29102011 00
  0.23  0.19  0.20  0.26  0.28  0.30  0.30  0.29  0.28  0.25  0.18  0.19 29102011 12
  0.18  0.15  0.11  0.14  0.13  0.13  0.11  0.09  0.08  0.07  0.07  0.06 30102011 00
  0.08  0.07  0.04  0.06  0.05  0.06  0.05  0.04  0.03  0.05  0.06  0.07 30102011 12
  0.07  0.07  0.07  0.09  0.12  0.13  0.16  0.15  0.16  0.20  0.24  0.26 31102011 00
  0.25  0.25  0.24  0.24  0.29  0.29  0.28  0.24  0.21  0.19  0.20  0.20 31102011 12
  0.19  0.21  0.17  0.15  0.15  0.15  0.15  0.13  0.11  0.10  0.08  0.09 01112011 00
  0.10  0.11  0.10  0.08  0.07  0.06  0.06  0.06  0.06  0.06  0.06  0.11 01112011 12
  0.15  0.15  0.15  0.15  0.17  0.22  0.26  0.26  0.23  0.22  0.24  0.31 02112011 00
  0.37  0.37  0.32  0.29  0.27  0.27  0.30  0.34  0.33  0.30  0.30  0.37 02112011 12
  0.46  0.48  0.45  0.41  0.38  0.36  0.39  0.41  0.42  0.40  0.37  0.36 03112011 00
  0.38  0.43  0.45  0.46  0.42  0.40  0.39  0.40  0.38  0.37  0.35  0.33 03112011 12
  0.35  0.38  0.37  0.36  0.34  0.31  0.29  0.29  0.29  0.29  0.29  0.27 04112011 00
  0.25  0.24  0.25  0.24  0.23  0.22  0.20  0.18  0.18  0.17  0.18  0.18 04112011 12
  0.15  0.13  0.13  0.14  0.12  0.11  0.09  0.08  0.09  0.09  0.07  0.06 05112011 00
  0.04  0.01 -0.00 -0.01 -0.03 -0.03 -0.03 -0.05 -0.05 -0.06 -0.08 -0.09 05112011 12
 -0.10 -0.11 -0.13 -0.16 -0.19 -0.21 -0.21 -0.19 -0.16 -0.14 -0.16 -0.17 06112011 00
 -0.18 -0.17 -0.16 -0.16 -0.20 -0.24 -0.24 -0.24 -0.22 -0.19 -0.19 -0.20 06112011 12
 -0.20 -0.21 -0.20 -0.19 -0.22 -0.27 -0.27 -0.25 -0.22 -0.18 -0.13 -0.14 07112011 00
 -0.16 -0.18 -0.18 -0.16 -0.17 -0.21 -0.22 -0.20 -0.19 -0.15 -0.11 -0.09 07112011 12
 -0.08 -0.09 -0.09 -0.09 -0.09 -0.11 -0.10 -0.08 -0.08 -0.07 -0.05 -0.03 08112011 00
 -0.01 -0.02 -0.03 -0.04 -0.03 -0.03 -0.03 -0.02 -0.01 -0.00  0.02  0.04 08112011 12
  0.06  0.06  0.03  0.01  0.02  0.04  0.05  0.05  0.05  0.04  0.04  0.06 09112011 00
  0.08  0.09  0.08  0.05  0.03  0.04  0.07  0.10  0.11  0.10  0.09  0.09 09112011 12
  0.11  0.13  0.13  0.11  0.07  0.04  0.02  0.01  0.03  0.05  0.05  0.04 10112011 00
  0.04  0.05  0.05  0.05  0.03 -0.00 -0.05 -0.06 -0.05 -0.05 -0.07 -0.07 10112011 12
 -0.05 -0.04 -0.04 -0.06 -0.08 -0.09 -0.08 -0.08 -0.04 -0.01  0.01  0.03 11112011 00
  0.09  0.13  0.15  0.11  0.06  0.04  0.09  0.14  0.13  0.09  0.10  0.12 11112011 12
  0.14  0.19  0.21  0.19  0.17  0.15  0.14  0.12  0.12  0.14  0.15  0.15 12112011 00
  0.12  0.09  0.06  0.05  0.04 -0.01 -0.08 -0.16 -0.23 -0.28 -0.26 -0.25 12112011 12
 -0.23 -0.20 -0.23 -0.23 -0.23 -0.19 -0.16 -0.13 -0.10 -0.08 -0.10 -0.09 13112011 00
 -0.07 -0.07 -0.03 -0.02 -0.04 -0.06 -0.07 -0.08 -0.07 -0.05 -0.01  0.00 13112011 12
  0.03  0.04  0.03  0.02 -0.01 -0.05 -0.08 -0.09 -0.11 -0.14 -0.16 -0.15 14112011 00
 -0.12 -0.09 -0.07 -0.07 -0.07 -0.08 -0.08 -0.07 -0.06 -0.07 -0.08 -0.09 14112011 12
 -0.08 -0.05 -0.04 -0.05 -0.07 -0.10 -0.09 -0.08 -0.07 -0.07 -0.04 -0.02 15112011 00
  0.00  0.01  0.01 -0.01 -0.02 -0.04 -0.06 -0.08 -0.10 -0.11 -0.11 -0.09 15112011 12
 -0.07 -0.03 -0.01 -0.01 -0.02 -0.03 -0.04 -0.03 -0.03 -0.03 -0.03 -0.02 16112011 00
 -0.01  0.01  0.01  0.01 -0.01 -0.05 -0.06 -0.05 -0.03 -0.04 -0.03  0.01 16112011 12
  0.05  0.06  0.07  0.07  0.08  0.10  0.10  0.08  0.08  0.07  0.07  0.10 17112011 00
  0.13  0.13  0.15  0.17  0.19  0.23  0.26  0.28  0.27  0.25  0.28  0.36 17112011 12
  0.40  0.36  0.33  0.30  0.27  0.30  0.31  0.31  0.28  0.24  0.23  0.25 18112011 00
  0.28  0.27  0.28  0.25  0.20  0.15  0.13  0.11  0.10  0.08  0.07  0.09 18112011 12
  0.15  0.15  0.13  0.09  0.07  0.06  0.07  0.07  0.08  0.06  0.06  0.08 19112011 00
  0.11  0.15  0.16  0.17  0.15  0.11  0.08  0.06  0.04  0.03  0.03  0.03 19112011 12
  0.05  0.07  0.07  0.05  0.05  0.05  0.05  0.03  0.01 -0.01 -0.02 -0.03 20112011 00
 -0.03 -0.02 -0.00  0.02  0.04  0.03  0.00 -0.02 -0.04 -0.03 -0.03 -0.02 20112011 12
 -0.00  0.03  0.07  0.09  0.08  0.08  0.07  0.06  0.05  0.04  0.02  0.02 21112011 00
  0.02  0.01 -0.01 -0.02 -0.03 -0.04 -0.05 -0.05 -0.06 -0.07 -0.08 -0.08 21112011 12
 -0.06 -0.03 -0.00  0.01 -0.01 -0.02 -0.03 -0.02 -0.01 -0.01 -0.04 -0.07 22112011 00
 -0.08 -0.08 -0.06 -0.06 -0.08 -0.08 -0.07 -0.05 -0.05 -0.04 -0.03 -0.02 22112011 12
 -0.02 -0.01  0.02  0.05  0.07  0.08  0.09  0.08  0.09  0.09  0.10  0.13 23112011 00
  0.13  0.14  0.14  0.13  0.14  0.13  0.11  0.10  0.10  0.06  0.06  0.07 23112011 12
  0.07  0.08  0.05  0.04  0.03  0.04  0.03 -0.02 -0.03 -0.01  0.01  0.08 24112011 00
  0.15  0.14  0.16  0.18  0.24  0.33  0.46  0.47  0.48  0.49  0.53  0.50 24112011 12
  0.57  0.56  0.51  0.42  0.38  0.35  0.26  0.07 -0.06  0.02  0.03  0.10 25112011 00
  0.22  0.26  0.23  0.26  0.32  0.34  0.23  0.12  0.08  0.04  0.02 -0.01 25112011 12
 -0.07 -0.07 -0.08 -0.05 -0.03  0.01  0.08  0.18  0.23  0.27  0.31  0.35 26112011 00
  0.34  0.35  0.39  0.40  0.40  0.37  0.34  0.32  0.31  0.26  0.31  0.34 26112011 12
  0.37  0.39  0.49  0.51  0.64  0.73  0.77  0.81  0.76  0.56  0.41  0.37 27112011 00
  0.26  0.02 -0.06 -0.13 -0.07 -0.07 -0.12 -0.16 -0.19 -0.18 -0.15 -0.08 27112011 12
 -0.07 -0.06 -0.04 -0.07 -0.08 -0.08 -0.08 -0.07 -0.05 -0.00  0.06  0.11 28112011 00
  0.13  0.14  0.20  0.26  0.27  0.26  0.25  0.24  0.24  0.27  0.28  0.33 28112011 12
  0.33  0.35  0.32  0.32  0.40  0.43  0.42  0.41  0.46  0.61  0.70  0.68 29112011 00
  0.66  0.75  0.84  0.80  0.54  0.53  0.55  0.41  0.26  0.23  0.25  0.25 29112011 12
  0.30  0.28  0.23  0.20  0.23  0.20  0.24  0.22  0.18  0.12  0.08  0.04 30112011 00
  0.02  0.04  0.05  0.11  0.18  0.24  0.29  0.34  0.38  0.43  0.60  0.75 30112011 12
  0.78  0.80  0.90  0.96  0.76  0.61  0.52  0.47  0.35  0.16  0.06  0.06 01122011 00
 -0.04 -0.06 -0.01 -0.01  0.02  0.03  0.03  0.06  0.09  0.08  0.05  0.02 01122011 12
 -0.00 -0.03 -0.06 -0.05 -0.00  0.05  0.08  0.08  0.09  0.11  0.15  0.19 02122011 00
  0.22  0.25  0.27  0.26  0.24  0.22  0.22  0.25  0.26  0.29  0.34  0.42 02122011 12
  0.50  0.52  0.57  0.60  0.50  0.39  0.37  0.35  0.32  0.32  0.29  0.20 03122011 00
  0.11  0.07  0.03  0.05  0.10  0.12  0.13  0.12  0.14  0.22  0.29  0.31 03122011 12
  0.30  0.25  0.24  0.25  0.24  0.24  0.25  0.25  0.23  0.25  0.33  0.39 04122011 00
  0.36  0.30  0.28  0.26  0.27  0.32  0.35  0.27  0.20  0.16  0.13  0.12 04122011 12
  0.10  0.07  0.05  0.06  0.15  0.25  0.30  0.30  0.29  0.32  0.38  0.40 05122011 00
  0.36  0.29  0.21  0.14  0.08  0.05  0.05  0.04  0.06  0.08  0.12  0.16 05122011 12
  0.20  0.23  0.29  0.31  0.33  0.36  0.32  0.23  0.20  0.14  0.03 -0.03 06122011 00
 -0.03 -0.04 -0.06 -0.07 -0.05 -0.05 -0.03  0.03  0.08  0.17  0.29  0.37 06122011 12
  0.43  0.42  0.44  0.55  0.63  0.66  0.70  0.66  0.68  0.70  0.60  0.43 07122011 00
  0.32  0.32  0.28  0.18  0.06 -0.10 -0.21 -0.18 -0.14 -0.12 -0.10 -0.10 07122011 12
 -0.10 -0.10 -0.09 -0.09 -0.10 -0.09 -0.02  0.11  0.25  0.38  0.57  0.81 08122011 00
  0.98  1.17  1.22  1.17  1.24  1.33  1.26  1.03  0.88  0.82  0.68  0.47 08122011 12
  0.26  0.12  0.09  0.05  0.01 -0.01 -0.04 -0.08 -0.04  0.04  0.08  0.13 09122011 00
  0.17  0.19  0.20  0.19  0.16  0.09 -0.01 -0.08 -0.07 -0.02  0.03  0.06 09122011 12
  0.07  0.07  0.07  0.08  0.11  0.13  0.14  0.13  0.14  0.17  0.19  0.18 10122011 00
  0.15  0.13  0.14  0.12  0.08  0.05  0.02  0.03  0.05  0.09  0.13  0.16 10122011 12
  0.19  0.24  0.26  0.29  0.32  0.34  0.35  0.36  0.36  0.37  0.39  0.36 11122011 00
  0.26  0.21  0.19  0.20  0.20  0.17  0.15  0.16  0.14  0.14  0.16  0.19 11122011 12
  0.16  0.16  0.17  0.19  0.24  0.29  0.28  0.23  0.19  0.19  0.24  0.22 12122011 00
  0.19  0.14  0.09  0.06  0.06  0.07  0.10  0.20  0.43  0.58  0.64  0.68 12122011 12
  0.72  0.75  0.81  0.79  0.83  0.76  0.69  0.64  0.65  0.69  0.76  0.78 13122011 00
  0.74  0.64  0.64  0.70  0.84  1.01  1.09  1.09  1.09  0.99  0.79  0.74 13122011 12
  0.73  0.63  0.55  0.51  0.47  0.53  0.46  0.33  0.27  0.32  0.36  0.44 14122011 00
  0.50  0.45  0.36  0.29  0.23  0.27  0.27  0.21  0.14  0.12  0.12  0.16 14122011 12
  0.20  0.23  0.25  0.26  0.23  0.18  0.15  0.12  0.07 -0.00 -0.05 -0.07 15122011 00
 -0.03 -0.03 -0.02  0.01  0.00  0.01  0.03  0.04  0.04  0.04  0.06  0.10 15122011 12
  0.13  0.14  0.14  0.15  0.15  0.14  0.12  0.12  0.14  0.17  0.20  0.22 16122011 00
  0.23  0.21  0.18  0.16  0.13  0.11  0.09  0.06  0.01 -0.04 -0.11 -0.20 16122011 12
 -0.25 -0.28 -0.26 -0.26 -0.24 -0.23 -0.22 -0.21 -0.17 -0.08  0.03  0.06 17122011 00
 -0.00 -0.05 -0.08 -0.09 -0.14 -0.20 -0.25 -0.27 -0.28 -0.28 -0.30 -0.33 17122011 12
 -0.34 -0.32 -0.30 -0.23 -0.13 -0.05 -0.03 -0.01 -0.04 -0.03  0.00  0.01 18122011 00
 -0.06 -0.11 -0.09 -0.09 -0.08 -0.09 -0.10 -0.12 -0.12 -0.11 -0.09 -0.07 18122011 12
 -0.06 -0.07 -0.05 -0.05 -0.04 -0.03 -0.01  0.00  0.02  0.03  0.04  0.07 19122011 00
  0.12  0.22  0.30  0.32  0.29  0.27  0.21  0.18  0.15  0.14  0.16  0.16 19122011 12
  0.12  0.06 -0.02 -0.08 -0.06 -0.02 -0.01  0.02  0.02 -0.00 -0.01 -0.03 20122011 00
 -0.06 -0.09 -0.13 -0.16 -0.15 -0.13 -0.13 -0.12 -0.09 -0.08 -0.06 -0.02 20122011 12
  0.03  0.07  0.11  0.14  0.16  0.16  0.15  0.14  0.10  0.06  0.02 -0.00 21122011 00
 -0.00 -0.01 -0.03 -0.06 -0.07 -0.06 -0.04 -0.03 -0.03 -0.01  0.01  0.01 21122011 12
  0.01  0.01  0.02 -0.01 -0.05 -0.08 -0.07 -0.07 -0.08 -0.08 -0.07 -0.06 22122011 00
 -0.05 -0.03 -0.03 -0.04 -0.04 -0.03 -0.01  0.00  0.01  0.04  0.10  0.16 22122011 12
  0.18  0.20  0.23  0.26  0.31  0.36  0.37  0.37  0.34  0.30  0.22  0.18 23122011 00
  0.13  0.11  0.11  0.07  0.04  0.01 -0.06 -0.15 -0.13 -0.07 -0.03 -0.03 23122011 12
 -0.07 -0.09 -0.09 -0.08 -0.08 -0.13 -0.18 -0.20 -0.15 -0.11 -0.07  0.01 24122011 00
  0.05  0.07  0.10  0.12  0.16  0.20  0.25  0.24  0.25  0.23  0.24  0.19 24122011 12
  0.12  0.11  0.06  0.06  0.01 -0.02 -0.03 -0.03 -0.03  0.01  0.06  0.13 25122011 00
  0.19  0.27  0.31  0.31  0.31  0.31  0.31  0.28  0.23  0.13  0.13  0.09 25122011 12
  0.04  0.01  0.03  0.04  0.06  0.07  0.09  0.12  0.14  0.19  0.20  0.21 26122011 00
  0.17  0.14  0.18  0.17  0.20  0.19  0.18  0.20  0.25  0.25  0.28  0.26 26122011 12
  0.24  0.18  0.15  0.14  0.09  0.05 -0.01 -0.08 -0.14 -0.20 -0.23 -0.19 27122011 00
 -0.17 -0.17 -0.16 -0.18 -0.18 -0.19 -0.16 -0.11 -0.03  0.08  0.14  0.16 27122011 12
  0.16  0.20  0.25  0.36  0.46  0.53  0.56  0.54  0.45  0.42  0.43  0.45 28122011 00
  0.51  0.53  0.48  0.47  0.47  0.57  0.62  0.59  0.47  0.33  0.11 -0.06 28122011 12
 -0.12 -0.11 -0.15 -0.20 -0.21 -0.17 -0.03  0.05  0.07  0.15  0.19  0.20 29122011 00
  0.21  0.22  0.24  0.27  0.33  0.30  0.24  0.21  0.18  0.09 -0.00 -0.08 29122011 12
 -0.11 -0.07 -0.06 -0.06 -0.08 -0.13 -0.16 -0.17 -0.18 -0.17 -0.19 -0.21 30122011 00
 -0.19 -0.18 -0.16 -0.14 -0.08 -0.01  0.02  0.05  0.10  0.16  0.22  0.27 30122011 12
  0.27  0.25  0.22  0.19  0.15  0.12  0.10  0.08  0.05  0.00 -0.04 -0.05 31122011 00
 -0.03 -0.00  0.04  0.05  0.09  0.12  0.13  0.15  0.19  0.22  0.24  0.23 31122011 12
