Parameter Z: CS3X Location (100, 86) Lat 53.500 Lon -3.417
  0.99  0.92  0.65  0.48  0.45  0.34  0.17  0.14  0.13  0.06 -0.09 -0.18 01012007 00
 -0.18 -0.09 -0.01  0.06  0.15  0.26  0.28  0.20  0.13  0.08  0.05  0.04 01012007 12
  0.04  0.04  0.07  0.12  0.18  0.26  0.26  0.16  0.17  0.32  0.37  0.32 02012007 00
  0.21  0.04 -0.03 -0.08 -0.15 -0.27 -0.43 -0.54 -0.54 -0.52 -0.47 -0.36 02012007 12
 -0.25 -0.21 -0.17 -0.14 -0.05  0.07  0.21  0.27  0.29  0.27  0.25  0.26 03012007 00
  0.29  0.34  0.37  0.39  0.41  0.47  0.61  0.71  0.62  0.56  0.58  0.60 03012007 12
  0.53  0.49  0.43  0.45  0.45  0.41  0.34  0.27  0.20  0.19  0.22  0.22 04012007 00
  0.20  0.14  0.07  0.06  0.07  0.04 -0.03 -0.10 -0.15 -0.17 -0.17 -0.15 04012007 12
 -0.12 -0.05 -0.01  0.01  0.03  0.06  0.12  0.17  0.23  0.29  0.34  0.35 05012007 00
  0.35  0.27  0.24  0.20  0.21  0.19  0.13  0.07  0.00 -0.04 -0.06 -0.00 05012007 12
 -0.00  0.00  0.02  0.04  0.05  0.06  0.06  0.05  0.04  0.05  0.08  0.09 06012007 00
  0.10  0.11  0.11  0.12  0.13  0.11  0.10  0.08  0.08  0.09  0.10  0.17 06012007 12
  0.21  0.25  0.32  0.42  0.48  0.51  0.50  0.46  0.42  0.41  0.39  0.33 07012007 00
  0.29  0.26  0.18  0.19  0.22  0.27  0.31  0.33  0.39  0.53  0.64  0.65 07012007 12
  0.60  0.38  0.24  0.18  0.19  0.16  0.13  0.07  0.04  0.04  0.09  0.12 08012007 00
  0.18  0.27  0.38  0.48  0.56  0.60  0.57  0.51  0.46  0.43  0.44  0.45 08012007 12
  0.47  0.46  0.44  0.47  0.56  0.62  0.72  0.77  0.83  0.87  0.88  0.85 09012007 00
  0.78  0.76  0.65  0.44  0.32  0.22  0.20  0.20  0.14  0.08  0.11  0.16 09012007 12
  0.18  0.20  0.20  0.20  0.25  0.35  0.36  0.33  0.32  0.32  0.31  0.25 10012007 00
  0.21  0.19  0.14  0.06 -0.01 -0.07 -0.06 -0.02  0.01  0.00  0.02  0.13 10012007 12
  0.27  0.39  0.55  0.77  0.95  1.13  1.27  1.29  1.23  1.17  1.20  1.22 11012007 00
  1.13  0.88  0.77  0.73  0.61  0.42  0.24  0.18  0.19  0.15  0.04 -0.03 11012007 12
 -0.08 -0.19 -0.26 -0.31 -0.31 -0.22 -0.11  0.00  0.11  0.17  0.26  0.40 12012007 00
  0.54  0.63  0.67  0.68  0.67  0.61  0.55  0.50  0.51  0.53  0.49  0.39 12012007 12
  0.28  0.12 -0.05 -0.13 -0.16 -0.17 -0.13 -0.09 -0.10 -0.10 -0.06  0.01 13012007 00
  0.11  0.23  0.35  0.44  0.52  0.63  0.89  1.14  0.98  0.83  0.79  0.71 13012007 12
  0.51  0.25  0.05 -0.12 -0.31 -0.40 -0.37 -0.33 -0.25 -0.19 -0.13 -0.05 14012007 00
  0.01  0.04  0.05  0.08  0.09  0.08  0.05  0.05  0.10  0.13  0.14  0.17 14012007 12
  0.22  0.25  0.26  0.29  0.34  0.37  0.36  0.33  0.29  0.27  0.24  0.20 15012007 00
  0.17  0.14  0.10  0.12  0.21  0.26  0.31  0.31  0.31  0.40  0.47  0.42 15012007 12
  0.32  0.22  0.14  0.10  0.07 -0.02 -0.11 -0.11 -0.12 -0.13 -0.14 -0.14 16012007 00
 -0.14 -0.10 -0.06 -0.05 -0.05 -0.04 -0.04 -0.03  0.01  0.11  0.23  0.30 16012007 12
  0.30  0.29  0.26  0.30  0.42  0.53  0.59  0.59  0.56  0.54  0.50  0.52 17012007 00
  0.61  0.65  0.65  0.61  0.52  0.43  0.37  0.30  0.30  0.33  0.32  0.35 17012007 12
  0.32  0.29  0.30  0.28  0.23  0.32  0.64  0.93  1.04  1.04  1.03  0.96 18012007 00
  1.08  1.22  1.31  1.27  1.04  0.79  0.59  0.31  0.21  0.27  0.27  0.26 18012007 12
  0.27  0.25  0.25  0.30  0.33  0.34  0.33  0.35  0.32  0.23  0.14  0.05 19012007 00
 -0.03 -0.04 -0.06 -0.01  0.02  0.02  0.06  0.16  0.23  0.24  0.29  0.35 19012007 12
  0.39  0.46  0.57  0.59  0.62  0.68  0.78  0.85  0.85  0.79  0.73  0.64 20012007 00
  0.42  0.25  0.25  0.31  0.40  0.38  0.31  0.29  0.31  0.27  0.32  0.39 20012007 12
  0.44  0.46  0.50  0.41  0.33  0.23  0.17  0.14  0.08  0.01 -0.04 -0.01 21012007 00
 -0.01  0.01  0.02  0.07  0.13  0.12  0.10  0.09  0.07  0.06  0.02 -0.01 21012007 12
 -0.04 -0.07 -0.09 -0.12 -0.16 -0.20 -0.26 -0.30 -0.35 -0.41 -0.45 -0.41 22012007 00
 -0.40 -0.41 -0.35 -0.36 -0.40 -0.40 -0.42 -0.43 -0.45 -0.49 -0.45 -0.44 22012007 12
 -0.37 -0.37 -0.32 -0.23 -0.27 -0.25 -0.26 -0.24 -0.20 -0.19 -0.25 -0.27 23012007 00
 -0.29 -0.33 -0.32 -0.28 -0.29 -0.26 -0.26 -0.25 -0.22 -0.17 -0.14 -0.14 23012007 12
 -0.11 -0.13 -0.14 -0.10 -0.10 -0.14 -0.14 -0.16 -0.16 -0.18 -0.25 -0.35 24012007 00
 -0.37 -0.38 -0.35 -0.31 -0.29 -0.36 -0.36 -0.37 -0.32 -0.28 -0.29 -0.34 24012007 12
 -0.39 -0.38 -0.43 -0.43 -0.37 -0.37 -0.39 -0.37 -0.34 -0.27 -0.24 -0.22 25012007 00
 -0.22 -0.18 -0.19 -0.17 -0.14 -0.12 -0.10 -0.12 -0.13 -0.11 -0.09 -0.09 25012007 12
 -0.11 -0.11 -0.14 -0.13 -0.11 -0.10 -0.09 -0.07 -0.08 -0.08 -0.06 -0.06 26012007 00
 -0.09 -0.12 -0.12 -0.12 -0.12 -0.12 -0.15 -0.18 -0.19 -0.17 -0.15 -0.16 26012007 12
 -0.17 -0.20 -0.21 -0.20 -0.19 -0.17 -0.15 -0.16 -0.15 -0.15 -0.14 -0.15 27012007 00
 -0.17 -0.20 -0.21 -0.20 -0.18 -0.17 -0.16 -0.15 -0.13 -0.11 -0.10 -0.07 27012007 12
 -0.05 -0.05 -0.07 -0.08 -0.09 -0.09 -0.08 -0.06 -0.04 -0.03 -0.03 -0.02 28012007 00
 -0.02 -0.04 -0.08 -0.11 -0.12 -0.12 -0.12 -0.14 -0.15 -0.17 -0.18 -0.17 28012007 12
 -0.15 -0.15 -0.16 -0.18 -0.20 -0.20 -0.20 -0.18 -0.14 -0.10 -0.11 -0.12 29012007 00
 -0.13 -0.14 -0.14 -0.15 -0.18 -0.20 -0.21 -0.21 -0.19 -0.17 -0.15 -0.15 29012007 12
 -0.15 -0.15 -0.14 -0.14 -0.15 -0.16 -0.15 -0.15 -0.15 -0.12 -0.11 -0.10 30012007 00
 -0.09 -0.09 -0.09 -0.08 -0.06 -0.06 -0.07 -0.08 -0.08 -0.05 -0.00  0.01 30012007 12
  0.01  0.03  0.05  0.07  0.08  0.07  0.04  0.04  0.05  0.07  0.08  0.09 31012007 00
  0.08  0.07  0.06  0.05  0.02 -0.03 -0.08 -0.12 -0.12 -0.11 -0.10 -0.09 31012007 12
 -0.10 -0.12 -0.13 -0.14 -0.14 -0.14 -0.14 -0.14 -0.14 -0.13 -0.11 -0.10 01022007 00
 -0.09 -0.10 -0.11 -0.12 -0.12 -0.12 -0.14 -0.18 -0.19 -0.19 -0.17 -0.15 01022007 12
 -0.12 -0.12 -0.11 -0.12 -0.12 -0.10 -0.09 -0.11 -0.14 -0.15 -0.16 -0.18 02022007 00
 -0.21 -0.25 -0.26 -0.26 -0.26 -0.28 -0.32 -0.36 -0.42 -0.39 -0.37 -0.33 02022007 12
 -0.31 -0.25 -0.28 -0.28 -0.29 -0.27 -0.26 -0.25 -0.23 -0.22 -0.19 -0.21 03022007 00
 -0.20 -0.19 -0.21 -0.19 -0.21 -0.21 -0.21 -0.23 -0.25 -0.23 -0.24 -0.24 03022007 12
 -0.23 -0.19 -0.15 -0.16 -0.17 -0.18 -0.17 -0.16 -0.17 -0.19 -0.17 -0.18 04022007 00
 -0.16 -0.15 -0.14 -0.14 -0.14 -0.14 -0.14 -0.14 -0.15 -0.18 -0.18 -0.18 04022007 12
 -0.19 -0.16 -0.14 -0.14 -0.13 -0.14 -0.14 -0.14 -0.15 -0.14 -0.14 -0.13 05022007 00
 -0.15 -0.13 -0.10 -0.10 -0.10 -0.11 -0.11 -0.10 -0.09 -0.11 -0.11 -0.10 05022007 12
 -0.08 -0.07 -0.05 -0.03 -0.04 -0.05 -0.04 -0.03 -0.02 -0.00  0.01  0.02 06022007 00
  0.02  0.02  0.02  0.02  0.03  0.03  0.03  0.03  0.03  0.04  0.05  0.07 06022007 12
  0.07  0.07  0.07  0.06  0.07  0.07  0.09  0.09  0.10  0.12  0.15  0.15 07022007 00
  0.13  0.12  0.10  0.09  0.10  0.09  0.08  0.08  0.09  0.12  0.18  0.21 07022007 12
  0.22  0.21  0.22  0.23  0.25  0.23  0.19  0.15  0.10  0.05  0.02  0.03 08022007 00
  0.04  0.07  0.10  0.12  0.13  0.16  0.17  0.16  0.13  0.11  0.11  0.13 08022007 12
  0.15  0.14  0.11  0.07  0.03  0.04  0.06  0.07  0.06  0.04  0.05  0.08 09022007 00
  0.09  0.08  0.07  0.03 -0.01 -0.02 -0.03 -0.01 -0.01 -0.03 -0.03  0.02 09022007 12
  0.05  0.05  0.05  0.05  0.07  0.10  0.13  0.11  0.07  0.01 -0.02 -0.01 10022007 00
  0.02  0.04  0.06  0.08  0.10  0.12  0.11  0.10  0.10  0.10  0.12  0.14 10022007 12
  0.17  0.22  0.27  0.28  0.28  0.32  0.35  0.36  0.35  0.31  0.29  0.29 11022007 00
  0.27  0.19  0.07 -0.00 -0.04 -0.01  0.10  0.20  0.29  0.36  0.38  0.40 11022007 12
  0.41  0.43  0.47  0.48  0.42  0.35  0.33  0.35  0.35  0.34  0.29  0.20 12022007 00
  0.08 -0.05 -0.17 -0.19 -0.11 -0.05 -0.01  0.03  0.09  0.16  0.20  0.20 12022007 12
  0.19  0.17  0.12  0.07  0.00 -0.06 -0.07 -0.07 -0.09 -0.13 -0.15 -0.15 13022007 00
 -0.12 -0.10 -0.07 -0.00  0.07  0.10  0.09  0.10  0.12  0.16  0.20  0.21 13022007 12
  0.20  0.18  0.20  0.25  0.31  0.35  0.38  0.37  0.31  0.27  0.24  0.22 14022007 00
  0.20  0.15  0.07  0.02  0.00  0.00 -0.02 -0.01  0.02  0.03  0.07  0.12 14022007 12
  0.15  0.18  0.21  0.24  0.27  0.30  0.34  0.35  0.31  0.30  0.32  0.39 15022007 00
  0.48  0.57  0.62  0.65  0.69  0.77  0.82  0.79  0.68  0.53  0.40  0.29 15022007 12
  0.26  0.27  0.27  0.20  0.14  0.16  0.22  0.20  0.20  0.23  0.22  0.18 16022007 00
  0.21  0.21  0.23  0.23  0.19  0.12  0.06  0.02  0.02  0.04  0.03  0.02 16022007 12
  0.02  0.02  0.02  0.04  0.04  0.04  0.04  0.02  0.01  0.00  0.01  0.00 17022007 00
  0.01 -0.00 -0.02 -0.02 -0.01 -0.02 -0.04 -0.06 -0.07 -0.06 -0.04 -0.03 17022007 12
 -0.01 -0.02 -0.04 -0.05 -0.06 -0.05 -0.06 -0.07 -0.08 -0.09 -0.08 -0.06 18022007 00
 -0.05 -0.04 -0.05 -0.05 -0.06 -0.06 -0.06 -0.05 -0.04 -0.04 -0.02  0.01 18022007 12
  0.03  0.05  0.06  0.07  0.07  0.07  0.08  0.12  0.18  0.22  0.21  0.20 19022007 00
  0.22  0.21  0.25  0.28  0.28  0.27  0.27  0.29  0.35  0.36  0.37  0.31 19022007 12
  0.28  0.26  0.21  0.28  0.26  0.26  0.23  0.21  0.21  0.26  0.27  0.30 20022007 00
  0.31  0.28  0.21  0.22  0.21  0.24  0.22  0.18  0.13  0.08  0.05  0.02 20022007 12
  0.05  0.06  0.05  0.06  0.07  0.07  0.08  0.09  0.10  0.14  0.15  0.17 21022007 00
  0.16  0.16  0.16  0.15  0.18  0.17  0.18  0.18  0.19  0.21  0.27  0.27 21022007 12
  0.23  0.23  0.23  0.20  0.25  0.26  0.27  0.27  0.27  0.32  0.39  0.39 22022007 00
  0.40  0.38  0.37  0.30  0.29  0.29  0.29  0.29  0.26  0.26  0.27  0.28 22022007 12
  0.23  0.23  0.22  0.20  0.19  0.23  0.23  0.25  0.24  0.23  0.26  0.31 23022007 00
  0.30  0.32  0.29  0.26  0.23  0.26  0.26  0.28  0.28  0.27  0.28  0.32 23022007 12
  0.32  0.30  0.29  0.26  0.22  0.20  0.18  0.19  0.19  0.18  0.16  0.15 24022007 00
  0.14  0.14  0.15  0.17  0.17  0.16  0.18  0.19  0.20  0.21  0.22  0.23 24022007 12
  0.26  0.26  0.23  0.20  0.15  0.08  0.04  0.00 -0.01 -0.02 -0.05 -0.08 25022007 00
 -0.10 -0.10 -0.08 -0.02  0.02  0.02  0.00 -0.02 -0.00  0.02  0.03 -0.00 25022007 12
 -0.08 -0.18 -0.26 -0.28 -0.25 -0.21 -0.18 -0.18 -0.16 -0.13 -0.12 -0.11 26022007 00
 -0.09 -0.09 -0.11 -0.09 -0.09 -0.14 -0.16 -0.17 -0.18 -0.17 -0.14 -0.13 26022007 12
 -0.12 -0.09 -0.07 -0.06 -0.03 -0.01  0.04  0.08  0.11  0.16  0.26  0.34 27022007 00
  0.38  0.40  0.43  0.50  0.60  0.65  0.64  0.57  0.47  0.41  0.47  0.51 27022007 12
  0.54  0.54  0.54  0.59  0.66  0.64  0.64  0.63  0.59  0.52  0.51  0.54 28022007 00
  0.54  0.54  0.52  0.52  0.65  0.81  0.71  0.50  0.44  0.42  0.38  0.38 28022007 12
  0.35  0.38  0.41  0.39  0.36  0.34  0.34  0.33  0.34  0.33  0.31  0.26 01032007 00
  0.23  0.22  0.22  0.17  0.11  0.08  0.07  0.06  0.06  0.08  0.09  0.09 01032007 12
  0.08  0.08  0.08  0.08  0.08  0.08  0.10  0.12  0.12  0.11  0.12  0.12 02032007 00
  0.12  0.14  0.16  0.18  0.20  0.21  0.24  0.28  0.28  0.29  0.27  0.25 02032007 12
  0.20  0.20  0.19  0.20  0.20  0.17  0.15  0.12  0.09  0.07  0.10  0.10 03032007 00
  0.12  0.12  0.12  0.13  0.13  0.12  0.11  0.11  0.11  0.09  0.10  0.07 03032007 12
  0.03  0.01  0.00 -0.01 -0.01 -0.03 -0.04 -0.04 -0.01 -0.01 -0.02 -0.00 04032007 00
  0.05  0.15  0.21  0.22  0.24  0.29  0.37  0.47  0.55  0.57  0.56  0.57 04032007 12
  0.57  0.53  0.62  0.64  0.70  0.73  0.74  0.75  0.73  0.62  0.55  0.48 05032007 00
  0.35  0.19  0.15  0.11  0.16  0.16  0.14  0.21  0.40  0.48  0.49  0.57 05032007 12
  0.66  0.76  0.90  0.98  1.05  1.08  1.02  0.81  0.57  0.43  0.36  0.39 06032007 00
  0.33  0.23  0.22  0.24  0.28  0.33  0.35  0.36  0.41  0.41  0.35  0.29 06032007 12
  0.24  0.14  0.06  0.09  0.09  0.14  0.12  0.11  0.14  0.17  0.19  0.24 07032007 00
  0.28  0.26  0.22  0.20  0.17  0.18  0.16  0.14  0.11  0.10  0.07  0.04 07032007 12
  0.02 -0.01 -0.05 -0.09 -0.10 -0.08 -0.09 -0.11 -0.13 -0.14 -0.14 -0.13 08032007 00
 -0.13 -0.13 -0.10 -0.08 -0.05 -0.05 -0.04 -0.01  0.07  0.22  0.35  0.41 08032007 12
  0.39  0.32  0.23  0.17  0.15  0.13  0.13  0.11  0.06  0.01 -0.02 -0.04 09032007 00
 -0.02  0.01  0.01  0.03  0.03  0.02 -0.00 -0.06 -0.11 -0.16 -0.21 -0.25 09032007 12
 -0.26 -0.23 -0.19 -0.13 -0.09 -0.06 -0.03 -0.02  0.01  0.05  0.06  0.05 10032007 00
  0.02  0.00  0.01  0.00  0.00  0.01  0.01 -0.01 -0.03 -0.05 -0.04 -0.02 10032007 12
 -0.01  0.00  0.01  0.01  0.04  0.06  0.05  0.06  0.08  0.10  0.13  0.16 11032007 00
  0.15  0.13  0.13  0.11  0.10  0.12  0.12  0.11  0.11  0.07  0.05  0.09 11032007 12
  0.12  0.11  0.10  0.09  0.12  0.17  0.19  0.18  0.13  0.06 -0.01 -0.06 12032007 00
 -0.07 -0.07 -0.05 -0.03 -0.03 -0.04 -0.06 -0.05 -0.04 -0.03 -0.02 -0.01 12032007 12
 -0.00 -0.02 -0.06 -0.10 -0.13 -0.14 -0.16 -0.17 -0.16 -0.14 -0.12 -0.10 13032007 00
 -0.10 -0.12 -0.10 -0.08 -0.07 -0.08 -0.10 -0.12 -0.13 -0.14 -0.14 -0.15 13032007 12
 -0.15 -0.17 -0.22 -0.25 -0.26 -0.26 -0.24 -0.23 -0.23 -0.23 -0.22 -0.19 14032007 00
 -0.16 -0.14 -0.13 -0.12 -0.13 -0.13 -0.13 -0.13 -0.13 -0.14 -0.13 -0.12 14032007 12
 -0.09 -0.08 -0.10 -0.14 -0.15 -0.15 -0.12 -0.09 -0.07 -0.05 -0.03 -0.02 15032007 00
  0.02  0.05  0.09  0.10  0.06  0.01 -0.04 -0.07 -0.08 -0.11 -0.16 -0.19 15032007 12
 -0.21 -0.21 -0.20 -0.23 -0.27 -0.28 -0.25 -0.20 -0.15 -0.09 -0.03 -0.00 16032007 00
  0.00  0.01  0.03  0.08  0.12  0.14  0.13  0.11  0.10  0.10  0.09  0.09 16032007 12
  0.08  0.06  0.05  0.05  0.02 -0.04 -0.11 -0.13 -0.08 -0.07 -0.06 -0.03 17032007 00
 -0.05 -0.06 -0.05 -0.04 -0.01  0.02  0.08  0.14  0.19  0.24  0.30  0.36 17032007 12
  0.42  0.51  0.61  0.63  0.68  0.70  0.62  0.52  0.44  0.45  0.43  0.33 18032007 00
  0.24  0.14  0.18  0.28  0.31  0.25  0.16  0.10  0.09  0.16  0.18  0.15 18032007 12
  0.07  0.02  0.00  0.05  0.07  0.02 -0.12 -0.34 -0.45 -0.37 -0.24 -0.20 19032007 00
 -0.19 -0.25 -0.29 -0.24 -0.17 -0.12 -0.18 -0.35 -0.43 -0.36 -0.32 -0.39 19032007 12
 -0.44 -0.42 -0.49 -0.44 -0.43 -0.41 -0.46 -0.59 -0.65 -0.68 -0.56 -0.57 20032007 00
 -0.58 -0.44 -0.45 -0.44 -0.45 -0.43 -0.40 -0.42 -0.49 -0.45 -0.41 -0.38 20032007 12
 -0.35 -0.26 -0.19 -0.23 -0.20 -0.24 -0.21 -0.21 -0.23 -0.24 -0.22 -0.20 21032007 00
 -0.20 -0.17 -0.12 -0.14 -0.12 -0.15 -0.13 -0.12 -0.12 -0.12 -0.10 -0.08 21032007 12
 -0.08 -0.06 -0.03 -0.01 -0.01 -0.02 -0.03 -0.03 -0.04 -0.07 -0.08 -0.06 22032007 00
 -0.07 -0.11 -0.13 -0.14 -0.17 -0.16 -0.17 -0.17 -0.18 -0.21 -0.21 -0.23 22032007 12
 -0.19 -0.18 -0.16 -0.12 -0.14 -0.14 -0.16 -0.16 -0.14 -0.15 -0.16 -0.15 23032007 00
 -0.16 -0.18 -0.16 -0.12 -0.13 -0.13 -0.14 -0.14 -0.14 -0.15 -0.18 -0.16 23032007 12
 -0.14 -0.13 -0.13 -0.12 -0.11 -0.14 -0.15 -0.15 -0.15 -0.15 -0.14 -0.15 24032007 00
 -0.13 -0.15 -0.16 -0.14 -0.12 -0.14 -0.14 -0.16 -0.15 -0.15 -0.17 -0.19 24032007 12
 -0.20 -0.20 -0.20 -0.17 -0.17 -0.21 -0.21 -0.21 -0.21 -0.21 -0.22 -0.24 25032007 00
 -0.24 -0.24 -0.24 -0.23 -0.21 -0.20 -0.21 -0.21 -0.21 -0.20 -0.17 -0.15 25032007 12
 -0.14 -0.13 -0.13 -0.13 -0.13 -0.13 -0.14 -0.13 -0.14 -0.14 -0.14 -0.12 26032007 00
 -0.12 -0.12 -0.12 -0.12 -0.11 -0.08 -0.06 -0.05 -0.06 -0.07 -0.07 -0.06 26032007 12
 -0.05 -0.05 -0.05 -0.06 -0.08 -0.09 -0.09 -0.09 -0.09 -0.09 -0.08 -0.06 27032007 00
 -0.04 -0.04 -0.04 -0.04 -0.03 -0.03 -0.03 -0.03 -0.03 -0.03 -0.04 -0.04 27032007 12
 -0.03 -0.04 -0.04 -0.05 -0.06 -0.07 -0.08 -0.07 -0.06 -0.05 -0.04 -0.05 28032007 00
 -0.06 -0.07 -0.07 -0.07 -0.08 -0.09 -0.09 -0.08 -0.08 -0.06 -0.04 -0.03 28032007 12
 -0.03 -0.04 -0.04 -0.03 -0.05 -0.07 -0.07 -0.07 -0.05 -0.04 -0.04 -0.04 29032007 00
 -0.05 -0.07 -0.09 -0.10 -0.12 -0.15 -0.17 -0.15 -0.14 -0.13 -0.12 -0.13 29032007 12
 -0.15 -0.15 -0.14 -0.13 -0.15 -0.18 -0.20 -0.19 -0.19 -0.18 -0.17 -0.18 30032007 00
 -0.19 -0.19 -0.20 -0.20 -0.20 -0.21 -0.25 -0.25 -0.25 -0.24 -0.21 -0.18 30032007 12
 -0.19 -0.19 -0.21 -0.21 -0.21 -0.22 -0.25 -0.26 -0.26 -0.27 -0.28 -0.28 31032007 00
 -0.30 -0.30 -0.32 -0.32 -0.32 -0.32 -0.35 -0.37 -0.35 -0.37 -0.33 -0.28 31032007 12
 -0.27 -0.27 -0.27 -0.28 -0.29 -0.30 -0.33 -0.34 -0.34 -0.32 -0.32 -0.28 01042007 00
 -0.28 -0.31 -0.32 -0.34 -0.34 -0.33 -0.35 -0.38 -0.39 -0.35 -0.35 -0.30 01042007 12
 -0.25 -0.29 -0.30 -0.32 -0.32 -0.32 -0.35 -0.37 -0.36 -0.33 -0.31 -0.30 02042007 00
 -0.25 -0.25 -0.24 -0.24 -0.23 -0.21 -0.22 -0.23 -0.22 -0.23 -0.24 -0.25 02042007 12
 -0.24 -0.21 -0.22 -0.22 -0.24 -0.25 -0.25 -0.26 -0.29 -0.27 -0.28 -0.25 03042007 00
 -0.20 -0.17 -0.19 -0.18 -0.19 -0.19 -0.19 -0.21 -0.25 -0.24 -0.24 -0.24 03042007 12
 -0.21 -0.16 -0.18 -0.16 -0.19 -0.19 -0.17 -0.17 -0.16 -0.17 -0.15 -0.16 04042007 00
 -0.15 -0.12 -0.13 -0.13 -0.14 -0.14 -0.14 -0.15 -0.17 -0.17 -0.17 -0.15 04042007 12
 -0.14 -0.13 -0.13 -0.14 -0.14 -0.13 -0.13 -0.14 -0.15 -0.17 -0.15 -0.15 05042007 00
 -0.15 -0.13 -0.11 -0.12 -0.13 -0.13 -0.13 -0.12 -0.12 -0.14 -0.15 -0.15 05042007 12
 -0.15 -0.12 -0.10 -0.11 -0.10 -0.13 -0.13 -0.13 -0.16 -0.18 -0.18 -0.17 06042007 00
 -0.17 -0.16 -0.14 -0.14 -0.14 -0.16 -0.16 -0.16 -0.17 -0.18 -0.18 -0.17 06042007 12
 -0.17 -0.16 -0.15 -0.15 -0.15 -0.17 -0.18 -0.18 -0.18 -0.19 -0.20 -0.19 07042007 00
 -0.20 -0.19 -0.17 -0.16 -0.16 -0.17 -0.18 -0.17 -0.18 -0.19 -0.19 -0.16 07042007 12
 -0.16 -0.15 -0.13 -0.11 -0.11 -0.11 -0.12 -0.12 -0.12 -0.11 -0.12 -0.11 08042007 00
 -0.10 -0.10 -0.08 -0.08 -0.08 -0.08 -0.09 -0.09 -0.09 -0.09 -0.08 -0.08 08042007 12
 -0.07 -0.07 -0.06 -0.05 -0.04 -0.05 -0.07 -0.08 -0.09 -0.10 -0.11 -0.12 09042007 00
 -0.10 -0.07 -0.05 -0.04 -0.03 -0.03 -0.03 -0.03 -0.04 -0.05 -0.07 -0.08 09042007 12
 -0.07 -0.08 -0.08 -0.08 -0.08 -0.10 -0.11 -0.12 -0.11 -0.11 -0.11 -0.11 10042007 00
 -0.11 -0.11 -0.10 -0.08 -0.07 -0.07 -0.07 -0.07 -0.07 -0.08 -0.08 -0.09 10042007 12
 -0.08 -0.08 -0.09 -0.09 -0.09 -0.10 -0.12 -0.13 -0.15 -0.16 -0.16 -0.16 11042007 00
 -0.15 -0.15 -0.14 -0.12 -0.10 -0.10 -0.10 -0.11 -0.12 -0.12 -0.12 -0.12 11042007 12
 -0.10 -0.11 -0.12 -0.13 -0.13 -0.12 -0.11 -0.12 -0.14 -0.14 -0.14 -0.13 12042007 00
 -0.12 -0.11 -0.10 -0.09 -0.07 -0.07 -0.07 -0.09 -0.11 -0.12 -0.13 -0.13 12042007 12
 -0.12 -0.11 -0.11 -0.11 -0.11 -0.12 -0.12 -0.12 -0.13 -0.12 -0.13 -0.14 13042007 00
 -0.13 -0.12 -0.10 -0.09 -0.07 -0.06 -0.07 -0.08 -0.10 -0.10 -0.10 -0.10 13042007 12
 -0.09 -0.09 -0.08 -0.08 -0.08 -0.08 -0.08 -0.08 -0.10 -0.10 -0.11 -0.11 14042007 00
 -0.12 -0.12 -0.12 -0.10 -0.09 -0.08 -0.07 -0.10 -0.11 -0.11 -0.10 -0.10 14042007 12
 -0.10 -0.10 -0.11 -0.11 -0.10 -0.08 -0.07 -0.06 -0.08 -0.08 -0.08 -0.10 15042007 00
 -0.10 -0.10 -0.08 -0.07 -0.06 -0.05 -0.04 -0.04 -0.07 -0.08 -0.09 -0.10 15042007 12
 -0.11 -0.12 -0.12 -0.11 -0.12 -0.14 -0.16 -0.18 -0.17 -0.18 -0.19 -0.18 16042007 00
 -0.19 -0.20 -0.21 -0.20 -0.19 -0.18 -0.20 -0.22 -0.20 -0.20 -0.21 -0.19 16042007 12
 -0.18 -0.21 -0.20 -0.21 -0.19 -0.18 -0.20 -0.20 -0.21 -0.20 -0.19 -0.19 17042007 00
 -0.15 -0.17 -0.16 -0.17 -0.17 -0.17 -0.16 -0.17 -0.18 -0.17 -0.18 -0.19 17042007 12
 -0.18 -0.18 -0.19 -0.17 -0.17 -0.16 -0.16 -0.16 -0.18 -0.17 -0.18 -0.19 18042007 00
 -0.17 -0.15 -0.17 -0.16 -0.16 -0.14 -0.12 -0.11 -0.09 -0.10 -0.10 -0.11 18042007 12
 -0.10 -0.08 -0.06 -0.05 -0.05 -0.04 -0.04 -0.03 -0.03 -0.03 -0.03 -0.03 19042007 00
 -0.04 -0.05 -0.07 -0.08 -0.07 -0.07 -0.08 -0.09 -0.10 -0.11 -0.12 -0.12 19042007 12
 -0.13 -0.13 -0.10 -0.11 -0.10 -0.12 -0.13 -0.13 -0.13 -0.13 -0.12 -0.12 20042007 00
 -0.11 -0.10 -0.08 -0.09 -0.08 -0.08 -0.07 -0.05 -0.05 -0.05 -0.06 -0.04 20042007 12
 -0.04 -0.06 -0.06 -0.05 -0.04 -0.03 -0.03 -0.02 -0.02 -0.03 -0.02 -0.02 21042007 00
 -0.02 -0.02 -0.02 -0.03 -0.02 -0.02 -0.01 -0.00 -0.00 -0.00  0.01  0.03 21042007 12
  0.04  0.04  0.04  0.03  0.05  0.06  0.07  0.07  0.05  0.04  0.03  0.03 22042007 00
  0.01  0.02  0.01 -0.01  0.00  0.01  0.01  0.01  0.02  0.02  0.02  0.04 22042007 12
  0.03  0.02  0.01  0.00  0.01  0.01  0.02  0.02  0.01  0.01  0.03  0.07 23042007 00
  0.08  0.06  0.05  0.07  0.11  0.17  0.21  0.21  0.21  0.21  0.21  0.21 23042007 12
  0.21  0.19  0.18  0.17  0.14  0.11  0.10  0.10  0.08  0.06  0.04  0.02 24042007 00
  0.00 -0.03 -0.05 -0.05 -0.05 -0.03  0.01  0.04  0.06  0.08  0.08  0.09 24042007 12
  0.10  0.11  0.14  0.15  0.16  0.16  0.16  0.18  0.21  0.23  0.25  0.24 25042007 00
  0.20  0.16  0.14  0.11  0.08  0.09  0.10  0.07  0.01 -0.04 -0.07 -0.10 25042007 12
 -0.13 -0.15 -0.16 -0.19 -0.23 -0.24 -0.24 -0.23 -0.21 -0.19 -0.19 -0.18 26042007 00
 -0.17 -0.17 -0.19 -0.20 -0.19 -0.17 -0.16 -0.15 -0.15 -0.17 -0.19 -0.20 26042007 12
 -0.19 -0.19 -0.19 -0.21 -0.24 -0.24 -0.22 -0.20 -0.18 -0.17 -0.16 -0.16 27042007 00
 -0.16 -0.16 -0.15 -0.15 -0.16 -0.16 -0.16 -0.16 -0.16 -0.16 -0.17 -0.18 27042007 12
 -0.18 -0.18 -0.17 -0.18 -0.19 -0.22 -0.23 -0.22 -0.20 -0.17 -0.15 -0.14 28042007 00
 -0.15 -0.16 -0.16 -0.15 -0.15 -0.16 -0.15 -0.14 -0.15 -0.15 -0.15 -0.16 28042007 12
 -0.16 -0.16 -0.16 -0.17 -0.17 -0.18 -0.20 -0.20 -0.20 -0.19 -0.17 -0.15 29042007 00
 -0.13 -0.13 -0.13 -0.11 -0.09 -0.08 -0.08 -0.06 -0.08 -0.08 -0.08 -0.09 29042007 12
 -0.10 -0.11 -0.11 -0.11 -0.11 -0.13 -0.16 -0.18 -0.17 -0.17 -0.15 -0.12 30042007 00
 -0.10 -0.10 -0.12 -0.12 -0.11 -0.11 -0.11 -0.10 -0.09 -0.12 -0.12 -0.11 30042007 12
 -0.12 -0.11 -0.11 -0.11 -0.12 -0.14 -0.16 -0.17 -0.16 -0.14 -0.12 -0.10 01052007 00
 -0.09 -0.10 -0.11 -0.12 -0.11 -0.10 -0.10 -0.09 -0.10 -0.10 -0.12 -0.11 01052007 12
 -0.10 -0.11 -0.12 -0.13 -0.13 -0.12 -0.12 -0.12 -0.11 -0.13 -0.12 -0.10 02052007 00
 -0.08 -0.09 -0.08 -0.10 -0.10 -0.09 -0.09 -0.09 -0.10 -0.10 -0.10 -0.08 02052007 12
 -0.07 -0.07 -0.08 -0.08 -0.09 -0.09 -0.08 -0.08 -0.09 -0.08 -0.08 -0.07 03052007 00
 -0.05 -0.05 -0.06 -0.06 -0.07 -0.07 -0.07 -0.08 -0.08 -0.09 -0.09 -0.08 03052007 12
 -0.07 -0.06 -0.07 -0.08 -0.10 -0.11 -0.11 -0.12 -0.12 -0.12 -0.13 -0.11 04052007 00
 -0.09 -0.07 -0.07 -0.07 -0.09 -0.09 -0.09 -0.10 -0.11 -0.12 -0.10 -0.10 04052007 12
 -0.09 -0.08 -0.08 -0.08 -0.10 -0.11 -0.11 -0.11 -0.12 -0.12 -0.11 -0.10 05052007 00
 -0.08 -0.05 -0.03 -0.04 -0.04 -0.05 -0.05 -0.03 -0.01  0.01  0.02  0.03 05052007 12
  0.04  0.05  0.09  0.13  0.15  0.19  0.21  0.21  0.18  0.16  0.16  0.17 06052007 00
  0.15  0.10  0.05  0.03  0.01  0.02  0.03  0.02  0.01  0.03  0.05  0.07 06052007 12
  0.07  0.04  0.02  0.02  0.02  0.03  0.04  0.04  0.02  0.01  0.03  0.06 07052007 00
  0.08  0.09  0.10  0.13  0.16  0.18  0.21  0.21  0.17  0.14  0.16  0.18 07052007 12
  0.20  0.21  0.18  0.15  0.14  0.12  0.12  0.13  0.14  0.16  0.19  0.20 08052007 00
  0.21  0.20  0.12  0.07  0.04  0.04  0.05  0.05  0.01 -0.03 -0.05 -0.03 08052007 12
 -0.01  0.02  0.03  0.02 -0.01 -0.03 -0.05 -0.06 -0.07 -0.08 -0.07 -0.04 09052007 00
  0.01  0.04  0.05  0.06  0.07  0.10  0.14  0.17  0.18  0.22  0.27  0.32 09052007 12
  0.35  0.36  0.32  0.29  0.31  0.28  0.22  0.22  0.26  0.27  0.21  0.20 10052007 00
  0.28  0.29  0.27  0.23  0.18  0.15  0.16  0.15  0.13  0.12  0.09  0.08 10052007 12
  0.12  0.17  0.15  0.12  0.07  0.01 -0.02 -0.01 -0.02  0.00  0.02  0.01 11052007 00
  0.02  0.08  0.17  0.24  0.26  0.24  0.22  0.19  0.21  0.25  0.27  0.27 11052007 12
  0.24  0.22  0.26  0.29  0.28  0.24  0.20  0.15  0.13  0.12  0.12  0.12 12052007 00
  0.11  0.11  0.15  0.20  0.21  0.19  0.15  0.11  0.07  0.07  0.08  0.10 12052007 12
  0.09  0.07  0.07  0.11  0.15  0.13  0.11  0.08  0.04  0.03  0.04  0.06 13052007 00
  0.07  0.07  0.06  0.07  0.09  0.10  0.10  0.08  0.04  0.02 -0.01  0.01 13052007 12
  0.05  0.08  0.07  0.05  0.02  0.00 -0.01 -0.03 -0.05 -0.09 -0.13 -0.15 14052007 00
 -0.15 -0.13 -0.11 -0.09 -0.08 -0.06 -0.04 -0.01 -0.02 -0.04 -0.04 -0.02 14052007 12
 -0.01  0.01  0.03  0.04  0.05  0.06  0.07  0.04  0.02 -0.00 -0.04 -0.06 15052007 00
 -0.05 -0.04 -0.04 -0.04 -0.04 -0.04 -0.03 -0.03 -0.04 -0.05 -0.05 -0.05 15052007 12
 -0.05 -0.04 -0.04 -0.04 -0.04 -0.03 -0.02 -0.01 -0.01 -0.02 -0.03 -0.03 16052007 00
 -0.02 -0.00  0.02  0.03  0.03  0.04  0.04  0.03  0.03  0.02  0.01 -0.01 16052007 12
 -0.00  0.02  0.04  0.07  0.09  0.10  0.09  0.07  0.03 -0.01 -0.02 -0.05 17052007 00
 -0.09 -0.09 -0.08 -0.06 -0.06 -0.06 -0.05 -0.04 -0.03 -0.03 -0.02 -0.00 17052007 12
  0.01  0.02  0.02  0.04  0.08  0.11  0.14  0.17  0.23  0.21  0.25  0.28 18052007 00
  0.28  0.20  0.22  0.22  0.28  0.29  0.29  0.36  0.44  0.40  0.41  0.41 18052007 12
  0.40  0.34  0.36  0.35  0.41  0.45  0.44  0.39  0.33  0.26  0.18  0.23 19052007 00
  0.21  0.16  0.10  0.10  0.07  0.10  0.10  0.08  0.06  0.03  0.02  0.02 19052007 12
  0.04  0.01 -0.02 -0.01 -0.01 -0.00 -0.01 -0.03 -0.05 -0.08 -0.08 -0.06 20052007 00
 -0.05 -0.05 -0.04 -0.04 -0.05 -0.04 -0.03 -0.03 -0.03 -0.05 -0.07 -0.08 20052007 12
 -0.08 -0.09 -0.09 -0.09 -0.10 -0.10 -0.11 -0.12 -0.13 -0.15 -0.19 -0.20 21052007 00
 -0.20 -0.18 -0.15 -0.12 -0.11 -0.11 -0.12 -0.10 -0.07 -0.04 -0.02 -0.01 21052007 12
  0.01  0.02  0.02  0.04  0.05  0.04  0.03  0.02  0.01 -0.02 -0.06 -0.10 22052007 00
 -0.12 -0.12 -0.11 -0.12 -0.13 -0.14 -0.15 -0.15 -0.13 -0.11 -0.10 -0.10 22052007 12
 -0.11 -0.12 -0.11 -0.08 -0.07 -0.06 -0.07 -0.08 -0.08 -0.07 -0.06 -0.07 23052007 00
 -0.09 -0.09 -0.09 -0.08 -0.08 -0.08 -0.09 -0.10 -0.11 -0.12 -0.12 -0.13 23052007 12
 -0.15 -0.17 -0.17 -0.15 -0.13 -0.11 -0.09 -0.11 -0.13 -0.11 -0.09 -0.07 24052007 00
 -0.06 -0.05 -0.04 -0.04 -0.02  0.01  0.01  0.02  0.01 -0.00  0.00 -0.00 24052007 12
 -0.02 -0.03 -0.04 -0.04 -0.04 -0.03 -0.04 -0.06 -0.06 -0.08 -0.08 -0.07 25052007 00
 -0.06 -0.06 -0.07 -0.07 -0.07 -0.04 -0.02 -0.01 -0.02 -0.01 -0.00  0.01 25052007 12
  0.02  0.01 -0.01 -0.04 -0.04 -0.02 -0.01 -0.03 -0.05 -0.07 -0.07 -0.05 26052007 00
 -0.04 -0.03 -0.02 -0.01 -0.01  0.00  0.01  0.02  0.02  0.02  0.02  0.02 26052007 12
  0.02  0.04  0.05  0.05  0.05  0.04  0.02 -0.00 -0.04 -0.10 -0.17 -0.22 27052007 00
 -0.26 -0.29 -0.33 -0.38 -0.44 -0.50 -0.46 -0.39 -0.35 -0.31 -0.31 -0.34 27052007 12
 -0.35 -0.34 -0.32 -0.32 -0.37 -0.43 -0.43 -0.43 -0.41 -0.34 -0.30 -0.30 28052007 00
 -0.29 -0.28 -0.25 -0.22 -0.23 -0.27 -0.27 -0.23 -0.19 -0.15 -0.12 -0.12 28052007 12
 -0.14 -0.15 -0.13 -0.09 -0.08 -0.10 -0.12 -0.12 -0.11 -0.08 -0.04 -0.03 29052007 00
 -0.02 -0.03 -0.03 -0.02 -0.01  0.01  0.04  0.07  0.07  0.07  0.08  0.09 29052007 12
  0.10  0.10  0.09  0.08  0.08  0.10  0.13  0.14  0.14  0.13  0.12  0.11 30052007 00
  0.11  0.12  0.14  0.15  0.18  0.24  0.30  0.31  0.29  0.26  0.24  0.20 30052007 12
  0.21  0.21  0.19  0.17  0.13  0.11  0.12  0.10  0.08  0.07  0.05  0.03 31052007 00
  0.03  0.04  0.04  0.05  0.03  0.02  0.02  0.04  0.04  0.04  0.03  0.03 31052007 12
  0.03  0.03  0.03  0.02  0.01 -0.00 -0.02 -0.02 -0.02 -0.02 -0.02 -0.02 01062007 00
 -0.02 -0.03 -0.04 -0.05 -0.06 -0.06 -0.07 -0.06 -0.05 -0.05 -0.06 -0.06 01062007 12
 -0.06 -0.05 -0.03 -0.04 -0.05 -0.06 -0.07 -0.06 -0.05 -0.04 -0.04 -0.04 02062007 00
 -0.02 -0.01  0.01  0.02  0.01  0.00  0.00  0.00  0.02  0.03  0.03  0.01 02062007 12
 -0.00 -0.01 -0.01 -0.02 -0.04 -0.06 -0.08 -0.09 -0.08 -0.08 -0.06 -0.06 03062007 00
 -0.05 -0.04 -0.03 -0.03 -0.05 -0.06 -0.07 -0.10 -0.12 -0.13 -0.13 -0.12 03062007 12
 -0.12 -0.13 -0.13 -0.15 -0.17 -0.19 -0.21 -0.21 -0.21 -0.22 -0.20 -0.21 04062007 00
 -0.19 -0.19 -0.17 -0.19 -0.19 -0.21 -0.21 -0.22 -0.23 -0.25 -0.26 -0.23 04062007 12
 -0.24 -0.22 -0.19 -0.20 -0.20 -0.22 -0.23 -0.22 -0.22 -0.22 -0.21 -0.19 05062007 00
 -0.17 -0.17 -0.14 -0.12 -0.14 -0.15 -0.17 -0.18 -0.16 -0.16 -0.17 -0.15 05062007 12
 -0.14 -0.15 -0.15 -0.14 -0.14 -0.16 -0.17 -0.18 -0.18 -0.17 -0.16 -0.13 06062007 00
 -0.12 -0.10 -0.10 -0.10 -0.11 -0.12 -0.13 -0.14 -0.13 -0.13 -0.13 -0.14 06062007 12
 -0.13 -0.13 -0.13 -0.13 -0.14 -0.16 -0.18 -0.18 -0.18 -0.16 -0.13 -0.12 07062007 00
 -0.09 -0.08 -0.08 -0.08 -0.09 -0.11 -0.13 -0.14 -0.15 -0.15 -0.13 -0.12 07062007 12
 -0.10 -0.08 -0.07 -0.08 -0.08 -0.08 -0.09 -0.10 -0.11 -0.11 -0.10 -0.08 08062007 00
 -0.05 -0.03 -0.02 -0.03 -0.05 -0.07 -0.09 -0.10 -0.10 -0.11 -0.10 -0.09 08062007 12
 -0.07 -0.06 -0.05 -0.05 -0.06 -0.08 -0.10 -0.12 -0.13 -0.13 -0.12 -0.11 09062007 00
 -0.08 -0.05 -0.03 -0.03 -0.05 -0.07 -0.08 -0.10 -0.11 -0.11 -0.10 -0.09 09062007 12
 -0.07 -0.04 -0.02 -0.00 -0.01 -0.04 -0.06 -0.09 -0.10 -0.10 -0.09 -0.09 10062007 00
 -0.08 -0.06 -0.02 -0.00 -0.01 -0.03 -0.06 -0.08 -0.09 -0.08 -0.07 -0.06 10062007 12
 -0.04 -0.03 -0.02 -0.01 -0.01 -0.02 -0.04 -0.06 -0.08 -0.08 -0.07 -0.05 11062007 00
 -0.03 -0.02 -0.01  0.02  0.04  0.04  0.02 -0.01 -0.04 -0.04 -0.03 -0.01 11062007 12
  0.01  0.02  0.02  0.04  0.06  0.06  0.04  0.02 -0.00 -0.02 -0.01  0.01 12062007 00
  0.03  0.04  0.05  0.07  0.09  0.10  0.10  0.08  0.06  0.03  0.02  0.04 12062007 12
  0.06  0.07  0.08  0.08  0.10  0.10  0.08  0.07  0.06  0.04  0.02  0.04 13062007 00
  0.03  0.05  0.06  0.06  0.07  0.08  0.08  0.07  0.06  0.04  0.01  0.01 13062007 12
  0.02  0.03  0.05  0.05  0.04  0.02  0.02  0.02  0.01 -0.00 -0.02 -0.02 14062007 00
 -0.01 -0.01 -0.02 -0.02 -0.01  0.01  0.03  0.04  0.02 -0.00 -0.01 -0.01 14062007 12
  0.00  0.02  0.02  0.02  0.01  0.01  0.02  0.05  0.07  0.07  0.05  0.06 15062007 00
  0.06  0.07  0.08  0.09  0.09  0.09  0.11  0.10  0.09  0.08  0.07  0.07 15062007 12
  0.06  0.05  0.06  0.07  0.08  0.08  0.08  0.07  0.08  0.07  0.07  0.07 16062007 00
  0.07  0.07  0.07  0.07  0.08  0.08  0.08  0.09  0.09  0.08  0.07  0.07 16062007 12
  0.07  0.07  0.08  0.08  0.09  0.10  0.09  0.09  0.08  0.07  0.07  0.07 17062007 00
  0.08  0.07  0.06  0.07  0.07  0.07  0.08  0.08  0.09  0.10  0.11  0.12 17062007 12
  0.12  0.11  0.10  0.11  0.11  0.11  0.10  0.08  0.07  0.08  0.08  0.09 18062007 00
  0.10  0.10  0.10  0.11  0.12  0.13  0.14  0.14  0.14  0.13  0.11  0.10 18062007 12
  0.08  0.08  0.07  0.07  0.07  0.07  0.06  0.06  0.05  0.05  0.06  0.06 19062007 00
  0.05  0.04  0.02  0.00 -0.01 -0.01 -0.00  0.00  0.01  0.04  0.08  0.13 19062007 12
  0.17  0.18  0.19  0.21  0.20  0.18  0.18  0.17  0.17  0.17  0.21  0.27 20062007 00
  0.29  0.28  0.26  0.24  0.23  0.25  0.26  0.25  0.21  0.16  0.13  0.12 20062007 12
  0.10  0.08  0.06  0.03  0.02  0.03  0.05  0.06  0.07  0.08  0.11  0.16 21062007 00
  0.18  0.16  0.13  0.10  0.07  0.05  0.05  0.06  0.07  0.06  0.04  0.03 21062007 12
  0.03  0.03  0.05  0.05  0.04  0.02  0.02  0.02  0.02  0.02  0.01  0.02 22062007 00
  0.03  0.03  0.02  0.01  0.01  0.00  0.00  0.01  0.01  0.02  0.03  0.04 22062007 12
  0.03  0.02  0.02  0.02  0.01 -0.00 -0.04 -0.05 -0.06 -0.05 -0.04 -0.03 23062007 00
 -0.03 -0.02 -0.01  0.00  0.01  0.03  0.03  0.03  0.04  0.05  0.06  0.08 23062007 12
  0.08  0.07  0.06  0.05  0.04  0.03  0.01  0.01  0.00  0.00  0.01  0.02 24062007 00
  0.03  0.05  0.07  0.08  0.08  0.07  0.06  0.06  0.05  0.04  0.03  0.01 24062007 12
 -0.02 -0.03 -0.03 -0.03 -0.04 -0.06 -0.08 -0.08 -0.09 -0.11 -0.12 -0.14 25062007 00
 -0.16 -0.18 -0.22 -0.27 -0.29 -0.29 -0.27 -0.23 -0.20 -0.21 -0.20 -0.19 25062007 12
 -0.17 -0.15 -0.13 -0.13 -0.16 -0.16 -0.18 -0.19 -0.19 -0.19 -0.20 -0.18 26062007 00
 -0.17 -0.14 -0.09 -0.06 -0.05 -0.04 -0.02  0.00  0.01  0.03  0.04  0.05 26062007 12
  0.06  0.07  0.08  0.09  0.07  0.07  0.07  0.08  0.10  0.12  0.14  0.14 27062007 00
  0.14  0.13  0.13  0.12  0.12  0.08  0.05  0.02  0.02  0.01  0.01  0.02 27062007 12
  0.02  0.02 -0.00 -0.00  0.01  0.01  0.01  0.02  0.03  0.04  0.06  0.07 28062007 00
  0.08  0.08  0.08  0.09  0.13  0.19  0.24  0.26  0.28  0.28  0.25  0.26 28062007 12
  0.27  0.25  0.24  0.22  0.18  0.15  0.13  0.09  0.09  0.11  0.10  0.07 29062007 00
  0.06  0.06  0.06  0.05  0.03  0.02  0.03  0.04  0.03  0.02  0.01  0.00 29062007 12
  0.01  0.01  0.00  0.00 -0.00 -0.01 -0.00  0.01  0.02  0.03  0.05  0.09 30062007 00
  0.13  0.15  0.14  0.14  0.13  0.15  0.18  0.23  0.24  0.21  0.19  0.19 30062007 12
  0.17  0.20  0.21  0.20  0.18  0.17  0.19  0.25  0.27  0.27  0.26  0.25 01072007 00
  0.23  0.21  0.22  0.24  0.23  0.22  0.22  0.28  0.33  0.32  0.31  0.28 01072007 12
  0.23  0.19  0.17  0.16  0.16  0.14  0.11  0.11  0.12  0.11  0.12  0.13 02072007 00
  0.11  0.11  0.11  0.10  0.12  0.12  0.13  0.15  0.19  0.22  0.23  0.23 02072007 12
  0.20  0.16  0.16  0.15  0.16  0.16  0.13  0.12  0.14  0.17  0.19  0.19 03072007 00
  0.19  0.19  0.18  0.20  0.19  0.21  0.20  0.17  0.18  0.21  0.22  0.21 03072007 12
  0.21  0.17  0.13  0.14  0.12  0.13  0.13  0.10  0.09  0.10  0.14  0.15 04072007 00
  0.20  0.19  0.17  0.16  0.17  0.17  0.16  0.13  0.10  0.06  0.04  0.02 04072007 12
  0.01 -0.02 -0.05 -0.06 -0.08 -0.09 -0.10 -0.10 -0.11 -0.09 -0.06 -0.00 05072007 00
  0.02  0.04  0.04  0.04  0.06  0.08  0.09  0.11  0.16  0.24  0.36  0.41 05072007 12
  0.41  0.39  0.39  0.34  0.34  0.29  0.29  0.27  0.23  0.21  0.19  0.16 06072007 00
  0.13  0.14  0.13  0.07  0.02  0.01 -0.01  0.02 -0.01 -0.03 -0.04 -0.02 06072007 12
  0.01  0.01  0.02  0.00 -0.00 -0.02 -0.01 -0.01  0.00  0.00  0.01  0.04 07072007 00
  0.07  0.07  0.07  0.05  0.01 -0.02 -0.03 -0.02 -0.01  0.00  0.00  0.00 07072007 12
  0.01  0.01  0.01  0.00 -0.02 -0.05 -0.08 -0.09 -0.08 -0.07 -0.06 -0.05 08072007 00
 -0.02  0.01  0.03  0.02  0.00 -0.02 -0.04 -0.04 -0.03 -0.02 -0.01 -0.01 08072007 12
 -0.00  0.00 -0.01 -0.01 -0.03 -0.05 -0.08 -0.11 -0.12 -0.10 -0.08 -0.06 09072007 00
 -0.04 -0.03 -0.01  0.00 -0.00 -0.02 -0.03 -0.02 -0.02 -0.03 -0.01  0.00 09072007 12
 -0.01 -0.04 -0.07 -0.09 -0.12 -0.15 -0.18 -0.20 -0.20 -0.18 -0.17 -0.15 10072007 00
 -0.13 -0.11 -0.08 -0.08 -0.07 -0.07 -0.08 -0.09 -0.08 -0.07 -0.05 -0.01 10072007 12
  0.00 -0.00 -0.01 -0.02 -0.04 -0.05 -0.07 -0.09 -0.09 -0.09 -0.08 -0.07 11072007 00
 -0.07 -0.06 -0.05 -0.04 -0.04 -0.03 -0.03 -0.04 -0.05 -0.03 -0.02  0.00 11072007 12
  0.02  0.03  0.03  0.04  0.04  0.05  0.04  0.03  0.02  0.01  0.01  0.04 12072007 00
  0.06  0.06  0.07  0.06  0.06  0.06  0.06  0.05  0.03  0.01 -0.00 -0.01 12072007 12
  0.01  0.02  0.01 -0.00 -0.01 -0.02 -0.03 -0.03 -0.02 -0.01  0.00  0.02 13072007 00
  0.05  0.07  0.11  0.15  0.19  0.24  0.29  0.30  0.26  0.20  0.17  0.14 13072007 12
  0.18  0.20  0.20  0.19  0.18  0.19  0.20  0.17  0.15  0.15  0.14  0.11 14072007 00
  0.07  0.10  0.12  0.13  0.11  0.07  0.06  0.05  0.01 -0.00 -0.00 -0.01 14072007 12
 -0.01  0.00 -0.00  0.00 -0.00 -0.02 -0.04 -0.05 -0.06 -0.06 -0.04 -0.04 15072007 00
 -0.03 -0.02 -0.02 -0.01 -0.01 -0.00 -0.00 -0.01 -0.01 -0.01  0.01  0.03 15072007 12
  0.05  0.07  0.07  0.08  0.08  0.08  0.08  0.08  0.09  0.10  0.11  0.11 16072007 00
  0.11  0.10  0.11  0.12  0.10  0.09  0.08  0.08  0.07  0.08  0.08  0.08 16072007 12
  0.09  0.08  0.09  0.09  0.10  0.10  0.09  0.08  0.07  0.08  0.10  0.09 17072007 00
  0.10  0.08  0.06  0.06  0.07  0.07  0.07  0.06  0.05  0.06  0.06  0.05 17072007 12
  0.05  0.05  0.03  0.02  0.00 -0.00 -0.00 -0.01 -0.02 -0.03 -0.03 -0.03 18072007 00
 -0.03 -0.03 -0.03 -0.02 -0.02 -0.03 -0.03 -0.04 -0.04 -0.05 -0.06 -0.06 18072007 12
 -0.07 -0.08 -0.07 -0.07 -0.08 -0.09 -0.10 -0.11 -0.11 -0.11 -0.10 -0.08 19072007 00
 -0.08 -0.07 -0.05 -0.06 -0.07 -0.07 -0.08 -0.09 -0.09 -0.09 -0.09 -0.08 19072007 12
 -0.09 -0.09 -0.09 -0.08 -0.09 -0.11 -0.12 -0.13 -0.13 -0.13 -0.14 -0.13 20072007 00
 -0.09 -0.09 -0.07 -0.06 -0.05 -0.08 -0.09 -0.11 -0.12 -0.11 -0.10 -0.10 20072007 12
 -0.10 -0.10 -0.11 -0.10 -0.10 -0.09 -0.09 -0.10 -0.10 -0.10 -0.08 -0.07 21072007 00
 -0.06 -0.06 -0.05 -0.05 -0.04 -0.05 -0.05 -0.05 -0.04 -0.04 -0.03 -0.01 21072007 12
 -0.01 -0.01 -0.01 -0.01 -0.01 -0.01 -0.00  0.01  0.01  0.02  0.02  0.04 22072007 00
  0.06  0.06  0.07  0.08  0.07  0.06  0.07  0.08  0.09  0.10  0.10  0.11 22072007 12
  0.12  0.13  0.12  0.11  0.09  0.08  0.07  0.07  0.08  0.08  0.08  0.08 23072007 00
  0.09  0.08  0.06  0.04  0.03  0.01  0.01  0.02  0.03  0.04  0.05  0.06 23072007 12
  0.07  0.06  0.07  0.09  0.09  0.08  0.07  0.06  0.04  0.04  0.04  0.03 24072007 00
  0.02  0.01  0.00 -0.00 -0.00  0.01  0.03  0.04  0.03  0.02  0.02  0.02 24072007 12
  0.03  0.04  0.06  0.08  0.08  0.08  0.09  0.13  0.18  0.20  0.22  0.23 25072007 00
  0.23  0.22  0.23  0.23  0.22  0.22  0.21  0.20  0.19  0.19  0.20  0.21 25072007 12
  0.23  0.23  0.24  0.28  0.32  0.33  0.30  0.24  0.21  0.19  0.20  0.20 26072007 00
  0.20  0.20  0.20  0.22  0.26  0.26  0.27  0.27  0.27  0.27  0.26  0.25 26072007 12
  0.26  0.25  0.22  0.15  0.11  0.10  0.08  0.09  0.09  0.07  0.07  0.09 27072007 00
  0.09  0.07  0.05  0.03  0.03  0.06  0.07  0.08  0.09  0.09  0.10  0.10 27072007 12
  0.10  0.11  0.11  0.10  0.08  0.07  0.05  0.03  0.02  0.02  0.02  0.01 28072007 00
  0.00 -0.01 -0.01 -0.02 -0.03 -0.03 -0.01  0.02  0.03  0.02  0.02  0.01 28072007 12
 -0.01 -0.01 -0.01 -0.02 -0.04 -0.06 -0.08 -0.10 -0.10 -0.08 -0.06 -0.05 29072007 00
 -0.04 -0.05 -0.05 -0.05 -0.05 -0.04 -0.03 -0.01  0.03  0.02  0.01 -0.00 29072007 12
 -0.03 -0.06 -0.07 -0.07 -0.08 -0.09 -0.11 -0.13 -0.11 -0.10 -0.09 -0.07 30072007 00
 -0.05 -0.06 -0.07 -0.09 -0.10 -0.10 -0.10 -0.08 -0.07 -0.05 -0.07 -0.07 30072007 12
 -0.08 -0.08 -0.08 -0.09 -0.10 -0.10 -0.10 -0.09 -0.09 -0.08 -0.08 -0.07 31072007 00
 -0.05 -0.04 -0.05 -0.06 -0.06 -0.06 -0.05 -0.03  0.01  0.04  0.05  0.04 31072007 12
  0.02  0.01  0.00 -0.00  0.00  0.01 -0.00 -0.02 -0.02 -0.00  0.02  0.02 01082007 00
  0.01  0.01 -0.00 -0.01 -0.01 -0.01 -0.01 -0.01  0.01  0.05  0.06  0.06 01082007 12
  0.04  0.02  0.00 -0.01 -0.02 -0.02 -0.02 -0.03 -0.03 -0.03 -0.01  0.01 02082007 00
  0.01 -0.01 -0.02 -0.04 -0.06 -0.06 -0.05 -0.05 -0.05 -0.04 -0.02 -0.01 02082007 12
 -0.02 -0.03 -0.03 -0.04 -0.06 -0.07 -0.07 -0.07 -0.06 -0.03  0.01  0.04 03082007 00
  0.04  0.03  0.03  0.01  0.01  0.03  0.04  0.04  0.05  0.09  0.17  0.20 03082007 12
  0.21  0.19  0.19  0.17  0.20  0.20  0.21  0.19  0.14  0.11  0.11  0.12 04082007 00
  0.08  0.09  0.05 -0.02 -0.06 -0.04 -0.04 -0.01 -0.02 -0.01  0.03  0.07 04082007 12
  0.08  0.08  0.06  0.04  0.03  0.04  0.04  0.04  0.04  0.05  0.07  0.12 05082007 00
  0.15  0.13  0.11  0.08  0.06  0.06  0.06  0.06  0.05  0.04  0.04  0.07 05082007 12
  0.08  0.07  0.06  0.05  0.02  0.01 -0.01 -0.01 -0.00  0.02  0.04  0.05 06082007 00
  0.07  0.07  0.07  0.05  0.03 -0.00 -0.01 -0.02 -0.00  0.01  0.02  0.02 06082007 12
  0.00 -0.04 -0.08 -0.09 -0.09 -0.10 -0.13 -0.15 -0.15 -0.13 -0.10 -0.08 07082007 00
 -0.07 -0.08 -0.10 -0.11 -0.13 -0.14 -0.15 -0.15 -0.13 -0.12 -0.12 -0.12 07082007 12
 -0.12 -0.12 -0.12 -0.12 -0.14 -0.17 -0.18 -0.18 -0.18 -0.15 -0.13 -0.11 08082007 00
 -0.09 -0.08 -0.08 -0.10 -0.11 -0.12 -0.12 -0.12 -0.12 -0.12 -0.11 -0.10 08082007 12
 -0.09 -0.09 -0.10 -0.11 -0.13 -0.14 -0.15 -0.14 -0.13 -0.11 -0.09 -0.07 09082007 00
 -0.06 -0.05 -0.03 -0.02 -0.03 -0.03 -0.02 -0.02 -0.02 -0.02 -0.01 -0.00 09082007 12
 -0.01 -0.03 -0.04 -0.05 -0.07 -0.09 -0.11 -0.11 -0.11 -0.10 -0.07 -0.04 10082007 00
 -0.02 -0.02 -0.01 -0.02 -0.04 -0.06 -0.07 -0.07 -0.08 -0.07 -0.06 -0.05 10082007 12
 -0.05 -0.05 -0.04 -0.05 -0.05 -0.06 -0.07 -0.07 -0.08 -0.07 -0.05 -0.01 11082007 00
  0.01  0.02  0.02  0.03  0.04  0.03  0.02  0.02  0.02  0.02  0.02  0.03 11082007 12
  0.05  0.07  0.07  0.07  0.05  0.04  0.04  0.03  0.03  0.03  0.05  0.04 12082007 00
  0.03  0.04  0.05  0.05  0.05  0.05  0.06  0.07  0.07  0.09  0.09  0.08 12082007 12
  0.07  0.07  0.07  0.08  0.07  0.06  0.04  0.03  0.02  0.04  0.08  0.09 13082007 00
  0.10  0.10  0.11  0.11  0.11  0.10  0.10  0.10  0.10  0.11  0.09  0.09 13082007 12
  0.07  0.07  0.09  0.09  0.11  0.10  0.09  0.10  0.12  0.13  0.13  0.15 14082007 00
  0.16  0.14  0.16  0.17  0.20  0.22  0.25  0.31  0.39  0.40  0.39  0.37 14082007 12
  0.34  0.27  0.27  0.25  0.27  0.26  0.23  0.19  0.15  0.14  0.11  0.15 15082007 00
  0.14  0.12  0.11  0.11  0.10  0.12  0.13  0.14  0.15  0.14  0.14  0.13 15082007 12
  0.12  0.09  0.05  0.05  0.04  0.06  0.06  0.03  0.00 -0.02 -0.02  0.02 16082007 00
  0.05  0.08  0.08  0.07  0.06  0.06  0.06  0.06  0.05  0.01 -0.03 -0.04 16082007 12
 -0.04 -0.05 -0.06 -0.07 -0.07 -0.07 -0.06 -0.06 -0.06 -0.03 -0.02  0.00 17082007 00
 -0.01  0.00  0.02  0.03  0.02  0.02  0.01  0.01  0.02  0.03  0.05  0.05 17082007 12
  0.05  0.06  0.07  0.08  0.12  0.13  0.14  0.14  0.14  0.16  0.20  0.19 18082007 00
  0.16  0.15  0.12  0.09  0.08  0.06  0.06  0.06  0.05  0.05  0.06  0.04 18082007 12
  0.01  0.01 -0.01 -0.05 -0.09 -0.13 -0.13 -0.11 -0.11 -0.15 -0.19 -0.22 19082007 00
 -0.20 -0.17 -0.12 -0.11 -0.10 -0.11 -0.13 -0.14 -0.11 -0.10 -0.10 -0.12 19082007 12
 -0.12 -0.13 -0.13 -0.10 -0.07 -0.07 -0.07 -0.07 -0.06 -0.04 -0.04 -0.05 20082007 00
 -0.06 -0.06 -0.07 -0.08 -0.12 -0.19 -0.26 -0.32 -0.33 -0.32 -0.30 -0.28 20082007 12
 -0.27 -0.25 -0.24 -0.24 -0.25 -0.27 -0.27 -0.28 -0.30 -0.31 -0.33 -0.37 21082007 00
 -0.43 -0.44 -0.43 -0.39 -0.35 -0.33 -0.33 -0.31 -0.30 -0.28 -0.26 -0.23 21082007 12
 -0.25 -0.28 -0.29 -0.30 -0.28 -0.26 -0.26 -0.25 -0.25 -0.26 -0.25 -0.22 22082007 00
 -0.23 -0.25 -0.25 -0.23 -0.20 -0.16 -0.13 -0.13 -0.14 -0.16 -0.17 -0.16 22082007 12
 -0.14 -0.16 -0.17 -0.18 -0.20 -0.18 -0.16 -0.15 -0.15 -0.16 -0.19 -0.19 23082007 00
 -0.18 -0.17 -0.19 -0.20 -0.20 -0.17 -0.14 -0.12 -0.13 -0.15 -0.17 -0.18 23082007 12
 -0.17 -0.16 -0.17 -0.19 -0.20 -0.20 -0.18 -0.15 -0.13 -0.14 -0.17 -0.19 24082007 00
 -0.21 -0.20 -0.18 -0.18 -0.20 -0.19 -0.18 -0.15 -0.13 -0.11 -0.11 -0.13 24082007 12
 -0.15 -0.15 -0.14 -0.13 -0.14 -0.15 -0.16 -0.17 -0.16 -0.14 -0.13 -0.13 25082007 00
 -0.15 -0.15 -0.15 -0.13 -0.13 -0.15 -0.15 -0.13 -0.12 -0.09 -0.07 -0.09 25082007 12
 -0.11 -0.13 -0.14 -0.15 -0.16 -0.18 -0.21 -0.22 -0.24 -0.23 -0.22 -0.22 26082007 00
 -0.24 -0.26 -0.27 -0.26 -0.25 -0.24 -0.23 -0.21 -0.19 -0.18 -0.16 -0.15 26082007 12
 -0.17 -0.18 -0.19 -0.19 -0.17 -0.16 -0.16 -0.16 -0.16 -0.16 -0.13 -0.12 27082007 00
 -0.13 -0.14 -0.17 -0.17 -0.18 -0.18 -0.19 -0.20 -0.16 -0.17 -0.17 -0.15 27082007 12
 -0.17 -0.19 -0.19 -0.18 -0.17 -0.17 -0.16 -0.18 -0.16 -0.15 -0.14 -0.13 28082007 00
 -0.11 -0.14 -0.15 -0.17 -0.16 -0.15 -0.13 -0.12 -0.11 -0.10 -0.11 -0.11 28082007 12
 -0.10 -0.11 -0.12 -0.12 -0.11 -0.10 -0.12 -0.14 -0.14 -0.15 -0.14 -0.15 29082007 00
 -0.16 -0.14 -0.17 -0.16 -0.17 -0.15 -0.14 -0.12 -0.11 -0.09 -0.10 -0.10 29082007 12
 -0.08 -0.07 -0.08 -0.07 -0.07 -0.07 -0.08 -0.08 -0.10 -0.11 -0.08 -0.08 30082007 00
 -0.09 -0.10 -0.12 -0.14 -0.14 -0.14 -0.13 -0.15 -0.15 -0.13 -0.11 -0.10 30082007 12
 -0.11 -0.09 -0.07 -0.09 -0.08 -0.08 -0.07 -0.07 -0.07 -0.06 -0.04 -0.05 31082007 00
 -0.07 -0.07 -0.07 -0.09 -0.08 -0.08 -0.07 -0.06 -0.05 -0.06 -0.08 -0.07 31082007 12
 -0.09 -0.12 -0.11 -0.12 -0.12 -0.11 -0.10 -0.10 -0.10 -0.09 -0.08 -0.08 01092007 00
 -0.07 -0.08 -0.08 -0.08 -0.10 -0.09 -0.08 -0.06 -0.04 -0.01  0.02  0.03 01092007 12
  0.00 -0.02 -0.01 -0.03 -0.04 -0.05 -0.03 -0.02 -0.01  0.02  0.06  0.06 02092007 00
  0.06  0.05  0.03 -0.00 -0.03 -0.02  0.00  0.01  0.01  0.00 -0.00 -0.00 02092007 12
 -0.00 -0.03 -0.06 -0.08 -0.11 -0.12 -0.11 -0.10 -0.11 -0.11 -0.12 -0.13 03092007 00
 -0.13 -0.14 -0.13 -0.13 -0.13 -0.15 -0.14 -0.13 -0.11 -0.10 -0.11 -0.11 03092007 12
 -0.12 -0.13 -0.15 -0.16 -0.18 -0.21 -0.21 -0.21 -0.20 -0.19 -0.17 -0.15 04092007 00
 -0.14 -0.13 -0.13 -0.14 -0.15 -0.14 -0.15 -0.15 -0.14 -0.14 -0.12 -0.09 04092007 12
 -0.09 -0.11 -0.14 -0.16 -0.17 -0.17 -0.18 -0.20 -0.19 -0.19 -0.17 -0.16 05092007 00
 -0.15 -0.16 -0.16 -0.17 -0.18 -0.20 -0.21 -0.22 -0.21 -0.20 -0.19 -0.18 05092007 12
 -0.17 -0.18 -0.21 -0.23 -0.24 -0.24 -0.24 -0.22 -0.22 -0.21 -0.21 -0.20 06092007 00
 -0.19 -0.19 -0.22 -0.25 -0.26 -0.26 -0.25 -0.24 -0.24 -0.24 -0.24 -0.22 06092007 12
 -0.20 -0.19 -0.20 -0.24 -0.27 -0.28 -0.27 -0.25 -0.23 -0.22 -0.22 -0.21 07092007 00
 -0.21 -0.21 -0.21 -0.22 -0.25 -0.25 -0.25 -0.24 -0.22 -0.19 -0.18 -0.18 07092007 12
 -0.18 -0.18 -0.18 -0.19 -0.22 -0.26 -0.26 -0.25 -0.23 -0.21 -0.18 -0.17 08092007 00
 -0.17 -0.18 -0.18 -0.18 -0.18 -0.20 -0.21 -0.21 -0.21 -0.20 -0.16 -0.14 08092007 12
 -0.15 -0.17 -0.19 -0.19 -0.19 -0.23 -0.26 -0.24 -0.23 -0.19 -0.15 -0.12 09092007 00
 -0.14 -0.13 -0.13 -0.13 -0.12 -0.11 -0.11 -0.09 -0.08 -0.07 -0.04 -0.02 09092007 12
 -0.00 -0.00  0.01  0.03  0.05  0.03 -0.01 -0.05 -0.08 -0.08 -0.07 -0.07 10092007 00
 -0.08 -0.10 -0.09 -0.10 -0.11 -0.13 -0.14 -0.13 -0.11 -0.11 -0.14 -0.11 10092007 12
 -0.10 -0.10 -0.11 -0.12 -0.13 -0.14 -0.16 -0.19 -0.19 -0.16 -0.15 -0.13 11092007 00
 -0.10 -0.11 -0.12 -0.14 -0.14 -0.14 -0.15 -0.17 -0.17 -0.17 -0.17 -0.16 11092007 12
 -0.15 -0.15 -0.15 -0.16 -0.17 -0.17 -0.18 -0.19 -0.21 -0.19 -0.18 -0.17 12092007 00
 -0.16 -0.14 -0.16 -0.16 -0.18 -0.17 -0.17 -0.18 -0.21 -0.20 -0.19 -0.19 12092007 12
 -0.17 -0.15 -0.17 -0.16 -0.18 -0.18 -0.16 -0.16 -0.18 -0.19 -0.17 -0.16 13092007 00
 -0.14 -0.10 -0.10 -0.10 -0.10 -0.09 -0.08 -0.07 -0.06 -0.04 -0.01  0.01 13092007 12
  0.03  0.05  0.07  0.10  0.11  0.11  0.09  0.04 -0.01 -0.02 -0.02 -0.01 14092007 00
 -0.02 -0.03 -0.04 -0.08 -0.10 -0.11 -0.11 -0.12 -0.14 -0.18 -0.20 -0.20 14092007 12
 -0.18 -0.15 -0.13 -0.15 -0.15 -0.18 -0.17 -0.15 -0.14 -0.11 -0.11 -0.09 15092007 00
 -0.09 -0.06 -0.03 -0.02 -0.01 -0.02 -0.00  0.02  0.03  0.03  0.04  0.06 15092007 12
  0.07  0.07  0.08  0.09  0.08  0.09  0.09  0.10  0.13  0.17  0.16  0.15 16092007 00
  0.16  0.18  0.21  0.32  0.38  0.36  0.26  0.20  0.18  0.15  0.09  0.04 16092007 12
  0.06  0.04  0.02 -0.00 -0.03 -0.01  0.01  0.02  0.02  0.01 -0.00 -0.03 17092007 00
 -0.07 -0.09 -0.09 -0.11 -0.14 -0.14 -0.15 -0.18 -0.19 -0.19 -0.21 -0.24 17092007 12
 -0.25 -0.24 -0.22 -0.21 -0.22 -0.24 -0.25 -0.23 -0.20 -0.16 -0.15 -0.14 18092007 00
 -0.12 -0.11 -0.08 -0.05 -0.04 -0.03 -0.02 -0.01  0.03  0.04  0.06  0.08 18092007 12
  0.10  0.11  0.14  0.17  0.17  0.14  0.09  0.07  0.09  0.09  0.09  0.08 19092007 00
  0.04  0.01  0.02  0.04  0.06  0.10  0.11  0.10  0.12  0.15  0.15  0.11 19092007 12
  0.08  0.10  0.14  0.15  0.14  0.15  0.16  0.16  0.11  0.06  0.03  0.04 20092007 00
  0.05  0.03  0.02  0.05  0.09  0.11  0.12  0.13  0.13  0.13  0.11  0.07 20092007 12
  0.02 -0.04 -0.06 -0.06 -0.05 -0.05 -0.02  0.05  0.10  0.15  0.21  0.26 21092007 00
  0.27  0.25  0.24  0.20  0.11  0.04 -0.00 -0.04 -0.06 -0.08 -0.13 -0.18 21092007 12
 -0.18 -0.14 -0.09 -0.05 -0.03 -0.02 -0.02 -0.03 -0.02 -0.02 -0.04 -0.05 22092007 00
 -0.07 -0.10 -0.10 -0.10 -0.08 -0.04  0.01  0.04  0.08  0.10  0.12  0.12 22092007 12
  0.11  0.14  0.19  0.23  0.25  0.28  0.28  0.24  0.21  0.19  0.16  0.13 23092007 00
  0.11  0.08  0.05  0.03  0.07  0.08  0.08  0.10  0.08  0.08  0.09  0.09 23092007 12
  0.09  0.12  0.16  0.24  0.34  0.40  0.35  0.25  0.22  0.19  0.20  0.24 24092007 00
  0.26  0.31  0.35  0.37  0.41  0.41  0.39  0.34  0.28  0.22  0.14  0.08 24092007 12
  0.04  0.03  0.03  0.00 -0.03 -0.05 -0.08 -0.08 -0.05 -0.04 -0.05 -0.04 25092007 00
 -0.06 -0.08 -0.10 -0.11 -0.13 -0.16 -0.21 -0.24 -0.24 -0.24 -0.24 -0.25 25092007 12
 -0.30 -0.31 -0.30 -0.28 -0.25 -0.24 -0.23 -0.20 -0.21 -0.21 -0.23 -0.24 26092007 00
 -0.25 -0.30 -0.30 -0.31 -0.30 -0.30 -0.31 -0.31 -0.30 -0.32 -0.32 -0.31 26092007 12
 -0.27 -0.30 -0.28 -0.28 -0.27 -0.26 -0.23 -0.22 -0.19 -0.18 -0.21 -0.22 27092007 00
 -0.20 -0.20 -0.23 -0.21 -0.22 -0.21 -0.21 -0.21 -0.23 -0.20 -0.20 -0.22 27092007 12
 -0.20 -0.18 -0.22 -0.21 -0.23 -0.21 -0.20 -0.19 -0.14 -0.15 -0.13 -0.15 28092007 00
 -0.16 -0.14 -0.14 -0.14 -0.14 -0.13 -0.11 -0.09 -0.09 -0.07 -0.07 -0.08 28092007 12
 -0.10 -0.09 -0.10 -0.10 -0.10 -0.10 -0.08 -0.06 -0.03 -0.02 -0.02 -0.04 29092007 00
 -0.06 -0.07 -0.07 -0.08 -0.07 -0.06 -0.05 -0.04 -0.03 -0.02 -0.02 -0.02 29092007 12
 -0.03 -0.04 -0.05 -0.05 -0.05 -0.05 -0.05 -0.03 -0.01  0.02  0.03  0.02 30092007 00
 -0.01 -0.04 -0.06 -0.07 -0.07 -0.07 -0.07 -0.07 -0.06 -0.06 -0.05 -0.06 30092007 12
 -0.06 -0.08 -0.09 -0.10 -0.11 -0.11 -0.11 -0.10 -0.09 -0.09 -0.11 -0.10 01102007 00
 -0.11 -0.13 -0.15 -0.13 -0.15 -0.14 -0.13 -0.11 -0.10 -0.11 -0.12 -0.10 01102007 12
 -0.09 -0.10 -0.12 -0.12 -0.13 -0.13 -0.12 -0.11 -0.10 -0.09 -0.08 -0.06 02102007 00
 -0.08 -0.08 -0.10 -0.09 -0.09 -0.09 -0.08 -0.08 -0.09 -0.08 -0.08 -0.07 02102007 12
 -0.07 -0.07 -0.08 -0.09 -0.09 -0.09 -0.07 -0.06 -0.06 -0.05 -0.04 -0.01 03102007 00
  0.00  0.01  0.01  0.01  0.03  0.06  0.08  0.10  0.11  0.12  0.11  0.11 03102007 12
  0.10  0.08  0.06  0.04  0.01 -0.02 -0.05 -0.07 -0.07 -0.07 -0.06 -0.06 04102007 00
 -0.07 -0.10 -0.11 -0.12 -0.13 -0.13 -0.12 -0.11 -0.11 -0.11 -0.11 -0.11 04102007 12
 -0.09 -0.09 -0.12 -0.14 -0.14 -0.14 -0.14 -0.13 -0.14 -0.12 -0.09 -0.08 05102007 00
 -0.07 -0.06 -0.07 -0.08 -0.08 -0.07 -0.07 -0.07 -0.08 -0.09 -0.09 -0.08 05102007 12
 -0.08 -0.09 -0.11 -0.14 -0.14 -0.13 -0.12 -0.11 -0.11 -0.10 -0.10 -0.10 06102007 00
 -0.09 -0.09 -0.10 -0.12 -0.14 -0.15 -0.14 -0.13 -0.12 -0.10 -0.09 -0.10 06102007 12
 -0.10 -0.10 -0.10 -0.11 -0.12 -0.13 -0.13 -0.13 -0.11 -0.10 -0.09 -0.09 07102007 00
 -0.10 -0.10 -0.11 -0.11 -0.11 -0.12 -0.12 -0.10 -0.10 -0.09 -0.08 -0.08 07102007 12
 -0.08 -0.09 -0.10 -0.10 -0.11 -0.12 -0.11 -0.11 -0.12 -0.12 -0.11 -0.11 08102007 00
 -0.10 -0.11 -0.12 -0.13 -0.13 -0.14 -0.14 -0.14 -0.14 -0.13 -0.12 -0.09 08102007 12
 -0.07 -0.08 -0.09 -0.08 -0.05 -0.01  0.02  0.05  0.05  0.04  0.01 -0.01 09102007 00
 -0.02 -0.03 -0.02 -0.02 -0.04 -0.07 -0.12 -0.14 -0.13 -0.11 -0.11 -0.11 09102007 12
 -0.12 -0.13 -0.15 -0.17 -0.18 -0.20 -0.21 -0.24 -0.22 -0.24 -0.23 -0.21 10102007 00
 -0.21 -0.22 -0.20 -0.21 -0.20 -0.19 -0.20 -0.21 -0.21 -0.19 -0.19 -0.17 10102007 12
 -0.13 -0.15 -0.15 -0.18 -0.16 -0.14 -0.14 -0.13 -0.12 -0.10 -0.09 -0.09 11102007 00
 -0.08 -0.09 -0.09 -0.08 -0.09 -0.10 -0.12 -0.15 -0.17 -0.18 -0.15 -0.13 11102007 12
 -0.10 -0.10 -0.10 -0.11 -0.12 -0.12 -0.12 -0.14 -0.16 -0.14 -0.14 -0.13 12102007 00
 -0.11 -0.09 -0.12 -0.12 -0.13 -0.12 -0.12 -0.12 -0.14 -0.14 -0.14 -0.12 12102007 12
 -0.10 -0.08 -0.10 -0.10 -0.12 -0.11 -0.10 -0.11 -0.12 -0.13 -0.11 -0.10 13102007 00
 -0.08 -0.07 -0.08 -0.08 -0.09 -0.08 -0.06 -0.04 -0.04 -0.04 -0.05 -0.04 13102007 12
 -0.03 -0.03 -0.02 -0.03 -0.03 -0.04 -0.04 -0.05 -0.07 -0.08 -0.07 -0.06 14102007 00
 -0.05 -0.04 -0.03 -0.03 -0.03 -0.03 -0.03 -0.04 -0.05 -0.05 -0.05 -0.04 14102007 12
 -0.03 -0.01  0.00  0.01  0.01  0.01  0.01  0.03  0.06  0.10  0.12  0.13 15102007 00
  0.12  0.15  0.22  0.28  0.30  0.29  0.27  0.23  0.18  0.16  0.14  0.13 15102007 12
  0.12  0.10  0.07  0.05  0.06  0.08  0.12  0.14  0.13  0.13  0.13  0.11 16102007 00
  0.09  0.07  0.05  0.05  0.05  0.04  0.03 -0.00 -0.04 -0.04 -0.04 -0.05 16102007 12
 -0.03 -0.02 -0.01  0.00  0.00 -0.01 -0.01 -0.02 -0.03 -0.03 -0.04 -0.04 17102007 00
 -0.06 -0.06 -0.04 -0.03 -0.05 -0.06 -0.06 -0.08 -0.11 -0.14 -0.17 -0.17 17102007 12
 -0.16 -0.15 -0.14 -0.14 -0.15 -0.16 -0.18 -0.19 -0.20 -0.19 -0.18 -0.18 18102007 00
 -0.17 -0.17 -0.15 -0.13 -0.11 -0.11 -0.11 -0.13 -0.15 -0.16 -0.17 -0.19 18102007 12
 -0.19 -0.18 -0.17 -0.16 -0.16 -0.15 -0.16 -0.17 -0.17 -0.18 -0.16 -0.14 19102007 00
 -0.14 -0.14 -0.14 -0.14 -0.13 -0.12 -0.13 -0.15 -0.17 -0.20 -0.20 -0.20 19102007 12
 -0.20 -0.19 -0.19 -0.18 -0.15 -0.13 -0.12 -0.13 -0.16 -0.17 -0.17 -0.16 20102007 00
 -0.14 -0.13 -0.12 -0.11 -0.10 -0.09 -0.08 -0.08 -0.10 -0.11 -0.11 -0.10 20102007 12
 -0.09 -0.08 -0.09 -0.09 -0.08 -0.08 -0.07 -0.07 -0.09 -0.10 -0.11 -0.10 21102007 00
 -0.08 -0.04 -0.01  0.02  0.04  0.04  0.03  0.03  0.02  0.01  0.01  0.01 21102007 12
  0.01  0.00  0.01  0.03  0.05  0.06  0.05  0.04  0.02  0.02  0.03  0.03 22102007 00
  0.03  0.02  0.02  0.04  0.06  0.06  0.03  0.01 -0.03 -0.06 -0.07 -0.08 22102007 12
 -0.10 -0.11 -0.11 -0.08 -0.05 -0.04 -0.05 -0.07 -0.09 -0.10 -0.10 -0.09 23102007 00
 -0.08 -0.08 -0.09 -0.08 -0.06 -0.06 -0.07 -0.09 -0.11 -0.12 -0.13 -0.14 23102007 12
 -0.14 -0.14 -0.14 -0.14 -0.13 -0.12 -0.11 -0.12 -0.13 -0.15 -0.17 -0.18 24102007 00
 -0.18 -0.17 -0.16 -0.15 -0.14 -0.12 -0.13 -0.12 -0.16 -0.16 -0.15 -0.15 24102007 12
 -0.16 -0.15 -0.15 -0.16 -0.15 -0.14 -0.15 -0.13 -0.15 -0.18 -0.18 -0.16 25102007 00
 -0.17 -0.16 -0.16 -0.14 -0.13 -0.12 -0.11 -0.11 -0.10 -0.11 -0.13 -0.11 25102007 12
 -0.09 -0.09 -0.08 -0.07 -0.06 -0.05 -0.04 -0.02 -0.01 -0.00 -0.02 -0.02 26102007 00
 -0.01  0.02  0.04  0.06  0.08  0.08  0.08  0.11  0.09  0.06  0.04 -0.00 26102007 12
 -0.06 -0.05 -0.07 -0.06 -0.06 -0.06 -0.06 -0.05 -0.06 -0.07 -0.07 -0.06 27102007 00
 -0.05 -0.02 -0.00  0.01  0.03  0.07  0.13  0.22  0.27  0.28  0.24  0.19 27102007 12
  0.16  0.13  0.21  0.23  0.28  0.32  0.38  0.47  0.49  0.43  0.34  0.33 28102007 00
  0.26  0.08  0.07  0.06  0.08  0.08  0.09  0.15  0.24  0.22  0.21  0.19 28102007 12
  0.18  0.13  0.12  0.15  0.16  0.18  0.14  0.07 -0.03 -0.12 -0.16 -0.10 29102007 00
 -0.07 -0.07 -0.03 -0.01  0.01  0.04  0.07  0.06  0.05  0.04  0.05  0.04 29102007 12
  0.00 -0.02 -0.04 -0.07 -0.09 -0.08 -0.07 -0.06 -0.09 -0.13 -0.16 -0.17 30102007 00
 -0.17 -0.16 -0.14 -0.13 -0.13 -0.13 -0.13 -0.13 -0.12 -0.11 -0.10 -0.08 30102007 12
 -0.05 -0.05 -0.06 -0.06 -0.05 -0.05 -0.04 -0.03 -0.03 -0.04 -0.05 -0.05 31102007 00
 -0.06 -0.08 -0.08 -0.09 -0.09 -0.08 -0.08 -0.08 -0.07 -0.07 -0.08 -0.09 31102007 12
 -0.09 -0.09 -0.09 -0.09 -0.08 -0.08 -0.06 -0.04 -0.02 -0.01 -0.00 -0.02 01112007 00
 -0.05 -0.06 -0.06 -0.07 -0.07 -0.10 -0.13 -0.13 -0.14 -0.14 -0.15 -0.17 01112007 12
 -0.19 -0.22 -0.23 -0.23 -0.21 -0.19 -0.18 -0.18 -0.19 -0.18 -0.17 -0.16 02112007 00
 -0.17 -0.20 -0.20 -0.18 -0.14 -0.12 -0.12 -0.14 -0.16 -0.16 -0.13 -0.12 02112007 12
 -0.15 -0.20 -0.23 -0.23 -0.23 -0.22 -0.22 -0.22 -0.22 -0.23 -0.22 -0.21 03112007 00
 -0.20 -0.20 -0.22 -0.22 -0.22 -0.21 -0.20 -0.20 -0.20 -0.21 -0.20 -0.19 03112007 12
 -0.17 -0.16 -0.18 -0.20 -0.20 -0.19 -0.16 -0.14 -0.14 -0.15 -0.16 -0.17 04112007 00
 -0.16 -0.16 -0.16 -0.17 -0.18 -0.16 -0.15 -0.14 -0.14 -0.14 -0.13 -0.11 04112007 12
 -0.09 -0.08 -0.08 -0.10 -0.10 -0.09 -0.07 -0.05 -0.03 -0.00  0.02  0.04 05112007 00
  0.08  0.11  0.10  0.04  0.01 -0.01 -0.01 -0.04 -0.08 -0.13 -0.17 -0.19 05112007 12
 -0.18 -0.18 -0.20 -0.25 -0.31 -0.34 -0.34 -0.30 -0.26 -0.20 -0.16 -0.17 06112007 00
 -0.19 -0.20 -0.16 -0.12 -0.11 -0.13 -0.13 -0.12 -0.10 -0.05 -0.02 -0.01 06112007 12
  0.01  0.03  0.06  0.08  0.06  0.01 -0.04 -0.05 -0.04 -0.03 -0.02 -0.03 07112007 00
 -0.05 -0.05 -0.06 -0.07 -0.10 -0.13 -0.18 -0.20 -0.20 -0.17 -0.11 -0.09 07112007 12
 -0.08 -0.07 -0.05 -0.01  0.03  0.06  0.08  0.14  0.20  0.24  0.26  0.31 08112007 00
  0.41  0.37  0.29  0.29  0.31  0.27  0.14 -0.02 -0.08 -0.10 -0.10 -0.12 08112007 12
 -0.19 -0.24 -0.24 -0.19 -0.16 -0.16 -0.17 -0.16 -0.12 -0.18 -0.18 -0.12 09112007 00
 -0.10 -0.11 -0.10 -0.07 -0.03 -0.03 -0.04 -0.04 -0.01  0.03  0.08  0.13 09112007 12
  0.14  0.15  0.18  0.18  0.18  0.15  0.07 -0.01 -0.05 -0.05 -0.07 -0.08 10112007 00
 -0.05 -0.05 -0.04 -0.04 -0.04 -0.02 -0.00  0.02  0.04  0.07  0.11  0.13 10112007 12
  0.15  0.15  0.15  0.19  0.20  0.20  0.18  0.07 -0.05 -0.08 -0.08 -0.08 11112007 00
 -0.11 -0.14 -0.19 -0.23 -0.24 -0.24 -0.25 -0.28 -0.30 -0.31 -0.27 -0.25 11112007 12
 -0.18 -0.11 -0.12 -0.10 -0.14 -0.14 -0.12 -0.13 -0.14 -0.12 -0.13 -0.13 12112007 00
 -0.13 -0.12 -0.11 -0.09 -0.11 -0.12 -0.13 -0.14 -0.13 -0.11 -0.07 -0.04 12112007 12
  0.02  0.08  0.12  0.11  0.09  0.08  0.10  0.10  0.09  0.05  0.05  0.04 13112007 00
  0.02  0.01 -0.01 -0.02 -0.01 -0.01 -0.01 -0.04 -0.08 -0.13 -0.16 -0.20 13112007 12
 -0.21 -0.20 -0.19 -0.24 -0.27 -0.29 -0.29 -0.27 -0.26 -0.26 -0.24 -0.21 14112007 00
 -0.17 -0.11 -0.07 -0.08 -0.10 -0.13 -0.17 -0.17 -0.19 -0.23 -0.27 -0.28 14112007 12
 -0.29 -0.27 -0.27 -0.26 -0.26 -0.27 -0.27 -0.25 -0.22 -0.19 -0.17 -0.15 15112007 00
 -0.15 -0.15 -0.12 -0.11 -0.10 -0.11 -0.14 -0.16 -0.16 -0.16 -0.16 -0.15 15112007 12
 -0.14 -0.15 -0.14 -0.12 -0.10 -0.09 -0.09 -0.12 -0.15 -0.15 -0.13 -0.11 16112007 00
 -0.09 -0.09 -0.08 -0.08 -0.08 -0.09 -0.09 -0.09 -0.10 -0.10 -0.09 -0.06 16112007 12
 -0.03 -0.01 -0.00  0.00  0.01  0.03  0.04  0.05  0.06  0.07  0.09  0.11 17112007 00
  0.15  0.16  0.17  0.17  0.19  0.21  0.21  0.21  0.23  0.24  0.28  0.34 17112007 12
  0.40  0.42  0.38  0.26  0.17  0.12  0.10  0.06  0.02 -0.04 -0.08 -0.09 18112007 00
 -0.06 -0.06 -0.06 -0.02  0.01  0.01 -0.00 -0.03 -0.06 -0.06 -0.07 -0.11 18112007 12
 -0.15 -0.19 -0.21 -0.24 -0.29 -0.32 -0.31 -0.29 -0.25 -0.22 -0.20 -0.15 19112007 00
 -0.09 -0.01  0.03  0.03 -0.01 -0.08 -0.15 -0.19 -0.19 -0.17 -0.15 -0.14 19112007 12
 -0.14 -0.09  0.02  0.10  0.10  0.04 -0.00 -0.02 -0.02  0.01  0.04  0.04 20112007 00
  0.02  0.01  0.03  0.07  0.10  0.09  0.06  0.03  0.00  0.02  0.05  0.06 20112007 12
  0.06  0.07  0.10  0.15  0.18  0.19  0.20  0.18  0.15  0.13  0.13  0.15 21112007 00
  0.16  0.15  0.16  0.19  0.23  0.24  0.22  0.18  0.13  0.10  0.09  0.09 21112007 12
  0.11  0.13  0.14  0.15  0.17  0.15  0.16  0.18  0.17  0.11  0.08  0.10 22112007 00
  0.08  0.09  0.10  0.09  0.06  0.02 -0.03 -0.07 -0.09 -0.12 -0.15 -0.19 22112007 12
 -0.20 -0.19 -0.19 -0.19 -0.21 -0.23 -0.22 -0.24 -0.23 -0.24 -0.25 -0.23 23112007 00
 -0.26 -0.22 -0.21 -0.17 -0.15 -0.13 -0.14 -0.12 -0.11 -0.11 -0.10 -0.08 23112007 12
 -0.08 -0.07 -0.08 -0.07 -0.01  0.07  0.12  0.14  0.20  0.26  0.29  0.24 24112007 00
  0.24  0.26  0.30  0.36  0.38  0.37  0.31  0.23  0.12  0.13  0.09  0.02 24112007 12
 -0.08 -0.11 -0.11 -0.05 -0.05 -0.07 -0.09 -0.14 -0.15 -0.13 -0.16 -0.18 25112007 00
 -0.16 -0.16 -0.15 -0.12 -0.08 -0.05 -0.06 -0.12 -0.14 -0.13 -0.11 -0.12 25112007 12
 -0.12 -0.12 -0.13 -0.13 -0.15 -0.14 -0.15 -0.17 -0.18 -0.18 -0.19 -0.19 26112007 00
 -0.18 -0.15 -0.16 -0.15 -0.16 -0.15 -0.14 -0.15 -0.18 -0.21 -0.18 -0.18 26112007 12
 -0.19 -0.17 -0.15 -0.17 -0.16 -0.17 -0.15 -0.15 -0.17 -0.16 -0.16 -0.16 27112007 00
 -0.16 -0.14 -0.10 -0.10 -0.08 -0.09 -0.08 -0.09 -0.11 -0.09 -0.07 -0.05 27112007 12
 -0.04 -0.03 -0.01  0.00  0.01  0.02  0.04  0.06  0.06  0.06  0.05  0.05 28112007 00
  0.07  0.08  0.10  0.19  0.26  0.29  0.23  0.16  0.09  0.06  0.05  0.08 28112007 12
  0.10  0.16  0.19  0.22  0.24  0.25  0.29  0.26  0.20  0.14  0.08  0.04 29112007 00
 -0.00 -0.03 -0.04 -0.04 -0.04 -0.04 -0.03 -0.02 -0.01  0.02  0.08  0.12 29112007 12
  0.15  0.17  0.21  0.24  0.26  0.29  0.30  0.30  0.30  0.30  0.30  0.30 30112007 00
  0.29  0.29  0.33  0.33  0.34  0.37  0.41  0.41  0.39  0.38  0.41  0.52 30112007 12
  0.61  0.57  0.49  0.35  0.25  0.22  0.21  0.22  0.26  0.28  0.28  0.29 01122007 00
  0.34  0.37  0.43  0.47  0.46  0.46  0.49  0.52  0.52  0.55  0.54  0.45 01122007 12
  0.42  0.38  0.35  0.38  0.34  0.25  0.20  0.18  0.23  0.31  0.42  0.54 02122007 00
  0.63  0.62  0.52  0.45  0.43  0.44  0.36  0.28  0.23  0.26  0.29  0.26 02122007 12
  0.20  0.14  0.09  0.04 -0.02 -0.12 -0.15 -0.17 -0.20 -0.19 -0.12 -0.01 03122007 00
  0.09  0.15  0.21  0.28  0.26  0.19  0.10  0.01 -0.05 -0.08 -0.09 -0.12 03122007 12
 -0.17 -0.23 -0.25 -0.25 -0.22 -0.15 -0.09 -0.03  0.07  0.18  0.29  0.35 04122007 00
  0.39  0.43  0.47  0.50  0.52  0.51  0.46  0.42  0.40  0.42  0.49  0.53 04122007 12
  0.51  0.52  0.59  0.73  0.83  0.82  0.74  0.58  0.45  0.42  0.45  0.48 05122007 00
  0.49  0.47  0.42  0.42  0.47  0.48  0.53  0.53  0.43  0.36  0.37  0.36 05122007 12
  0.37  0.32  0.22  0.14  0.09  0.03  0.01  0.06  0.10  0.11  0.13  0.18 06122007 00
  0.23  0.30  0.35  0.37  0.36  0.36  0.37  0.37  0.34  0.33  0.37  0.41 06122007 12
  0.47  0.53  0.52  0.47  0.44  0.39  0.34  0.30  0.29  0.28  0.19  0.19 07122007 00
  0.20  0.21  0.23  0.15  0.01 -0.09 -0.19 -0.25 -0.25 -0.19 -0.12 -0.07 07122007 12
 -0.06 -0.06 -0.03 -0.03 -0.05 -0.10 -0.12 -0.07 -0.02  0.01  0.04  0.10 08122007 00
  0.16  0.25  0.30  0.37  0.51  0.69  0.72  0.67  0.60  0.58  0.65  0.69 08122007 12
  0.73  0.67  0.63  0.60  0.53  0.43  0.41  0.45  0.45  0.43  0.36  0.24 09122007 00
  0.12  0.05  0.00 -0.04 -0.13 -0.25 -0.41 -0.62 -0.67 -0.59 -0.44 -0.32 09122007 12
 -0.21 -0.25 -0.26 -0.24 -0.21 -0.20 -0.30 -0.46 -0.53 -0.49 -0.47 -0.42 10122007 00
 -0.37 -0.41 -0.42 -0.43 -0.40 -0.36 -0.36 -0.38 -0.41 -0.38 -0.38 -0.32 10122007 12
 -0.22 -0.14 -0.16 -0.18 -0.23 -0.24 -0.21 -0.20 -0.18 -0.16 -0.16 -0.17 11122007 00
 -0.14 -0.11 -0.10 -0.10 -0.11 -0.13 -0.12 -0.12 -0.12 -0.12 -0.13 -0.13 11122007 12
 -0.09 -0.06 -0.06 -0.05 -0.07 -0.09 -0.08 -0.06 -0.04 -0.02 -0.00 -0.01 12122007 00
 -0.01 -0.01  0.00  0.00 -0.02 -0.05 -0.09 -0.12 -0.13 -0.13 -0.13 -0.14 12122007 12
 -0.13 -0.12 -0.10 -0.09 -0.08 -0.08 -0.07 -0.06 -0.02  0.03  0.06  0.06 13122007 00
  0.04  0.03  0.04  0.07  0.06  0.03 -0.02 -0.04 -0.06 -0.07 -0.09 -0.09 13122007 12
 -0.09 -0.11 -0.13 -0.15 -0.14 -0.13 -0.14 -0.16 -0.17 -0.15 -0.12 -0.10 14122007 00
 -0.11 -0.12 -0.10 -0.09 -0.07 -0.07 -0.08 -0.09 -0.10 -0.13 -0.14 -0.13 14122007 12
 -0.10 -0.11 -0.11 -0.11 -0.13 -0.13 -0.15 -0.15 -0.16 -0.16 -0.16 -0.16 15122007 00
 -0.15 -0.15 -0.14 -0.14 -0.15 -0.19 -0.22 -0.23 -0.23 -0.22 -0.23 -0.24 15122007 12
 -0.22 -0.19 -0.17 -0.17 -0.16 -0.18 -0.20 -0.20 -0.19 -0.18 -0.16 -0.16 16122007 00
 -0.15 -0.13 -0.14 -0.15 -0.15 -0.17 -0.21 -0.23 -0.24 -0.23 -0.20 -0.18 16122007 12
 -0.16 -0.16 -0.18 -0.20 -0.20 -0.20 -0.21 -0.21 -0.23 -0.23 -0.24 -0.24 17122007 00
 -0.23 -0.22 -0.22 -0.24 -0.26 -0.28 -0.30 -0.32 -0.33 -0.32 -0.30 -0.27 17122007 12
 -0.25 -0.23 -0.22 -0.23 -0.26 -0.26 -0.25 -0.22 -0.21 -0.22 -0.21 -0.18 18122007 00
 -0.13 -0.12 -0.14 -0.16 -0.19 -0.20 -0.21 -0.23 -0.27 -0.29 -0.28 -0.26 18122007 12
 -0.24 -0.23 -0.23 -0.21 -0.22 -0.23 -0.23 -0.21 -0.20 -0.21 -0.23 -0.22 19122007 00
 -0.21 -0.19 -0.18 -0.19 -0.21 -0.24 -0.26 -0.25 -0.26 -0.26 -0.26 -0.25 19122007 12
 -0.21 -0.17 -0.14 -0.12 -0.11 -0.13 -0.15 -0.15 -0.14 -0.13 -0.13 -0.14 20122007 00
 -0.13 -0.12 -0.10 -0.06 -0.04 -0.06 -0.11 -0.14 -0.17 -0.16 -0.15 -0.13 20122007 12
 -0.10 -0.08 -0.07 -0.05 -0.04 -0.04 -0.04 -0.05 -0.07 -0.06 -0.05 -0.04 21122007 00
 -0.02 -0.00  0.02  0.04  0.05  0.03  0.01 -0.01 -0.03 -0.04 -0.03 -0.02 21122007 12
 -0.01  0.01  0.02  0.03  0.04  0.05  0.04  0.02  0.01  0.02  0.04  0.09 22122007 00
  0.13  0.16  0.15  0.13  0.09  0.04 -0.02 -0.06 -0.09 -0.11 -0.16 -0.18 22122007 12
 -0.19 -0.18 -0.16 -0.16 -0.15 -0.14 -0.13 -0.14 -0.14 -0.15 -0.14 -0.11 23122007 00
 -0.09 -0.07 -0.06 -0.03 -0.00  0.03  0.09  0.14  0.13  0.10  0.09  0.10 23122007 12
  0.14  0.22  0.26  0.29  0.32  0.34  0.38  0.43  0.42  0.34  0.31  0.24 24122007 00
  0.15  0.15  0.11  0.10  0.05 -0.02 -0.06 -0.11 -0.16 -0.15 -0.12 -0.12 24122007 12
 -0.09 -0.04 -0.04 -0.01 -0.00  0.01  0.02  0.02  0.02  0.02  0.02  0.03 25122007 00
  0.03  0.05  0.06  0.09  0.11  0.12  0.14  0.19  0.29  0.39  0.43  0.42 25122007 12
  0.35  0.20  0.15  0.11  0.13  0.11  0.06 -0.00 -0.06 -0.11 -0.10 -0.05 26122007 00
 -0.03 -0.00  0.05  0.07  0.08  0.08  0.07  0.04  0.02  0.04  0.07  0.10 26122007 12
  0.13  0.15  0.18  0.25  0.30  0.37  0.42  0.47  0.54  0.60  0.55  0.47 27122007 00
  0.40  0.31  0.20  0.19  0.16  0.19  0.17  0.12  0.08  0.07  0.07  0.06 27122007 12
  0.14  0.19  0.24  0.27  0.34  0.36  0.40  0.41  0.44  0.49  0.51  0.46 28122007 00
  0.41  0.37  0.32  0.32  0.36  0.36  0.36  0.36  0.38  0.42  0.49  0.48 28122007 12
  0.43  0.43  0.42  0.38  0.41  0.45  0.48  0.42  0.30  0.21  0.17  0.18 29122007 00
  0.26  0.36  0.39  0.49  0.56  0.42  0.24  0.22  0.22  0.17  0.02 -0.15 29122007 12
 -0.24 -0.25 -0.26 -0.29 -0.31 -0.30 -0.25 -0.22 -0.19 -0.15 -0.11 -0.07 30122007 00
 -0.07 -0.08 -0.10 -0.09 -0.09 -0.11 -0.12 -0.13 -0.14 -0.14 -0.12 -0.10 30122007 12
 -0.08 -0.05 -0.05 -0.06 -0.05 -0.03 -0.01  0.00  0.01  0.01  0.00  0.00 31122007 00
 -0.02 -0.04 -0.05 -0.05 -0.05 -0.06 -0.07 -0.09 -0.09 -0.09 -0.09 -0.07 31122007 12
