Parameter Z: CS3 Location ( 52, 86) Lat 53.500 Lon -3.417
  3.01  3.40  2.84  1.60  0.16 -1.38 -2.45 -3.01 -3.03 -2.11 -0.31  1.63 01011994 00
  2.96  3.58  3.25  2.08  0.64 -1.01 -2.28 -3.06 -3.37 -2.82 -1.22  0.78 01011994 12
  2.40  3.29  3.49  2.85  1.65  0.11 -1.37 -2.26 -2.65 -2.39 -1.16  0.69 02011994 00
  2.40  3.48  3.76  3.13  1.91  0.42 -1.12 -2.17 -2.82 -3.00 -2.27 -0.67 02011994 12
  1.15  2.50  3.15  3.00  2.07  0.82 -0.64 -1.83 -2.50 -2.72 -2.21 -0.77 03011994 00
  1.08  2.58  3.44  3.53  2.82  1.67  0.23 -1.15 -2.05 -2.60 -2.66 -1.84 03011994 12
 -0.31  1.33  2.51  3.02  2.77  1.85  0.67 -0.67 -1.69 -2.23 -2.36 -1.83 04011994 00
 -0.54  1.07  2.36  3.07  3.06  2.32  1.20 -0.14 -1.34 -2.10 -2.51 -2.43 04011994 12
 -1.57 -0.11  1.37  2.41  2.86  2.64  1.81  0.72 -0.50 -1.38 -1.84 -1.98 05011994 00
 -1.50 -0.32  1.11  2.31  2.97  2.98  2.39  1.46  0.25 -0.86 -1.61 -2.06 05011994 12
 -2.08 -1.36 -0.11  1.18  2.12  2.49  2.30  1.62  0.70 -0.38 -1.21 -1.67 06011994 00
 -1.83 -1.47 -0.49  0.76  1.88  2.56  2.65  2.18  1.34  0.27 -0.79 -1.54 06011994 12
 -2.02 -2.14 -1.61 -0.52  0.76  1.80  2.32  2.29  1.75  0.91 -0.11 -1.07 07011994 00
 -1.67 -1.98 -1.89 -1.16  0.03  1.24  2.09  2.38  2.12  1.41  0.46 -0.64 07011994 12
 -1.50 -2.05 -2.29 -1.96 -0.96  0.38  1.55  2.28  2.42  2.02  1.21  0.18 08011994 00
 -0.91 -1.67 -2.09 -2.14 -1.54 -0.31  1.05  2.08  2.57  2.46  1.80  0.83 08011994 12
 -0.37 -1.40 -2.05 -2.37 -2.13 -1.12  0.32  1.66  2.54  2.79  2.41  1.52 09011994 00
  0.39 -0.86 -1.78 -2.34 -2.42 -1.66 -0.24  1.25  2.35  2.96  2.96  2.37 09011994 12
  1.30 -0.11 -1.26 -1.98 -2.33 -2.05 -0.92  0.66  2.11  3.03  3.24  2.72 10011994 00
  1.65  0.28 -1.15 -2.12 -2.67 -2.73 -1.97 -0.44  1.24  2.51  3.14  2.97 10011994 12
  2.05  0.80 -0.65 -1.84 -2.51 -2.75 -2.31 -0.95  0.87  2.40  3.32  3.47 11011994 00
  2.77  1.56  0.06 -1.39 -2.30 -2.76 -2.68 -1.70  0.06  1.84  3.04  3.48 11011994 12
  3.02  1.86  0.43 -1.14 -2.27 -2.90 -3.01 -2.15 -0.29  1.81  3.32  4.05 12011994 00
  3.86  2.82  1.46 -0.23 -1.55 -2.40 -2.84 -2.52 -1.11  0.81  2.49  3.52 12011994 12
  3.73  3.00  1.73  0.20 -1.25 -2.18 -2.69 -2.58 -1.38  0.57  2.40  3.61 13011994 00
  4.04  3.58  2.42  0.88 -0.74 -1.86 -2.56 -2.80 -2.15 -0.51  1.44  2.94 13011994 12
  3.62  3.44  2.40  1.02 -0.63 -1.96 -2.74 -3.04 -2.55 -1.03  0.95  2.58 14011994 00
  3.52  3.62  2.78  1.46 -0.15 -1.66 -2.64 -3.17 -3.12 -2.06 -0.20  1.61 14011994 12
  2.83  3.28  2.79  1.57  0.17 -1.37 -2.44 -2.98 -2.98 -2.11 -0.38  1.51 15011994 00
  2.82  3.47  3.23  2.14  0.76 -0.84 -2.12 -2.88 -3.20 -2.82 -1.44  0.41 15011994 12
  1.95  2.81  2.91  2.11  0.84 -0.57 -1.91 -2.72 -3.04 -2.74 -1.54  0.26 16011994 00
  1.86  2.89  3.21  2.64  1.47  0.08 -1.36 -2.32 -2.84 -2.91 -2.22 -0.75 16011994 12
  0.92  2.12  2.68  2.40  1.40  0.16 -1.16 -2.21 -2.77 -2.86 -2.28 -0.92 17011994 00
  0.72  2.00  2.70  2.65  1.88  0.75 -0.57 -1.74 -2.43 -2.72 -2.45 -1.45 17011994 12
  0.06  1.43  2.31  2.54  2.10  1.14 -0.01 -1.15 -1.82 -2.05 -1.90 -1.13 18011994 00
  0.19  1.54  2.50  2.85  2.56  1.73  0.64 -0.56 -1.39 -1.88 -2.11 -1.81 18011994 12
 -0.87  0.32  1.36  1.92  1.89  1.32  0.45 -0.51 -1.37 -1.81 -1.88 -1.54 19011994 00
 -0.73  0.38  1.42  2.07  2.17  1.69  0.84 -0.12 -1.05 -1.66 -1.99 -2.05 19011994 12
 -1.55 -0.53  0.65  1.54  1.93  1.82  1.29  0.52 -0.37 -1.09 -1.47 -1.60 20011994 00
 -1.38 -0.71  0.21  1.05  1.52  1.52  1.14  0.52 -0.23 -0.98 -1.48 -1.71 20011994 12
 -1.65 -1.17 -0.32  0.61  1.33  1.63  1.52  1.11  0.55 -0.14 -0.72 -1.04 21011994 00
 -1.15 -0.99 -0.47  0.28  0.97  1.37  1.36  1.02  0.48 -0.20 -0.88 -1.37 21011994 12
 -1.66 -1.70 -1.31 -0.57  0.30  1.02  1.41  1.49  1.25  0.73  0.06 -0.57 22011994 00
 -0.97 -1.19 -1.20 -0.82 -0.12  0.61  1.14  1.30  1.13  0.67  0.08 -0.60 22011994 12
 -1.14 -1.39 -1.32 -0.79  0.13  1.08  1.73  2.06  2.07  1.68  0.97  0.10 23011994 00
 -0.66 -1.20 -1.64 -1.86 -1.59 -0.82  0.14  0.97  1.43  1.48  1.16  0.46 23011994 12
 -0.39 -1.21 -1.69 -1.85 -1.60 -0.87  0.19  1.21  1.87  2.03  1.73  1.05 24011994 00
  0.17 -0.79 -1.48 -1.89 -1.96 -1.46 -0.42  0.79  1.78  2.27  2.18  1.56 24011994 12
  0.65 -0.41 -1.31 -1.80 -1.92 -1.53 -0.54  0.76  1.94  2.62  2.70  2.17 25011994 00
  1.24  0.07 -1.04 -1.74 -2.06 -1.98 -1.24  0.09  1.52  2.61  3.02  2.78 25011994 12
  1.93  0.82 -0.44 -1.43 -2.09 -2.35 -1.91 -0.65  0.86  2.08  2.72  2.63 26011994 00
  1.80  0.58 -0.79 -1.93 -2.51 -2.63 -2.15 -0.84  0.98  2.56  3.50  3.63 26011994 12
  2.89  1.69  0.25 -1.04 -1.87 -2.38 -2.37 -1.35  0.45  2.22  3.41  3.75 27011994 00
  3.25  2.10  0.69 -0.76 -1.75 -2.40 -2.62 -1.92 -0.28  1.58  2.96  3.58 27011994 12
  3.37  2.26  0.80 -0.88 -2.19 -3.00 -3.34 -2.92 -1.46  0.55  2.30  3.33 28011994 00
  3.54  2.70  1.25 -0.38 -1.97 -3.03 -3.64 -3.60 -2.47 -0.44  1.58  2.88 28011994 12
  3.40  2.95  1.65  0.13 -1.53 -2.69 -3.27 -3.25 -2.25 -0.30  1.83  3.31 29011994 00
  4.04  3.78  2.58  1.08 -0.71 -2.10 -3.02 -3.47 -3.06 -1.42  0.81  2.71 29011994 12
  3.75  3.86  2.92  1.45 -0.28 -1.87 -2.90 -3.44 -3.32 -2.02  0.13  2.16 30011994 00
  3.46  3.92  3.33  1.92  0.28 -1.50 -2.74 -3.47 -3.69 -2.93 -1.04  1.13 30011994 12
  2.71  3.50  3.36  2.21  0.69 -1.02 -2.43 -3.25 -3.54 -2.97 -1.30  0.91 31011994 00
  2.67  3.65  3.78  2.86  1.43 -0.27 -1.85 -2.86 -3.42 -3.35 -2.17 -0.17 31011994 12
  1.79  3.10  3.62  3.19  2.00  0.57 -1.04 -2.19 -2.76 -2.75 -1.72  0.23 01021994 00
  2.27  3.62  4.22  3.99  2.92  1.41 -0.34 -1.60 -2.45 -2.98 -2.86 -1.71 01021994 12
  0.08  1.77  2.80  3.07  2.48  1.27 -0.10 -1.53 -2.47 -2.93 -2.84 -1.90 02021994 00
 -0.25  1.44  2.61  3.16  2.86  1.84  0.57 -0.87 -1.97 -2.61 -2.89 -2.51 02021994 12
 -1.25  0.43  1.79  2.56  2.63  2.03  1.03 -0.20 -1.45 -2.27 -2.65 -2.37 03021994 00
 -1.38  0.08  1.40  2.26  2.64  2.50  1.83  0.74 -0.48 -1.40 -1.91 -2.04 03021994 12
 -1.52 -0.34  0.94  1.89  2.47  2.56  2.11  1.26  0.20 -0.75 -1.35 -1.68 04021994 00
 -1.65 -0.98  0.11  1.20  2.04  2.42  2.30  1.71  0.87 -0.18 -1.06 -1.64 04021994 12
 -1.96 -1.79 -1.01  0.08  1.13  1.86  2.09  1.86  1.28  0.49 -0.42 -1.13 05021994 00
 -1.58 -1.79 -1.52 -0.69  0.40  1.40  1.96  2.04  1.69  1.03  0.19 -0.72 05021994 12
 -1.37 -1.77 -1.86 -1.37 -0.36  0.82  1.75  2.20  2.21  1.78  1.05  0.07 06021994 00
 -0.87 -1.51 -1.91 -1.93 -1.31 -0.24  0.91  1.80  2.19  2.07  1.49  0.64 06021994 12
 -0.38 -1.26 -1.79 -2.02 -1.73 -0.80  0.46  1.58  2.28  2.42  2.03  1.22 07021994 00
  0.15 -0.97 -1.77 -2.25 -2.34 -1.77 -0.60  0.78  1.86  2.40  2.31  1.64 07021994 12
  0.65 -0.53 -1.56 -2.17 -2.40 -2.06 -1.02  0.45  1.76  2.58  2.76  2.25 08021994 00
  1.24  0.02 -1.24 -2.09 -2.55 -2.52 -1.74 -0.30  1.26  2.37  2.85  2.57 08021994 12
  1.65  0.47 -0.87 -1.93 -2.52 -2.68 -2.15 -0.81  0.88  2.25  3.02  3.05 09021994 00
  2.29  1.09 -0.34 -1.66 -2.51 -2.96 -2.85 -1.82 -0.15  1.46  2.50  2.85 09021994 12
  2.35  1.20 -0.14 -1.57 -2.57 -3.06 -2.98 -2.04 -0.34  1.43  2.67  3.27 10021994 00
  2.98  1.89  0.51 -1.07 -2.30 -3.01 -3.26 -2.74 -1.25  0.65  2.16  2.98 10021994 12
  3.02  2.15  0.81 -0.70 -2.07 -2.89 -3.19 -2.78 -1.42  0.51  2.17  3.16 11021994 00
  3.38  2.66  1.35 -0.20 -1.76 -2.80 -3.35 -3.34 -2.36 -0.51  1.34  2.62 11021994 12
  3.17  2.76  1.53  0.08 -1.49 -2.65 -3.25 -3.28 -2.44 -0.70  1.27  2.67 12021994 00
  3.39  3.20  2.11  0.70 -0.93 -2.27 -3.06 -3.39 -2.98 -1.53  0.43  2.08 12021994 12
  2.97  3.07  2.22  0.84 -0.67 -2.11 -3.00 -3.38 -3.07 -1.74  0.21  1.97 13021994 00
  3.02  3.33  2.68  1.37 -0.13 -1.71 -2.79 -3.37 -3.38 -2.45 -0.64  1.19 13021994 12
  2.44  2.99  2.64  1.48  0.09 -1.42 -2.57 -3.20 -3.25 -2.50 -0.88  1.02 14021994 00
  2.38  3.07  2.92  1.88  0.52 -1.00 -2.28 -3.03 -3.31 -2.91 -1.57  0.28 14021994 12
  1.82  2.68  2.83  2.09  0.86 -0.50 -1.84 -2.66 -2.97 -2.66 -1.51  0.23 15021994 00
  1.80  2.81  3.11  2.55  1.40  0.06 -1.34 -2.27 -2.74 -2.74 -1.98 -0.47 15021994 12
  1.14  2.28  2.76  2.46  1.49  0.28 -1.04 -2.05 -2.58 -2.64 -2.05 -0.75 16021994 00
  0.81  2.00  2.62  2.50  1.71  0.58 -0.68 -1.78 -2.41 -2.65 -2.35 -1.34 16021994 12
  0.10  1.40  2.17  2.33  1.82  0.87 -0.23 -1.33 -2.03 -2.32 -2.14 -1.35 17021994 00
 -0.08  1.18  2.04  2.33  1.99  1.18  0.17 -0.93 -1.73 -2.13 -2.15 -1.64 17021994 12
 -0.60  0.63  1.58  2.06  1.97  1.40  0.56 -0.41 -1.26 -1.73 -1.87 -1.59 18021994 00
 -0.81  0.27  1.23  1.79  1.83  1.40  0.65 -0.24 -1.12 -1.67 -1.92 -1.85 18021994 12
 -1.31 -0.41  0.55  1.28  1.60  1.49  1.03  0.33 -0.48 -1.14 -1.47 -1.55 19021994 00
 -1.25 -0.56  0.31  1.07  1.51  1.55  1.22  0.64 -0.07 -0.76 -1.21 -1.44 19021994 12
 -1.43 -1.03 -0.34  0.46  1.09  1.37  1.32  0.97  0.40 -0.26 -0.83 -1.17 20021994 00
 -1.33 -1.24 -0.80 -0.14  0.59  1.09  1.24  1.08  0.68  0.14 -0.47 -0.98 20021994 12
 -1.30 -1.43 -1.22 -0.63  0.14  0.87  1.29  1.39  1.20  0.76  0.14 -0.55 21021994 00
 -1.09 -1.41 -1.51 -1.20 -0.49  0.36  1.10  1.49  1.52  1.23  0.67 -0.06 21021994 12
 -0.81 -1.35 -1.63 -1.60 -1.07 -0.19  0.77  1.48  1.77  1.68  1.22  0.48 22021994 00
 -0.42 -1.20 -1.70 -1.93 -1.67 -0.81  0.34  1.34  1.92  1.97  1.56  0.83 22021994 12
 -0.10 -1.09 -1.78 -2.16 -2.10 -1.42 -0.22  1.03  1.95  2.39  2.23  1.55 23021994 00
  0.56 -0.61 -1.58 -2.16 -2.39 -1.99 -0.88  0.58  1.80  2.51  2.57  2.00 23021994 12
  0.98 -0.25 -1.45 -2.22 -2.58 -2.35 -1.34  0.21  1.70  2.70  3.03  2.60 24021994 00
  1.55  0.24 -1.20 -2.23 -2.80 -2.91 -2.22 -0.67  1.10  2.43  3.09  2.94 24021994 12
  1.98  0.69 -0.82 -2.08 -2.81 -3.07 -2.59 -1.13  0.79  2.37  3.28  3.41 25021994 00
  2.60  1.27 -0.33 -1.87 -2.86 -3.37 -3.20 -1.95  0.04  1.91  3.15  3.65 25021994 12
  3.15  1.89  0.38 -1.29 -2.47 -3.11 -3.20 -2.29 -0.36  1.78  3.26  3.99 26021994 00
  3.73  2.48  0.92 -0.93 -2.37 -3.28 -3.73 -3.32 -1.68  0.61  2.52  3.59 26021994 12
  3.82  2.97  1.45 -0.26 -1.91 -2.94 -3.42 -3.16 -1.71  0.55  2.61  3.94 27021994 00
  4.40  3.78  2.35  0.56 -1.30 -2.58 -3.39 -3.65 -2.79 -0.72  1.63  3.29 27021994 12
  4.08  3.87  2.59  0.98 -0.90 -2.38 -3.27 -3.65 -3.12 -1.32  1.10  3.02 28021994 00
  4.07  4.22  3.19  1.61 -0.26 -1.98 -3.09 -3.74 -3.71 -2.46 -0.22  2.01 28021994 12
  3.42  3.95  3.43  1.94  0.27 -1.56 -2.83 -3.55 -3.68 -2.77 -0.70  1.58 01031994 00
  3.19  3.99  3.80  2.55  0.96 -0.89 -2.36 -3.27 -3.69 -3.29 -1.67  0.60 01031994 12
  2.50  3.58  3.82  2.98  1.50 -0.18 -1.82 -2.87 -3.43 -3.37 -2.21 -0.14 02031994 00
  1.85  3.17  3.72  3.25  1.97  0.47 -1.20 -2.40 -3.10 -3.32 -2.66 -1.02 02031994 12
  0.98  2.50  3.33  3.32  2.42  1.17 -0.32 -1.63 -2.43 -2.81 -2.52 -1.25 03031994 00
  0.57  2.19  3.19  3.40  2.76  1.58  0.13 -1.31 -2.24 -2.78 -2.87 -2.17 03031994 12
 -0.72  0.90  2.11  2.70  2.55  1.69  0.53 -0.76 -1.84 -2.43 -2.62 -2.20 04031994 00
 -1.05  0.52  1.87  2.72  2.91  2.46  1.58  0.45 -0.69 -1.41 -1.81 -1.84 04031994 12
 -1.20  0.02  1.33  2.33  2.73  2.55  1.87  0.95 -0.17 -1.07 -1.66 -1.97 05031994 00
 -1.86 -1.15 -0.07  1.03  1.81  2.06  1.84  1.21  0.38 -0.53 -1.20 -1.59 05031994 12
 -1.74 -1.42 -0.59  0.42  1.34  1.85  1.90  1.52  0.83 -0.01 -0.85 -1.43 06031994 00
 -1.77 -1.79 -1.29 -0.38  0.64  1.51  1.94  1.97  1.63  1.00  0.20 -0.55 06031994 12
 -1.07 -1.37 -1.36 -0.88 -0.05  0.87  1.61  1.93  1.86  1.37  0.59 -0.36 07031994 00
 -1.19 -1.76 -2.07 -1.93 -1.23 -0.19  0.86  1.63  1.97  1.85  1.32  0.53 07031994 12
 -0.39 -1.14 -1.57 -1.72 -1.40 -0.53  0.61  1.66  2.27  2.36  1.93  1.15 08031994 00
  0.16 -0.82 -1.47 -1.87 -1.89 -1.25 -0.12  1.06  1.97  2.32  2.13  1.42 08031994 12
  0.45 -0.68 -1.57 -2.09 -2.25 -1.80 -0.69  0.72  1.89  2.55  2.57  1.97 09031994 00
  0.98 -0.21 -1.32 -2.04 -2.43 -2.35 -1.51 -0.10  1.34  2.34  2.71  2.37 09031994 12
  1.42  0.26 -0.99 -1.90 -2.37 -2.43 -1.78 -0.42  1.12  2.26  2.79  2.59 10031994 00
  1.70  0.50 -0.89 -2.03 -2.69 -2.93 -2.52 -1.27  0.43  1.87  2.74  2.87 10031994 12
  2.19  1.03 -0.29 -1.56 -2.35 -2.70 -2.44 -1.31  0.42  2.01  2.99  3.22 11031994 00
  2.65  1.49  0.09 -1.37 -2.37 -2.91 -2.92 -2.09 -0.46  1.33  2.59  3.15 11031994 12
  2.86  1.78  0.45 -1.04 -2.17 -2.77 -2.89 -2.21 -0.62  1.25  2.66  3.36 12031994 00
  3.24  2.27  0.93 -0.66 -1.98 -2.72 -3.00 -2.54 -1.10  0.87  2.52  3.50 12031994 12
  3.64  2.88  1.64  0.12 -1.30 -2.16 -2.58 -2.39 -1.16  0.76  2.50  3.60 13031994 00
  3.84  3.14  1.85  0.24 -1.34 -2.42 -3.07 -3.20 -2.37 -0.63  1.31  2.66 13031994 12
  3.27  3.01  1.92  0.57 -0.95 -2.09 -2.66 -2.73 -1.97 -0.30  1.64  3.06 14031994 00
  3.75  3.57  2.51  1.08 -0.63 -1.96 -2.79 -3.18 -2.81 -1.39  0.51  2.13 14031994 12
  3.06  3.18  2.39  1.07 -0.43 -1.86 -2.73 -3.09 -2.79 -1.55  0.32  2.01 15031994 00
  3.08  3.39  2.79  1.56  0.10 -1.41 -2.41 -2.93 -2.93 -2.04 -0.32  1.50 15031994 12
  2.73  3.27  2.93  1.81  0.48 -1.01 -2.08 -2.63 -2.72 -2.01 -0.46  1.33 16031994 00
  2.65  3.31  3.16  2.20  0.93 -0.54 -1.70 -2.36 -2.62 -2.26 -1.04  0.64 16031994 12
  2.09  2.92  3.00  2.27  1.10 -0.25 -1.54 -2.33 -2.66 -2.43 -1.43  0.12 17031994 00
  1.60  2.58  2.84  2.30  1.22 -0.03 -1.31 -2.16 -2.56 -2.51 -1.77 -0.38 17031994 12
  1.13  2.21  2.69  2.43  1.57  0.46 -0.78 -1.74 -2.25 -2.36 -1.86 -0.70 18031994 00
  0.73  1.88  2.49  2.43  1.76  0.79 -0.32 -1.32 -1.86 -2.05 -1.77 -0.85 18031994 12
  0.44  1.60  2.30  2.39  1.90  1.05  0.04 -1.01 -1.70 -2.04 -2.00 -1.35 19031994 00
 -0.22  0.97  1.83  2.12  1.88  1.20  0.34 -0.62 -1.35 -1.73 -1.81 -1.43 19031994 12
 -0.57  0.54  1.44  1.89  1.85  1.37  0.63 -0.26 -1.07 -1.55 -1.75 -1.59 20031994 00
 -0.96 -0.02  0.92  1.54  1.70  1.46  0.90  0.19 -0.60 -1.18 -1.49 -1.57 20031994 12
 -1.23 -0.50  0.38  1.13  1.52  1.51  1.16  0.57 -0.19 -0.92 -1.40 -1.65 21031994 00
 -1.62 -1.15 -0.37  0.48  1.13  1.41  1.35  1.02  0.48 -0.19 -0.77 -1.14 21031994 12
 -1.30 -1.16 -0.56  0.27  1.10  1.67  1.87  1.72  1.27  0.60 -0.16 -0.77 22031994 00
 -1.20 -1.41 -1.25 -0.66  0.13  0.91  1.40  1.54  1.35  0.87  0.19 -0.54 22031994 12
 -1.10 -1.39 -1.37 -0.91 -0.05  0.91  1.68  2.05  2.05  1.65  0.98  0.14 23031994 00
 -0.63 -1.18 -1.47 -1.38 -0.73  0.34  1.40  2.15  2.48  2.30  1.69  0.76 23031994 12
 -0.31 -1.18 -1.73 -1.96 -1.63 -0.64  0.59  1.68  2.30  2.34  1.82  0.91 24031994 00
 -0.21 -1.29 -2.01 -2.42 -2.36 -1.54 -0.14  1.29  2.32  2.73  2.44  1.55 24031994 12
  0.41 -0.85 -1.80 -2.31 -2.42 -1.80 -0.42  1.21  2.50  3.19  3.13  2.31 25031994 00
  1.10 -0.38 -1.65 -2.48 -2.93 -2.76 -1.60  0.17  1.82  2.87  3.18  2.59 25031994 12
  1.39 -0.02 -1.52 -2.57 -3.13 -3.13 -2.21 -0.40  1.51  2.84  3.47  3.15 26031994 00
  1.98  0.51 -1.18 -2.50 -3.29 -3.60 -3.08 -1.46  0.69  2.40  3.37  3.49 26031994 12
  2.59  1.12 -0.54 -2.10 -3.08 -3.55 -3.28 -1.85  0.33  2.32  3.56  3.98 27031994 00
  3.34  1.93  0.25 -1.53 -2.75 -3.47 -3.60 -2.63 -0.53  1.75  3.34  4.11 27031994 12
  3.84  2.54  0.94 -0.96 -2.42 -3.31 -3.69 -3.11 -1.26  1.18  3.09  4.12 28031994 00
  4.26  3.23  1.65 -0.24 -1.94 -3.03 -3.63 -3.52 -2.11  0.22  2.43  3.84 28031994 12
  4.34  3.69  2.20  0.45 -1.42 -2.70 -3.49 -3.71 -2.79 -0.66  1.71  3.36 29031994 00
  4.16  3.96  2.65  0.98 -0.97 -2.48 -3.43 -3.87 -3.43 -1.68  0.75  2.72 29031994 12
  3.80  4.00  3.05  1.45 -0.35 -2.07 -3.16 -3.75 -3.63 -2.25  0.05  2.26 30031994 00
  3.68  4.27  3.80  2.46  0.84 -0.97 -2.17 -2.80 -2.92 -2.03 -0.12  2.00 30031994 12
  3.52  4.25  4.05  2.97  1.52 -0.29 -1.70 -2.56 -2.93 -2.50 -0.94  1.19 31031994 00
  3.01  4.08  4.28  3.51  2.21  0.49 -1.08 -2.13 -2.80 -2.87 -1.81  0.12 31031994 12
  2.09  3.40  3.95  3.62  2.47  1.04 -0.60 -1.78 -2.48 -2.77 -2.28 -0.79 01041994 00
  1.06  2.57  3.42  3.46  2.69  1.53  0.11 -1.16 -1.96 -2.41 -2.33 -1.38 01041994 12
  0.19  1.74  2.81  3.16  2.77  1.76  0.53 -0.81 -1.76 -2.31 -2.51 -2.04 02041994 00
 -0.82  0.70  1.97  2.66  2.67  2.03  1.05 -0.10 -1.18 -1.84 -2.18 -2.10 02041994 12
 -1.36 -0.12  1.14  2.02  2.32  2.04  1.27  0.31 -0.76 -1.58 -2.04 -2.20 03041994 00
 -1.80 -0.79  0.50  1.57  2.18  2.28  1.93  1.23  0.36 -0.52 -1.08 -1.36 03041994 12
 -1.35 -0.89  0.03  1.05  1.84  2.14  2.03  1.53  0.81 -0.09 -0.88 -1.45 04041994 00
 -1.81 -1.81 -1.25 -0.33  0.65  1.40  1.75  1.76  1.39  0.74 -0.04 -0.72 04041994 12
 -1.13 -1.27 -1.05 -0.31  0.71  1.63  2.20  2.29  1.92  1.24  0.34 -0.61 05041994 00
 -1.34 -1.83 -2.04 -1.72 -0.89  0.16  1.11  1.71  1.89  1.66  1.06  0.24 05041994 12
 -0.65 -1.26 -1.57 -1.58 -1.07 -0.13  0.92  1.76  2.08  1.91  1.29  0.42 06041994 00
 -0.59 -1.44 -1.97 -2.21 -1.94 -1.06  0.16  1.28  2.01  2.19  1.85  1.10 06041994 12
  0.15 -0.87 -1.56 -1.86 -1.76 -1.06  0.12  1.36  2.28  2.62  2.36  1.55 07041994 00
  0.50 -0.69 -1.59 -2.17 -2.42 -2.08 -1.05  0.33  1.51  2.20  2.27  1.71 07041994 12
  0.74 -0.38 -1.47 -2.15 -2.40 -2.10 -1.12  0.33  1.69  2.57  2.85  2.47 08041994 00
  1.57  0.41 -0.84 -1.68 -2.14 -2.18 -1.45 -0.06  1.43  2.52  2.95  2.66 08041994 12
  1.73  0.54 -0.79 -1.80 -2.35 -2.49 -1.89 -0.53  1.07  2.31  2.96  2.85 09041994 00
  2.03  0.87 -0.48 -1.65 -2.34 -2.59 -2.21 -1.00  0.66  2.10  2.95  3.05 09041994 12
  2.33  1.11 -0.31 -1.66 -2.53 -2.97 -2.86 -1.86 -0.18  1.43  2.50  2.90 10041994 00
  2.43  1.30 -0.04 -1.49 -2.49 -3.00 -2.96 -2.09 -0.47  1.27  2.47  3.05 10041994 12
  2.74  1.67  0.35 -1.16 -2.32 -2.95 -3.10 -2.47 -0.96  0.86  2.27  3.02 11041994 00
  2.95  2.02  0.71 -0.80 -2.12 -2.89 -3.18 -2.77 -1.42  0.45  2.03  2.96 11041994 12
  3.12  2.37  1.10 -0.37 -1.79 -2.69 -3.10 -2.91 -1.83 -0.03  1.67  2.77 12041994 00
  3.14  2.58  1.34 -0.07 -1.57 -2.59 -3.12 -3.10 -2.25 -0.55  1.25  2.50 12041994 12
  3.09  2.79  1.66  0.30 -1.22 -2.42 -3.09 -3.25 -2.66 -1.18  0.66  2.07 13041994 00
  2.82  2.78  1.84  0.50 -0.96 -2.23 -2.97 -3.21 -2.78 -1.46  0.35  1.89 13041994 12
  2.79  2.96  2.23  0.97 -0.45 -1.82 -2.68 -3.07 -2.89 -1.87 -0.16  1.47 14041994 00
  2.52  2.88  2.36  1.19 -0.13 -1.54 -2.53 -3.01 -2.97 -2.16 -0.61  1.07 14041994 12
  2.25  2.83  2.56  1.55  0.31 -1.08 -2.18 -2.76 -2.89 -2.39 -1.10  0.52 15041994 00
  1.82  2.52  2.47  1.65  0.47 -0.83 -2.00 -2.67 -2.88 -2.54 -1.45  0.12 15041994 12
  1.49  2.36  2.56  1.98  0.92 -0.31 -1.53 -2.33 -2.70 -2.60 -1.83 -0.47 16041994 00
  0.94  1.93  2.32  1.98  1.09 -0.02 -1.19 -2.06 -2.48 -2.48 -1.92 -0.74 16041994 12
  0.66  1.73  2.28  2.15  1.46  0.46 -0.66 -1.64 -2.19 -2.40 -2.13 -1.25 17041994 00
  0.04  1.19  1.91  2.02  1.58  0.72 -0.27 -1.25 -1.89 -2.16 -2.04 -1.38 17041994 12
 -0.27  0.89  1.72  2.05  1.82  1.14  0.25 -0.76 -1.56 -1.99 -2.12 -1.78 18041994 00
 -0.93  0.22  1.18  1.74  1.78  1.38  0.66 -0.19 -1.02 -1.54 -1.75 -1.63 18041994 12
 -1.04 -0.08  0.93  1.64  1.89  1.69  1.11  0.33 -0.56 -1.25 -1.67 -1.85 19041994 00
 -1.60 -0.86  0.15  1.07  1.62  1.73  1.46  0.89  0.15 -0.64 -1.18 -1.46 19041994 12
 -1.48 -1.02 -0.17  0.80  1.57  1.89  1.82  1.35  0.64 -0.23 -1.00 -1.53 20041994 00
 -1.82 -1.75 -1.13 -0.17  0.84  1.58  1.87  1.75  1.27  0.54 -0.32 -1.03 20041994 12
 -1.46 -1.63 -1.38 -0.59  0.46  1.43  1.99  2.07  1.68  0.97  0.06 -0.90 21041994 00
 -1.61 -2.03 -2.12 -1.61 -0.56  0.69  1.69  2.22  2.20  1.71  0.89 -0.13 21041994 12
 -1.09 -1.68 -1.95 -1.77 -0.91  0.37  1.59  2.40  2.59  2.20  1.34  0.24 22041994 00
 -0.96 -1.84 -2.38 -2.54 -2.00 -0.73  0.79  2.01  2.67  2.66  2.03  1.02 22041994 12
 -0.24 -1.41 -2.14 -2.48 -2.21 -1.11  0.48  1.94  2.90  3.17  2.69  1.66 23041994 00
  0.33 -1.09 -2.09 -2.67 -2.77 -2.01 -0.42  1.36  2.70  3.35  3.20  2.27 23041994 12
  1.00 -0.53 -1.82 -2.59 -2.89 -2.42 -0.97  0.95  2.55  3.51  3.67  2.91 24041994 00
  1.61 -0.02 -1.57 -2.60 -3.21 -3.21 -2.17 -0.23  1.76  3.13  3.74  3.36 24041994 12
  2.14  0.64 -1.09 -2.39 -3.14 -3.39 -2.71 -0.93  1.25  2.93  3.84  3.86 25041994 00
  2.81  1.32 -0.49 -2.06 -3.05 -3.60 -3.41 -1.99  0.22  2.28  3.56  4.01 25041994 12
  3.40  2.00  0.35 -1.41 -2.61 -3.31 -3.44 -2.47 -0.39  1.88  3.40  4.11 26041994 00
  3.81  2.51  0.90 -1.01 -2.44 -3.33 -3.73 -3.23 -1.48  0.89  2.82  3.88 26041994 12
  4.05  3.10  1.54 -0.29 -1.99 -3.09 -3.72 -3.66 -2.35 -0.10  2.12  3.51 27041994 00
  4.03  3.49  2.03  0.34 -1.51 -2.81 -3.56 -3.75 -2.90 -0.87  1.44  3.11 27041994 12
  3.95  3.83  2.63  1.05 -0.81 -2.32 -3.26 -3.73 -3.38 -1.82  0.44  2.40 28041994 00
  3.53  3.82  3.04  1.56 -0.12 -1.81 -2.92 -3.53 -3.54 -2.45 -0.39  1.67 28041994 12
  3.08  3.69  3.31  2.01  0.46 -1.29 -2.59 -3.38 -3.67 -3.11 -1.45  0.69 29041994 00
  2.34  3.26  3.37  2.49  1.11 -0.46 -1.91 -2.80 -3.21 -2.98 -1.75  0.18 29041994 12
  1.93  3.05  3.41  2.83  1.58  0.12 -1.44 -2.52 -3.15 -3.32 -2.66 -1.09 30041994 00
  0.75  2.11  2.83  2.75  1.86  0.62 -0.77 -1.98 -2.68 -2.94 -2.59 -1.40 30041994 12
  0.28  1.73  2.64  2.84  2.26  1.17 -0.13 -1.44 -2.33 -2.83 -2.90 -2.24 01051994 00
 -0.87  0.66  1.80  2.38  2.25  1.53  0.50 -0.65 -1.66 -2.21 -2.38 -2.04 01051994 12
 -1.04  0.34  1.54  2.29  2.43  1.95  1.05 -0.04 -1.16 -1.92 -2.37 -2.45 02051994 00
 -1.94 -0.86  0.38  1.36  1.89  1.84  1.33  0.52 -0.41 -1.28 -1.77 -1.95 02051994 12
 -1.73 -0.98  0.12  1.17  1.88  2.09  1.83  1.18  0.30 -0.66 -1.37 -1.80 03051994 00
 -1.96 -1.60 -0.72  0.42  1.39  1.94  2.01  1.67  1.05  0.27 -0.53 -1.06 03051994 12
 -1.34 -1.34 -0.83  0.09  1.06  1.82  2.11  1.98  1.42  0.65 -0.27 -1.04 04051994 00
 -1.55 -1.82 -1.67 -0.97  0.03  1.02  1.69  1.92  1.73  1.16  0.40 -0.46 04051994 12
 -1.13 -1.53 -1.65 -1.32 -0.48  0.53  1.40  1.87  1.88  1.45  0.73 -0.16 05051994 00
 -1.02 -1.58 -1.85 -1.72 -1.04  0.01  1.08  1.85  2.13  1.95  1.35  0.51 05051994 12
 -0.48 -1.25 -1.69 -1.84 -1.47 -0.55  0.59  1.57  2.09  2.07  1.53  0.67 06051994 00
 -0.36 -1.33 -1.94 -2.23 -2.07 -1.29 -0.08  1.10  1.91  2.18  1.89  1.14 06051994 12
  0.18 -0.88 -1.65 -2.03 -2.02 -1.43 -0.31  0.98  1.95  2.39  2.20  1.46 07051994 00
  0.45 -0.71 -1.66 -2.22 -2.40 -2.00 -0.93  0.48  1.67  2.38  2.45  1.89 07051994 12
  0.91 -0.24 -1.36 -2.05 -2.35 -2.16 -1.25  0.13  1.46  2.32  2.56  2.12 08051994 00
  1.16 -0.00 -1.24 -2.10 -2.51 -2.45 -1.69 -0.29  1.21  2.27  2.75  2.50 08051994 12
  1.62  0.45 -0.87 -1.90 -2.46 -2.59 -2.08 -0.83  0.73  1.96  2.62  2.56 09051994 00
  1.77  0.60 -0.72 -1.90 -2.58 -2.81 -2.43 -1.24  0.40  1.82  2.69  2.85 09051994 12
  2.22  1.09 -0.23 -1.54 -2.38 -2.78 -2.62 -1.65 -0.07  1.50  2.53  2.90 10051994 00
  2.46  1.40  0.10 -1.29 -2.28 -2.77 -2.73 -1.93 -0.38  1.30  2.52  3.09 10051994 12
  2.86  1.88  0.59 -0.86 -2.02 -2.67 -2.86 -2.37 -1.01  0.71  2.09  2.86 11051994 00
  2.84  2.02  0.77 -0.65 -1.92 -2.66 -2.95 -2.60 -1.36  0.41  1.94  2.88 11051994 12
  3.10  2.46  1.27 -0.14 -1.55 -2.47 -2.95 -2.87 -1.95 -0.28  1.42  2.54 12051994 00
  2.99  2.60  1.52  0.23 -1.20 -2.25 -2.78 -2.79 -2.04 -0.52  1.19  2.45 12051994 12
  3.06  2.86  1.89  0.61 -0.84 -2.03 -2.70 -2.95 -2.55 -1.26  0.47  1.92 13051994 00
  2.74  2.80  2.05  0.83 -0.53 -1.81 -2.58 -2.90 -2.63 -1.53  0.16  1.70 13051994 12
  2.68  2.98  2.44  1.31 -0.01 -1.38 -2.32 -2.81 -2.81 -2.06 -0.56  1.08 14051994 00
  2.23  2.75  2.47  1.51  0.31 -1.00 -2.02 -2.56 -2.63 -2.05 -0.69  0.96 14051994 12
  2.20  2.88  2.80  1.99  0.85 -0.48 -1.65 -2.34 -2.66 -2.43 -1.40  0.13 15051994 00
  1.54  2.40  2.61  2.08  1.07 -0.11 -1.33 -2.13 -2.49 -2.37 -1.56 -0.17 15051994 12
  1.26  2.26  2.65  2.32  1.42  0.30 -0.95 -1.89 -2.42 -2.57 -2.13 -0.96 16051994 00
  0.51  1.69  2.34  2.32  1.69  0.72 -0.38 -1.42 -2.03 -2.27 -2.00 -1.08 16051994 12
  0.26  1.50  2.29  2.46  2.02  1.13  0.05 -1.09 -1.88 -2.32 -2.38 -1.83 17051994 00
 -0.69  0.64  1.66  2.18  2.07  1.46  0.56 -0.47 -1.36 -1.85 -2.02 -1.72 17051994 12
 -0.84  0.40  1.50  2.17  2.27  1.83  0.99 -0.03 -1.08 -1.80 -2.21 -2.25 18051994 00
 -1.72 -0.65  0.58  1.54  2.04  1.96  1.42  0.59 -0.37 -1.23 -1.72 -1.90 18051994 12
 -1.66 -0.86  0.28  1.34  2.03  2.18  1.82  1.05  0.08 -0.96 -1.71 -2.15 19051994 00
 -2.26 -1.83 -0.85  0.39  1.41  1.99  2.01  1.56  0.78 -0.16 -1.08 -1.66 19051994 12
 -1.93 -1.81 -1.12  0.02  1.18  2.02  2.30  2.03  1.30  0.33 -0.77 -1.63 20051994 00
 -2.17 -2.41 -2.12 -1.16  0.18  1.35  2.09  2.25  1.86  1.06  0.05 -0.99 20051994 12
 -1.72 -2.12 -2.12 -1.51 -0.31  1.06  2.09  2.55  2.35  1.60  0.56 -0.66 21051994 00
 -1.70 -2.35 -2.66 -2.42 -1.41  0.10  1.51  2.42  2.70  2.30  1.38  0.24 21051994 12
 -1.00 -1.90 -2.39 -2.46 -1.81 -0.43  1.17  2.36  2.94  2.76  1.91  0.73 22051994 00
 -0.66 -1.85 -2.60 -2.98 -2.73 -1.57  0.15  1.72  2.74  3.05  2.53  1.44 22051994 12
  0.10 -1.31 -2.32 -2.87 -2.91 -2.12 -0.50  1.30  2.60  3.24  3.04  2.03 23051994 00
  0.69 -0.87 -2.15 -2.93 -3.28 -2.90 -1.50  0.44  2.13  3.13  3.38  2.68 23051994 12
  1.38 -0.15 -1.69 -2.72 -3.28 -3.27 -2.26 -0.36  1.57  2.92  3.53  3.19 24051994 00
  1.99  0.52 -1.16 -2.46 -3.22 -3.48 -2.88 -1.21  0.93  2.59  3.52  3.60 24051994 12
  2.67  1.22 -0.48 -2.03 -3.02 -3.56 -3.42 -2.14 -0.03  1.97  3.24  3.72 25051994 00
  3.18  1.82  0.23 -1.50 -2.71 -3.39 -3.54 -2.70 -0.75  1.42  2.98  3.78 25051994 12
  3.63  2.47  0.93 -0.88 -2.35 -3.27 -3.72 -3.38 -1.86  0.36  2.26  3.38 26051994 00
  3.69  2.93  1.46 -0.19 -1.86 -2.95 -3.53 -3.51 -2.39 -0.30  1.78  3.19 26051994 12
  3.80  3.42  2.10  0.51 -1.27 -2.60 -3.42 -3.74 -3.20 -1.50  0.70  2.41 27051994 00
  3.35  3.45  2.50  1.02 -0.62 -2.14 -3.09 -3.53 -3.27 -1.91  0.18  2.10 27051994 12
  3.27  3.66  3.04  1.67  0.10 -1.58 -2.74 -3.41 -3.60 -2.86 -1.07  0.96 28051994 00
  2.45  3.20  3.08  2.03  0.63 -0.92 -2.24 -3.01 -3.27 -2.80 -1.33  0.63 28051994 12
  2.26  3.20  3.37  2.59  1.28 -0.24 -1.73 -2.71 -3.27 -3.30 -2.41 -0.69 29051994 00
  1.08  2.34  2.90  2.60  1.55  0.27 -1.15 -2.25 -2.84 -2.94 -2.33 -0.90 29051994 12
  0.83  2.18  2.91  2.89  2.08  0.89 -0.52 -1.79 -2.59 -3.01 -2.91 -1.98 30051994 00
 -0.42  1.10  2.13  2.53  2.15  1.19  0.06 -1.17 -2.06 -2.50 -2.48 -1.82 30051994 12
 -0.53  0.94  2.05  2.63  2.53  1.79  0.72 -0.52 -1.59 -2.25 -2.59 -2.44 31051994 00
 -1.59 -0.26  1.04  1.89  2.15  1.81  0.99  0.01 -1.01 -1.74 -2.07 -2.03 31051994 12
 -1.46 -0.38  0.86  1.82  2.30  2.20  1.57  0.65 -0.43 -1.36 -1.93 -2.22 01061994 00
 -2.06 -1.30 -0.13  0.98  1.74  1.97  1.71  1.07  0.24 -0.67 -1.33 -1.64 01061994 12
 -1.66 -1.21 -0.30  0.76  1.62  2.04  1.97  1.45  0.67 -0.26 -1.09 -1.63 02061994 00
 -1.91 -1.80 -1.14 -0.12  0.91  1.65  1.93  1.76  1.24  0.52 -0.32 -0.97 02061994 12
 -1.31 -1.37 -1.02 -0.19  0.81  1.68  2.09  2.08  1.65  0.98  0.13 -0.68 03061994 00
 -1.24 -1.54 -1.48 -0.88  0.09  1.08  1.78  2.02  1.87  1.37  0.62 -0.29 03061994 12
 -1.02 -1.45 -1.61 -1.34 -0.56  0.42  1.30  1.78  1.82  1.42  0.74 -0.11 04061994 00
 -0.96 -1.54 -1.82 -1.74 -1.13 -0.14  0.90  1.67  1.99  1.82  1.26  0.47 04061994 12
 -0.46 -1.21 -1.64 -1.78 -1.45 -0.59  0.50  1.46  1.96  1.92  1.39  0.57 05061994 00
 -0.42 -1.34 -1.91 -2.15 -1.93 -1.12  0.07  1.20  1.98  2.22  1.94  1.22 05061994 12
  0.28 -0.76 -1.51 -1.90 -1.96 -1.45 -0.40  0.82  1.77  2.18  2.02  1.34 06061994 00
  0.40 -0.69 -1.59 -2.10 -2.22 -1.78 -0.75  0.58  1.72  2.41  2.49  1.98 06061994 12
  1.05 -0.08 -1.17 -1.86 -2.20 -2.11 -1.34 -0.07  1.22  2.10  2.35  1.97 07061994 00
  1.06 -0.04 -1.21 -2.05 -2.45 -2.40 -1.69 -0.39  1.06  2.14  2.66  2.47 07061994 12
  1.66  0.56 -0.70 -1.74 -2.33 -2.55 -2.17 -1.05  0.45  1.71  2.40  2.41 08061994 00
  1.74  0.65 -0.60 -1.77 -2.47 -2.75 -2.46 -1.40  0.15  1.59  2.51  2.79 08061994 12
  2.31  1.29  0.04 -1.27 -2.15 -2.59 -2.58 -1.83 -0.38  1.20  2.31  2.76 09061994 00
  2.44  1.46  0.24 -1.11 -2.14 -2.67 -2.77 -2.20 -0.84  0.84  2.16  2.86 09061994 12
  2.79  1.93  0.70 -0.71 -1.94 -2.69 -3.02 -2.74 -1.61  0.06  1.54  2.46 10061994 00
  2.66  2.03  0.85 -0.48 -1.79 -2.65 -3.03 -2.84 -1.84 -0.18  1.43  2.51 10061994 12
  2.94  2.53  1.43  0.10 -1.34 -2.39 -2.96 -3.06 -2.41 -0.95  0.77  2.06 11061994 00
  2.70  2.55  1.62  0.35 -1.04 -2.21 -2.87 -3.04 -2.55 -1.22  0.52  1.97 11061994 12
  2.80  2.88  2.12  0.88 -0.54 -1.88 -2.74 -3.16 -3.01 -2.01 -0.33  1.28 12061994 00
  2.35  2.73  2.26  1.13 -0.15 -1.51 -2.48 -2.95 -2.89 -2.08 -0.53  1.16 12061994 12
  2.34  2.90  2.65  1.64  0.36 -1.09 -2.25 -2.91 -3.13 -2.71 -1.41  0.29 13061994 00
  1.70  2.51  2.61  1.90  0.74 -0.55 -1.79 -2.55 -2.84 -2.55 -1.47  0.18 13061994 12
  1.68  2.64  2.91  2.37  1.26 -0.06 -1.42 -2.36 -2.88 -2.97 -2.33 -0.90 14061994 00
  0.73  1.93  2.52  2.35  1.50  0.37 -0.91 -1.97 -2.54 -2.67 -2.21 -1.00 14061994 12
  0.59  1.91  2.67  2.71  2.03  0.93 -0.36 -1.57 -2.35 -2.76 -2.68 -1.84 15061994 00
 -0.40  1.09  2.12  2.52  2.21  1.32  0.20 -1.01 -1.91 -2.35 -2.39 -1.81 15061994 12
 -0.58  0.91  2.07  2.67  2.57  1.84  0.78 -0.46 -1.56 -2.24 -2.60 -2.47 16061994 00
 -1.60 -0.22  1.15  2.07  2.38  2.03  1.19  0.15 -0.97 -1.79 -2.19 -2.20 16061994 12
 -1.62 -0.45  0.94  2.00  2.53  2.40  1.70  0.69 -0.49 -1.53 -2.17 -2.52 17061994 00
 -2.38 -1.54 -0.20  1.12  2.03  2.37  2.10  1.35  0.39 -0.69 -1.51 -1.93 17061994 12
 -2.03 -1.53 -0.43  0.90  1.98  2.55  2.51  1.89  0.95 -0.18 -1.18 -1.83 18061994 00
 -2.20 -2.17 -1.45 -0.21  1.12  2.09  2.48  2.31  1.64  0.69 -0.44 -1.33 18061994 12
 -1.84 -2.04 -1.69 -0.68  0.66  1.85  2.54  2.61  2.07  1.14 -0.01 -1.15 19061994 00
 -1.94 -2.43 -2.52 -1.90 -0.65  0.79  1.90  2.47  2.40  1.75  0.76 -0.42 19061994 12
 -1.47 -2.10 -2.38 -2.14 -1.16  0.30  1.65  2.52  2.76  2.32  1.39  0.21 20061994 00
 -1.06 -1.96 -2.50 -2.63 -2.03 -0.67  0.93  2.19  2.88  2.86  2.15  1.06 20061994 12
 -0.25 -1.43 -2.17 -2.56 -2.38 -1.35  0.24  1.76  2.77  3.11  2.70  1.70 21061994 00
  0.42 -1.01 -2.02 -2.60 -2.73 -2.07 -0.60  1.13  2.47  3.19  3.14  2.30 21061994 12
  1.06 -0.42 -1.72 -2.53 -2.96 -2.76 -1.61  0.17  1.84  2.93  3.28  2.75 22061994 00
  1.58  0.18 -1.32 -2.37 -2.97 -3.07 -2.31 -0.65  1.24  2.63  3.32  3.15 22061994 12
  2.10  0.71 -0.91 -2.25 -3.08 -3.48 -3.17 -1.81  0.15  1.89  2.95  3.26 23061994 00
  2.60  1.27 -0.23 -1.78 -2.81 -3.34 -3.27 -2.21 -0.28  1.65  2.99  3.59 23061994 12
  3.24  2.04  0.56 -1.15 -2.43 -3.21 -3.51 -2.99 -1.40  0.70  2.37  3.31 24061994 00
  3.41  2.53  1.12 -0.47 -1.96 -2.87 -3.30 -3.05 -1.71  0.36  2.24  3.43 24061994 12
  3.84  3.24  1.92  0.31 -1.38 -2.56 -3.26 -3.47 -2.73 -0.93  1.15  2.66 25061994 00
  3.40  3.26  2.17  0.74 -0.89 -2.24 -3.05 -3.35 -2.86 -1.28  0.80  2.51 25061994 12
  3.48  3.65  2.81  1.43 -0.21 -1.77 -2.80 -3.37 -3.37 -2.31 -0.37  1.56 26061994 00
  2.89  3.45  3.08  1.92  0.54 -1.04 -2.21 -2.83 -2.95 -2.20 -0.49  1.45 26061994 12
  2.88  3.58  3.45  2.43  1.06 -0.58 -1.94 -2.80 -3.25 -3.04 -1.78  0.09 27061994 00
  1.77  2.81  3.09  2.47  1.27 -0.11 -1.55 -2.50 -2.95 -2.84 -1.85 -0.15 27061994 12
  1.56  2.73  3.25  2.91  1.84  0.53 -0.98 -2.11 -2.77 -3.03 -2.58 -1.23 28061994 00
  0.49  1.91  2.70  2.76  2.03  0.91 -0.38 -1.58 -2.29 -2.54 -2.21 -1.09 28061994 12
  0.51  1.93  2.83  3.05  2.55  1.51  0.23 -1.08 -1.96 -2.47 -2.59 -1.98 29061994 00
 -0.66  0.85  1.97  2.47  2.31  1.54  0.50 -0.69 -1.66 -2.18 -2.34 -1.95 29061994 12
 -0.92  0.46  1.63  2.31  2.36  1.80  0.84 -0.28 -1.37 -2.06 -2.42 -2.37 30061994 00
 -1.69 -0.49  0.77  1.66  2.03  1.79  1.10  0.19 -0.81 -1.59 -1.96 -2.01 30061994 12
 -1.58 -0.64  0.53  1.48  1.99  1.94  1.42  0.59 -0.39 -1.30 -1.86 -2.12 01071994 00
 -1.98 -1.32 -0.26  0.79  1.53  1.79  1.56  0.96  0.19 -0.68 -1.34 -1.67 01071994 12
 -1.70 -1.31 -0.49  0.51  1.31  1.72  1.68  1.24  0.54 -0.30 -1.08 -1.55 02071994 00
 -1.77 -1.67 -1.06 -0.11  0.84  1.52  1.74  1.56  1.06  0.37 -0.43 -1.04 02071994 12
 -1.39 -1.49 -1.21 -0.49  0.40  1.20  1.59  1.57  1.18  0.55 -0.22 -0.95 03071994 00
 -1.45 -1.69 -1.63 -1.10 -0.21  0.73  1.44  1.71  1.60  1.14  0.45 -0.35 03071994 12
 -1.02 -1.42 -1.56 -1.34 -0.66  0.25  1.08  1.55  1.59  1.25  0.63 -0.15 04071994 00
 -0.95 -1.50 -1.75 -1.67 -1.11 -0.17  0.83  1.59  1.91  1.80  1.30  0.55 04071994 12
 -0.34 -1.09 -1.54 -1.72 -1.49 -0.74  0.27  1.19  1.71  1.73  1.33  0.62 05071994 00
 -0.27 -1.17 -1.75 -2.01 -1.87 -1.18 -0.09  1.03  1.83  2.15  1.96  1.32 05071994 12
  0.42 -0.62 -1.43 -1.90 -2.03 -1.64 -0.69  0.51  1.50  2.02  1.97  1.43 06071994 00
  0.55 -0.48 -1.45 -2.03 -2.25 -1.95 -1.03  0.28  1.48  2.27  2.46  2.06 06071994 12
  1.19  0.11 -1.04 -1.84 -2.27 -2.28 -1.65 -0.43  0.93  1.92  2.34  2.10 07071994 00
  1.30  0.24 -0.95 -1.91 -2.41 -2.48 -1.94 -0.72  0.79  1.98  2.64  2.62 07071994 12
  1.93  0.85 -0.43 -1.60 -2.32 -2.66 -2.45 -1.45  0.07  1.48  2.39  2.62 08071994 00
  2.11  1.05 -0.19 -1.48 -2.34 -2.74 -2.61 -1.72 -0.18  1.40  2.50  2.97 08071994 12
  2.65  1.66  0.39 -1.04 -2.13 -2.73 -2.89 -2.34 -0.92  0.80  2.17  2.88 09071994 00
  2.81  1.98  0.78 -0.62 -1.85 -2.57 -2.82 -2.38 -1.06  0.74  2.24  3.14 09071994 12
  3.27  2.56  1.34 -0.13 -1.55 -2.47 -2.99 -2.96 -2.02 -0.31  1.45  2.63 10071994 00
  3.10  2.70  1.58  0.24 -1.26 -2.35 -2.91 -2.96 -2.18 -0.54  1.31  2.65 10071994 12
  3.31  3.11  2.07  0.71 -0.87 -2.16 -2.94 -3.28 -2.92 -1.54  0.36  2.00 11071994 00
  2.94  3.11  2.37  1.07 -0.38 -1.80 -2.70 -3.10 -2.87 -1.70  0.18  1.92 11071994 12
  3.05  3.42  2.87  1.63  0.16 -1.41 -2.51 -3.14 -3.27 -2.55 -0.89  1.04 12071994 00
  2.43  3.13  2.97  1.93  0.59 -0.93 -2.17 -2.87 -3.07 -2.53 -1.04  0.85 12071994 12
  2.39  3.23  3.28  2.41  1.10 -0.45 -1.88 -2.79 -3.28 -3.20 -2.15 -0.35 13071994 00
  1.40  2.57  3.01  2.55  1.39  0.05 -1.41 -2.45 -2.96 -2.95 -2.14 -0.51 13071994 12
  1.29  2.56  3.20  2.98  1.97  0.65 -0.87 -2.10 -2.84 -3.18 -2.86 -1.59 14071994 00
  0.17  1.71  2.64  2.86  2.24  1.09 -0.22 -1.54 -2.39 -2.77 -2.60 -1.61 14071994 12
  0.01  1.60  2.66  3.06  2.68  1.64  0.35 -1.07 -2.12 -2.73 -2.95 -2.51 15071994 00
 -1.23  0.38  1.72  2.48  2.52  1.84  0.77 -0.46 -1.62 -2.33 -2.62 -2.39 15071994 12
 -1.43  0.07  1.48  2.40  2.69  2.26  1.30  0.12 -1.15 -2.08 -2.61 -2.77 16071994 00
 -2.31 -1.13  0.36  1.54  2.22  2.23  1.63  0.67 -0.45 -1.50 -2.15 -2.43 16071994 12
 -2.24 -1.41 -0.10  1.19  2.08  2.40  2.07  1.24  0.20 -0.94 -1.81 -2.32 17071994 00
 -2.50 -2.15 -1.14  0.20  1.36  2.06  2.15  1.69  0.84 -0.18 -1.21 -1.89 17071994 12
 -2.24 -2.19 -1.56 -0.41  0.87  1.82  2.25  2.08  1.43  0.50 -0.58 -1.51 18071994 00
 -2.08 -2.39 -2.21 -1.38 -0.09  1.14  1.98  2.25  1.95  1.19  0.21 -0.87 18071994 12
 -1.71 -2.19 -2.34 -1.93 -0.89  0.45  1.56  2.21  2.24  1.73  0.84 -0.24 19071994 00
 -1.31 -2.03 -2.43 -2.39 -1.67 -0.38  0.99  2.00  2.46  2.27  1.54  0.51 19071994 12
 -0.69 -1.71 -2.32 -2.60 -2.31 -1.28  0.18  1.50  2.34  2.53  2.06  1.10 20071994 00
 -0.07 -1.30 -2.15 -2.60 -2.60 -1.87 -0.47  1.09  2.25  2.82  2.65  1.82 20071994 12
  0.66 -0.71 -1.86 -2.57 -2.90 -2.62 -1.47  0.18  1.66  2.60  2.83  2.29 21071994 00
  1.20 -0.10 -1.45 -2.37 -2.84 -2.79 -1.91 -0.29  1.41  2.62  3.18  2.92 21071994 12
  1.90  0.58 -0.94 -2.16 -2.89 -3.21 -2.82 -1.46  0.38  1.94  2.85  3.00 22071994 00
  2.26  0.98 -0.46 -1.88 -2.78 -3.20 -3.01 -1.85  0.02  1.77  2.94  3.40 22071994 12
  2.92  1.69  0.22 -1.40 -2.58 -3.26 -3.46 -2.80 -1.15  0.83  2.32  3.11 23071994 00
  3.05  2.08  0.68 -0.88 -2.23 -3.03 -3.31 -2.84 -1.35  0.66  2.36  3.35 23071994 12
  3.56  2.77  1.40 -0.21 -1.78 -2.82 -3.40 -3.40 -2.39 -0.47  1.45  2.79 24071994 00
  3.36  2.98  1.76  0.30 -1.30 -2.49 -3.14 -3.22 -2.41 -0.64  1.40  2.87 24071994 12
  3.65  3.52  2.44  1.00 -0.70 -2.10 -2.97 -3.40 -3.11 -1.72  0.29  2.08 25071994 00
  3.12  3.38  2.67  1.34 -0.15 -1.67 -2.63 -3.07 -2.88 -1.69  0.26  2.09 25071994 12
  3.29  3.75  3.25  2.03  0.53 -1.11 -2.27 -2.95 -3.15 -2.46 -0.80  1.13 26071994 00
  2.56  3.25  3.11  2.10  0.75 -0.81 -2.11 -2.84 -3.09 -2.61 -1.14  0.76 26071994 12
  2.32  3.22  3.34  2.54  1.28 -0.22 -1.64 -2.55 -3.03 -2.95 -1.96 -0.25 27071994 00
  1.43  2.54  2.97  2.51  1.38  0.08 -1.32 -2.31 -2.79 -2.77 -1.99 -0.45 27071994 12
  1.23  2.44  3.03  2.81  1.86  0.62 -0.79 -1.94 -2.60 -2.85 -2.48 -1.27 28071994 00
  0.35  1.71  2.51  2.58  1.91  0.84 -0.39 -1.55 -2.26 -2.55 -2.32 -1.37 28071994 12
  0.08  1.47  2.36  2.62  2.18  1.22  0.08 -1.14 -1.99 -2.43 -2.45 -1.84 29071994 00
 -0.61  0.79  1.84  2.35  2.19  1.49  0.52 -0.58 -1.49 -1.97 -2.08 -1.69 29071994 12
 -0.71  0.55  1.60  2.21  2.23  1.70  0.83 -0.19 -1.16 -1.77 -2.05 -1.93 30071994 00
 -1.24 -0.14  0.99  1.79  2.07  1.83  1.19  0.36 -0.58 -1.27 -1.59 -1.64 30071994 12
 -1.25 -0.40  0.63  1.47  1.87  1.80  1.29  0.55 -0.32 -1.08 -1.54 -1.74 31071994 00
 -1.58 -0.93  0.02  0.95  1.57  1.74  1.53  1.02  0.32 -0.45 -1.01 -1.30 31071994 12
 -1.36 -1.04 -0.32  0.51  1.23  1.56  1.51  1.12  0.52 -0.23 -0.91 -1.33 01081994 00
 -1.53 -1.42 -0.88 -0.08  0.76  1.35  1.56  1.44  1.06  0.48 -0.22 -0.80 01081994 12
 -1.15 -1.30 -1.14 -0.56  0.19  0.91  1.30  1.36  1.09  0.58 -0.09 -0.77 02081994 00
 -1.26 -1.52 -1.52 -1.10 -0.33  0.54  1.21  1.54  1.55  1.24  0.67 -0.06 02081994 12
 -0.76 -1.23 -1.47 -1.43 -0.90 -0.09  0.75  1.33  1.48  1.29  0.79  0.09 03081994 00
 -0.71 -1.34 -1.69 -1.75 -1.35 -0.52  0.48  1.33  1.79  1.82  1.46  0.78 03081994 12
 -0.10 -0.96 -1.54 -1.83 -1.76 -1.13 -0.11  0.94  1.68  1.92  1.67  1.02 04081994 00
  0.14 -0.85 -1.59 -1.98 -2.02 -1.51 -0.48  0.74  1.72  2.23  2.18  1.60 04081994 12
  0.69 -0.39 -1.39 -2.01 -2.30 -2.07 -1.17  0.14  1.35  2.11  2.27  1.82 05081994 00
  0.92 -0.17 -1.31 -2.09 -2.46 -2.36 -1.57 -0.22  1.20  2.20  2.61  2.32 05081994 12
  1.43  0.27 -1.03 -2.06 -2.64 -2.79 -2.29 -1.03  0.56  1.83  2.53  2.49 06081994 00
  1.73  0.57 -0.74 -1.94 -2.65 -2.91 -2.54 -1.35  0.34  1.81  2.73  2.93 06081994 12
  2.29  1.11 -0.30 -1.71 -2.66 -3.16 -3.10 -2.17 -0.47  1.26  2.46  2.99 07081994 00
  2.62  1.50  0.15 -1.35 -2.47 -3.06 -3.12 -2.38 -0.75  1.15  2.54  3.26 07081994 12
  3.12  2.08  0.69 -0.93 -2.29 -3.11 -3.47 -3.10 -1.71  0.27  1.99  3.00 08081994 00
  3.23  2.48  1.11 -0.42 -1.94 -2.92 -3.38 -3.18 -1.95  0.05  1.91  3.12 08081994 12
  3.57  3.02  1.68  0.11 -1.58 -2.78 -3.47 -3.63 -2.88 -1.03  1.05  2.58 09081994 00
  3.34  3.19  2.07  0.57 -1.08 -2.46 -3.26 -3.51 -2.95 -1.31  0.86  2.56 09081994 12
  3.52  3.62  2.65  1.14 -0.56 -2.12 -3.13 -3.68 -3.58 -2.38 -0.30  1.74 10081994 00
  3.00  3.46  2.95  1.59  0.05 -1.59 -2.74 -3.33 -3.34 -2.40 -0.46  1.62 10081994 12
  3.05  3.74  3.47  2.23  0.72 -1.02 -2.38 -3.20 -3.56 -3.13 -1.60  0.52 11081994 00
  2.24  3.20  3.37  2.52  1.12 -0.44 -1.94 -2.86 -3.29 -3.07 -1.82  0.18 11081994 12
  2.03  3.20  3.61  3.02  1.73  0.22 -1.41 -2.54 -3.18 -3.34 -2.62 -0.95 12081994 00
  0.99  2.41  3.13  2.99  1.99  0.66 -0.85 -2.11 -2.84 -3.09 -2.66 -1.29 12081994 12
  0.56  2.11  3.01  3.17  2.44  1.22 -0.22 -1.61 -2.53 -3.03 -3.03 -2.18 13081994 00
 -0.57  1.11  2.28  2.80  2.50  1.51  0.30 -1.05 -2.10 -2.66 -2.78 -2.28 13081994 12
 -0.99  0.63  1.92  2.67  2.70  2.01  0.94 -0.32 -1.50 -2.26 -2.65 -2.58 14081994 00
 -1.79 -0.39  1.03  2.03  2.42  2.14  1.32  0.27 -0.90 -1.81 -2.30 -2.42 14081994 12
 -2.00 -0.95  0.41  1.54  2.23  2.30  1.80  0.91 -0.15 -1.19 -1.88 -2.25 15081994 00
 -2.26 -1.67 -0.55  0.69  1.63  2.08  1.95  1.36  0.50 -0.50 -1.38 -1.90 15081994 12
 -2.15 -1.97 -1.22 -0.06  1.05  1.81  2.06  1.80  1.15  0.29 -0.68 -1.43 16081994 00
 -1.87 -2.05 -1.71 -0.82  0.35  1.37  1.98  2.08  1.73  1.03  0.11 -0.86 16081994 12
 -1.55 -1.96 -2.04 -1.53 -0.49  0.73  1.71  2.21  2.18  1.70  0.91 -0.09 17081994 00
 -1.05 -1.69 -2.04 -1.98 -1.28 -0.11  1.10  1.99  2.34  2.14  1.44  0.47 17081994 12
 -0.65 -1.56 -2.13 -2.37 -2.06 -1.07  0.27  1.46  2.20  2.35  1.92  1.07 18081994 00
  0.00 -1.10 -1.85 -2.23 -2.15 -1.38 -0.04  1.37  2.42  2.88  2.66  1.85 18081994 12
  0.73 -0.61 -1.67 -2.32 -2.61 -2.27 -1.13  0.42  1.79  2.65  2.82  2.28 19081994 00
  1.24 -0.01 -1.28 -2.11 -2.52 -2.40 -1.46  0.12  1.70  2.78  3.19  2.81 19081994 12
  1.78  0.46 -1.02 -2.10 -2.75 -2.97 -2.46 -1.04  0.71  2.13  2.91  2.91 20081994 00
  2.08  0.85 -0.58 -1.88 -2.66 -2.97 -2.61 -1.31  0.54  2.13  3.14  3.38 20081994 12
  2.73  1.49 -0.02 -1.54 -2.56 -3.13 -3.17 -2.30 -0.56  1.29  2.59  3.19 21081994 00
  2.87  1.73  0.34 -1.22 -2.42 -3.06 -3.17 -2.44 -0.77  1.20  2.66  3.44 21081994 12
  3.36  2.34  0.94 -0.71 -2.12 -2.99 -3.41 -3.13 -1.78  0.18  1.94  2.99 22081994 00
  3.28  2.58  1.23 -0.29 -1.82 -2.81 -3.28 -3.09 -1.91  0.05  1.91  3.13 22081994 12
  3.62  3.13  1.87  0.37 -1.29 -2.47 -3.14 -3.29 -2.55 -0.83  1.19  2.65 23081994 00
  3.39  3.23  2.13  0.70 -0.92 -2.23 -2.98 -3.21 -2.62 -1.01  1.01  2.60 23081994 12
  3.48  3.54  2.64  1.30 -0.31 -1.78 -2.70 -3.16 -2.97 -1.76  0.16  1.91 24081994 00
  3.03  3.36  2.75  1.48  0.02 -1.51 -2.51 -3.00 -2.91 -1.91 -0.12  1.73 24081994 12
  2.97  3.50  3.10  1.95  0.55 -1.04 -2.19 -2.85 -3.03 -2.42 -0.87  0.98 25081994 00
  2.40  3.13  3.05  2.11  0.82 -0.66 -1.92 -2.62 -2.87 -2.44 -1.11  0.69 25081994 12
  2.17  3.06  3.17  2.43  1.24 -0.17 -1.50 -2.33 -2.73 -2.60 -1.61  0.00 26081994 00
  1.57  2.60  2.95  2.48  1.43  0.18 -1.16 -2.06 -2.49 -2.45 -1.71 -0.28 26081994 12
  1.29  2.40  2.89  2.64  1.75  0.60 -0.71 -1.72 -2.26 -2.43 -1.98 -0.81 27081994 00
  0.66  1.89  2.58  2.59  1.95  0.96 -0.20 -1.25 -1.86 -2.12 -1.90 -0.99 27081994 12
  0.33  1.55  2.31  2.45  2.01  1.15  0.12 -0.94 -1.62 -1.94 -1.89 -1.24 28081994 00
 -0.09  1.14  2.04  2.37  2.16  1.47  0.57 -0.43 -1.20 -1.64 -1.78 -1.47 28081994 12
 -0.63  0.43  1.38  1.89  1.87  1.37  0.61 -0.28 -1.11 -1.61 -1.81 -1.67 29081994 00
 -1.06 -0.08  0.88  1.53  1.73  1.51  0.96  0.23 -0.58 -1.17 -1.47 -1.54 29081994 12
 -1.21 -0.49  0.38  1.11  1.47  1.44  1.06  0.46 -0.27 -0.94 -1.35 -1.52 30081994 00
 -1.42 -0.93 -0.16  0.63  1.20  1.40  1.29  0.92  0.36 -0.31 -0.86 -1.19 30081994 12
 -1.32 -1.16 -0.62  0.09  0.79  1.18  1.25  1.03  0.60  0.01 -0.61 -1.07 31081994 00
 -1.32 -1.38 -1.07 -0.44  0.31  0.97  1.32  1.39  1.16  0.68  0.03 -0.63 31081994 12
 -1.10 -1.36 -1.39 -1.01 -0.33  0.46  1.08  1.33  1.29  0.93  0.35 -0.37 01091994 00
 -1.02 -1.44 -1.62 -1.45 -0.84  0.03  0.90  1.50  1.68  1.48  0.94  0.18 01091994 12
 -0.68 -1.35 -1.75 -1.87 -1.51 -0.69  0.36  1.26  1.73  1.70  1.27  0.54 02091994 00
 -0.35 -1.20 -1.74 -1.97 -1.77 -1.00  0.14  1.25  2.00  2.21  1.89  1.12 02091994 12
  0.12 -0.97 -1.77 -2.21 -2.27 -1.72 -0.58  0.76  1.80  2.32  2.21  1.53 03091994 00
  0.54 -0.61 -1.60 -2.17 -2.35 -1.93 -0.84  0.63  1.89  2.65  2.74  2.14 03091994 12
  1.06 -0.23 -1.49 -2.32 -2.74 -2.64 -1.71 -0.15  1.42  2.49  2.89  2.51 04091994 00
  1.50  0.23 -1.16 -2.18 -2.72 -2.75 -2.02 -0.46  1.29  2.59  3.22  3.03 04091994 12
  2.03  0.68 -0.87 -2.14 -2.91 -3.24 -2.85 -1.44  0.47  2.11  3.06  3.23 05091994 00
  2.46  1.13 -0.40 -1.89 -2.83 -3.27 -3.06 -1.81  0.18  2.02  3.22  3.63 05091994 12
  3.05  1.72  0.15 -1.54 -2.71 -3.38 -3.51 -2.65 -0.73  1.39  2.89  3.64 06091994 00
  3.46  2.29  0.79 -0.94 -2.32 -3.13 -3.42 -2.83 -1.10  1.14  2.90  3.84 06091994 12
  3.90  2.88  1.37 -0.43 -2.04 -3.07 -3.64 -3.51 -2.17  0.04  2.13  3.43 07091994 00
  3.89  3.29  1.84  0.18 -1.58 -2.78 -3.43 -3.47 -2.42 -0.27  1.95  3.47 07091994 12
  4.17  3.84  2.52  0.89 -0.99 -2.40 -3.27 -3.64 -3.11 -1.33  1.01  2.84 08091994 00
  3.84  3.95  2.95  1.42 -0.36 -1.97 -2.96 -3.46 -3.22 -1.74  0.51  2.53 08091994 12
  3.78  4.17  3.46  2.02  0.32 -1.45 -2.63 -3.33 -3.47 -2.54 -0.53  1.63 09091994 00
  3.13  3.85  3.60  2.39  0.88 -0.90 -2.26 -3.06 -3.35 -2.78 -1.07  1.11 09091994 12
  2.85  3.79  3.88  2.93  1.53 -0.16 -1.69 -2.66 -3.18 -3.08 -1.89  0.08 10091994 00
  1.95  3.20  3.66  3.15  1.92  0.46 -1.15 -2.24 -2.85 -2.99 -2.24 -0.56 10091994 12
  1.35  2.79  3.50  3.37  2.41  1.13 -0.41 -1.66 -2.41 -2.77 -2.50 -1.29 11091994 00
  0.44  1.99  2.94  3.14  2.53  1.39  0.06 -1.30 -2.18 -2.66 -2.67 -1.91 11091994 12
 -0.44  1.16  2.32  2.87  2.70  1.87  0.76 -0.52 -1.56 -2.15 -2.38 -2.05 12091994 00
 -0.99  0.45  1.72  2.50  2.63  2.15  1.24  0.14 -0.99 -1.75 -2.16 -2.23 12091994 12
 -1.68 -0.53  0.78  1.79  2.29  2.20  1.61  0.75 -0.28 -1.19 -1.73 -1.99 13091994 00
 -1.85 -1.11  0.03  1.13  1.90  2.15  1.90  1.25  0.38 -0.61 -1.38 -1.86 13091994 12
 -2.08 -1.81 -1.00  0.11  1.13  1.78  1.92  1.62  0.98  0.17 -0.70 -1.33 14091994 00
 -1.70 -1.80 -1.43 -0.58  0.50  1.42  1.93  1.94  1.53  0.81 -0.08 -0.97 14091994 12
 -1.61 -1.98 -2.02 -1.52 -0.54  0.61  1.51  1.95  1.91  1.46  0.72 -0.19 15091994 00
 -1.03 -1.57 -1.83 -1.70 -0.98  0.15  1.26  2.02  2.25  1.97  1.25  0.29 15091994 12
 -0.80 -1.62 -2.14 -2.34 -1.99 -1.00  0.33  1.47  2.14  2.21  1.74  0.86 16091994 00
 -0.19 -1.23 -1.92 -2.24 -2.10 -1.31  0.01  1.35  2.28  2.61  2.30  1.43 16091994 12
  0.31 -0.94 -1.90 -2.47 -2.67 -2.24 -1.06  0.47  1.72  2.44  2.47  1.81 17091994 00
  0.73 -0.50 -1.67 -2.40 -2.68 -2.39 -1.34  0.22  1.67  2.59  2.84  2.33 17091994 12
  1.25 -0.07 -1.44 -2.40 -2.92 -2.95 -2.22 -0.72  0.95  2.17  2.77  2.57 18091994 00
  1.61  0.36 -1.04 -2.19 -2.80 -2.91 -2.31 -0.85  0.92  2.33  3.10  3.09 18091994 12
  2.25  0.99 -0.51 -1.86 -2.69 -3.08 -2.84 -1.67  0.14  1.78  2.82  3.10 19091994 00
  2.48  1.24 -0.18 -1.63 -2.60 -3.05 -2.89 -1.83 -0.02  1.76  2.94  3.44 19091994 12
  3.01  1.83  0.39 -1.20 -2.35 -3.00 -3.17 -2.50 -0.89  1.04  2.47  3.19 20091994 00
  3.06  2.02  0.63 -0.93 -2.23 -2.97 -3.21 -2.71 -1.23  0.71  2.29  3.17 20091994 12
  3.26  2.35  0.94 -0.65 -2.11 -3.03 -3.48 -3.27 -2.07 -0.14  1.68  2.81 21091994 00
  3.19  2.60  1.27 -0.21 -1.74 -2.77 -3.28 -3.20 -2.19 -0.35  1.51  2.76 21091994 12
  3.30  2.89  1.68  0.24 -1.35 -2.53 -3.19 -3.32 -2.61 -0.97  0.99  2.41 22091994 00
  3.14  3.01  1.97  0.58 -0.97 -2.27 -3.03 -3.28 -2.81 -1.38  0.53  2.10 22091994 12
  2.98  3.08  2.25  0.91 -0.58 -1.99 -2.86 -3.24 -3.01 -1.84 -0.01  1.67 23091994 00
  2.72  3.05  2.47  1.24 -0.16 -1.61 -2.58 -3.05 -2.98 -2.09 -0.44  1.28 23091994 12
  2.44  2.96  2.61  1.50  0.19 -1.27 -2.36 -2.94 -3.04 -2.43 -1.00  0.72 24091994 00
  2.02  2.70  2.58  1.67  0.43 -0.92 -2.08 -2.74 -2.95 -2.58 -1.40  0.22 24091994 12
  1.61  2.42  2.53  1.86  0.75 -0.50 -1.70 -2.45 -2.75 -2.54 -1.59 -0.10 25091994 00
  1.32  2.23  2.54  2.10  1.14  0.01 -1.20 -2.05 -2.45 -2.43 -1.79 -0.55 25091994 12
  0.85  1.88  2.35  2.12  1.34  0.32 -0.82 -1.74 -2.22 -2.33 -1.92 -0.91 26091994 00
  0.41  1.50  2.11  2.10  1.55  0.67 -0.34 -1.29 -1.85 -2.09 -1.92 -1.17 26091994 12
 -0.03  1.10  1.84  2.03  1.69  0.95  0.05 -0.87 -1.51 -1.82 -1.82 -1.34 27091994 00
 -0.44  0.61  1.43  1.79  1.65  1.12  0.35 -0.51 -1.24 -1.66 -1.82 -1.61 27091994 12
 -0.95  0.01  0.89  1.44  1.53  1.25  0.69  0.01 -0.71 -1.19 -1.40 -1.39 28091994 00
 -0.99 -0.25  0.60  1.25  1.53  1.46  1.04  0.43 -0.29 -0.92 -1.31 -1.51 28091994 12
 -1.40 -0.88 -0.11  0.66  1.16  1.30  1.15  0.73  0.15 -0.49 -0.99 -1.28 29091994 00
 -1.39 -1.16 -0.56  0.19  0.91  1.31  1.40  1.17  0.69  0.04 -0.63 -1.13 29091994 12
 -1.44 -1.53 -1.21 -0.53  0.29  1.01  1.36  1.38  1.09  0.56 -0.11 -0.77 30091994 00
 -1.22 -1.46 -1.43 -0.95 -0.14  0.76  1.41  1.65  1.53  1.05  0.33 -0.53 30091994 12
 -1.27 -1.74 -1.97 -1.75 -1.02  0.01  0.98  1.60  1.77  1.50  0.87  0.04 01101994 00
 -0.88 -1.54 -1.90 -1.90 -1.34 -0.30  0.87  1.77  2.17  2.02  1.39  0.46 01101994 12
 -0.65 -1.59 -2.16 -2.40 -2.10 -1.13  0.23  1.46  2.24  2.40  1.95  1.06 02101994 00
 -0.03 -1.17 -1.94 -2.31 -2.20 -1.38  0.01  1.46  2.47  2.84  2.49  1.54 02101994 12
  0.34 -1.02 -2.06 -2.68 -2.86 -2.34 -0.99  0.69  2.06  2.83  2.84  2.05 03101994 00
  0.84 -0.56 -1.85 -2.66 -3.01 -2.71 -1.50  0.33  1.95  2.97  3.23  2.58 03101994 12
  1.32 -0.17 -1.70 -2.74 -3.31 -3.33 -2.40 -0.56  1.35  2.72  3.35  3.05 04101994 00
  1.87  0.43 -1.20 -2.48 -3.21 -3.42 -2.78 -1.09  1.05  2.66  3.52  3.51 04101994 12
  2.47  0.98 -0.75 -2.29 -3.26 -3.77 -3.54 -2.17 -0.00  2.00  3.22  3.62 05101994 00
  2.98  1.51 -0.15 -1.88 -3.06 -3.70 -3.72 -2.65 -0.51  1.70  3.20  3.85 05101994 12
  3.52  2.16  0.50 -1.36 -2.77 -3.62 -3.96 -3.38 -1.53  0.84  2.69  3.70 06101994 00
  3.80  2.76  1.18 -0.62 -2.26 -3.29 -3.78 -3.49 -1.96  0.36  2.47  3.71 06101994 12
  4.09  3.34  1.81  0.06 -1.75 -2.97 -3.69 -3.84 -2.87 -0.72  1.59  3.20 07101994 00
  3.91  3.63  2.28  0.62 -1.25 -2.69 -3.56 -3.90 -3.31 -1.47  0.91  2.74 07101994 12
  3.75  3.87  2.86  1.28 -0.51 -2.15 -3.19 -3.74 -3.60 -2.26 -0.04  2.06 08101994 00
  3.34  3.80  3.20  1.74  0.09 -1.67 -2.88 -3.56 -3.69 -2.84 -0.89  1.26 08101994 12
  2.82  3.58  3.42  2.27  0.77 -0.93 -2.33 -3.17 -3.52 -3.10 -1.59  0.51 09101994 00
  2.26  3.25  3.44  2.64  1.27 -0.28 -1.81 -2.80 -3.33 -3.31 -2.30 -0.45 09101994 12
  1.40  2.68  3.24  2.89  1.78  0.44 -1.08 -2.23 -2.86 -3.04 -2.48 -1.01 10101994 00
  0.77  2.17  2.94  2.95  2.15  0.97 -0.42 -1.70 -2.50 -2.93 -2.83 -1.90 10101994 12
 -0.34  1.20  2.25  2.67  2.33  1.40  0.26 -0.99 -1.93 -2.42 -2.51 -2.00 11101994 00
 -0.82  0.63  1.80  2.44  2.42  1.80  0.81 -0.34 -1.43 -2.12 -2.51 -2.48 11101994 12
 -1.80 -0.59  0.70  1.62  2.03  1.83  1.17  0.29 -0.71 -1.54 -1.99 -2.14 12101994 00
 -1.85 -1.01  0.18  1.21  1.86  1.98  1.62  0.88 -0.04 -1.03 -1.74 -2.17 12101994 12
 -2.31 -1.96 -1.08  0.05  1.01  1.56  1.61  1.26  0.59 -0.23 -1.05 -1.59 13101994 00
 -1.86 -1.82 -1.29 -0.36  0.67  1.47  1.84  1.73  1.22  0.43 -0.52 -1.36 13101994 12
 -1.93 -2.25 -2.15 -1.49 -0.43  0.65  1.43  1.75  1.59  1.05  0.27 -0.62 14101994 00
 -1.37 -1.80 -1.93 -1.60 -0.76  0.38  1.39  1.99  2.06  1.63  0.83 -0.17 14101994 12
 -1.18 -1.88 -2.30 -2.33 -1.75 -0.65  0.61  1.57  2.04  1.93  1.35  0.46 15101994 00
 -0.57 -1.49 -2.02 -2.20 -1.88 -0.95  0.34  1.48  2.18  2.26  1.75  0.81 15101994 12
 -0.31 -1.45 -2.23 -2.65 -2.61 -1.89 -0.59  0.81  1.82  2.28  2.05  1.28 16101994 00
  0.21 -0.97 -1.95 -2.48 -2.57 -2.06 -0.88  0.60  1.79  2.45  2.42  1.72 16101994 12
  0.60 -0.67 -1.84 -2.56 -2.88 -2.62 -1.59 -0.05  1.37  2.29  2.57  2.08 17101994 00
  1.04 -0.19 -1.48 -2.37 -2.78 -2.65 -1.79 -0.28  1.29  2.37  2.82  2.49 17101994 12
  1.48  0.22 -1.17 -2.24 -2.82 -2.94 -2.33 -0.88  0.84  2.15  2.85  2.79 18101994 00
  1.94  0.71 -0.70 -1.92 -2.62 -2.83 -2.36 -1.04  0.73  2.18  3.05  3.15 18101994 12
  2.42  1.22 -0.22 -1.60 -2.47 -2.90 -2.70 -1.57  0.18  1.84  2.89  3.25 19101994 00
  2.73  1.58  0.19 -1.29 -2.29 -2.77 -2.70 -1.80 -0.13  1.62  2.83  3.35 19101994 12
  3.01  1.91  0.54 -1.00 -2.14 -2.75 -2.88 -2.23 -0.66  1.18  2.61  3.34 20101994 00
  3.23  2.27  0.95 -0.59 -1.89 -2.66 -2.97 -2.57 -1.18  0.68  2.22  3.13 20101994 12
  3.22  2.43  1.16 -0.33 -1.74 -2.61 -3.01 -2.78 -1.61  0.23  1.92  3.02 21101994 00
  3.38  2.83  1.64  0.23 -1.25 -2.24 -2.75 -2.72 -1.83 -0.12  1.66  2.88 21101994 12
  3.37  3.02  1.95  0.60 -0.91 -2.03 -2.63 -2.78 -2.13 -0.57  1.27  2.67 22101994 00
  3.39  3.29  2.39  1.16 -0.31 -1.55 -2.26 -2.55 -2.18 -0.91  0.84  2.33 22101994 12
  3.18  3.26  2.54  1.38  0.01 -1.29 -2.08 -2.44 -2.25 -1.19  0.48  2.04 23101994 00
  3.04  3.33  2.83  1.76  0.46 -0.93 -1.85 -2.34 -2.41 -1.71 -0.28  1.30 23101994 12
  2.46  2.96  2.70  1.76  0.58 -0.75 -1.76 -2.30 -2.43 -1.89 -0.59  1.00 24101994 00
  2.24  2.91  2.88  2.15  1.08 -0.20 -1.34 -2.00 -2.28 -2.05 -1.07  0.36 24101994 12
  1.69  2.52  2.68  2.17  1.21  0.09 -1.06 -1.79 -2.12 -2.02 -1.26  0.03 25101994 00
  1.35  2.30  2.66  2.40  1.62  0.61 -0.55 -1.39 -1.84 -1.97 -1.54 -0.51 25101994 12
  0.74  1.77  2.29  2.22  1.62  0.74 -0.27 -1.16 -1.66 -1.85 -1.61 -0.79 26101994 00
  0.37  1.47  2.17  2.32  1.94  1.19  0.26 -0.72 -1.37 -1.73 -1.78 -1.29 26101994 12
 -0.34  0.73  1.58  1.94  1.82  1.29  0.55 -0.31 -1.02 -1.42 -1.54 -1.28 27101994 00
 -0.52  0.47  1.39  1.92  2.00  1.64  0.99  0.16 -0.68 -1.28 -1.62 -1.70 27101994 12
 -1.27 -0.43  0.52  1.30  1.65  1.61  1.22  0.61 -0.13 -0.79 -1.19 -1.34 28101994 00
 -1.22 -0.63  0.22  1.07  1.63  1.77  1.52  0.98  0.24 -0.57 -1.20 -1.60 28101994 12
 -1.76 -1.45 -0.68  0.28  1.15  1.66  1.77  1.52  0.97  0.24 -0.53 -1.07 29101994 00
 -1.36 -1.37 -0.90 -0.03  0.94  1.71  2.03  1.94  1.45  0.73 -0.17 -0.95 29101994 12
 -1.47 -1.74 -1.58 -0.84  0.19  1.23  1.93  2.17  2.00  1.45  0.65 -0.33 30101994 00
 -1.09 -1.53 -1.63 -1.19 -0.15  1.04  2.05  2.55  2.55  2.01  1.16  0.06 30101994 12
 -0.96 -1.65 -2.02 -1.92 -1.10  0.20  1.52  2.46  2.80  2.57  1.84  0.84 31101994 00
 -0.35 -1.26 -1.79 -1.93 -1.41 -0.16  1.28  2.45  3.01  2.91  2.14  1.02 31101994 12
 -0.35 -1.51 -2.28 -2.70 -2.57 -1.56  0.06  1.65  2.69  3.03  2.60  1.56 01111994 00
  0.25 -1.17 -2.19 -2.75 -2.83 -2.09 -0.52  1.26  2.57  3.20  2.99  1.98 01111994 12
  0.63 -0.94 -2.23 -3.02 -3.36 -2.96 -1.52  0.43  2.12  3.13  3.37  2.67 02111994 00
  1.36 -0.17 -1.72 -2.73 -3.26 -3.15 -2.00 -0.01  1.92  3.22  3.74  3.28 02111994 12
  2.02  0.47 -1.28 -2.53 -3.28 -3.52 -2.83 -1.01  1.19  2.83  3.70  3.68 03111994 00
  2.64  1.17 -0.59 -2.13 -3.08 -3.53 -3.17 -1.61  0.63  2.62  3.77  4.11 03111994 12
  3.35  1.90  0.15 -1.62 -2.78 -3.46 -3.57 -2.53 -0.39  1.83  3.38  4.07 04111994 00
  3.73  2.41  0.80 -1.08 -2.49 -3.35 -3.70 -3.11 -1.28  1.08  2.90  3.88 04111994 12
  3.96  2.90  1.33 -0.49 -2.12 -3.16 -3.71 -3.53 -2.10  0.19  2.34  3.64 05111994 00
  4.10  3.47  1.99  0.27 -1.56 -2.81 -3.55 -3.73 -2.86 -0.79  1.49  3.13 05111994 12
  3.92  3.74  2.52  0.94 -0.88 -2.34 -3.23 -3.61 -3.14 -1.47  0.83  2.70 06111994 00
  3.75  3.96  3.08  1.58 -0.16 -1.83 -2.91 -3.52 -3.52 -2.38 -0.29  1.77 06111994 12
  3.15  3.72  3.31  2.03  0.52 -1.19 -2.45 -3.16 -3.37 -2.67 -0.93  1.18 07111994 00
  2.74  3.58  3.55  2.56  1.18 -0.48 -1.92 -2.82 -3.30 -3.13 -1.89  0.04 07111994 12
  1.82  2.96  3.36  2.84  1.65  0.26 -1.24 -2.28 -2.82 -2.85 -2.04 -0.38 08111994 00
  1.43  2.74  3.38  3.20  2.25  0.99 -0.54 -1.79 -2.54 -2.92 -2.66 -1.52 08111994 12
  0.13  1.62  2.58  2.85  2.37  1.38  0.20 -1.07 -1.92 -2.33 -2.27 -1.50 09111994 00
 -0.10  1.38  2.44  2.92  2.72  1.91  0.82 -0.47 -1.51 -2.16 -2.52 -2.33 09111994 12
 -1.40 -0.01  1.29  2.13  2.39  2.02  1.21  0.23 -0.83 -1.57 -1.92 -1.92 10111994 00
 -1.37 -0.30  0.94  1.91  2.39  2.30  1.68  0.78 -0.30 -1.24 -1.86 -2.23 10111994 12
 -2.18 -1.51 -0.40  0.75  1.59  1.93  1.75  1.18  0.39 -0.52 -1.25 -1.64 11111994 00
 -1.77 -1.46 -0.65  0.44  1.40  1.98  2.05  1.66  0.94  0.03 -0.91 -1.58 11111994 12
 -1.99 -2.07 -1.60 -0.65  0.45  1.35  1.84  1.83  1.44  0.75 -0.10 -0.91 12111994 00
 -1.39 -1.59 -1.47 -0.84  0.17  1.19  1.89  2.10  1.84  1.19  0.32 -0.67 12111994 12
 -1.45 -1.93 -2.13 -1.81 -0.91  0.27  1.31  1.95  2.11  1.82  1.18  0.33 13111994 00
 -0.57 -1.17 -1.45 -1.39 -0.77  0.31  1.40  2.19  2.48  2.26  1.57  0.62 13111994 12
 -0.46 -1.30 -1.82 -2.01 -1.58 -0.51  0.75  1.83  2.46  2.57  2.15  1.34 14111994 00
  0.26 -0.78 -1.41 -1.71 -1.61 -0.83  0.42  1.65  2.48  2.71  2.35  1.50 14111994 12
  0.41 -0.74 -1.55 -2.03 -2.15 -1.59 -0.40  0.97  2.05  2.56  2.47  1.77 15111994 00
  0.75 -0.44 -1.45 -2.02 -2.20 -1.81 -0.74  0.68  1.90  2.62  2.66  2.03 15111994 12
  1.00 -0.23 -1.39 -2.15 -2.53 -2.39 -1.49 -0.04  1.39  2.37  2.71  2.33 16111994 00
  1.36  0.18 -1.08 -1.98 -2.43 -2.40 -1.67 -0.27  1.26  2.35  2.83  2.58 16111994 12
  1.66  0.45 -0.89 -1.93 -2.51 -2.68 -2.16 -0.85  0.80  2.14  2.89  2.88 17111994 00
  2.13  0.97 -0.38 -1.61 -2.35 -2.66 -2.38 -1.26  0.37  1.84  2.74  2.92 17111994 12
  2.32  1.19 -0.12 -1.46 -2.32 -2.72 -2.58 -1.59  0.04  1.66  2.73  3.13 18111994 00
  2.71  1.62  0.30 -1.15 -2.19 -2.73 -2.79 -2.08 -0.56  1.15  2.42  3.04 18111994 12
  2.88  1.98  0.77 -0.63 -1.77 -2.38 -2.55 -1.99 -0.60  1.13  2.50  3.24 19111994 00
  3.18  2.31  1.08 -0.40 -1.69 -2.49 -2.89 -2.66 -1.51  0.21  1.80  2.79 19111994 12
  3.06  2.52  1.41  0.09 -1.30 -2.22 -2.66 -2.57 -1.64 -0.01  1.67  2.81 20111994 00
  3.24  2.87  1.82  0.50 -0.96 -2.04 -2.65 -2.80 -2.22 -0.81  0.89  2.18 20111994 12
  2.82  2.68  1.76  0.50 -0.89 -2.07 -2.74 -2.94 -2.48 -1.16  0.58  2.02 21111994 00
  2.86  2.96  2.25  1.07 -0.31 -1.62 -2.45 -2.83 -2.67 -1.69 -0.10  1.45 21111994 12
  2.44  2.77  2.31  1.25  0.02 -1.29 -2.20 -2.62 -2.53 -1.72 -0.24  1.35 22111994 00
  2.48  2.98  2.72  1.78  0.58 -0.80 -1.87 -2.47 -2.68 -2.23 -1.01  0.55 22111994 12
  1.82  2.52  2.55  1.86  0.78 -0.43 -1.55 -2.18 -2.41 -2.10 -1.05  0.46 23111994 00
  1.82  2.67  2.86  2.33  1.30  0.08 -1.16 -1.96 -2.41 -2.46 -1.82 -0.57 23111994 12
  0.82  1.84  2.27  2.03  1.22  0.18 -0.96 -1.85 -2.30 -2.37 -1.89 -0.80 24111994 00
  0.58  1.69  2.30  2.25  1.60  0.61 -0.54 -1.58 -2.20 -2.51 -2.38 -1.59 24111994 12
 -0.34  0.91  1.74  2.02  1.68  0.91 -0.05 -1.06 -1.79 -2.11 -2.06 -1.50 25111994 00
 -0.44  0.79  1.72  2.16  2.00  1.35  0.42 -0.65 -1.55 -2.10 -2.35 -2.16 25111994 12
 -1.39 -0.22  0.90  1.64  1.83  1.50  0.78 -0.09 -1.00 -1.63 -1.92 -1.88 26111994 00
 -1.36 -0.38  0.76  1.62  2.01  1.87  1.28  0.45 -0.54 -1.40 -1.94 -2.22 26111994 12
 -2.09 -1.37 -0.25  0.85  1.59  1.84  1.58  0.95  0.14 -0.77 -1.45 -1.80 27111994 00
 -1.87 -1.46 -0.59  0.51  1.42  1.89  1.83  1.31  0.47 -0.53 -1.46 -2.09 27111994 12
 -2.45 -2.40 -1.78 -0.65  0.56  1.45  1.85  1.71  1.15  0.30 -0.68 -1.52 28111994 00
 -2.00 -2.17 -1.87 -1.04  0.17  1.26  1.93  2.04  1.60  0.73 -0.33 -1.40 28111994 12
 -2.16 -2.62 -2.66 -2.09 -0.91  0.48  1.56  2.14  2.08  1.48  0.52 -0.58 29111994 00
 -1.60 -2.21 -2.46 -2.19 -1.25  0.15  1.45  2.29  2.50  2.05  1.08 -0.12 29111994 12
 -1.39 -2.29 -2.80 -2.87 -2.22 -0.83  0.75  1.99  2.64  2.57  1.83  0.71 30111994 00
 -0.61 -1.79 -2.51 -2.82 -2.54 -1.40  0.26  1.77  2.71  2.95  2.39  1.26 30111994 12
 -0.11 -1.53 -2.53 -3.10 -3.16 -2.38 -0.75  1.06  2.40  3.09  2.93  1.96 01121994 00
  0.65 -0.88 -2.16 -2.94 -3.25 -2.85 -1.44  0.48  2.14  3.13  3.35  2.63 01121994 12
  1.31 -0.24 -1.78 -2.81 -3.36 -3.33 -2.28 -0.35  1.60  2.97  3.57  3.24 02121994 00
  2.08  0.62 -1.07 -2.37 -3.14 -3.41 -2.82 -1.13  1.01  2.67  3.58  3.61 02121994 12
  2.64  1.23 -0.46 -1.98 -2.93 -3.38 -3.06 -1.60  0.57  2.55  3.84  4.28 03121994 00
  3.67  2.32  0.61 -1.19 -2.43 -3.17 -3.40 -2.56 -0.65  1.56  3.15  3.89 03121994 12
  3.68  2.47  0.94 -0.87 -2.30 -3.19 -3.61 -3.16 -1.49  0.82  2.74  3.84 04121994 00
  4.10  3.26  1.80  0.08 -1.61 -2.72 -3.37 -3.41 -2.32 -0.22  1.86  3.28 04121994 12
  3.90  3.46  2.12  0.53 -1.27 -2.58 -3.37 -3.63 -2.92 -1.04  1.25  2.95 05121994 00
  3.88  3.96  3.06  1.68 -0.07 -1.60 -2.56 -3.06 -2.88 -1.58  0.46  2.38 05121994 12
  3.62  4.02  3.37  1.99  0.36 -1.34 -2.48 -3.14 -3.26 -2.36 -0.47  1.57 06121994 00
  2.99  3.66  3.40  2.24  0.81 -0.90 -2.25 -3.06 -3.39 -2.86 -1.25  0.80 06121994 12
  2.54  3.58  3.83  3.13  1.89  0.31 -1.19 -2.13 -2.62 -2.52 -1.37  0.50 07121994 00
  2.27  3.44  3.87  3.42  2.31  0.89 -0.68 -1.79 -2.52 -2.85 -2.37 -0.98 07121994 12
  0.76  2.21  2.98  3.06  2.43  1.43  0.30 -0.74 -1.36 -1.67 -1.51 -0.56 08121994 00
  0.92  2.28  3.15  3.31  2.77  1.74  0.39 -0.91 -1.78 -2.33 -2.50 -1.93 08121994 12
 -0.66  0.84  2.01  2.59  2.52  1.82  0.81 -0.36 -1.40 -1.99 -2.21 -1.92 09121994 00
 -0.95  0.44  1.73  2.57  2.78  2.33  1.41  0.30 -0.84 -1.63 -2.09 -2.22 09121994 12
 -1.72 -0.64  0.64  1.68  2.26  2.26  1.74  0.92 -0.01 -0.85 -1.29 -1.42 10121994 00
 -1.18 -0.36  0.80  1.81  2.42  2.57  2.19  1.44  0.44 -0.52 -1.22 -1.71 10121994 12
 -1.92 -1.59 -0.68  0.39  1.34  1.87  1.96  1.63  0.97  0.12 -0.67 -1.13 11121994 00
 -1.32 -1.21 -0.62  0.31  1.27  1.97  2.20  1.96  1.35  0.52 -0.38 -1.08 11121994 12
 -1.54 -1.74 -1.49 -0.74  0.23  1.16  1.75  1.92  1.67  1.06  0.25 -0.57 12121994 00
 -1.15 -1.45 -1.46 -1.01 -0.16  0.77  1.52  1.82  1.70  1.16  0.39 -0.51 12121994 12
 -1.26 -1.74 -1.98 -1.81 -1.12 -0.09  0.90  1.55  1.73  1.48  0.87  0.07 13121994 00
 -0.81 -1.45 -1.76 -1.77 -1.33 -0.47  0.56  1.39  1.76  1.61  1.04  0.20 13121994 12
 -0.76 -1.59 -2.09 -2.28 -2.00 -1.17 -0.00  1.05  1.74  1.89  1.54  0.80 14121994 00
 -0.12 -1.09 -1.78 -2.11 -2.07 -1.48 -0.44  0.72  1.58  1.91  1.67  0.97 14121994 12
  0.04 -1.00 -1.83 -2.26 -2.30 -1.81 -0.76  0.55  1.61  2.22  2.22  1.68 15121994 00
  0.77 -0.30 -1.31 -1.93 -2.18 -1.95 -1.07  0.21  1.41  2.17  2.30  1.84 15121994 12
  0.93 -0.16 -1.27 -2.01 -2.38 -2.31 -1.59 -0.30  1.08  2.07  2.48  2.22 16121994 00
  1.37  0.26 -0.98 -1.97 -2.50 -2.63 -2.14 -0.96  0.52  1.70  2.33  2.28 16121994 12
  1.57  0.51 -0.69 -1.77 -2.36 -2.50 -2.00 -0.81  0.76  2.10  2.92  3.09 17121994 00
  2.55  1.56  0.31 -0.94 -1.76 -2.16 -2.08 -1.21  0.26  1.72  2.69  2.93 17121994 12
  2.47  1.43  0.18 -1.14 -2.06 -2.54 -2.54 -1.75 -0.27  1.38  2.60  3.17 18121994 00
  2.99  2.07  0.84 -0.58 -1.70 -2.36 -2.66 -2.28 -1.00  0.71  2.17  2.98 18121994 12
  3.01  2.26  1.08 -0.31 -1.59 -2.34 -2.65 -2.36 -1.21  0.48  2.03  3.02 19121994 00
  3.25  2.66  1.51  0.12 -1.31 -2.26 -2.77 -2.78 -1.95 -0.38  1.31  2.50 19121994 12
  3.00  2.67  1.59  0.28 -1.15 -2.21 -2.78 -2.86 -2.20 -0.72  1.02  2.37 20121994 00
  3.07  2.96  2.05  0.77 -0.70 -1.95 -2.70 -3.02 -2.71 -1.48  0.29  1.80 20121994 12
  2.71  2.87  2.17  0.97 -0.39 -1.73 -2.57 -2.94 -2.73 -1.69  0.01  1.62 21121994 00
  2.67  3.05  2.55  1.40  0.05 -1.41 -2.44 -3.01 -3.09 -2.41 -0.91  0.81 21121994 12
  2.07  2.69  2.52  1.57  0.34 -1.03 -2.16 -2.78 -2.91 -2.38 -1.04  0.67 22121994 00
  2.05  2.83  2.85  2.06  0.85 -0.55 -1.84 -2.63 -3.02 -2.86 -1.85 -0.23 22121994 12
  1.29  2.29  2.63  2.15  1.10 -0.12 -1.42 -2.32 -2.73 -2.65 -1.83 -0.34 23121994 00
  1.23  2.34  2.83  2.54  1.60  0.40 -0.97 -2.05 -2.66 -2.87 -2.46 -1.27 23121994 12
  0.31  1.62  2.41  2.48  1.86  0.81 -0.40 -1.55 -2.23 -2.49 -2.21 -1.23 24121994 00
  0.23  1.59  2.46  2.71  2.26  1.28  0.08 -1.18 -2.05 -2.55 -2.65 -2.10 24121994 12
 -0.87  0.60  1.76  2.37  2.30  1.64  0.65 -0.45 -1.42 -1.94 -2.08 -1.68 25121994 00
 -0.64  0.76  2.01  2.75  2.86  2.32  1.35  0.14 -1.03 -1.82 -2.31 -2.44 25121994 12
 -1.89 -0.72  0.65  1.72  2.24  2.16  1.57  0.69 -0.36 -1.27 -1.76 -1.91 26121994 00
 -1.59 -0.66  0.62  1.80  2.57  2.78  2.41  1.63  0.58 -0.52 -1.29 -1.78 26121994 12
 -1.96 -1.49 -0.40  0.86  1.92  2.45  2.45  1.93  1.11  0.07 -0.90 -1.49 27121994 00
 -1.77 -1.65 -0.89  0.26  1.41  2.20  2.43  2.15  1.46  0.54 -0.51 -1.30 27121994 12
 -1.79 -1.99 -1.58 -0.51  0.80  1.92  2.57  2.67  2.26  1.50  0.49 -0.53 28121994 00
 -1.23 -1.62 -1.61 -0.90  0.35  1.65  2.62  2.98  2.79  2.11  1.13 -0.08 28121994 12
 -1.08 -1.78 -2.16 -1.94 -0.95  0.45  1.80  2.69  2.99  2.69  1.89  0.82 29121994 00
 -0.38 -1.23 -1.72 -1.83 -1.25  0.04  1.49  2.66  3.22  3.18  2.50  1.45 29121994 12
  0.11 -1.00 -1.72 -2.09 -1.85 -0.76  0.81  2.30  3.30  3.59  3.16  2.17 30121994 00
  0.83 -0.57 -1.58 -2.26 -2.52 -1.93 -0.45  1.29  2.68  3.37  3.30  2.47 30121994 12
  1.25 -0.26 -1.56 -2.38 -2.80 -2.57 -1.37  0.43  2.12  3.21  3.55  3.01 31121994 00
  1.86  0.39 -1.20 -2.33 -3.03 -3.28 -2.65 -0.99  1.01  2.52  3.31  3.25 31121994 12
