Parameter Z: CS3 Location ( 52, 86) Lat 53.500 Lon -3.417
  0.85  1.93  2.43  2.23  1.46  0.43 -0.72 -1.66 -2.16 -2.27 -1.78 -0.61 01012005 00
  0.88  2.07  2.80  2.96  2.45  1.54  0.35 -0.77 -1.44 -1.75 -1.66 -0.99 01012005 12
  0.17  1.36  2.23  2.37  1.94  1.11  0.11 -0.94 -1.66 -1.96 -1.88 -1.19 02012005 00
 -0.02  1.21  2.14  2.49  2.26  1.48  0.46 -0.69 -1.59 -2.14 -2.41 -2.14 02012005 12
 -1.19  0.13  1.30  2.01  2.10  1.65  0.86 -0.09 -1.05 -1.64 -1.85 -1.69 03012005 00
 -1.00  0.10  1.23  2.00  2.25  1.98  1.28  0.36 -0.68 -1.43 -1.83 -1.95 03012005 12
 -1.54 -0.54  0.65  1.66  2.19  2.27  1.88  1.21  0.39 -0.33 -0.74 -1.03 04012005 00
 -1.08 -0.59  0.33  1.25  1.88  2.04  1.70  0.96  0.00 -0.97 -1.67 -2.10 04012005 12
 -2.22 -1.80 -0.82  0.39  1.35  1.86  1.92  1.58  0.88  0.03 -0.78 -1.26 05012005 00
 -1.46 -1.34 -0.61  0.54  1.69  2.48  2.69  2.40  1.68  0.68 -0.39 -1.22 05012005 12
 -1.83 -2.19 -2.05 -1.31 -0.24  0.82  1.53  1.77  1.56  0.96  0.14 -0.76 06012005 00
 -1.41 -1.68 -1.58 -0.96  0.15  1.35  2.24  2.63  2.50  1.85  0.91 -0.19 06012005 12
 -1.10 -1.72 -2.02 -1.79 -0.87  0.42  1.70  2.56  2.86  2.60  1.82  0.73 07012005 00
 -0.42 -1.20 -1.65 -1.75 -1.24 -0.16  1.08  2.18  2.73  2.74  2.21  1.37 07012005 12
  0.22 -0.85 -1.48 -1.66 -1.31 -0.26  1.20  2.60  3.62  3.86  3.22  2.14 08012005 00
  0.74 -0.48 -1.47 -2.24 -2.53 -2.00 -0.72  0.78  2.05  2.79  2.87  2.25 08012005 12
  1.17 -0.14 -1.32 -2.08 -2.49 -2.35 -1.29  0.37  1.92  2.93  3.23  2.77 09012005 00
  1.68  0.31 -1.14 -2.13 -2.71 -2.81 -1.96 -0.28  1.52  2.88  3.63  3.60 09012005 12
  2.79  1.57 -0.01 -1.30 -2.08 -2.42 -2.05 -0.65  1.20  2.79  3.72  3.83 10012005 00
  3.02  1.70  0.02 -1.53 -2.59 -3.25 -3.38 -2.51 -0.68  1.31  2.75  3.45 10012005 12
  3.27  2.19  0.80 -0.83 -2.15 -2.92 -3.19 -2.61 -0.96  1.12  2.83  3.79 11012005 00
  3.91  3.08  1.83  0.24 -1.30 -2.31 -2.89 -2.77 -1.50  0.54  2.51  3.87 11012005 12
  4.37  3.86  2.62  0.95 -0.80 -2.00 -2.73 -2.90 -2.01 -0.21  1.78  3.36 12012005 00
  4.11  3.92  2.78  1.28 -0.51 -1.93 -2.88 -3.46 -3.36 -2.05  0.04  2.00 12012005 12
  3.21  3.59  2.93  1.55 -0.04 -1.69 -2.79 -3.37 -3.37 -2.35 -0.33  1.71 13012005 00
  3.10  3.75  3.43  2.19  0.66 -1.12 -2.47 -3.31 -3.70 -3.29 -1.73  0.41 13012005 12
  2.14  3.13  3.32  2.53  1.15 -0.41 -1.94 -2.88 -3.30 -3.03 -1.71  0.31 14012005 00
  2.12  3.29  3.72  3.17  1.94  0.41 -1.27 -2.44 -3.13 -3.36 -2.75 -1.16 14012005 12
  0.79  2.27  3.05  3.03  2.13  0.86 -0.60 -1.90 -2.64 -2.87 -2.39 -1.02 15012005 00
  0.81  2.32  3.26  3.42  2.73  1.56  0.10 -1.35 -2.30 -2.86 -2.94 -2.20 15012005 12
 -0.69  0.97  2.19  2.77  2.56  1.67  0.52 -0.79 -1.85 -2.39 -2.50 -1.96 16012005 00
 -0.67  0.92  2.22  2.96  2.98  2.27  1.18 -0.10 -1.27 -2.00 -2.39 -2.35 16012005 12
 -1.57 -0.22  1.18  2.21  2.63  2.41  1.65  0.65 -0.51 -1.38 -1.82 -1.91 17012005 00
 -1.45 -0.37  0.93  2.04  2.65  2.69  2.13  1.25  0.11 -0.90 -1.54 -1.87 17012005 12
 -1.82 -1.18 -0.10  1.05  1.90  2.21  2.02  1.36  0.48 -0.49 -1.20 -1.44 18012005 00
 -1.31 -0.82  0.12  1.24  2.13  2.58  2.45  1.89  1.12  0.15 -0.73 -1.37 18012005 12
 -1.79 -1.90 -1.46 -0.61  0.38  1.24  1.66  1.61  1.18  0.52 -0.25 -0.96 19012005 00
 -1.36 -1.49 -1.27 -0.58  0.37  1.28  1.83  1.96  1.70  1.13  0.37 -0.42 19012005 12
 -0.99 -1.36 -1.46 -1.11 -0.32  0.61  1.42  1.81  1.80  1.37  0.72 -0.04 20012005 00
 -0.75 -1.24 -1.47 -1.36 -0.80  0.07  0.97  1.59  1.89  1.81  1.31  0.56 20012005 12
 -0.30 -1.02 -1.43 -1.56 -1.30 -0.53  0.42  1.29  1.76  1.79  1.37  0.68 21012005 00
 -0.14 -0.94 -1.47 -1.72 -1.68 -1.14 -0.20  0.79  1.50  1.77  1.59  1.00 21012005 12
  0.19 -0.75 -1.48 -1.88 -1.97 -1.56 -0.66  0.48  1.43  1.97  1.99  1.55 22012005 00
  0.77 -0.19 -1.12 -1.70 -2.00 -1.90 -1.23 -0.15  0.92  1.64  1.80  1.43 22012005 12
  0.67 -0.30 -1.33 -2.08 -2.46 -2.42 -1.83 -0.73  0.57  1.61  2.17  2.08 23012005 00
  1.47  0.51 -0.58 -1.55 -2.13 -2.37 -2.11 -1.22  0.08  1.24  1.91  1.93 23012005 12
  1.33  0.35 -0.74 -1.79 -2.46 -2.68 -2.37 -1.42 -0.02  1.30  2.18  2.45 24012005 00
  2.03  1.08 -0.08 -1.28 -2.16 -2.63 -2.66 -2.04 -0.76  0.70  1.75  2.22 24012005 12
  1.99  1.12 -0.03 -1.28 -2.28 -2.79 -2.81 -2.21 -0.90  0.66  1.88  2.55 25012005 00
  2.49  1.70  0.53 -0.79 -1.98 -2.69 -3.00 -2.75 -1.69 -0.08  1.35  2.21 25012005 12
  2.38  1.75  0.59 -0.69 -1.94 -2.76 -3.09 -2.85 -1.84 -0.19  1.36  2.41 26012005 00
  2.82  2.39  1.30 -0.00 -1.42 -2.47 -3.04 -3.11 -2.42 -0.95  0.74  1.97 26012005 12
  2.57  2.36  1.38  0.12 -1.25 -2.38 -3.00 -3.10 -2.49 -1.07  0.67  2.03 27012005 00
  2.78  2.78  1.94  0.67 -0.78 -2.08 -2.88 -3.24 -2.99 -1.83 -0.08  1.52 27012005 12
  2.49  2.76  2.13  0.90 -0.45 -1.80 -2.68 -3.07 -2.88 -1.84 -0.12  1.53 28012005 00
  2.61  3.00  2.53  1.37 -0.00 -1.50 -2.57 -3.16 -3.26 -2.62 -1.11  0.64 28012005 12
  1.94  2.62  2.49  1.54  0.26 -1.10 -2.25 -2.87 -2.99 -2.41 -1.01  0.73 29012005 00
  2.12  2.87  2.84  1.99  0.73 -0.72 -2.02 -2.81 -3.19 -2.97 -1.86 -0.15 29012005 12
  1.39  2.38  2.68  2.13  1.00 -0.27 -1.60 -2.49 -2.88 -2.72 -1.77 -0.17 30012005 00
  1.43  2.48  2.93  2.53  1.44  0.13 -1.29 -2.34 -2.91 -3.04 -2.50 -1.15 30012005 12
  0.49  1.77  2.46  2.41  1.57  0.40 -0.86 -1.95 -2.56 -2.71 -2.26 -1.09 31012005 00
  0.49  1.81  2.59  2.67  2.01  0.88 -0.41 -1.64 -2.42 -2.82 -2.73 -1.92 31012005 12
 -0.53  0.90  1.90  2.31  1.96  1.02 -0.11 -1.28 -2.14 -2.55 -2.51 -1.88 01022005 00
 -0.63  0.81  1.87  2.40  2.24  1.45  0.36 -0.84 -1.84 -2.41 -2.66 -2.43 01022005 12
 -1.52 -0.16  1.06  1.83  2.01  1.58  0.73 -0.29 -1.33 -2.02 -2.31 -2.20 02022005 00
 -1.52 -0.37  0.86  1.76  2.14  1.89  1.16  0.19 -0.88 -1.74 -2.22 -2.42 02022005 12
 -2.16 -1.33 -0.11  0.97  1.65  1.76  1.37  0.62 -0.26 -1.16 -1.76 -2.04 03022005 00
 -1.98 -1.42 -0.44  0.66  1.51  1.89  1.74  1.18  0.37 -0.56 -1.37 -1.88 03022005 12
 -2.15 -1.99 -1.29 -0.23  0.80  1.51  1.74  1.52  0.96  0.19 -0.69 -1.38 04022005 00
 -1.76 -1.87 -1.52 -0.68  0.40  1.34  1.88  1.95  1.61  0.97  0.11 -0.78 04022005 12
 -1.42 -1.81 -1.88 -1.40 -0.48  0.60  1.49  1.93  1.89  1.43  0.65 -0.31 05022005 00
 -1.21 -1.81 -2.14 -2.05 -1.37 -0.25  0.92  1.78  2.12  1.94  1.29  0.37 05022005 12
 -0.69 -1.57 -2.13 -2.37 -2.08 -1.14  0.18  1.37  2.13  2.29  1.87  0.99 06022005 00
 -0.11 -1.27 -2.10 -2.59 -2.66 -2.06 -0.79  0.69  1.83  2.43  2.32  1.61 06022005 12
  0.55 -0.69 -1.81 -2.49 -2.77 -2.46 -1.37  0.22  1.67  2.60  2.85  2.35 07022005 00
  1.29 -0.02 -1.41 -2.38 -2.94 -3.00 -2.24 -0.66  1.10  2.39  3.05  2.91 07022005 12
  1.98  0.72 -0.77 -2.02 -2.76 -3.07 -2.65 -1.26  0.64  2.25  3.21  3.39 08022005 00
  2.66  1.37 -0.20 -1.74 -2.76 -3.35 -3.37 -2.38 -0.49  1.45  2.81  3.41 08022005 12
  3.07  1.91  0.48 -1.16 -2.41 -3.12 -3.28 -2.56 -0.80  1.32  2.93  3.80 09022005 00
  3.77  2.70  1.23 -0.55 -2.07 -3.05 -3.59 -3.41 -2.04  0.10  2.11  3.40 09022005 12
  3.86  3.29  1.94  0.35 -1.36 -2.54 -3.19 -3.21 -2.15 -0.12  2.02  3.47 10022005 00
  4.12  3.73  2.41  0.79 -1.08 -2.48 -3.39 -3.86 -3.45 -1.80  0.47  2.32 10022005 12
  3.36  3.55  2.66  1.12 -0.58 -2.20 -3.20 -3.67 -3.40 -1.96  0.27  2.32 11022005 00
  3.57  4.00  3.37  1.94  0.26 -1.53 -2.75 -3.46 -3.63 -2.78 -0.82  1.37 11022005 12
  2.97  3.76  3.62  2.49  1.02 -0.63 -1.94 -2.71 -2.93 -2.39 -0.83  1.27 12022005 00
  3.01  3.94  3.97  2.98  1.55 -0.17 -1.67 -2.68 -3.26 -3.26 -2.13 -0.11 12022005 12
  1.86  3.13  3.60  3.10  1.87  0.44 -1.16 -2.27 -2.82 -2.87 -2.12 -0.40 13022005 00
  1.62  2.94  3.49  3.18  1.94  0.44 -1.20 -2.47 -3.25 -3.60 -3.30 -2.01 13022005 12
 -0.10  1.51  2.51  2.82  2.17  0.92 -0.41 -1.70 -2.52 -2.87 -2.66 -1.66 14022005 00
 -0.04  1.53  2.59  2.96  2.48  1.39  0.14 -1.23 -2.21 -2.73 -2.85 -2.30 14022005 12
 -0.98  0.55  1.74  2.37  2.27  1.50  0.42 -0.76 -1.80 -2.36 -2.51 -2.14 15022005 00
 -1.16  0.23  1.45  2.19  2.29  1.78  0.85 -0.22 -1.29 -1.99 -2.33 -2.29 15022005 12
 -1.66 -0.54  0.66  1.52  1.91  1.71  1.06  0.19 -0.76 -1.53 -1.90 -1.96 16022005 00
 -1.61 -0.82  0.23  1.15  1.69  1.71  1.29  0.59 -0.23 -1.02 -1.53 -1.77 16022005 12
 -1.73 -1.24 -0.38  0.53  1.20  1.44  1.29  0.82  0.18 -0.55 -1.13 -1.44 17022005 00
 -1.56 -1.38 -0.85 -0.08  0.63  1.08  1.17  0.93  0.47 -0.11 -0.75 -1.23 17022005 12
 -1.48 -1.51 -1.20 -0.57  0.21  0.86  1.18  1.22  1.03  0.62  0.08 -0.49 18022005 00
 -0.92 -1.17 -1.19 -0.86 -0.29  0.36  0.90  1.15  1.10  0.76  0.25 -0.37 18022005 12
 -0.89 -1.28 -1.51 -1.42 -0.93 -0.22  0.51  0.98  1.18  1.14  0.79  0.22 19022005 00
 -0.47 -1.06 -1.43 -1.58 -1.42 -0.91 -0.15  0.62  1.12  1.22  1.00  0.48 19022005 12
 -0.19 -0.91 -1.45 -1.70 -1.65 -1.20 -0.41  0.50  1.22  1.57  1.49  1.05 20022005 00
  0.33 -0.53 -1.29 -1.76 -1.97 -1.78 -1.10 -0.08  0.88  1.50  1.60  1.25 20022005 12
  0.55 -0.30 -1.17 -1.75 -1.99 -1.81 -1.12 -0.05  1.02  1.80  2.11  1.86 21022005 00
  1.15  0.19 -0.88 -1.70 -2.17 -2.27 -1.82 -0.80  0.48  1.50  2.03  1.92 21022005 12
  1.28  0.29 -0.81 -1.80 -2.35 -2.48 -2.05 -1.02  0.35  1.52  2.23  2.30 22022005 00
  1.73  0.71 -0.46 -1.61 -2.35 -2.69 -2.54 -1.66 -0.22  1.21  2.13  2.44 22022005 12
  2.02  1.05 -0.12 -1.37 -2.28 -2.69 -2.58 -1.75 -0.30  1.23  2.31  2.79 23022005 00
  2.49  1.53  0.28 -1.12 -2.21 -2.82 -2.95 -2.38 -1.00  0.66  1.96  2.65 23022005 12
  2.58  1.74  0.50 -0.89 -2.11 -2.81 -3.02 -2.56 -1.25  0.52  1.99  2.84 24022005 00
  2.93  2.15  0.88 -0.58 -1.97 -2.88 -3.30 -3.13 -2.07 -0.29  1.41  2.49 24022005 12
  2.86  2.31  1.07 -0.32 -1.76 -2.75 -3.22 -3.09 -2.10 -0.32  1.48  2.70 25022005 00
  3.22  2.81  1.61  0.18 -1.41 -2.61 -3.28 -3.45 -2.82 -1.21  0.73  2.17 25022005 12
  2.92  2.85  1.86  0.47 -1.03 -2.34 -3.08 -3.29 -2.75 -1.26  0.71  2.30 26022005 00
  3.17  3.25  2.35  0.95 -0.64 -2.13 -3.06 -3.51 -3.32 -2.12 -0.20  1.62 26022005 12
  2.74  3.10  2.52  1.20 -0.26 -1.77 -2.80 -3.28 -3.16 -2.12 -0.25  1.59 27022005 00
  2.80  3.31  2.86  1.61  0.15 -1.46 -2.64 -3.30 -3.46 -2.80 -1.18  0.77 27022005 12
  2.20  2.95  2.86  1.88  0.50 -1.00 -2.28 -3.00 -3.19 -2.64 -1.18  0.72 28022005 00
  2.27  3.14  3.22  2.37  1.05 -0.46 -1.85 -2.71 -3.11 -2.93 -1.83 -0.01 28022005 12
  1.69  2.78  3.14  2.64  1.49  0.16 -1.28 -2.28 -2.77 -2.72 -1.83 -0.20 01032005 00
  1.50  2.68  3.20  2.89  1.83  0.51 -0.97 -2.09 -2.71 -2.92 -2.43 -1.08 01032005 12
  0.61  1.98  2.71  2.69  1.91  0.76 -0.55 -1.74 -2.43 -2.70 -2.39 -1.32 02032005 00
  0.23  1.64  2.52  2.70  2.14  1.09 -0.16 -1.46 -2.33 -2.73 -2.69 -2.01 02032005 12
 -0.72  0.72  1.79  2.29  2.08  1.29  0.27 -0.84 -1.77 -2.27 -2.40 -2.01 03032005 00
 -0.99  0.38  1.52  2.18  2.22  1.68  0.76 -0.29 -1.31 -1.94 -2.25 -2.18 03032005 12
 -1.52 -0.35  0.88  1.77  2.16  2.00  1.37  0.53 -0.41 -1.17 -1.63 -1.84 04032005 00
 -1.64 -0.92  0.12  1.09  1.68  1.74  1.38  0.72 -0.12 -0.97 -1.55 -1.86 04032005 12
 -1.91 -1.54 -0.73  0.30  1.17  1.65  1.65  1.30  0.65 -0.14 -0.91 -1.44 05032005 00
 -1.73 -1.77 -1.35 -0.53  0.38  1.11  1.46  1.41  1.03  0.32 -0.52 -1.28 05032005 12
 -1.77 -2.02 -1.95 -1.43 -0.50  0.50  1.28  1.65  1.58  1.15  0.41 -0.50 06032005 00
 -1.32 -1.85 -2.15 -2.04 -1.39 -0.33  0.73  1.50  1.79  1.61  1.03  0.18 06032005 12
 -0.80 -1.60 -2.06 -2.20 -1.83 -0.91  0.34  1.42  2.08  2.16  1.71  0.83 07032005 00
 -0.25 -1.37 -2.16 -2.62 -2.66 -2.05 -0.80  0.65  1.77  2.34  2.22  1.51 07032005 12
  0.44 -0.77 -1.84 -2.47 -2.70 -2.32 -1.20  0.37  1.76  2.61  2.76  2.15 08032005 00
  1.03 -0.32 -1.69 -2.63 -3.16 -3.18 -2.37 -0.76  0.97  2.23  2.84  2.61 08032005 12
  1.60  0.31 -1.15 -2.34 -3.01 -3.17 -2.58 -1.08  0.81  2.31  3.15  3.18 09032005 00
  2.29  0.91 -0.70 -2.17 -3.13 -3.64 -3.51 -2.34 -0.38  1.55  2.78  3.24 09032005 12
  2.75  1.44 -0.07 -1.69 -2.85 -3.46 -3.47 -2.52 -0.58  1.48  2.93  3.63 10032005 00
  3.37  2.14  0.58 -1.21 -2.61 -3.48 -3.87 -3.45 -1.83  0.44  2.27  3.31 10032005 12
  3.54  2.69  1.19 -0.48 -2.08 -3.07 -3.51 -3.23 -1.80  0.43  2.46  3.74 11032005 00
  4.18  3.50  2.04  0.30 -1.51 -2.77 -3.55 -3.75 -2.85 -0.78  1.43  3.00 11032005 12
  3.77  3.57  2.31  0.70 -1.10 -2.52 -3.32 -3.58 -2.96 -1.16  1.16  2.91 12032005 00
  3.87  3.94  2.89  1.36 -0.45 -2.06 -3.08 -3.63 -3.49 -2.15  0.04  2.10 12032005 12
  3.33  3.74  3.07  1.62 -0.01 -1.73 -2.88 -3.47 -3.45 -2.39 -0.33  1.76 13032005 00
  3.18  3.83  3.47  2.19  0.65 -1.11 -2.42 -3.19 -3.47 -2.88 -1.21  0.92 13032005 12
  2.54  3.39  3.39  2.40  0.97 -0.65 -2.08 -2.91 -3.24 -2.86 -1.43  0.57 14032005 00
  2.29  3.32  3.56  2.85  1.59  0.09 -1.42 -2.39 -2.86 -2.76 -1.73 -0.01 14032005 12
  1.72  2.90  3.39  3.02  1.93  0.56 -0.95 -2.01 -2.57 -2.68 -2.01 -0.50 15032005 00
  1.24  2.53  3.19  3.08  2.23  1.06 -0.34 -1.49 -2.16 -2.43 -2.09 -0.93 15032005 12
  0.64  1.98  2.76  2.85  2.25  1.23  0.02 -1.14 -1.82 -2.11 -1.94 -1.07 16032005 00
  0.27  1.56  2.43  2.69  2.31  1.46  0.42 -0.70 -1.47 -1.89 -1.95 -1.39 16032005 12
 -0.29  0.91  1.88  2.33  2.29  1.74  0.90 -0.13 -0.97 -1.45 -1.67 -1.50 17032005 00
 -0.80  0.16  1.09  1.67  1.75  1.41  0.75 -0.04 -0.82 -1.33 -1.57 -1.53 17032005 12
 -1.03 -0.19  0.71  1.40  1.69  1.60  1.14  0.47 -0.29 -0.88 -1.23 -1.40 18032005 00
 -1.29 -0.79 -0.10  0.60  1.02  1.08  0.85  0.43 -0.11 -0.68 -1.09 -1.28 18032005 12
 -1.30 -1.00 -0.43  0.23  0.78  1.06  1.10  0.90  0.50 -0.03 -0.57 -0.95 19032005 00
 -1.18 -1.24 -0.99 -0.51  0.06  0.55  0.78  0.81  0.65  0.32 -0.17 -0.65 19032005 12
 -0.97 -1.11 -1.06 -0.71 -0.17  0.42  0.87  1.10  1.10  0.87  0.43 -0.17 20032005 00
 -0.74 -1.15 -1.38 -1.37 -1.00 -0.41  0.28  0.85  1.12  1.12  0.87  0.37 20032005 12
 -0.25 -0.82 -1.18 -1.28 -1.06 -0.47  0.27  1.02  1.47  1.57  1.33  0.81 21032005 00
  0.06 -0.72 -1.30 -1.62 -1.64 -1.16 -0.33  0.62  1.40  1.77  1.71  1.27 21032005 12
  0.55 -0.28 -0.99 -1.40 -1.51 -1.20 -0.36  0.71  1.67  2.20  2.23  1.77 22032005 00
  1.01  0.03 -0.95 -1.60 -1.91 -1.75 -0.96  0.22  1.38  2.17  2.39  2.06 22032005 12
  1.28  0.27 -0.82 -1.58 -1.92 -1.86 -1.19  0.00  1.29  2.23  2.59  2.32 23032005 00
  1.49  0.40 -0.85 -1.82 -2.37 -2.52 -2.02 -0.79  0.73  1.93  2.59  2.57 23032005 12
  1.87  0.79 -0.49 -1.65 -2.29 -2.50 -2.07 -0.88  0.72  2.09  2.91  3.02 24032005 00
  2.36  1.21 -0.15 -1.47 -2.30 -2.70 -2.53 -1.50  0.14  1.71  2.75  3.07 24032005 12
  2.58  1.47  0.13 -1.30 -2.28 -2.77 -2.70 -1.79 -0.14  1.58  2.77  3.25 25032005 00
  2.87  1.74  0.34 -1.22 -2.38 -3.04 -3.21 -2.58 -1.00  0.92  2.38  3.14 25032005 12
  3.08  2.11  0.75 -0.79 -2.11 -2.87 -3.12 -2.63 -1.15  0.81  2.43  3.33 26032005 00
  3.40  2.51  1.12 -0.49 -1.98 -2.91 -3.37 -3.20 -1.97  0.02  1.89  3.06 26032005 12
  3.44  2.84  1.51 -0.01 -1.61 -2.68 -3.21 -3.15 -2.11 -0.17  1.79  3.10 27032005 00
  3.66  3.22  1.93  0.41 -1.30 -2.53 -3.25 -3.44 -2.76 -1.02  1.07  2.59 27032005 12
  3.38  3.30  2.25  0.80 -0.85 -2.24 -3.06 -3.35 -2.85 -1.29  0.79  2.49 28032005 00
  3.44  3.57  2.66  1.24 -0.41 -1.95 -2.92 -3.41 -3.26 -2.04 -0.04  1.82 28032005 12
  3.02  3.44  2.87  1.54  0.04 -1.56 -2.65 -3.21 -3.19 -2.25 -0.41  1.53 29032005 00
  2.86  3.48  3.15  1.97  0.54 -1.09 -2.32 -3.03 -3.25 -2.70 -1.18  0.75 29032005 12
  2.28  3.10  3.12  2.21  0.87 -0.64 -1.99 -2.80 -3.13 -2.81 -1.55  0.30 30032005 00
  1.92  2.93  3.19  2.54  1.33 -0.08 -1.52 -2.47 -2.97 -2.96 -2.11 -0.52 30032005 12
  1.16  2.32  2.84  2.52  1.49  0.25 -1.15 -2.22 -2.80 -2.92 -2.38 -1.04 31032005 00
  0.60  1.92  2.65  2.64  1.91  0.80 -0.47 -1.62 -2.31 -2.61 -2.39 -1.46 31032005 12
 -0.01  1.34  2.22  2.48  2.07  1.16  0.07 -1.10 -1.92 -2.33 -2.34 -1.77 01042005 00
 -0.61  0.72  1.74  2.26  2.17  1.54  0.63 -0.43 -1.35 -1.87 -2.13 -1.97 01042005 12
 -1.22 -0.07  1.05  1.79  1.99  1.66  0.95  0.06 -0.90 -1.61 -2.00 -2.11 02042005 00
 -1.75 -0.89  0.22  1.16  1.71  1.75  1.42  0.78 -0.01 -0.80 -1.32 -1.61 02042005 12
 -1.64 -1.19 -0.35  0.61  1.39  1.74  1.67  1.25  0.58 -0.25 -1.02 -1.53 03042005 00
 -1.82 -1.80 -1.29 -0.40  0.58  1.33  1.68  1.66  1.31  0.69 -0.10 -0.84 03042005 12
 -1.35 -1.63 -1.57 -1.00 -0.08  0.89  1.61  1.86  1.73  1.20  0.40 -0.53 04042005 00
 -1.33 -1.88 -2.17 -1.99 -1.20 -0.06  1.03  1.76  2.04  1.85  1.22  0.35 04042005 12
 -0.65 -1.41 -1.84 -1.94 -1.48 -0.45  0.80  1.85  2.41  2.41  1.81  0.85 05042005 00
 -0.32 -1.42 -2.18 -2.62 -2.57 -1.76 -0.37  1.07  2.09  2.55  2.34  1.57 05042005 12
  0.54 -0.64 -1.57 -2.04 -2.05 -1.37 -0.02  1.48  2.67  3.28  3.18  2.33 06042005 00
  1.12 -0.36 -1.59 -2.41 -2.89 -2.74 -1.60  0.15  1.81  2.90  3.28  2.83 06042005 12
  1.75  0.40 -1.06 -2.02 -2.51 -2.53 -1.70 -0.07  1.71  2.99  3.57  3.31 07042005 00
  2.23  0.79 -0.87 -2.12 -2.87 -3.21 -2.85 -1.43  0.55  2.26  3.21  3.32 07042005 12
  2.47  1.08 -0.48 -1.96 -2.88 -3.32 -3.12 -1.90  0.10  1.96  3.12  3.54 08042005 00
  2.91  1.49 -0.11 -1.79 -2.96 -3.62 -3.74 -2.93 -1.03  1.08  2.60  3.32 08042005 12
  3.14  1.98  0.46 -1.17 -2.51 -3.29 -3.51 -2.85 -1.11  1.10  2.78  3.72 09042005 00
  3.75  2.72  1.23 -0.54 -2.09 -3.06 -3.54 -3.34 -1.99  0.12  2.08  3.28 09042005 12
  3.65  2.96  1.53 -0.09 -1.77 -2.91 -3.53 -3.54 -2.48 -0.41  1.67  3.06 10042005 00
  3.66  3.28  1.97  0.42 -1.33 -2.62 -3.37 -3.58 -2.92 -1.16  0.99  2.56 10042005 12
  3.38  3.33  2.25  0.76 -0.91 -2.35 -3.23 -3.59 -3.18 -1.69  0.41  2.18 11042005 00
  3.20  3.43  2.65  1.26 -0.30 -1.85 -2.82 -3.30 -3.15 -1.98 -0.03  1.81 11042005 12
  3.00  3.42  2.89  1.64  0.19 -1.39 -2.48 -3.09 -3.20 -2.43 -0.77  1.13 12042005 00
  2.47  3.13  2.94  1.90  0.56 -0.95 -2.17 -2.85 -3.04 -2.51 -1.09  0.70 12042005 12
  2.15  2.96  2.99  2.18  0.95 -0.46 -1.75 -2.52 -2.87 -2.64 -1.55  0.10 13042005 00
  1.63  2.60  2.89  2.39  1.34  0.11 -1.17 -2.01 -2.39 -2.29 -1.49 -0.08 13042005 12
  1.38  2.41  2.82  2.52  1.63  0.51 -0.76 -1.70 -2.21 -2.34 -1.89 -0.78 14042005 00
  0.62  1.74  2.34  2.28  1.65  0.71 -0.37 -1.34 -1.87 -2.06 -1.79 -0.93 14042005 12
  0.30  1.40  2.08  2.19  1.73  0.89 -0.09 -1.08 -1.73 -2.06 -2.07 -1.56 15042005 00
 -0.61  0.47  1.28  1.64  1.46  0.91  0.17 -0.65 -1.34 -1.67 -1.71 -1.37 15042005 12
 -0.64  0.35  1.19  1.65  1.67  1.32  0.71 -0.05 -0.80 -1.27 -1.51 -1.51 16042005 00
 -1.08 -0.32  0.51  1.13  1.36  1.25  0.87  0.33 -0.32 -0.84 -1.11 -1.17 16042005 12
 -0.97 -0.45  0.25  0.91  1.30  1.38  1.18  0.81  0.26 -0.32 -0.77 -1.04 17042005 00
 -1.10 -0.85 -0.29  0.35  0.90  1.19  1.28  1.15  0.83  0.35 -0.17 -0.57 17042005 12
 -0.76 -0.70 -0.35  0.19  0.78  1.23  1.48  1.45  1.18  0.72  0.15 -0.41 18042005 00
 -0.85 -1.11 -1.08 -0.72 -0.13  0.51  1.04  1.36  1.41  1.15  0.64  0.01 18042005 12
 -0.59 -1.01 -1.18 -1.05 -0.53  0.17  0.87  1.32  1.45  1.25  0.75  0.05 19042005 00
 -0.72 -1.32 -1.66 -1.71 -1.31 -0.53  0.42  1.23  1.64  1.65  1.28  0.60 19042005 12
 -0.22 -1.01 -1.50 -1.70 -1.54 -0.86  0.15  1.12  1.73  1.84  1.48  0.75 20042005 00
 -0.17 -1.14 -1.82 -2.16 -2.10 -1.49 -0.39  0.82  1.72  2.12  1.92  1.25 20042005 12
  0.32 -0.75 -1.62 -2.09 -2.18 -1.72 -0.68  0.63  1.68  2.24  2.16  1.50 21042005 00
  0.49 -0.69 -1.74 -2.37 -2.62 -2.30 -1.27  0.20  1.53  2.37  2.55  2.05 21042005 12
  1.05 -0.14 -1.36 -2.16 -2.53 -2.37 -1.48 -0.02  1.45  2.45  2.80  2.39 22042005 00
  1.35  0.08 -1.29 -2.29 -2.83 -2.87 -2.14 -0.62  1.09  2.35  2.97  2.79 22042005 12
  1.87  0.63 -0.79 -1.99 -2.66 -2.86 -2.35 -0.96  0.85  2.28  3.06  3.03 23042005 00
  2.16  0.86 -0.66 -2.02 -2.85 -3.23 -2.96 -1.71  0.17  1.88  2.94  3.26 23042005 12
  2.64  1.39 -0.06 -1.57 -2.59 -3.10 -3.02 -2.01 -0.16  1.69  2.92  3.44 24042005 00
  2.99  1.74  0.27 -1.38 -2.56 -3.23 -3.37 -2.65 -0.91  1.15  2.64  3.40 24042005 12
  3.29  2.24  0.81 -0.83 -2.20 -3.02 -3.33 -2.86 -1.33  0.74  2.45  3.40 25042005 00
  3.53  2.66  1.24 -0.39 -1.93 -2.92 -3.42 -3.27 -2.04 -0.00  1.91  3.14 25042005 12
  3.57  3.01  1.68  0.15 -1.50 -2.65 -3.26 -3.30 -2.38 -0.50  1.54  2.95 26042005 00
  3.64  3.37  2.18  0.73 -0.97 -2.28 -3.05 -3.30 -2.74 -1.12  0.94  2.57 26042005 12
  3.46  3.53  2.61  1.24 -0.39 -1.86 -2.76 -3.20 -2.99 -1.70  0.29  2.08 27042005 00
  3.21  3.56  2.94  1.66  0.16 -1.42 -2.47 -3.05 -3.09 -2.21 -0.46  1.43 27042005 12
  2.74  3.38  3.12  2.05  0.71 -0.86 -2.08 -2.80 -3.05 -2.51 -0.98  0.89 28042005 00
  2.41  3.27  3.34  2.59  1.40 -0.06 -1.41 -2.20 -2.56 -2.36 -1.27  0.40 28042005 12
  1.97  2.98  3.23  2.68  1.54  0.20 -1.20 -2.17 -2.73 -2.88 -2.32 -0.97 29042005 00
  0.64  1.94  2.62  2.59  1.87  0.78 -0.48 -1.59 -2.22 -2.47 -2.18 -1.19 29042005 12
  0.27  1.59  2.44  2.63  2.14  1.19  0.06 -1.12 -1.92 -2.36 -2.43 -1.88 30042005 00
 -0.71  0.65  1.71  2.27  2.19  1.60  0.72 -0.32 -1.25 -1.79 -2.03 -1.84 30042005 12
 -1.03  0.17  1.31  2.05  2.24  1.91  1.18  0.28 -0.73 -1.46 -1.91 -2.08 01052005 00
 -1.73 -0.82  0.35  1.36  1.98  2.08  1.76  1.12  0.29 -0.57 -1.17 -1.52 01052005 12
 -1.58 -1.09 -0.14  0.89  1.73  2.10  2.04  1.54  0.80 -0.14 -1.02 -1.63 02052005 00
 -2.01 -1.99 -1.38 -0.34  0.78  1.61  1.99  1.92  1.48  0.79 -0.08 -0.86 02052005 12
 -1.34 -1.55 -1.37 -0.61  0.44  1.46  2.11  2.25  1.93  1.22  0.26 -0.79 03052005 00
 -1.61 -2.13 -2.34 -1.95 -0.97  0.29  1.40  2.08  2.22  1.84  1.04  0.03 03052005 12
 -0.99 -1.67 -2.02 -2.02 -1.42 -0.27  1.01  1.95  2.30  2.02  1.22  0.17 04052005 00
 -1.03 -2.01 -2.61 -2.84 -2.51 -1.43  0.06  1.37  2.23  2.43  1.94  0.97 04052005 12
 -0.18 -1.35 -2.12 -2.45 -2.29 -1.45 -0.04  1.42  2.45  2.85  2.51  1.54 05052005 00
  0.31 -1.07 -2.12 -2.74 -2.95 -2.46 -1.11  0.61  2.01  2.79  2.82  2.07 05052005 12
  0.90 -0.47 -1.72 -2.46 -2.77 -2.49 -1.35  0.35  1.89  2.86  3.10  2.51 06052005 00
  1.34 -0.08 -1.54 -2.52 -3.07 -3.11 -2.28 -0.60  1.24  2.57  3.22  3.00 06052005 12
  1.96  0.62 -0.91 -2.10 -2.75 -2.93 -2.36 -0.86  1.00  2.47  3.26  3.23 07052005 00
  2.31  0.99 -0.58 -1.95 -2.80 -3.18 -2.92 -1.65  0.26  1.98  3.06  3.37 07052005 12
  2.74  1.47 -0.02 -1.55 -2.59 -3.12 -3.08 -2.13 -0.31  1.56  2.84  3.42 08052005 00
  3.06  1.89  0.48 -1.11 -2.30 -2.97 -3.15 -2.50 -0.87  1.10  2.56  3.32 08052005 12
  3.24  2.20  0.81 -0.80 -2.16 -2.97 -3.31 -2.95 -1.57  0.37  2.06  3.04 09052005 00
  3.26  2.53  1.20 -0.30 -1.79 -2.75 -3.20 -3.04 -1.92 -0.06  1.70  2.86 09052005 12
  3.30  2.79  1.54  0.09 -1.47 -2.57 -3.16 -3.26 -2.52 -0.89  0.97  2.32 10052005 00
  3.00  2.82  1.79  0.46 -1.03 -2.26 -2.95 -3.14 -2.59 -1.15  0.68  2.15 10052005 12
  2.96  3.01  2.18  0.90 -0.56 -1.90 -2.73 -3.12 -2.93 -1.83 -0.10  1.49 11052005 00
  2.51  2.81  2.27  1.14 -0.16 -1.53 -2.45 -2.88 -2.78 -1.91 -0.35  1.28 11052005 12
  2.38  2.88  2.58  1.58  0.36 -1.02 -2.09 -2.68 -2.85 -2.38 -1.13  0.46 12052005 00
  1.72  2.41  2.37  1.62  0.52 -0.71 -1.82 -2.46 -2.65 -2.28 -1.22  0.25 12052005 12
  1.56  2.39  2.56  2.04  1.03 -0.17 -1.36 -2.16 -2.59 -2.56 -1.89 -0.64 13052005 00
  0.72  1.68  2.09  1.81  1.01 -0.02 -1.09 -1.90 -2.27 -2.23 -1.73 -0.70 13052005 12
  0.59  1.61  2.17  2.08  1.46  0.55 -0.50 -1.46 -2.03 -2.29 -2.11 -1.39 14052005 00
 -0.24  0.86  1.58  1.79  1.46  0.76 -0.08 -0.95 -1.55 -1.78 -1.68 -1.15 14052005 12
 -0.23  0.82  1.61  1.95  1.81  1.25  0.47 -0.46 -1.23 -1.67 -1.87 -1.68 15052005 00
 -1.01 -0.05  0.85  1.40  1.51  1.23  0.68  0.00 -0.72 -1.19 -1.39 -1.33 15052005 12
 -0.87 -0.09  0.78  1.42  1.67  1.55  1.08  0.41 -0.39 -1.06 -1.51 -1.78 16052005 00
 -1.67 -1.11 -0.28  0.53  1.07  1.21  1.04  0.64  0.06 -0.58 -1.08 -1.33 16052005 12
 -1.35 -1.01 -0.37  0.42  1.08  1.38  1.36  1.00  0.41 -0.31 -0.99 -1.46 17052005 00
 -1.72 -1.67 -1.17 -0.37  0.48  1.09  1.35  1.29  0.94  0.38 -0.32 -0.92 17052005 12
 -1.27 -1.38 -1.18 -0.56  0.25  1.01  1.44  1.51  1.21  0.65 -0.11 -0.89 18052005 00
 -1.45 -1.76 -1.76 -1.27 -0.39  0.58  1.35  1.73  1.73  1.36  0.70 -0.14 18052005 12
 -0.88 -1.30 -1.42 -1.19 -0.46  0.48  1.36  1.86  1.92  1.53  0.84 -0.08 19052005 00
 -1.02 -1.69 -2.04 -1.99 -1.35 -0.25  0.92  1.81  2.20  2.07  1.49  0.66 19052005 12
 -0.34 -1.19 -1.66 -1.79 -1.39 -0.41  0.80  1.84  2.40  2.40  1.83  0.91 20052005 00
 -0.22 -1.28 -1.96 -2.30 -2.12 -1.21  0.15  1.46  2.35  2.62  2.26  1.40 20052005 12
  0.32 -0.89 -1.74 -2.18 -2.21 -1.56 -0.27  1.17  2.24  2.70  2.48  1.62 21052005 00
  0.47 -0.85 -1.91 -2.51 -2.71 -2.25 -0.98  0.67  2.05  2.86  2.96  2.32 21052005 12
  1.23 -0.10 -1.37 -2.16 -2.53 -2.34 -1.31  0.31  1.87  2.87  3.14  2.62 22052005 00
  1.49  0.13 -1.31 -2.30 -2.85 -2.89 -2.07 -0.44  1.36  2.66  3.28  3.05 22052005 12
  2.05  0.75 -0.75 -1.96 -2.67 -2.91 -2.40 -0.95  0.92  2.45  3.31  3.35 23052005 00
  2.51  1.21 -0.35 -1.74 -2.62 -3.06 -2.81 -1.56  0.31  2.06  3.18  3.52 23052005 12
  2.95  1.73  0.21 -1.36 -2.43 -3.01 -3.05 -2.12 -0.30  1.65  2.98  3.62 24052005 00
  3.32  2.19  0.77 -0.91 -2.21 -2.98 -3.28 -2.76 -1.18  0.85  2.49  3.39 24052005 12
  3.49  2.60  1.23 -0.38 -1.88 -2.83 -3.30 -3.11 -1.85  0.13  1.94  3.13 25052005 00
  3.55  3.01  1.76  0.25 -1.37 -2.48 -3.11 -3.21 -2.36 -0.54  1.45  2.86 25052005 12
  3.59  3.40  2.32  0.93 -0.74 -2.07 -2.88 -3.26 -2.90 -1.45  0.52  2.20 26052005 00
  3.17  3.37  2.62  1.31 -0.20 -1.68 -2.63 -3.11 -2.99 -1.92 -0.08  1.71 26052005 12
  2.91  3.39  2.97  1.80  0.37 -1.24 -2.40 -3.08 -3.33 -2.79 -1.28  0.64 27052005 00
  2.14  2.97  3.04  2.23  0.99 -0.43 -1.75 -2.54 -2.87 -2.57 -1.40  0.35 27052005 12
  1.93  2.98  3.32  2.81  1.73  0.39 -1.06 -2.09 -2.68 -2.80 -2.10 -0.60 28052005 00
  1.09  2.33  2.99  2.89  2.13  1.04 -0.30 -1.43 -2.08 -2.36 -2.10 -1.01 28052005 12
  0.53  1.93  2.78  2.92  2.33  1.30  0.04 -1.27 -2.17 -2.73 -2.89 -2.36 29052005 00
 -1.09  0.41  1.61  2.28  2.27  1.65  0.70 -0.42 -1.44 -2.04 -2.28 -2.04 29052005 12
 -1.13  0.23  1.50  2.33  2.54  2.13  1.25  0.15 -1.03 -1.88 -2.41 -2.61 30052005 00
 -2.24 -1.21  0.14  1.29  1.96  2.04  1.60  0.79 -0.19 -1.16 -1.79 -2.07 30052005 12
 -1.95 -1.24 -0.08  1.12  1.97  2.29  2.04  1.32  0.35 -0.77 -1.67 -2.26 31052005 00
 -2.56 -2.36 -1.51 -0.26  0.92  1.71  1.97  1.70  1.01  0.11 -0.86 -1.60 31052005 12
 -1.97 -1.99 -1.48 -0.45  0.77  1.74  2.23  2.15  1.58  0.71 -0.37 -1.35 01062005 00
 -1.99 -2.36 -2.26 -1.50 -0.28  0.99  1.91  2.30  2.11  1.46  0.53 -0.54 01062005 12
 -1.40 -1.88 -2.02 -1.61 -0.59  0.68  1.78  2.40  2.43  1.89  0.98 -0.16 02062005 00
 -1.25 -1.96 -2.37 -2.34 -1.60 -0.31  1.05  2.06  2.50  2.32  1.61  0.63 02062005 12
 -0.52 -1.44 -1.95 -2.11 -1.68 -0.59  0.80  1.97  2.64  2.65  2.04  1.03 03062005 00
 -0.21 -1.37 -2.11 -2.51 -2.39 -1.51 -0.06  1.39  2.41  2.79  2.49  1.62 03062005 12
  0.50 -0.78 -1.72 -2.22 -2.31 -1.74 -0.47  1.03  2.21  2.83  2.74  1.96 04062005 00
  0.85 -0.47 -1.60 -2.28 -2.60 -2.32 -1.23  0.35  1.77  2.65  2.85  2.31 04062005 12
  1.26 -0.01 -1.31 -2.18 -2.61 -2.57 -1.76 -0.29  1.27  2.37  2.82  2.51 05062005 00
  1.56  0.33 -1.04 -2.08 -2.64 -2.76 -2.19 -0.82  0.85  2.15  2.86  2.80 05062005 12
  1.98  0.79 -0.60 -1.83 -2.57 -2.90 -2.62 -1.50  0.13  1.59  2.51  2.73 06062005 00
  2.13  0.99 -0.32 -1.65 -2.53 -2.95 -2.82 -1.89 -0.28  1.35  2.44  2.89 06062005 12
  2.51  1.45  0.17 -1.24 -2.30 -2.88 -3.00 -2.42 -1.03  0.65  1.94  2.62 07062005 00
  2.53  1.66  0.43 -0.93 -2.11 -2.78 -2.98 -2.54 -1.25  0.46  1.87  2.71 07062005 12
  2.83  2.14  0.97 -0.40 -1.73 -2.60 -3.03 -2.93 -2.01 -0.42  1.15  2.19 08062005 00
  2.58  2.16  1.09 -0.15 -1.49 -2.46 -2.93 -2.86 -2.06 -0.56  1.07  2.22 08062005 12
  2.80  2.61  1.68  0.45 -0.95 -2.09 -2.75 -3.00 -2.64 -1.43  0.19  1.54 09062005 00
  2.34  2.41  1.71  0.58 -0.67 -1.84 -2.57 -2.82 -2.50 -1.43  0.14  1.57 09062005 12
  2.49  2.77  2.27  1.21 -0.05 -1.37 -2.28 -2.76 -2.80 -2.15 -0.79  0.73 10062005 00
  1.84  2.35  2.12  1.25  0.13 -1.07 -2.04 -2.54 -2.57 -1.99 -0.76  0.75 10062005 12
  1.93  2.59  2.56  1.85  0.77 -0.47 -1.60 -2.29 -2.62 -2.44 -1.56 -0.18 11062005 00
  1.14  2.00  2.24  1.82  0.90 -0.17 -1.26 -2.01 -2.30 -2.14 -1.38 -0.12 11062005 12
  1.21  2.18  2.58  2.31  1.49  0.45 -0.72 -1.61 -2.12 -2.31 -1.94 -0.93 12062005 00
  0.40  1.51  2.12  2.13  1.57  0.70 -0.31 -1.27 -1.82 -1.99 -1.72 -0.89 12062005 12
  0.28  1.39  2.14  2.32  1.93  1.12  0.13 -0.91 -1.60 -1.95 -2.00 -1.52 13062005 00
 -0.47  0.74  1.67  2.08  1.96  1.38  0.57 -0.37 -1.15 -1.56 -1.65 -1.34 13062005 12
 -0.51  0.56  1.52  2.07  2.12  1.66  0.88 -0.08 -1.01 -1.60 -1.92 -1.88 14062005 00
 -1.29 -0.29  0.79  1.59  1.90  1.75  1.21  0.48 -0.38 -1.06 -1.41 -1.49 14062005 12
 -1.14 -0.30  0.70  1.55  2.00  1.99  1.53  0.82 -0.10 -0.96 -1.53 -1.82 15062005 00
 -1.74 -1.11 -0.13  0.89  1.62  1.88  1.72  1.22  0.52 -0.31 -0.99 -1.37 15062005 12
 -1.48 -1.18 -0.41  0.55  1.40  1.81  1.79  1.33  0.64 -0.22 -1.03 -1.57 16062005 00
 -1.82 -1.71 -1.10 -0.12  0.88  1.60  1.88  1.74  1.25  0.52 -0.37 -1.08 16062005 12
 -1.49 -1.62 -1.32 -0.49  0.54  1.43  1.89  1.84  1.36  0.61 -0.35 -1.27 17062005 00
 -1.88 -2.21 -2.17 -1.55 -0.48  0.66  1.51  1.90  1.77  1.21  0.38 -0.58 17062005 12
 -1.38 -1.82 -1.94 -1.59 -0.72  0.43  1.41  1.95  1.94  1.41  0.53 -0.51 18062005 00
 -1.50 -2.14 -2.48 -2.36 -1.60 -0.34  0.95  1.87  2.25  2.04  1.32  0.35 18062005 12
 -0.74 -1.61 -2.07 -2.18 -1.72 -0.65  0.71  1.81  2.42  2.37  1.71  0.69 19062005 00
 -0.50 -1.59 -2.28 -2.61 -2.43 -1.51 -0.07  1.33  2.30  2.64  2.29  1.38 19062005 12
  0.24 -1.01 -1.94 -2.43 -2.50 -1.90 -0.59  0.97  2.17  2.75  2.59  1.75 20062005 00
  0.57 -0.78 -1.92 -2.61 -2.90 -2.57 -1.38  0.32  1.81  2.76  2.98  2.41 20062005 12
  1.29 -0.05 -1.43 -2.35 -2.82 -2.77 -1.91 -0.30  1.41  2.63  3.16  2.85 21062005 00
  1.80  0.46 -1.04 -2.20 -2.88 -3.12 -2.61 -1.13  0.72  2.23  3.07  3.13 21062005 12
  2.32  1.05 -0.45 -1.85 -2.74 -3.19 -3.04 -1.91 -0.05  1.72  2.89  3.31 22062005 00
  2.82  1.61  0.18 -1.37 -2.47 -3.09 -3.20 -2.41 -0.69  1.27  2.69  3.45 22062005 12
  3.32  2.29  0.91 -0.75 -2.12 -2.97 -3.39 -3.11 -1.75  0.23  2.02  3.08 23062005 00
  3.38  2.70  1.39 -0.11 -1.66 -2.70 -3.24 -3.21 -2.18 -0.27  1.66  2.99 23062005 12
  3.61  3.26  2.06  0.58 -1.12 -2.40 -3.18 -3.52 -3.06 -1.53  0.53  2.20 24062005 00
  3.15  3.31  2.49  1.11 -0.44 -1.92 -2.85 -3.27 -3.05 -1.81  0.14  1.95 24062005 12
  3.13  3.57  3.03  1.76  0.24 -1.43 -2.62 -3.34 -3.59 -3.00 -1.37  0.64 25062005 00
  2.17  3.00  3.01  2.09  0.71 -0.80 -2.15 -2.96 -3.27 -2.90 -1.58  0.34 25062005 12
  2.04  3.07  3.36  2.71  1.44 -0.05 -1.60 -2.68 -3.32 -3.46 -2.73 -1.08 26062005 00
  0.77  2.13  2.83  2.72  1.79  0.50 -0.93 -2.12 -2.80 -3.01 -2.56 -1.23 26062005 12
  0.56  2.05  2.94  3.09  2.39  1.20 -0.22 -1.62 -2.56 -3.11 -3.19 -2.45 27062005 00
 -0.92  0.75  1.98  2.60  2.42  1.54  0.39 -0.91 -1.98 -2.58 -2.73 -2.25 27062005 12
 -1.02  0.61  1.95  2.75  2.82  2.16  1.07 -0.24 -1.52 -2.36 -2.84 -2.88 28062005 00
 -2.19 -0.83  0.70  1.84  2.39  2.22  1.46  0.43 -0.72 -1.68 -2.19 -2.31 28062005 12
 -1.88 -0.79  0.65  1.86  2.56  2.63  2.08  1.12 -0.05 -1.20 -1.97 -2.43 29062005 00
 -2.48 -1.86 -0.65  0.71  1.75  2.25  2.14  1.53  0.64 -0.40 -1.32 -1.83 29062005 12
 -1.99 -1.67 -0.76  0.50  1.64  2.35  2.48  2.06  1.24  0.19 -0.89 -1.65 30062005 00
 -2.10 -2.23 -1.74 -0.68  0.59  1.61  2.17  2.16  1.67  0.87 -0.11 -1.03 30062005 12
 -1.59 -1.82 -1.64 -0.87  0.26  1.36  2.11  2.29  1.95  1.20  0.25 -0.80 01072005 00
 -1.58 -2.05 -2.20 -1.77 -0.77  0.47  1.51  2.10  2.14  1.67  0.87 -0.10 01072005 12
 -1.05 -1.66 -1.95 -1.85 -1.17 -0.05  1.08  1.87  2.15  1.89  1.18  0.25 02072005 00
 -0.81 -1.61 -2.05 -2.16 -1.71 -0.69  0.59  1.65  2.26  2.32  1.85  1.03 02072005 12
  0.02 -0.94 -1.54 -1.83 -1.76 -1.07  0.09  1.30  2.15  2.41  2.07  1.24 03072005 00
  0.22 -0.90 -1.68 -2.12 -2.20 -1.69 -0.60  0.71  1.77  2.33  2.28  1.67 03072005 12
  0.73 -0.38 -1.38 -1.99 -2.27 -2.06 -1.20  0.09  1.31  2.12  2.31  1.88 04072005 00
  1.01 -0.04 -1.14 -1.88 -2.22 -2.12 -1.39 -0.10  1.26  2.24  2.66  2.43 04072005 12
  1.63  0.56 -0.69 -1.66 -2.21 -2.41 -2.01 -0.89  0.55  1.75  2.42  2.43 05072005 00
  1.81  0.83 -0.33 -1.41 -2.05 -2.28 -1.96 -0.94  0.50  1.81  2.64  2.83 05072005 12
  2.34  1.36  0.16 -1.09 -1.94 -2.41 -2.46 -1.82 -0.54  0.93  2.03  2.51 06072005 00
  2.26  1.39  0.28 -0.94 -1.91 -2.40 -2.44 -1.81 -0.51  1.02  2.20  2.82 06072005 12
  2.75  1.97  0.83 -0.52 -1.69 -2.41 -2.76 -2.56 -1.56 -0.02  1.41  2.31 07072005 00
  2.53  1.97  0.90 -0.33 -1.56 -2.36 -2.70 -2.49 -1.54 -0.01  1.48  2.51 07072005 12
  2.90  2.52  1.52  0.27 -1.11 -2.12 -2.68 -2.82 -2.28 -0.93  0.67  1.90 08072005 00
  2.53  2.40  1.56  0.40 -0.88 -1.99 -2.59 -2.72 -2.23 -0.99  0.63  1.96 08072005 12
  2.75  2.83  2.14  0.99 -0.36 -1.64 -2.45 -2.87 -2.76 -1.84 -0.31  1.21 09072005 00
  2.20  2.55  2.11  1.09 -0.12 -1.39 -2.30 -2.72 -2.62 -1.82 -0.37  1.18 09072005 12
  2.29  2.80  2.54  1.60  0.38 -0.98 -2.07 -2.69 -2.90 -2.50 -1.29  0.29 10072005 00
  1.59  2.33  2.34  1.64  0.54 -0.68 -1.82 -2.48 -2.69 -2.34 -1.29  0.23 10072005 12
  1.60  2.44  2.63  2.07  1.01 -0.25 -1.52 -2.37 -2.82 -2.78 -2.05 -0.66 11072005 00
  0.82  1.85  2.30  2.03  1.15  0.05 -1.13 -2.05 -2.50 -2.48 -1.88 -0.67 11072005 12
  0.78  1.89  2.48  2.35  1.58  0.47 -0.77 -1.84 -2.46 -2.72 -2.46 -1.50 12072005 00
 -0.09  1.20  2.00  2.17  1.67  0.75 -0.31 -1.38 -2.07 -2.33 -2.13 -1.35 12072005 12
 -0.09  1.19  2.07  2.36  2.00  1.12  0.02 -1.15 -2.01 -2.47 -2.57 -2.11 13072005 00
 -1.01  0.35  1.42  2.00  1.95  1.35  0.43 -0.58 -1.49 -1.98 -2.11 -1.78 13072005 12
 -0.90  0.36  1.47  2.13  2.20  1.70  0.80 -0.25 -1.28 -1.95 -2.30 -2.27 14072005 00
 -1.65 -0.53  0.70  1.61  2.02  1.85  1.25  0.41 -0.53 -1.31 -1.71 -1.78 14072005 12
 -1.38 -0.47  0.67  1.64  2.14  2.09  1.52  0.66 -0.36 -1.28 -1.86 -2.17 15072005 00
 -2.09 -1.43 -0.35  0.77  1.57  1.88  1.68  1.10  0.30 -0.60 -1.32 -1.69 15072005 12
 -1.76 -1.36 -0.49  0.59  1.50  1.97  1.92  1.40  0.60 -0.35 -1.25 -1.83 16072005 00
 -2.15 -2.09 -1.46 -0.40  0.72  1.53  1.86  1.70  1.17  0.41 -0.52 -1.27 16072005 12
 -1.68 -1.81 -1.52 -0.70  0.41  1.37  1.93  1.97  1.53  0.76 -0.18 -1.13 17072005 00
 -1.76 -2.12 -2.14 -1.58 -0.51  0.70  1.63  2.09  2.01  1.50  0.69 -0.31 17072005 12
 -1.18 -1.68 -1.88 -1.64 -0.81  0.38  1.49  2.21  2.36  1.99  1.21  0.18 18072005 00
 -0.90 -1.68 -2.14 -2.23 -1.67 -0.53  0.82  1.91  2.49  2.46  1.88  0.94 18072005 12
 -0.20 -1.22 -1.88 -2.24 -2.11 -1.25  0.11  1.44  2.34  2.61  2.24  1.35 19072005 00
  0.24 -1.01 -1.92 -2.42 -2.52 -1.94 -0.62  0.96  2.19  2.85  2.79  2.05 19072005 12
  0.95 -0.40 -1.60 -2.34 -2.72 -2.55 -1.54  0.05  1.60  2.62  2.93  2.46 20072005 00
  1.40  0.10 -1.31 -2.31 -2.86 -2.95 -2.24 -0.69  1.08  2.40  3.08  2.95 20072005 12
  2.02  0.75 -0.76 -2.06 -2.86 -3.26 -3.01 -1.76  0.11  1.80  2.86  3.18 21072005 00
  2.59  1.35 -0.09 -1.61 -2.64 -3.18 -3.17 -2.23 -0.40  1.51  2.85  3.50 21072005 12
  3.20  2.05  0.62 -1.06 -2.39 -3.20 -3.56 -3.14 -1.64  0.44  2.18  3.18 22072005 00
  3.38  2.59  1.20 -0.36 -1.90 -2.88 -3.36 -3.19 -1.94  0.11  2.04  3.31 22072005 12
  3.80  3.28  1.97  0.39 -1.36 -2.61 -3.38 -3.67 -3.03 -1.25  0.92  2.56 23072005 00
  3.45  3.46  2.46  0.99 -0.67 -2.14 -3.03 -3.41 -3.01 -1.50  0.64  2.50 23072005 12
  3.62  3.92  3.17  1.75  0.05 -1.66 -2.81 -3.51 -3.67 -2.81 -0.86  1.25 24072005 00
  2.78  3.49  3.28  2.11  0.63 -1.03 -2.37 -3.13 -3.36 -2.72 -1.01  1.13 24072005 12
  2.78  3.70  3.78  2.82  1.39 -0.33 -1.88 -2.88 -3.46 -3.45 -2.36 -0.40 25072005 00
  1.54  2.84  3.37  2.94  1.70  0.26 -1.32 -2.46 -3.05 -3.10 -2.29 -0.56 25072005 12
  1.41  2.82  3.56  3.41  2.37  0.99 -0.66 -2.02 -2.88 -3.33 -3.12 -1.88 26072005 00
 -0.04  1.66  2.72  3.05  2.47  1.28 -0.07 -1.47 -2.41 -2.85 -2.75 -1.83 26072005 12
 -0.17  1.54  2.71  3.24  2.94  1.92  0.65 -0.83 -1.97 -2.65 -2.97 -2.64 27072005 00
 -1.43  0.21  1.63  2.49  2.65  2.04  0.99 -0.24 -1.44 -2.19 -2.52 -2.36 27072005 12
 -1.49 -0.04  1.39  2.36  2.72  2.38  1.46  0.31 -0.96 -1.89 -2.43 -2.63 28072005 00
 -2.27 -1.20  0.21  1.40  2.09  2.17  1.65  0.77 -0.24 -1.23 -1.86 -2.12 28072005 12
 -1.94 -1.18 -0.00  1.18  2.00  2.28  2.01  1.28  0.34 -0.71 -1.51 -1.97 29072005 00
 -2.14 -1.84 -0.97  0.21  1.22  1.82  1.89  1.52  0.81 -0.04 -0.92 -1.49 29072005 12
 -1.77 -1.72 -1.19 -0.25  0.77  1.53  1.83  1.68  1.16  0.42 -0.47 -1.23 30072005 00
 -1.70 -1.92 -1.73 -1.03 -0.01  0.94  1.56  1.72  1.49  0.93  0.18 -0.65 30072005 12
 -1.27 -1.61 -1.70 -1.37 -0.62  0.34  1.15  1.57  1.56  1.19  0.55 -0.25 31072005 00
 -1.03 -1.54 -1.78 -1.69 -1.12 -0.19  0.80  1.53  1.80  1.65  1.13  0.40 31072005 12
 -0.47 -1.17 -1.60 -1.79 -1.56 -0.84  0.15  1.04  1.58  1.66  1.33  0.68 01082005 00
 -0.15 -1.01 -1.59 -1.86 -1.80 -1.23 -0.24  0.83  1.63  1.96  1.79  1.23 01082005 12
  0.41 -0.55 -1.36 -1.85 -2.05 -1.78 -0.97  0.14  1.15  1.76  1.84  1.43 02082005 00
  0.66 -0.25 -1.16 -1.74 -1.97 -1.76 -0.99  0.17  1.31  2.09  2.34  2.03 02082005 12
  1.26  0.26 -0.85 -1.66 -2.12 -2.23 -1.77 -0.73  0.55  1.57  2.10  2.03 03082005 00
  1.40  0.45 -0.64 -1.60 -2.13 -2.27 -1.87 -0.86  0.50  1.70  2.41  2.49 03082005 12
  1.95  0.97 -0.20 -1.34 -2.10 -2.49 -2.42 -1.65 -0.34  1.04  2.00  2.34 04082005 00
  1.98  1.08 -0.03 -1.23 -2.11 -2.50 -2.41 -1.64 -0.27  1.22  2.30  2.83 04082005 12
  2.64  1.81  0.68 -0.66 -1.74 -2.38 -2.64 -2.28 -1.13  0.41  1.71  2.43 05082005 00
  2.46  1.74  0.59 -0.68 -1.86 -2.57 -2.80 -2.39 -1.20  0.44  1.86  2.73 05082005 12
  2.93  2.32  1.20 -0.14 -1.50 -2.41 -2.89 -2.85 -2.01 -0.46  1.18  2.30 06082005 00
  2.76  2.41  1.38  0.12 -1.27 -2.30 -2.80 -2.77 -2.00 -0.47  1.22  2.44 06082005 12
  3.04  2.85  1.88  0.60 -0.88 -2.09 -2.79 -3.06 -2.66 -1.36  0.38  1.84 07082005 00
  2.68  2.76  2.01  0.79 -0.58 -1.87 -2.65 -2.93 -2.58 -1.39  0.34  1.87 07082005 12
  2.84  3.08  2.46  1.27 -0.15 -1.58 -2.53 -3.03 -3.00 -2.13 -0.49  1.22 08082005 00
  2.39  2.90  2.55  1.49  0.21 -1.21 -2.26 -2.77 -2.78 -2.04 -0.54  1.18 08082005 12
  2.45  3.07  2.88  1.90  0.61 -0.87 -2.07 -2.77 -3.04 -2.64 -1.35  0.38 09082005 00
  1.84  2.67  2.77  2.05  0.87 -0.47 -1.72 -2.48 -2.76 -2.44 -1.32  0.33 09082005 12
  1.84  2.76  3.00  2.42  1.27 -0.08 -1.45 -2.35 -2.83 -2.83 -2.04 -0.54 10082005 00
  1.08  2.21  2.71  2.43  1.47  0.29 -1.02 -2.01 -2.50 -2.53 -1.90 -0.57 10082005 12
  1.00  2.19  2.81  2.67  1.82  0.66 -0.68 -1.82 -2.47 -2.73 -2.43 -1.36 11082005 00
  0.17  1.53  2.36  2.52  1.98  0.98 -0.18 -1.33 -2.04 -2.33 -2.14 -1.29 11082005 12
  0.08  1.46  2.38  2.66  2.24  1.31  0.18 -1.05 -1.94 -2.43 -2.52 -2.01 12082005 00
 -0.85  0.54  1.63  2.21  2.13  1.48  0.52 -0.54 -1.47 -1.98 -2.14 -1.82 12082005 12
 -0.89  0.40  1.53  2.23  2.35  1.87  1.00 -0.03 -1.04 -1.69 -2.03 -2.03 13082005 00
 -1.42 -0.32  0.88  1.78  2.15  1.96  1.32  0.48 -0.49 -1.28 -1.74 -1.92 13082005 12
 -1.64 -0.78  0.38  1.40  1.99  2.05  1.60  0.83 -0.10 -1.03 -1.66 -2.00 14082005 00
 -2.03 -1.57 -0.65  0.43  1.29  1.71  1.62  1.15  0.42 -0.42 -1.19 -1.65 14082005 12
 -1.86 -1.71 -1.05 -0.04  0.93  1.60  1.79  1.55  0.95  0.16 -0.73 -1.41 15082005 00
 -1.83 -2.00 -1.72 -0.94  0.12  1.06  1.64  1.75  1.45  0.81 -0.02 -0.90 15082005 12
 -1.54 -1.91 -1.97 -1.53 -0.63  0.46  1.35  1.82  1.79  1.35  0.59 -0.34 16082005 00
 -1.23 -1.83 -2.15 -2.06 -1.39 -0.26  0.92  1.79  2.15  1.98  1.32  0.40 16082005 12
 -0.67 -1.58 -2.14 -2.38 -2.09 -1.14  0.20  1.40  2.16  2.33  1.93  1.07 17082005 00
  0.00 -1.13 -1.93 -2.37 -2.38 -1.70 -0.39  1.07  2.18  2.71  2.54  1.75 17082005 12
  0.63 -0.70 -1.82 -2.52 -2.85 -2.58 -1.47  0.15  1.63  2.59  2.86  2.35 18082005 00
  1.29  0.00 -1.36 -2.30 -2.80 -2.79 -1.95 -0.32  1.42  2.66  3.23  2.96 18082005 12
  1.92  0.56 -0.99 -2.24 -3.01 -3.36 -2.97 -1.57  0.35  2.02  2.99  3.21 19082005 00
  2.48  1.17 -0.33 -1.83 -2.79 -3.25 -3.11 -1.94  0.03  1.92  3.18  3.67 19082005 12
  3.16  1.85  0.29 -1.43 -2.70 -3.49 -3.79 -3.19 -1.42  0.73  2.40  3.30 20082005 00
  3.33  2.32  0.81 -0.85 -2.35 -3.26 -3.63 -3.22 -1.69  0.53  2.44  3.57 20082005 12
  3.88  3.09  1.60 -0.13 -1.89 -3.07 -3.78 -3.91 -2.95 -0.88  1.34  2.90 21082005 00
  3.59  3.35  2.08  0.49 -1.27 -2.66 -3.45 -3.66 -2.90 -0.99  1.35  3.06 21082005 12
  3.99  4.01  2.91  1.35 -0.52 -2.12 -3.15 -3.75 -3.66 -2.37 -0.19  1.91 22082005 00
  3.19  3.63  3.03  1.54 -0.10 -1.81 -2.98 -3.61 -3.62 -2.56 -0.45  1.73 22082005 12
  3.21  3.89  3.60  2.32  0.74 -1.09 -2.49 -3.36 -3.74 -3.29 -1.65  0.58 23082005 00
  2.37  3.37  3.55  2.67  1.23 -0.40 -1.95 -2.89 -3.31 -3.06 -1.69  0.38 23082005 12
  2.24  3.42  3.81  3.26  2.07  0.60 -0.97 -2.00 -2.55 -2.67 -1.97 -0.40 24082005 00
  1.47  2.85  3.44  3.16  2.07  0.69 -0.90 -2.14 -2.84 -3.07 -2.53 -1.00 24082005 12
  0.91  2.45  3.30  3.40  2.62  1.42 -0.03 -1.39 -2.25 -2.73 -2.71 -1.82 25082005 00
 -0.23  1.39  2.49  2.92  2.59  1.62  0.44 -0.88 -1.83 -2.29 -2.35 -1.75 25082005 12
 -0.46  1.04  2.19  2.78  2.66  1.88  0.82 -0.41 -1.46 -2.07 -2.36 -2.15 26082005 00
 -1.22  0.12  1.34  2.14  2.32  1.91  1.12  0.16 -0.88 -1.57 -1.90 -1.92 26082005 12
 -1.38 -0.34  0.83  1.72  2.12  1.96  1.36  0.53 -0.45 -1.24 -1.68 -1.87 27082005 00
 -1.67 -0.94  0.09  1.04  1.64  1.76  1.48  0.89  0.14 -0.67 -1.25 -1.56 27082005 12
 -1.64 -1.29 -0.54  0.36  1.10  1.46  1.45  1.11  0.56 -0.12 -0.78 -1.17 28082005 00
 -1.31 -1.20 -0.69  0.06  0.84  1.39  1.63  1.57  1.21  0.61 -0.10 -0.70 28082005 12
 -1.09 -1.30 -1.20 -0.71 -0.02  0.69  1.15  1.30  1.22  0.84  0.23 -0.44 29082005 00
 -0.97 -1.29 -1.42 -1.20 -0.64  0.09  0.81  1.24  1.37  1.18  0.70  0.02 29082005 12
 -0.70 -1.23 -1.54 -1.63 -1.30 -0.63  0.19  0.88  1.24  1.27  0.98  0.41 30082005 00
 -0.29 -0.97 -1.40 -1.57 -1.42 -0.84  0.04  0.93  1.55  1.75  1.55  0.99 30082005 12
  0.20 -0.69 -1.39 -1.80 -1.92 -1.56 -0.73  0.32  1.21  1.70  1.70  1.29 31082005 00
  0.54 -0.33 -1.14 -1.61 -1.75 -1.47 -0.68  0.44  1.50  2.16  2.27  1.85 31082005 12
  1.06  0.06 -0.98 -1.69 -2.06 -2.04 -1.44 -0.35  0.87  1.79  2.14  1.90 01092005 00
  1.18  0.23 -0.85 -1.71 -2.13 -2.16 -1.61 -0.48  0.87  1.92  2.46  2.35 01092005 12
  1.63  0.58 -0.64 -1.69 -2.32 -2.59 -2.29 -1.28  0.15  1.42  2.20  2.34 02092005 00
  1.79  0.77 -0.41 -1.58 -2.32 -2.61 -2.35 -1.37  0.12  1.54  2.45  2.71 02092005 12
  2.20  1.14 -0.13 -1.47 -2.42 -2.91 -2.90 -2.14 -0.66  0.95  2.09  2.63 03092005 00
  2.37  1.40  0.17 -1.17 -2.25 -2.80 -2.83 -2.12 -0.65  1.04  2.31  2.96 03092005 12
  2.81  1.88  0.61 -0.86 -2.10 -2.84 -3.11 -2.73 -1.45  0.33  1.87  2.76 04092005 00
  2.89  2.16  0.91 -0.50 -1.85 -2.69 -3.02 -2.69 -1.48  0.33  1.93  2.93 04092005 12
  3.20  2.58  1.34 -0.10 -1.58 -2.56 -3.08 -3.05 -2.12 -0.37  1.44  2.67 05092005 00
  3.19  2.81  1.66  0.30 -1.23 -2.36 -2.94 -2.98 -2.18 -0.51  1.35  2.69 05092005 12
  3.34  3.12  2.03  0.65 -0.94 -2.21 -2.95 -3.22 -2.74 -1.27  0.64  2.21 06092005 00
  3.08  3.16  2.32  1.01 -0.49 -1.87 -2.69 -3.01 -2.65 -1.34  0.56  2.20 06092005 12
  3.20  3.43  2.72  1.44 -0.08 -1.57 -2.53 -3.02 -2.95 -1.96 -0.21  1.59 07092005 00
  2.78  3.25  2.84  1.69  0.34 -1.17 -2.23 -2.76 -2.76 -1.91 -0.26  1.54 07092005 12
  2.85  3.45  3.21  2.19  0.84 -0.71 -1.93 -2.66 -2.97 -2.54 -1.16  0.62 08092005 00
  2.09  2.90  2.93  2.12  0.87 -0.53 -1.81 -2.56 -2.85 -2.51 -1.33  0.38 08092005 12
  1.90  2.83  3.05  2.43  1.27 -0.09 -1.47 -2.36 -2.81 -2.76 -1.93 -0.41 09092005 00
  1.19  2.30  2.78  2.47  1.50  0.31 -1.01 -2.01 -2.50 -2.54 -1.95 -0.66 09092005 12
  0.89  2.08  2.70  2.57  1.77  0.66 -0.61 -1.71 -2.35 -2.62 -2.34 -1.32 10092005 00
  0.13  1.42  2.21  2.37  1.86  0.92 -0.17 -1.28 -2.00 -2.33 -2.24 -1.54 10092005 12
 -0.32  0.99  1.92  2.31  2.06  1.27  0.28 -0.81 -1.64 -2.08 -2.22 -1.90 11092005 00
 -1.00  0.24  1.29  1.89  1.93  1.46  0.67 -0.26 -1.17 -1.73 -1.99 -1.92 11092005 12
 -1.34 -0.32  0.77  1.56  1.87  1.68  1.11  0.34 -0.56 -1.27 -1.68 -1.86 12092005 00
 -1.66 -0.96  0.04  0.96  1.54  1.65  1.38  0.83  0.11 -0.69 -1.30 -1.66 12092005 12
 -1.78 -1.47 -0.72  0.25  1.09  1.57  1.61  1.32  0.76  0.05 -0.69 -1.21 13092005 00
 -1.51 -1.60 -1.20 -0.40  0.52  1.31  1.72  1.76  1.45  0.87  0.07 -0.71 13092005 12
 -1.23 -1.51 -1.52 -1.06 -0.23  0.73  1.53  1.87  1.81  1.34  0.59 -0.34 14092005 00
 -1.19 -1.76 -2.05 -1.93 -1.24 -0.14  0.99  1.80  2.11  1.90  1.23  0.29 14092005 12
 -0.78 -1.65 -2.19 -2.43 -2.11 -1.12  0.26  1.49  2.27  2.44  2.01  1.14 15092005 00
  0.02 -1.15 -1.95 -2.35 -2.29 -1.54 -0.21  1.23  2.27  2.70  2.41  1.49 15092005 12
  0.29 -1.08 -2.19 -2.89 -3.18 -2.83 -1.59  0.12  1.61  2.52  2.74  2.13 16092005 00
  0.96 -0.38 -1.72 -2.61 -3.03 -2.86 -1.81 -0.04  1.69  2.85  3.30  2.82 16092005 12
  1.60  0.15 -1.44 -2.62 -3.34 -3.57 -2.95 -1.28  0.75  2.30  3.15  3.18 17092005 00
  2.24  0.84 -0.74 -2.17 -3.04 -3.40 -3.01 -1.52  0.58  2.41  3.47  3.73 17092005 12
  2.93  1.49 -0.20 -1.89 -3.03 -3.71 -3.80 -2.82 -0.77  1.39  2.88  3.53 18092005 00
  3.24  1.95  0.35 -1.40 -2.76 -3.54 -3.72 -2.94 -0.99  1.31  2.98  3.87 18092005 12
  3.84  2.71  1.12 -0.75 -2.34 -3.36 -3.89 -3.64 -2.15  0.15  2.23  3.46 19092005 00
  3.86  3.17  1.66 -0.03 -1.79 -2.95 -3.56 -3.53 -2.34 -0.12  2.07  3.53 19092005 12
  4.14  3.67  2.27  0.58 -1.33 -2.70 -3.57 -3.92 -3.31 -1.43  0.88  2.65 20092005 00
  3.57  3.58  2.47  0.86 -0.90 -2.46 -3.41 -3.81 -3.40 -1.81  0.48  2.42 20092005 12
  3.53  3.84  3.04  1.54 -0.16 -1.88 -2.99 -3.61 -3.62 -2.54 -0.47  1.63 21092005 00
  3.04  3.61  3.20  1.89  0.35 -1.35 -2.59 -3.27 -3.39 -2.60 -0.80  1.31 21092005 12
  2.81  3.60  3.49  2.44  1.05 -0.62 -2.02 -2.86 -3.25 -2.91 -1.51  0.44 22092005 00
  2.11  3.08  3.27  2.54  1.26 -0.22 -1.67 -2.58 -3.03 -2.89 -1.84 -0.08 22092005 12
  1.63  2.77  3.24  2.87  1.83  0.56 -0.88 -1.90 -2.41 -2.49 -1.85 -0.45 23092005 00
  1.17  2.41  3.04  2.92  2.05  0.84 -0.56 -1.69 -2.36 -2.68 -2.43 -1.40 23092005 12
  0.07  1.39  2.19  2.33  1.80  0.86 -0.23 -1.34 -2.05 -2.35 -2.21 -1.47 24092005 00
 -0.24  1.02  1.91  2.29  2.06  1.32  0.39 -0.61 -1.37 -1.75 -1.87 -1.49 24092005 12
 -0.55  0.62  1.57  2.09  2.07  1.60  0.88  0.02 -0.80 -1.30 -1.53 -1.43 25092005 00
 -0.82  0.07  0.98  1.61  1.79  1.58  1.06  0.36 -0.43 -1.02 -1.37 -1.53 25092005 12
 -1.31 -0.69  0.08  0.78  1.16  1.20  0.99  0.56  0.01 -0.54 -0.87 -0.97 26092005 00
 -0.89 -0.51  0.18  0.91  1.48  1.76  1.78  1.56  1.14  0.50 -0.17 -0.68 26092005 12
 -1.00 -1.04 -0.76 -0.26  0.33  0.79  1.04  1.08  0.92  0.61  0.21 -0.24 27092005 00
 -0.58 -0.77 -0.72 -0.38  0.16  0.72  1.16  1.34  1.24  0.89  0.34 -0.28 27092005 12
 -0.80 -1.17 -1.34 -1.22 -0.75 -0.11  0.57  1.05  1.24  1.18  0.86  0.32 28092005 00
 -0.29 -0.81 -1.07 -1.05 -0.63  0.20  1.13  1.78  2.03  1.93  1.52  0.82 28092005 12
 -0.10 -0.90 -1.41 -1.74 -1.78 -1.30 -0.46  0.49  1.24  1.58  1.49  1.00 29092005 00
  0.25 -0.63 -1.36 -1.70 -1.69 -1.24 -0.34  0.73  1.62  2.03  1.92  1.34 29092005 12
  0.53 -0.43 -1.28 -1.79 -1.98 -1.66 -0.75  0.46  1.55  2.20  2.29  1.84 30092005 00
  0.98 -0.08 -1.11 -1.74 -1.97 -1.74 -0.91  0.36  1.62  2.47  2.68  2.25 30092005 12
  1.33  0.20 -1.00 -1.83 -2.25 -2.24 -1.53 -0.22  1.20  2.24  2.65  2.41 01102005 00
  1.52  0.36 -0.91 -1.87 -2.39 -2.46 -1.87 -0.60  0.94  2.15  2.77  2.61 01102005 12
  1.70  0.46 -0.92 -2.11 -2.81 -3.08 -2.70 -1.46  0.24  1.70  2.57  2.74 02102005 00
  2.08  0.89 -0.45 -1.76 -2.58 -2.91 -2.64 -1.52  0.18  1.74  2.73  3.00 02102005 12
  2.38  1.16 -0.26 -1.72 -2.71 -3.22 -3.17 -2.25 -0.52  1.24  2.48  3.02 03102005 00
  2.67  1.53  0.17 -1.34 -2.49 -3.09 -3.15 -2.38 -0.75  1.13  2.46  3.12 03102005 12
  2.91  1.84  0.45 -1.14 -2.44 -3.19 -3.44 -2.94 -1.47  0.51  2.10  3.01 04102005 00
  3.11  2.25  0.87 -0.66 -2.09 -2.96 -3.32 -2.99 -1.66  0.29  2.01  3.04 04102005 12
  3.29  2.56  1.20 -0.34 -1.89 -2.91 -3.44 -3.38 -2.35 -0.45  1.42  2.69 05102005 00
  3.25  2.84  1.59  0.13 -1.45 -2.60 -3.21 -3.25 -2.42 -0.68  1.27  2.63 05102005 12
  3.30  3.07  1.92  0.48 -1.14 -2.43 -3.18 -3.44 -2.93 -1.41  0.59  2.18 06102005 00
  3.07  3.16  2.30  0.94 -0.58 -2.00 -2.85 -3.20 -2.89 -1.60  0.32  2.02 06102005 12
  3.05  3.30  2.63  1.35 -0.13 -1.63 -2.61 -3.12 -3.07 -2.12 -0.36  1.43 07102005 00
  2.64  3.16  2.80  1.70  0.38 -1.12 -2.22 -2.80 -2.88 -2.18 -0.62  1.18 07102005 12
  2.54  3.23  3.11  2.18  0.92 -0.54 -1.74 -2.43 -2.71 -2.36 -1.19  0.43 08102005 00
  1.89  2.75  2.88  2.25  1.13 -0.16 -1.44 -2.23 -2.60 -2.48 -1.60 -0.11 08102005 12
  1.39  2.43  2.81  2.45  1.46  0.28 -1.01 -1.94 -2.43 -2.51 -1.96 -0.70 09102005 00
  0.79  1.95  2.57  2.51  1.85  0.84 -0.33 -1.35 -1.91 -2.13 -1.87 -0.93 09102005 12
  0.38  1.58  2.35  2.53  2.15  1.33  0.35 -0.69 -1.36 -1.73 -1.79 -1.26 10102005 00
 -0.22  0.92  1.82  2.23  2.09  1.51  0.69 -0.32 -1.19 -1.72 -1.97 -1.79 10102005 12
 -1.04  0.03  1.06  1.78  2.00  1.77  1.18  0.41 -0.45 -1.10 -1.49 -1.67 11102005 00
 -1.42 -0.68  0.26  1.11  1.61  1.65  1.32  0.70 -0.07 -0.84 -1.42 -1.81 11102005 12
 -1.93 -1.57 -0.77  0.25  1.11  1.58  1.66  1.42  0.86  0.13 -0.62 -1.14 12102005 00
 -1.45 -1.52 -1.11 -0.28  0.68  1.47  1.81  1.77  1.33  0.62 -0.26 -1.11 12102005 12
 -1.73 -2.11 -2.11 -1.55 -0.56  0.55  1.43  1.85  1.77  1.30  0.51 -0.41 13102005 00
 -1.24 -1.77 -2.01 -1.81 -1.04  0.13  1.26  1.98  2.12  1.75  0.93 -0.11 13102005 12
 -1.23 -2.08 -2.60 -2.75 -2.27 -1.11  0.34  1.52  2.21  2.26  1.70  0.72 14102005 00
 -0.43 -1.55 -2.26 -2.57 -2.33 -1.36  0.12  1.54  2.47  2.74  2.28  1.24 14102005 12
 -0.05 -1.44 -2.44 -3.03 -3.16 -2.53 -1.05  0.69  2.01  2.73  2.68  1.86 15102005 00
  0.62 -0.81 -2.07 -2.81 -3.05 -2.62 -1.29  0.55  2.13  3.07  3.23  2.49 15102005 12
  1.18 -0.36 -1.86 -2.87 -3.44 -3.44 -2.48 -0.63  1.26  2.61  3.20  2.89 16102005 00
  1.72  0.28 -1.32 -2.57 -3.26 -3.37 -2.59 -0.83  1.26  2.77  3.56  3.46 16102005 12
  2.36  0.87 -0.87 -2.33 -3.25 -3.71 -3.43 -2.01  0.14  2.05  3.19  3.53 17102005 00
  2.84  1.39 -0.23 -1.89 -2.99 -3.56 -3.49 -2.31 -0.20  1.87  3.23  3.78 17102005 12
  3.32  1.95  0.31 -1.50 -2.82 -3.59 -3.82 -3.12 -1.23  0.99  2.67  3.53 18102005 00
  3.48  2.38  0.82 -0.92 -2.43 -3.34 -3.71 -3.23 -1.60  0.66  2.51  3.57 18102005 12
  3.81  2.97  1.47 -0.24 -1.91 -2.98 -3.55 -3.49 -2.28 -0.15  1.92  3.25 19102005 00
  3.78  3.28  1.92  0.35 -1.39 -2.62 -3.30 -3.42 -2.57 -0.66  1.48  2.98 19102005 12
  3.73  3.55  2.41  0.95 -0.76 -2.12 -2.93 -3.25 -2.80 -1.23  0.85  2.57 20102005 00
  3.52  3.63  2.75  1.38 -0.24 -1.73 -2.67 -3.13 -2.97 -1.77  0.16  1.95 20102005 12
  3.10  3.50  2.97  1.78  0.38 -1.16 -2.22 -2.75 -2.73 -1.86 -0.16  1.62 21102005 00
  2.89  3.47  3.20  2.17  0.87 -0.64 -1.81 -2.48 -2.73 -2.28 -0.92  0.82 21102005 12
  2.22  2.99  3.00  2.21  1.05 -0.29 -1.51 -2.24 -2.55 -2.29 -1.22  0.35 22102005 00
  1.78  2.70  2.94  2.42  1.39  0.18 -1.08 -1.92 -2.36 -2.39 -1.74 -0.45 22102005 12
  0.96  2.00  2.46  2.25  1.47  0.46 -0.66 -1.55 -2.00 -2.09 -1.66 -0.63 23102005 00
  0.67  1.73  2.33  2.33  1.76  0.88 -0.15 -1.12 -1.70 -1.99 -1.92 -1.27 23102005 12
 -0.22  0.85  1.60  1.83  1.58  0.99  0.24 -0.61 -1.20 -1.42 -1.32 -0.76 24102005 00
  0.16  1.15  1.89  2.23  2.18  1.77  1.09  0.23 -0.53 -1.06 -1.39 -1.41 24102005 12
 -0.89 -0.05  0.79  1.39  1.56  1.41  0.98  0.45 -0.16 -0.61 -0.79 -0.76 25102005 00
 -0.46  0.13  0.79  1.36  1.73  1.82  1.58  1.13  0.51 -0.12 -0.62 -0.97 25102005 12
 -1.09 -0.86 -0.34  0.28  0.76  1.02  1.08  0.93  0.57  0.10 -0.41 -0.74 26102005 00
 -0.86 -0.73 -0.31  0.30  0.88  1.29  1.49  1.46  1.15  0.62 -0.06 -0.66 26102005 12
 -1.08 -1.28 -1.18 -0.71 -0.05  0.65  1.17  1.43  1.41  1.10  0.57 -0.05 27102005 00
 -0.60 -0.92 -1.01 -0.78 -0.18  0.57  1.22  1.63  1.72  1.47  0.92  0.17 27102005 12
 -0.59 -1.13 -1.40 -1.38 -0.88 -0.05  0.87  1.56  1.86  1.83  1.42  0.76 28102005 00
 -0.07 -0.77 -1.15 -1.24 -0.93 -0.13  0.84  1.68  2.11  2.06  1.52  0.69 28102005 12
 -0.32 -1.21 -1.80 -2.11 -1.94 -1.16 -0.03  1.10  1.90  2.20  1.96  1.26 29102005 00
  0.34 -0.68 -1.44 -1.79 -1.67 -0.95  0.21  1.38  2.22  2.56  2.35  1.63 29102005 12
  0.66 -0.44 -1.29 -1.84 -2.07 -1.60 -0.37  1.05  2.17  2.78  2.80  2.20 30102005 00
  1.22 -0.03 -1.13 -1.76 -1.99 -1.66 -0.54  0.99  2.38  3.21  3.28  2.61 30102005 12
  1.44  0.01 -1.27 -2.10 -2.59 -2.55 -1.62 -0.06  1.49  2.58  3.02  2.72 31102005 00
  1.78  0.56 -0.83 -1.85 -2.35 -2.35 -1.58 -0.08  1.56  2.73  3.25  2.96 31102005 12
  1.94  0.64 -0.85 -2.00 -2.67 -2.89 -2.38 -0.96  0.86  2.36  3.21  3.26 01112005 00
  2.44  1.17 -0.33 -1.69 -2.51 -2.87 -2.57 -1.30  0.53  2.14  3.12  3.31 01112005 12
  2.60  1.34 -0.15 -1.64 -2.59 -3.03 -2.82 -1.71  0.08  1.85  3.06  3.57 02112005 00
  3.17  2.03  0.62 -0.98 -2.10 -2.70 -2.78 -1.96 -0.22  1.69  3.06  3.70 02112005 12
  3.48  2.43  1.05 -0.58 -1.84 -2.56 -2.83 -2.28 -0.70  1.26  2.84  3.74 03112005 00
  3.81  2.96  1.63 -0.01 -1.49 -2.40 -2.87 -2.65 -1.35  0.59  2.37  3.45 03112005 12
  3.70  3.01  1.74  0.19 -1.40 -2.43 -3.00 -3.03 -2.06 -0.24  1.64  2.90 04112005 00
  3.50  3.17  2.01  0.60 -1.03 -2.24 -2.92 -3.14 -2.56 -0.98  0.96  2.49 04112005 12
  3.29  3.25  2.29  0.95 -0.62 -1.98 -2.79 -3.16 -2.86 -1.57  0.33  2.02 05112005 00
  3.08  3.39  2.81  1.62  0.19 -1.30 -2.29 -2.83 -2.86 -2.01 -0.33  1.46 05112005 12
  2.70  3.24  2.95  1.95  0.69 -0.78 -1.88 -2.43 -2.50 -1.82 -0.39  1.26 06112005 00
  2.54  3.22  3.16  2.33  1.15 -0.29 -1.52 -2.28 -2.68 -2.49 -1.44  0.16 06112005 12
  1.67  2.66  2.98  2.56  1.55  0.32 -0.98 -1.84 -2.27 -2.31 -1.68 -0.37 07112005 00
  1.11  2.23  2.77  2.63  1.87  0.82 -0.42 -1.45 -2.00 -2.12 -1.68 -0.64 07112005 12
  0.67  1.78  2.51  2.72  2.31  1.45  0.35 -0.76 -1.52 -1.96 -1.96 -1.25 08112005 00
 -0.05  1.20  2.09  2.43  2.23  1.58  0.70 -0.40 -1.29 -1.86 -2.20 -2.09 08112005 12
 -1.37 -0.26  0.86  1.67  1.97  1.77  1.17  0.34 -0.58 -1.30 -1.70 -1.81 09112005 00
 -1.45 -0.59  0.52  1.46  1.99  2.03  1.60  0.86 -0.08 -1.02 -1.68 -2.07 09112005 12
 -2.11 -1.57 -0.57  0.60  1.54  2.05  2.09  1.72  1.05  0.16 -0.67 -1.20 10112005 00
 -1.52 -1.55 -1.03 -0.07  0.97  1.76  2.02  1.87  1.25  0.36 -0.70 -1.58 10112005 12
 -2.14 -2.38 -2.11 -1.28 -0.10  1.04  1.84  2.17  2.04  1.51  0.70 -0.23 11112005 00
 -0.93 -1.27 -1.24 -0.68  0.40  1.59  2.51  2.98  2.86  2.18  1.09 -0.17 11112005 12
 -1.22 -1.97 -2.48 -2.51 -1.76 -0.43  0.98  2.02  2.50  2.34  1.59  0.54 12112005 00
 -0.66 -1.61 -2.12 -2.25 -1.77 -0.58  0.89  2.08  2.70  2.63  1.86  0.72 12112005 12
 -0.62 -1.85 -2.67 -3.13 -3.04 -2.11 -0.51  1.06  2.15  2.61  2.24  1.22 13112005 00
 -0.03 -1.37 -2.37 -2.89 -2.90 -2.17 -0.67  1.03  2.30  2.95  2.79  1.85 13112005 12
  0.56 -0.94 -2.20 -2.97 -3.30 -2.97 -1.67  0.17  1.81  2.80  3.06  2.43 14112005 00
  1.21 -0.19 -1.62 -2.57 -3.02 -2.89 -1.81  0.00  1.78  2.97  3.47  3.06 14112005 12
  1.89  0.44 -1.16 -2.32 -2.98 -3.18 -2.56 -0.96  0.99  2.48  3.25  3.19 15112005 00
  2.18  0.80 -0.78 -2.15 -2.97 -3.31 -2.93 -1.52  0.49  2.23  3.25  3.52 15112005 12
  2.80  1.47 -0.07 -1.61 -2.61 -3.13 -3.06 -2.04 -0.19  1.66  2.91  3.42 16112005 00
  2.95  1.67  0.19 -1.44 -2.61 -3.25 -3.37 -2.63 -0.90  1.13  2.59  3.35 16112005 12
  3.24  2.20  0.81 -0.81 -2.15 -2.95 -3.26 -2.82 -1.35  0.64  2.30  3.25 17112005 00
  3.41  2.59  1.23 -0.33 -1.83 -2.78 -3.27 -3.16 -2.04 -0.15  1.64  2.81 17112005 12
  3.25  2.73  1.50  0.08 -1.46 -2.55 -3.10 -3.11 -2.26 -0.55  1.32  2.62 18112005 00
  3.27  3.04  1.96  0.61 -0.96 -2.20 -2.93 -3.20 -2.79 -1.42  0.40  1.90 18112005 12
  2.74  2.84  2.06  0.81 -0.58 -1.90 -2.70 -3.02 -2.72 -1.57  0.16  1.71 19112005 00
  2.71  3.01  2.45  1.31 -0.03 -1.43 -2.38 -2.89 -2.94 -2.25 -0.81  0.81 19112005 12
  1.98  2.54  2.31  1.38  0.20 -1.08 -2.13 -2.66 -2.72 -2.16 -0.90  0.67 20112005 00
  1.89  2.58  2.57  1.87  0.78 -0.50 -1.66 -2.36 -2.70 -2.56 -1.70 -0.32 20112005 12
  1.04  1.92  2.18  1.74  0.82 -0.24 -1.34 -2.10 -2.42 -2.29 -1.59 -0.38 21112005 00
  0.93  1.87  2.30  2.09  1.34  0.34 -0.79 -1.70 -2.21 -2.40 -2.13 -1.26 21112005 12
 -0.04  1.02  1.64  1.69  1.22  0.43 -0.47 -1.35 -1.88 -2.06 -1.85 -1.16 22112005 00
 -0.10  0.94  1.65  1.88  1.60  0.93  0.06 -0.89 -1.61 -2.00 -2.12 -1.81 22112005 12
 -1.06 -0.05  0.81  1.29  1.27  0.89  0.24 -0.50 -1.20 -1.61 -1.74 -1.56 23112005 00
 -0.98 -0.10  0.76  1.35  1.52  1.29  0.73  0.01 -0.78 -1.38 -1.74 -1.87 23112005 12
 -1.60 -0.95 -0.04  0.75  1.22  1.26  1.01  0.52 -0.08 -0.68 -1.03 -1.06 24112005 00
 -0.83 -0.41  0.20  0.90  1.41  1.56  1.31  0.76  0.07 -0.67 -1.31 -1.74 24112005 12
 -1.95 -1.82 -1.27 -0.40  0.48  1.12  1.38  1.28  0.88  0.29 -0.38 -0.90 25112005 00
 -1.09 -1.02 -0.71 -0.12  0.56  1.11  1.37  1.28  0.79  0.10 -0.65 -1.29 25112005 12
 -1.77 -2.09 -2.04 -1.46 -0.47  0.53  1.21  1.49  1.38  0.97  0.31 -0.44 26112005 00
 -1.03 -1.35 -1.43 -1.16 -0.46  0.42  1.19  1.56  1.49  1.00  0.28 -0.57 26112005 12
 -1.37 -1.90 -2.14 -1.93 -1.20 -0.08  1.00  1.75  2.01  1.81  1.20  0.37 27112005 00
 -0.57 -1.28 -1.64 -1.68 -1.23 -0.29  0.82  1.71  2.08  1.93  1.29  0.38 27112005 12
 -0.67 -1.55 -2.08 -2.29 -1.95 -0.97  0.37  1.54  2.26  2.40  1.96  1.10 28112005 00
  0.05 -1.03 -1.74 -2.08 -2.01 -1.30 -0.08  1.20  2.08  2.35  1.96  1.04 28112005 12
 -0.08 -1.28 -2.16 -2.62 -2.63 -1.99 -0.67  0.87  2.05  2.68  2.58  1.84 29112005 00
  0.77 -0.48 -1.56 -2.19 -2.43 -2.07 -0.95  0.57  1.90  2.68  2.73  2.06 29112005 12
  0.93 -0.40 -1.67 -2.47 -2.84 -2.66 -1.66 -0.03  1.57  2.64  3.05  2.64 30112005 00
  1.61  0.33 -1.07 -2.08 -2.61 -2.65 -1.91 -0.38  1.35  2.61  3.20  3.00 30112005 12
  2.04  0.76 -0.73 -1.93 -2.62 -2.85 -2.31 -0.87  0.95  2.41  3.27  3.34 01122005 00
  2.57  1.33 -0.21 -1.61 -2.45 -2.84 -2.61 -1.45  0.34  2.07  3.16  3.49 01122005 12
  2.92  1.69  0.22 -1.32 -2.36 -2.91 -2.88 -1.93 -0.19  1.67  2.95  3.58 02122005 00
  3.35  2.28  0.87 -0.76 -2.03 -2.79 -3.11 -2.64 -1.11  0.86  2.47  3.37 02122005 12
  3.46  2.66  1.38 -0.15 -1.58 -2.47 -2.89 -2.67 -1.44  0.48  2.26  3.40 03122005 00
  3.76  3.18  1.96  0.45 -1.14 -2.23 -2.86 -2.99 -2.20 -0.46  1.46  2.86 03122005 12
  3.53  3.34  2.30  0.97 -0.62 -1.90 -2.63 -2.91 -2.45 -0.97  0.98  2.57 04122005 00
  3.50  3.59  2.76  1.48 -0.07 -1.51 -2.42 -2.95 -2.92 -1.91 -0.13  1.65 04122005 12
  2.87  3.39  3.01  1.91  0.58 -0.94 -2.03 -2.62 -2.74 -2.08 -0.54  1.29 05122005 00
  2.69  3.42  3.33  2.40  1.10 -0.44 -1.72 -2.52 -2.96 -2.84 -1.78 -0.07 05122005 12
  1.55  2.63  2.98  2.51  1.43  0.16 -1.22 -2.17 -2.65 -2.64 -1.88 -0.37 06122005 00
  1.28  2.48  3.05  2.83  1.90  0.67 -0.75 -1.89 -2.59 -2.93 -2.71 -1.64 06122005 12
 -0.05  1.39  2.33  2.61  2.14  1.19  0.05 -1.16 -1.99 -2.38 -2.32 -1.59 07122005 00
 -0.22  1.26  2.34  2.85  2.67  1.90  0.87 -0.40 -1.46 -2.16 -2.56 -2.44 07122005 12
 -1.53 -0.14  1.20  2.05  2.28  1.88  1.04  0.05 -1.04 -1.82 -2.21 -2.21 08122005 00
 -1.63 -0.50  0.83  1.86  2.39  2.29  1.64  0.66 -0.47 -1.49 -2.16 -2.55 08122005 12
 -2.49 -1.78 -0.55  0.72  1.62  2.01  1.82  1.18  0.29 -0.70 -1.52 -1.95 09122005 00
 -2.04 -1.64 -0.71  0.53  1.58  2.20  2.25  1.77  0.90 -0.16 -1.21 -1.95 09122005 12
 -2.41 -2.49 -1.96 -0.87  0.42  1.45  1.96  1.89  1.37  0.54 -0.45 -1.36 10122005 00
 -1.90 -2.13 -1.91 -1.09  0.12  1.27  2.02  2.22  1.87  1.04 -0.00 -1.12 10122005 12
 -1.96 -2.47 -2.62 -2.19 -1.12  0.22  1.35  2.01  2.08  1.60  0.73 -0.32 11122005 00
 -1.34 -1.99 -2.28 -2.11 -1.31 -0.03  1.26  2.13  2.41  2.06  1.17  0.05 11122005 12
 -1.16 -2.07 -2.65 -2.86 -2.49 -1.36  0.10  1.32  2.03  2.09  1.51  0.51 12122005 00
 -0.65 -1.77 -2.48 -2.77 -2.54 -1.64 -0.21  1.19  2.11  2.44  2.06  1.11 12122005 12
 -0.08 -1.35 -2.31 -2.84 -2.92 -2.34 -1.04  0.51  1.76  2.43  2.35  1.58 13122005 00
  0.45 -0.81 -1.93 -2.61 -2.87 -2.52 -1.42  0.15  1.54  2.43  2.64  2.08 13122005 12
  0.99 -0.31 -1.63 -2.51 -2.96 -2.91 -2.08 -0.55  1.06  2.18  2.69  2.38 14122005 00
  1.37  0.12 -1.26 -2.33 -2.93 -3.08 -2.53 -1.17  0.53  1.91  2.68  2.68 14122005 12
  1.88  0.65 -0.70 -1.93 -2.65 -2.94 -2.64 -1.50  0.20  1.73  2.69  2.93 15122005 00
  2.35  1.20 -0.15 -1.53 -2.47 -2.95 -2.94 -2.08 -0.43  1.31  2.49  3.02 15122005 12
  2.71  1.73  0.54 -0.82 -1.89 -2.46 -2.59 -1.99 -0.56  1.14  2.44  3.14 16122005 00
  3.04  2.08  0.78 -0.70 -1.98 -2.77 -3.13 -2.90 -1.74  0.02  1.60  2.55 16122005 12
  2.82  2.24  1.10 -0.19 -1.56 -2.46 -2.83 -2.65 -1.69 -0.07  1.54  2.62 17122005 00
  3.06  2.65  1.56  0.24 -1.21 -2.28 -2.88 -3.03 -2.45 -1.03  0.66  1.98 17122005 12
  2.66  2.58  1.73  0.52 -0.83 -2.00 -2.65 -2.81 -2.31 -1.02  0.68  2.08 18122005 00
  2.93  3.05  2.38  1.26 -0.09 -1.38 -2.18 -2.57 -2.42 -1.48 -0.02  1.39 18122005 12
  2.40  2.74  2.30  1.25 -0.01 -1.32 -2.23 -2.68 -2.67 -1.94 -0.50  1.10 19122005 00
  2.29  2.85  2.66  1.78  0.59 -0.77 -1.87 -2.50 -2.74 -2.41 -1.29  0.24 19122005 12
  1.55  2.33  2.43  1.82  0.77 -0.42 -1.56 -2.23 -2.46 -2.16 -1.19  0.24 20122005 00
  1.58  2.45  2.69  2.23  1.27  0.09 -1.16 -2.01 -2.47 -2.53 -1.95 -0.74 20122005 12
  0.66  1.71  2.21  2.06  1.35  0.39 -0.67 -1.56 -1.96 -1.96 -1.45 -0.44 21122005 00
  0.78  1.81  2.40  2.39  1.77  0.79 -0.37 -1.42 -2.09 -2.45 -2.37 -1.64 21122005 12
 -0.42  0.82  1.67  1.97  1.66  0.91  0.01 -0.95 -1.66 -1.92 -1.81 -1.20 22122005 00
 -0.17  0.98  1.87  2.28  2.15  1.52  0.64 -0.41 -1.25 -1.76 -2.00 -1.80 22122005 12
 -1.02  0.06  1.06  1.70  1.80  1.44  0.76 -0.06 -0.92 -1.45 -1.66 -1.55 23122005 00
 -0.96 -0.02  0.98  1.69  1.91  1.66  1.01  0.18 -0.74 -1.45 -1.87 -2.04 23122005 12
 -1.77 -1.02  0.02  0.95  1.51  1.58  1.25  0.61 -0.14 -0.90 -1.37 -1.55 24122005 00
 -1.43 -0.89 -0.04  0.86  1.48  1.66  1.42  0.84  0.06 -0.80 -1.48 -1.89 24122005 12
 -2.03 -1.75 -1.01  0.00  0.88  1.41  1.48  1.19  0.60 -0.12 -0.87 -1.36 25122005 00
 -1.55 -1.47 -0.98 -0.17  0.71  1.36  1.59  1.39  0.83  0.07 -0.77 -1.47 25122005 12
 -1.89 -2.05 -1.77 -1.02  0.00  0.92  1.48  1.59  1.34  0.75 -0.03 -0.83 26122005 00
 -1.37 -1.62 -1.58 -1.10 -0.25  0.72  1.45  1.71  1.54  0.98  0.18 -0.76 26122005 12
 -1.55 -2.01 -2.18 -1.92 -1.13  0.01  1.04  1.71  1.87  1.57  0.88  0.01 27122005 00
 -0.91 -1.55 -1.87 -1.86 -1.33 -0.35  0.78  1.63  1.99  1.79  1.12  0.17 27122005 12
 -0.87 -1.73 -2.23 -2.39 -2.04 -1.08  0.25  1.39  2.10  2.22  1.79  0.94 28122005 00
 -0.10 -1.16 -1.86 -2.20 -2.12 -1.42 -0.18  1.14  2.07  2.42  2.12  1.26 28122005 12
  0.16 -1.04 -1.97 -2.49 -2.61 -2.10 -0.87  0.66  1.90  2.61  2.63  2.03 29122005 00
  1.01 -0.22 -1.39 -2.12 -2.46 -2.24 -1.23  0.29  1.72  2.66  2.92  2.45 29122005 12
  1.43  0.16 -1.19 -2.11 -2.60 -2.62 -1.85 -0.33  1.39  2.66  3.28  3.14 30122005 00
  2.30  1.09 -0.38 -1.58 -2.30 -2.61 -2.23 -0.90  0.88  2.41  3.30  3.42 30122005 12
  2.74  1.57  0.13 -1.25 -2.11 -2.56 -2.46 -1.43  0.31  2.07  3.25  3.67 31122005 00
  3.24  2.10  0.67 -0.91 -2.05 -2.74 -2.97 -2.33 -0.68  1.28  2.77  3.52 31122005 12
