Parameter Z: CS3 Location ( 52, 86) Lat 53.500 Lon -3.417
  0.90 -0.44 -1.72 -2.55 -2.96 -2.69 -1.43  0.39  1.99  2.98  3.26  2.73 01012003 00
  1.63  0.25 -1.18 -2.11 -2.60 -2.57 -1.70 -0.11  1.61  2.89  3.47  3.19 01012003 12
  2.17  0.85 -0.69 -1.88 -2.60 -2.91 -2.45 -1.00  0.91  2.50  3.40  3.55 02012003 00
  2.78  1.52 -0.03 -1.50 -2.42 -2.91 -2.82 -1.77  0.04  1.84  3.05  3.52 02012003 12
  3.04  1.84  0.43 -1.14 -2.27 -2.92 -3.08 -2.37 -0.67  1.30  2.73  3.46 03012003 00
  3.31  2.26  0.91 -0.67 -2.02 -2.86 -3.27 -3.00 -1.67  0.27  2.00  3.01 03012003 12
  3.27  2.56  1.26 -0.22 -1.73 -2.73 -3.23 -3.15 -2.10 -0.21  1.64  2.90 04012003 00
  3.45  3.05  1.86  0.43 -1.20 -2.41 -3.12 -3.37 -2.81 -1.25  0.71  2.23 04012003 12
  3.04  3.05  2.13  0.79 -0.72 -2.07 -2.86 -3.16 -2.77 -1.41  0.51  2.16 05012003 00
  3.18  3.44  2.77  1.52  0.02 -1.49 -2.49 -3.05 -3.10 -2.25 -0.58  1.20 05012003 12
  2.45  3.02  2.71  1.64  0.33 -1.14 -2.25 -2.84 -2.92 -2.25 -0.74  1.05 06012003 00
  2.43  3.18  3.13  2.24  0.95 -0.56 -1.88 -2.67 -3.07 -2.89 -1.82 -0.14 06012003 12
  1.40  2.40  2.69  2.14  1.03 -0.24 -1.56 -2.42 -2.79 -2.62 -1.67 -0.10 07012003 00
  1.46  2.53  3.01  2.71  1.76  0.52 -0.89 -1.95 -2.55 -2.77 -2.35 -1.13 07012003 12
  0.42  1.67  2.37  2.38  1.70  0.66 -0.49 -1.56 -2.15 -2.33 -1.99 -1.00 08012003 00
  0.41  1.70  2.53  2.73  2.23  1.24  0.05 -1.16 -1.97 -2.43 -2.51 -1.97 08012003 12
 -0.83  0.50  1.50  1.97  1.79  1.05  0.06 -0.97 -1.81 -2.21 -2.25 -1.83 09012003 00
 -0.85  0.41  1.46  2.09  2.08  1.49  0.57 -0.47 -1.43 -2.03 -2.35 -2.30 09012003 12
 -1.67 -0.55  0.62  1.44  1.75  1.49  0.83 -0.02 -0.91 -1.59 -1.89 -1.87 10012003 00
 -1.42 -0.55  0.53  1.37  1.78  1.67  1.15  0.36 -0.55 -1.35 -1.84 -2.08 10012003 12
 -1.94 -1.33 -0.36  0.60  1.26  1.45  1.21  0.66 -0.06 -0.84 -1.40 -1.65 11012003 00
 -1.64 -1.23 -0.47  0.44  1.15  1.48  1.37  0.91  0.23 -0.57 -1.29 -1.73 11012003 12
 -1.94 -1.78 -1.18 -0.28  0.59  1.21  1.44  1.29  0.82  0.18 -0.51 -1.04 12012003 00
 -1.30 -1.32 -1.01 -0.34  0.50  1.22  1.56  1.54  1.16  0.56 -0.21 -0.94 12012003 12
 -1.42 -1.66 -1.59 -1.06 -0.22  0.65  1.30  1.56  1.47  1.03  0.39 -0.35 13012003 00
 -0.95 -1.28 -1.38 -1.15 -0.49  0.36  1.16  1.61  1.65  1.32  0.72 -0.06 13012003 12
 -0.86 -1.42 -1.70 -1.66 -1.12 -0.21  0.75  1.49  1.81  1.74  1.28  0.60 14012003 00
 -0.24 -0.95 -1.35 -1.44 -1.13 -0.34  0.62  1.50  1.99  2.04  1.61  0.90 14012003 12
  0.02 -0.83 -1.41 -1.66 -1.48 -0.71  0.40  1.44  2.16  2.44  2.26  1.60 15012003 00
  0.64 -0.41 -1.19 -1.64 -1.77 -1.43 -0.51  0.66  1.71  2.27  2.24  1.61 15012003 12
  0.69 -0.43 -1.42 -2.02 -2.29 -2.10 -1.22  0.11  1.37  2.22  2.47  2.11 16012003 00
  1.24  0.14 -1.03 -1.82 -2.20 -2.17 -1.44 -0.12  1.29  2.32  2.75  2.57 16012003 12
  1.83  0.81 -0.41 -1.42 -1.92 -1.91 -1.22  0.08  1.50  2.63  3.20  3.11 17012003 00
  2.33  1.15 -0.27 -1.43 -2.19 -2.60 -2.40 -1.32  0.28  1.80  2.76  2.99 17012003 12
  2.48  1.40  0.08 -1.29 -2.21 -2.68 -2.67 -1.85 -0.27  1.41  2.61  3.13 18012003 00
  2.88  1.92  0.63 -0.85 -1.99 -2.63 -2.82 -2.27 -0.77  1.05  2.42  3.18 18012003 12
  3.15  2.28  1.05 -0.43 -1.73 -2.50 -2.84 -2.50 -1.21  0.62  2.29  3.32 19012003 00
  3.57  2.92  1.70  0.21 -1.31 -2.33 -2.92 -2.97 -2.06 -0.29  1.58  2.86 19012003 12
  3.42  3.10  1.99  0.59 -0.97 -2.11 -2.72 -2.78 -1.94 -0.22  1.71  3.16 20012003 00
  3.88  3.75  2.78  1.35 -0.39 -1.74 -2.56 -2.99 -2.71 -1.33  0.66  2.42 20012003 12
  3.50  3.75  3.05  1.82  0.29 -1.26 -2.28 -2.82 -2.74 -1.62  0.26  2.14 21012003 00
  3.41  3.93  3.52  2.34  0.83 -0.87 -2.08 -2.80 -3.07 -2.52 -0.92  1.05 21012003 12
  2.64  3.48  3.48  2.56  1.23 -0.34 -1.72 -2.55 -2.91 -2.57 -1.21  0.75 22012003 00
  2.45  3.51  3.75  3.04  1.78  0.17 -1.40 -2.42 -3.04 -3.19 -2.45 -0.78 22012003 12
  1.10  2.44  3.07  2.83  1.75  0.40 -1.10 -2.27 -2.91 -3.04 -2.44 -0.96 23012003 00
  0.88  2.37  3.18  3.20  2.35  1.07 -0.43 -1.82 -2.70 -3.18 -3.10 -2.09 23012003 12
 -0.35  1.33  2.47  2.93  2.53  1.48  0.25 -1.11 -2.09 -2.59 -2.62 -1.92 24012003 00
 -0.47  1.17  2.40  3.03  2.87  2.01  0.83 -0.57 -1.73 -2.47 -2.85 -2.66 24012003 12
 -1.62 -0.05  1.44  2.40  2.70  2.33  1.48  0.36 -0.90 -1.77 -2.21 -2.23 25012003 00
 -1.56 -0.29  1.12  2.20  2.69  2.53  1.75  0.67 -0.59 -1.63 -2.27 -2.62 25012003 12
 -2.50 -1.66 -0.34  0.94  1.82  2.15  1.88  1.14  0.21 -0.81 -1.60 -1.96 26012003 00
 -2.00 -1.50 -0.43  0.86  1.86  2.35  2.27  1.63  0.71 -0.40 -1.37 -2.00 26012003 12
 -2.38 -2.36 -1.70 -0.57  0.66  1.59  1.99  1.82  1.23  0.37 -0.60 -1.39 27012003 00
 -1.83 -1.99 -1.70 -0.82  0.40  1.52  2.25  2.35  1.97  1.28  0.32 -0.67 27012003 12
 -1.40 -1.87 -2.01 -1.60 -0.59  0.60  1.63  2.20  2.22  1.72  0.96 -0.02 28012003 00
 -0.96 -1.53 -1.70 -1.56 -0.97  0.03  1.22  2.15  2.43  2.16  1.39  0.41 28012003 12
 -0.66 -1.60 -2.20 -2.44 -2.12 -1.20  0.04  1.15  1.91  2.10  1.65  0.75 29012003 00
 -0.32 -1.40 -2.16 -2.56 -2.58 -2.01 -0.79  0.65  1.73  2.26  2.12  1.40 29012003 12
  0.39 -0.71 -1.68 -2.24 -2.41 -2.06 -1.05  0.38  1.64  2.48  2.61  1.96 30012003 00
  0.92 -0.33 -1.58 -2.47 -3.02 -3.12 -2.49 -1.12  0.49  1.72  2.32  2.16 30012003 12
  1.31  0.15 -1.09 -2.17 -2.79 -2.90 -2.33 -1.00  0.67  2.02  2.81  2.83 31012003 00
  2.05  0.86 -0.54 -1.85 -2.69 -3.12 -2.98 -1.93 -0.21  1.44  2.58  3.05 31012003 12
  2.65  1.58  0.28 -1.15 -2.17 -2.68 -2.68 -1.92 -0.36  1.37  2.65  3.24 01022003 00
  2.97  1.96  0.66 -0.87 -2.10 -2.85 -3.17 -2.77 -1.36  0.53  2.13  3.05 01022003 12
  3.25  2.55  1.32 -0.13 -1.50 -2.31 -2.66 -2.42 -1.24  0.59  2.27  3.38 02022003 00
  3.72  3.18  2.04  0.56 -1.00 -2.03 -2.64 -2.81 -2.07 -0.41  1.48  2.87 02022003 12
  3.53  3.33  2.27  0.89 -0.68 -1.85 -2.47 -2.61 -1.97 -0.43  1.40  2.85 03022003 00
  3.65  3.62  2.75  1.45 -0.17 -1.57 -2.47 -2.95 -2.83 -1.67  0.21  1.94 03022003 12
  3.06  3.43  2.85  1.54  0.05 -1.41 -2.34 -2.79 -2.70 -1.66  0.15  1.89 04022003 00
  3.05  3.54  3.12  1.98  0.57 -1.04 -2.20 -2.87 -3.10 -2.53 -0.99  0.85 04022003 12
  2.26  3.03  2.99  2.05  0.74 -0.74 -2.00 -2.68 -2.88 -2.42 -1.11  0.69 05022003 00
  2.19  3.09  3.22  2.47  1.23 -0.23 -1.62 -2.51 -2.97 -2.89 -1.94 -0.28 05022003 12
  1.36  2.45  2.85  2.41  1.33  0.09 -1.24 -2.16 -2.58 -2.51 -1.69 -0.17 06022003 00
  1.43  2.57  3.09  2.82  1.91  0.71 -0.69 -1.78 -2.39 -2.63 -2.24 -1.02 06022003 12
  0.57  1.87  2.58  2.59  1.89  0.78 -0.46 -1.59 -2.24 -2.48 -2.18 -1.18 07022003 00
  0.28  1.61  2.44  2.63  2.16  1.18  0.04 -1.13 -1.91 -2.30 -2.27 -1.58 07022003 12
 -0.33  1.02  2.00  2.42  2.18  1.40  0.43 -0.66 -1.49 -1.90 -1.94 -1.43 08022003 00
 -0.37  0.89  1.89  2.39  2.32  1.73  0.84 -0.23 -1.15 -1.70 -1.96 -1.79 08022003 12
 -1.02  0.08  1.17  1.92  2.09  1.71  0.98  0.10 -0.80 -1.36 -1.62 -1.61 09022003 00
 -1.11 -0.20  0.81  1.57  1.83  1.62  1.02  0.23 -0.66 -1.36 -1.77 -1.93 09022003 12
 -1.66 -0.93  0.07  0.93  1.45  1.52  1.23  0.70  0.03 -0.68 -1.11 -1.27 10022003 00
 -1.15 -0.60  0.21  1.03  1.61  1.83  1.68  1.23  0.55 -0.24 -0.88 -1.28 10022003 12
 -1.45 -1.30 -0.73  0.02  0.78  1.25  1.33  1.11  0.68  0.10 -0.53 -1.01 11022003 00
 -1.26 -1.33 -1.06 -0.45  0.26  0.86  1.11  1.07  0.74  0.22 -0.44 -1.05 11022003 12
 -1.46 -1.67 -1.57 -1.07 -0.31  0.47  1.07  1.35  1.30  0.97  0.39 -0.33 12022003 00
 -0.96 -1.36 -1.53 -1.42 -0.93 -0.17  0.62  1.13  1.24  1.02  0.51 -0.17 12022003 12
 -0.91 -1.48 -1.78 -1.82 -1.44 -0.64  0.33  1.13  1.57  1.57  1.21  0.55 13022003 00
 -0.27 -1.08 -1.63 -1.91 -1.83 -1.24 -0.26  0.77  1.49  1.73  1.50  0.87 13022003 12
  0.01 -0.95 -1.70 -2.09 -2.11 -1.65 -0.69  0.51  1.49  2.04  2.02  1.47 14022003 00
  0.56 -0.52 -1.53 -2.16 -2.46 -2.27 -1.45 -0.17  1.08  1.91  2.13  1.71 14022003 12
  0.82 -0.26 -1.39 -2.21 -2.64 -2.60 -1.90 -0.56  0.93  2.02  2.53  2.30 15022003 00
  1.47  0.30 -1.03 -2.12 -2.76 -2.98 -2.58 -1.36  0.28  1.67  2.47  2.54 15022003 12
  1.82  0.68 -0.65 -1.93 -2.75 -3.08 -2.78 -1.61  0.14  1.73  2.77  3.10 16022003 00
  2.55  1.36 -0.06 -1.57 -2.63 -3.21 -3.27 -2.48 -0.81  1.06  2.41  3.07 16022003 12
  2.83  1.74  0.36 -1.17 -2.43 -3.16 -3.37 -2.77 -1.20  0.80  2.37  3.25 17022003 00
  3.29  2.34  0.89 -0.77 -2.28 -3.24 -3.73 -3.52 -2.23 -0.19  1.72  2.92 17022003 12
  3.34  2.79  1.43 -0.13 -1.76 -2.88 -3.45 -3.41 -2.36 -0.34  1.72  3.17 18022003 00
  3.82  3.48  2.21  0.63 -1.19 -2.58 -3.43 -3.75 -3.20 -1.48  0.77  2.52 18022003 12
  3.46  3.53  2.53  1.02 -0.65 -2.19 -3.15 -3.58 -3.23 -1.73  0.49  2.46 19022003 00
  3.63  3.97  3.23  1.74  0.02 -1.73 -2.90 -3.58 -3.73 -2.83 -0.79  1.39 19022003 12
  2.96  3.64  3.39  2.10  0.50 -1.23 -2.57 -3.33 -3.54 -2.86 -1.06  1.21 20022003 00
  2.89  3.79  3.79  2.74  1.25 -0.53 -2.08 -3.07 -3.59 -3.44 -2.15 -0.08 20022003 12
  1.89  3.12  3.53  2.94  1.55 -0.01 -1.65 -2.74 -3.30 -3.28 -2.27 -0.34 21022003 00
  1.66  3.04  3.69  3.36  2.16  0.70 -0.99 -2.28 -3.07 -3.42 -3.02 -1.56 21022003 12
  0.41  2.03  2.94  3.09  2.29  0.97 -0.48 -1.90 -2.77 -3.17 -2.97 -1.83 22022003 00
 -0.02  1.66  2.78  3.20  2.72  1.59  0.24 -1.25 -2.30 -2.89 -3.02 -2.39 22022003 12
 -0.94  0.76  2.05  2.75  2.73  1.98  0.85 -0.46 -1.61 -2.23 -2.44 -2.13 23022003 00
 -1.10  0.39  1.74  2.63  2.87  2.40  1.46  0.30 -0.92 -1.76 -2.27 -2.43 23022003 12
 -1.95 -0.82  0.53  1.60  2.15  2.07  1.43  0.49 -0.57 -1.52 -2.07 -2.30 24022003 00
 -2.10 -1.31 -0.09  1.09  1.89  2.15  1.88  1.17  0.26 -0.75 -1.52 -1.97 24022003 12
 -2.11 -1.75 -0.87  0.25  1.20  1.77  1.84  1.50  0.85  0.01 -0.85 -1.45 25022003 00
 -1.78 -1.80 -1.35 -0.45  0.59  1.42  1.82  1.79  1.37  0.68 -0.17 -0.95 25022003 12
 -1.45 -1.72 -1.67 -1.12 -0.20  0.79  1.52  1.81  1.70  1.25  0.58 -0.27 26022003 00
 -1.06 -1.60 -1.88 -1.73 -1.03 -0.01  0.99  1.68  1.91  1.72  1.18  0.42 26022003 12
 -0.48 -1.20 -1.65 -1.83 -1.50 -0.63  0.47  1.47  2.05  2.11  1.71  0.95 27022003 00
 -0.02 -1.01 -1.70 -2.09 -2.08 -1.48 -0.39  0.83  1.77  2.21  2.09  1.50 27022003 12
  0.62 -0.44 -1.36 -1.89 -2.08 -1.74 -0.75  0.59  1.74  2.44  2.54  2.04 28022003 00
  1.12 -0.05 -1.20 -1.95 -2.34 -2.28 -1.52 -0.20  1.24  2.30  2.74  2.50 28022003 12
  1.64  0.53 -0.73 -1.72 -2.24 -2.34 -1.77 -0.48  1.08  2.32  2.96  2.89 01032003 00
  2.10  0.93 -0.44 -1.62 -2.35 -2.74 -2.51 -1.43  0.17  1.67  2.66  2.94 01032003 12
  2.41  1.32  0.01 -1.35 -2.24 -2.65 -2.54 -1.62 -0.01  1.64  2.76  3.22 02032003 00
  2.86  1.80  0.46 -1.04 -2.17 -2.82 -3.01 -2.44 -0.96  0.83  2.24  2.98 02032003 12
  2.92  2.02  0.74 -0.73 -2.01 -2.75 -2.99 -2.51 -1.10  0.78  2.33  3.22 03032003 00
  3.33  2.52  1.24 -0.28 -1.74 -2.69 -3.18 -3.05 -1.94 -0.11  1.62  2.78 03032003 12
  3.20  2.70  1.51  0.12 -1.39 -2.44 -2.94 -2.83 -1.81 -0.00  1.86  3.10 04032003 00
  3.67  3.34  2.22  0.81 -0.83 -2.03 -2.74 -3.00 -2.39 -0.77  1.16  2.66 04032003 12
  3.42  3.32  2.35  0.99 -0.62 -1.97 -2.79 -3.13 -2.68 -1.19  0.79  2.42 05032003 00
  3.36  3.49  2.71  1.43 -0.11 -1.59 -2.53 -3.01 -2.88 -1.79  0.03  1.77 05032003 12
  2.89  3.27  2.73  1.49  0.07 -1.45 -2.47 -2.98 -2.94 -2.00 -0.26  1.57 06032003 00
  2.81  3.39  3.07  1.94  0.56 -1.01 -2.19 -2.85 -3.03 -2.45 -0.92  0.93 06032003 12
  2.37  3.12  3.06  2.16  0.91 -0.54 -1.80 -2.49 -2.68 -2.18 -0.84  0.91 07032003 00
  2.37  3.22  3.28  2.55  1.37 -0.07 -1.39 -2.18 -2.54 -2.34 -1.27  0.37 07032003 12
  1.95  2.97  3.17  2.61  1.51  0.20 -1.22 -2.17 -2.60 -2.48 -1.55  0.01 08032003 00
  1.57  2.66  3.09  2.83  1.97  0.82 -0.50 -1.50 -2.07 -2.22 -1.75 -0.54 08032003 12
  0.94  2.17  2.79  2.73  2.01  0.99 -0.20 -1.22 -1.78 -1.95 -1.60 -0.55 09032003 00
  0.84  2.03  2.71  2.79  2.26  1.39  0.22 -0.92 -1.64 -2.01 -1.92 -1.11 09032003 12
  0.15  1.36  2.22  2.52  2.24  1.51  0.56 -0.47 -1.14 -1.46 -1.46 -0.93 10032003 00
  0.04  1.09  1.93  2.30  2.19  1.60  0.73 -0.26 -1.02 -1.42 -1.57 -1.30 10032003 12
 -0.49  0.57  1.51  2.04  2.15  1.82  1.19  0.35 -0.47 -0.98 -1.22 -1.19 11032003 00
 -0.76  0.01  0.85  1.55  1.84  1.62  1.02  0.35 -0.35 -0.92 -1.31 -1.52 11032003 12
 -1.40 -0.83 -0.07  0.64  1.02  1.04  0.79  0.28 -0.35 -0.98 -1.42 -1.65 12032003 00
 -1.63 -1.29 -0.62  0.15  0.74  1.02  0.99  0.72  0.22 -0.39 -0.96 -1.34 12032003 12
 -1.55 -1.51 -1.10 -0.44  0.25  0.77  1.00  0.96  0.69  0.19 -0.43 -0.97 13032003 00
 -1.33 -1.52 -1.44 -1.01 -0.32  0.41  0.90  1.07  0.99  0.64  0.08 -0.59 13032003 12
 -1.18 -1.55 -1.71 -1.50 -0.91 -0.08  0.71  1.23  1.38  1.21  0.70 -0.02 14032003 00
 -0.83 -1.45 -1.82 -1.92 -1.58 -0.83  0.15  1.00  1.50  1.52  1.15  0.47 14032003 12
 -0.37 -1.21 -1.75 -2.01 -1.88 -1.22 -0.15  0.95  1.71  1.96  1.67  0.93 15032003 00
 -0.05 -1.13 -1.97 -2.45 -2.54 -2.07 -0.97  0.40  1.51  2.12  2.09  1.49 15032003 12
  0.50 -0.65 -1.72 -2.39 -2.65 -2.37 -1.38  0.09  1.47  2.33  2.51  1.99 16032003 00
  0.93 -0.34 -1.66 -2.58 -3.08 -3.07 -2.28 -0.75  0.93  2.14  2.73  2.50 16032003 12
  1.54  0.27 -1.16 -2.32 -2.98 -3.15 -2.58 -1.10  0.75  2.22  3.01  3.00 17032003 00
  2.09  0.72 -0.85 -2.27 -3.16 -3.60 -3.39 -2.15 -0.18  1.66  2.80  3.20 17032003 12
  2.64  1.30 -0.22 -1.83 -2.95 -3.53 -3.50 -2.49 -0.52  1.52  2.93  3.57 18032003 00
  3.24  1.94  0.36 -1.41 -2.77 -3.60 -3.91 -3.36 -1.60  0.66  2.43  3.39 18032003 12
  3.48  2.49  0.92 -0.80 -2.41 -3.40 -3.85 -3.51 -1.98  0.33  2.36  3.54 19032003 00
  3.91  3.15  1.59 -0.17 -1.98 -3.21 -3.93 -4.04 -3.04 -0.88  1.45  3.04 19032003 12
  3.72  3.45  2.09  0.41 -1.42 -2.86 -3.68 -3.94 -3.24 -1.25  1.16  2.96 20032003 00
  3.90  3.92  2.76  1.11 -0.78 -2.44 -3.49 -4.05 -3.86 -2.42 -0.09  2.07 20032003 12
  3.33  3.74  3.07  1.51 -0.20 -1.98 -3.18 -3.83 -3.84 -2.72 -0.53  1.75 21032003 00
  3.26  3.92  3.59  2.23  0.57 -1.28 -2.68 -3.53 -3.88 -3.34 -1.57  0.72 21032003 12
  2.51  3.46  3.55  2.54  1.00 -0.69 -2.25 -3.22 -3.66 -3.38 -1.96  0.20 22032003 00
  2.15  3.31  3.71  3.08  1.69  0.10 -1.57 -2.70 -3.33 -3.44 -2.60 -0.78 22032003 12
  1.22  2.62  3.29  3.05  1.93  0.52 -1.06 -2.32 -3.06 -3.32 -2.84 -1.38 23032003 00
  0.52  2.08  2.98  3.14  2.40  1.16 -0.27 -1.64 -2.50 -2.92 -2.81 -1.85 23032003 12
 -0.23  1.38  2.46  2.89  2.51  1.50  0.29 -1.05 -2.03 -2.55 -2.68 -2.17 24032003 00
 -0.92  0.62  1.85  2.54  2.53  1.87  0.86 -0.31 -1.41 -2.07 -2.39 -2.26 24032003 12
 -1.46 -0.19  1.08  1.94  2.23  1.92  1.16  0.20 -0.87 -1.66 -2.10 -2.24 25032003 00
 -1.88 -0.97  0.23  1.25  1.85  1.92  1.52  0.79 -0.08 -0.95 -1.52 -1.83 25032003 12
 -1.83 -1.35 -0.46  0.56  1.35  1.71  1.62  1.18  0.48 -0.35 -1.09 -1.56 26032003 00
 -1.83 -1.78 -1.25 -0.36  0.57  1.27  1.55  1.45  1.06  0.44 -0.32 -0.98 26032003 12
 -1.40 -1.61 -1.47 -0.86  0.01  0.86  1.45  1.63  1.45  0.97  0.26 -0.58 27032003 00
 -1.26 -1.71 -1.94 -1.73 -1.05 -0.09  0.83  1.42  1.61  1.44  0.93  0.21 27032003 12
 -0.61 -1.25 -1.62 -1.71 -1.33 -0.50  0.53  1.41  1.87  1.86  1.41  0.66 28032003 00
 -0.28 -1.20 -1.81 -2.15 -2.07 -1.40 -0.29  0.87  1.72  2.07  1.88  1.25 28032003 12
  0.36 -0.66 -1.47 -1.89 -1.99 -1.57 -0.58  0.69  1.75  2.30  2.25  1.64 29032003 00
  0.68 -0.46 -1.51 -2.18 -2.52 -2.37 -1.51 -0.16  1.16  2.06  2.36  1.99 29032003 12
  1.13  0.05 -1.12 -1.97 -2.36 -2.31 -1.61 -0.32  1.12  2.18  2.66  2.41 30032003 00
  1.51  0.34 -0.98 -2.03 -2.64 -2.83 -2.40 -1.17  0.44  1.76  2.52  2.53 30032003 12
  1.82  0.67 -0.63 -1.85 -2.58 -2.83 -2.45 -1.29  0.35  1.80  2.71  2.92 31032003 00
  2.31  1.15 -0.22 -1.60 -2.51 -2.97 -2.88 -1.93 -0.28  1.41  2.56  3.07 31032003 12
  2.73  1.66  0.35 -1.08 -2.11 -2.55 -2.44 -1.52  0.08  1.74  2.96  3.55 01042003 00
  3.31  2.28  0.89 -0.71 -1.92 -2.64 -2.89 -2.41 -1.05  0.75  2.23  3.11 01042003 12
  3.16  2.26  0.91 -0.58 -1.92 -2.72 -3.02 -2.67 -1.36  0.53  2.14  3.11 02042003 00
  3.30  2.55  1.24 -0.28 -1.77 -2.74 -3.23 -3.11 -2.06 -0.23  1.54  2.74 02042003 12
  3.20  2.70  1.44  0.01 -1.54 -2.63 -3.16 -3.14 -2.27 -0.54  1.32  2.60 03042003 00
  3.21  2.88  1.73  0.33 -1.25 -2.48 -3.17 -3.35 -2.72 -1.15  0.79  2.25 03042003 12
  3.03  2.99  2.01  0.65 -0.87 -2.20 -2.97 -3.25 -2.84 -1.48  0.40  1.99 04042003 00
  2.90  3.04  2.24  0.92 -0.55 -1.97 -2.87 -3.29 -3.10 -1.98 -0.17  1.52 04042003 12
  2.60  2.96  2.40  1.17 -0.22 -1.67 -2.67 -3.15 -3.09 -2.20 -0.54  1.20 05042003 00
  2.39  2.93  2.58  1.47  0.15 -1.30 -2.41 -3.00 -3.10 -2.47 -1.02  0.71 05042003 12
  2.02  2.71  2.63  1.72  0.47 -0.89 -2.07 -2.74 -2.94 -2.53 -1.32  0.34 06042003 00
  1.71  2.51  2.58  1.87  0.73 -0.58 -1.81 -2.58 -2.89 -2.66 -1.69 -0.16 06042003 12
  1.30  2.23  2.54  2.07  1.06 -0.12 -1.34 -2.18 -2.56 -2.48 -1.76 -0.45 07042003 00
  0.97  1.97  2.41  2.15  1.31  0.25 -0.92 -1.84 -2.32 -2.41 -1.94 -0.86 07042003 12
  0.51  1.60  2.19  2.14  1.51  0.56 -0.51 -1.48 -2.02 -2.21 -1.97 -1.16 08042003 00
  0.05  1.17  1.87  2.00  1.57  0.75 -0.19 -1.15 -1.76 -2.02 -1.93 -1.33 08042003 12
 -0.30  0.80  1.61  1.93  1.71  1.08  0.26 -0.65 -1.37 -1.74 -1.86 -1.56 09042003 00
 -0.81  0.21  1.08  1.58  1.60  1.22  0.56 -0.21 -0.95 -1.40 -1.61 -1.53 09042003 12
 -1.03 -0.18  0.71  1.35  1.58  1.43  0.97  0.31 -0.46 -1.06 -1.41 -1.54 10042003 00
 -1.36 -0.76  0.08  0.86  1.33  1.41  1.18  0.72  0.11 -0.54 -0.99 -1.23 10042003 12
 -1.28 -0.99 -0.35  0.41  1.08  1.40  1.43  1.15  0.65 -0.00 -0.67 -1.16 11042003 00
 -1.45 -1.48 -1.06 -0.33  0.48  1.15  1.47  1.51  1.22  0.69 -0.00 -0.66 11042003 12
 -1.12 -1.37 -1.35 -0.86 -0.06  0.81  1.46  1.70  1.58  1.13  0.41 -0.45 12042003 00
 -1.20 -1.69 -1.93 -1.73 -1.00  0.03  1.02  1.67  1.88  1.66  1.04  0.20 12042003 12
 -0.74 -1.46 -1.86 -1.94 -1.47 -0.48  0.73  1.70  2.17  2.07  1.46  0.53 13042003 00
 -0.58 -1.56 -2.18 -2.47 -2.25 -1.33  0.06  1.38  2.24  2.51  2.15  1.28 13042003 12
  0.17 -1.04 -1.91 -2.37 -2.39 -1.69 -0.32  1.23  2.37  2.91  2.69  1.79 14042003 00
  0.59 -0.82 -1.99 -2.71 -3.03 -2.67 -1.39  0.37  1.88  2.82  3.03  2.40 14042003 12
  1.21 -0.21 -1.61 -2.53 -2.99 -2.86 -1.79  0.03  1.82  3.00  3.47  2.99 15042003 00
  1.76  0.27 -1.38 -2.58 -3.28 -3.49 -2.81 -1.09  0.97  2.53  3.37  3.34 15042003 12
  2.33  0.88 -0.79 -2.25 -3.13 -3.51 -3.10 -1.57  0.60  2.47  3.54  3.79 16042003 00
  2.96  1.46 -0.27 -1.97 -3.11 -3.75 -3.79 -2.71 -0.59  1.61  3.08  3.68 16042003 12
  3.32  1.94  0.30 -1.50 -2.86 -3.66 -3.88 -3.13 -1.13  1.22  2.97  3.86 17042003 00
  3.80  2.59  0.93 -0.95 -2.56 -3.58 -4.10 -3.82 -2.26  0.11  2.21  3.42 17042003 12
  3.79  3.05  1.44 -0.33 -2.14 -3.35 -4.02 -4.02 -2.86 -0.61  1.74  3.25 18042003 00
  3.88  3.50  2.07  0.35 -1.54 -2.97 -3.83 -4.15 -3.53 -1.60  0.77  2.65 18042003 12
  3.60  3.66  2.57  0.90 -0.90 -2.53 -3.55 -4.03 -3.72 -2.20  0.12  2.17 19042003 00
  3.37  3.76  3.06  1.51 -0.19 -1.95 -3.14 -3.82 -3.90 -2.94 -0.87  1.35 19042003 12
  2.87  3.53  3.26  1.97  0.37 -1.36 -2.73 -3.53 -3.80 -3.25 -1.56  0.63 20042003 00
  2.35  3.31  3.44  2.56  1.12 -0.48 -1.98 -2.92 -3.37 -3.19 -2.00 -0.04 20042003 12
  1.79  2.96  3.37  2.83  1.55  0.11 -1.44 -2.52 -3.12 -3.22 -2.48 -0.84 21042003 00
  1.02  2.36  3.10  3.02  2.12  0.90 -0.54 -1.76 -2.46 -2.73 -2.40 -1.23 21042003 12
  0.44  1.89  2.77  2.92  2.32  1.25 -0.00 -1.29 -2.13 -2.60 -2.64 -1.96 22042003 00
 -0.63  0.85  1.94  2.48  2.31  1.58  0.58 -0.58 -1.54 -2.06 -2.25 -1.95 22042003 12
 -1.02  0.29  1.44  2.15  2.27  1.82  0.98 -0.04 -1.08 -1.80 -2.21 -2.29 23042003 00
 -1.83 -0.84  0.36  1.31  1.80  1.75  1.30  0.56 -0.29 -1.09 -1.56 -1.75 23042003 12
 -1.61 -0.98  0.02  0.99  1.66  1.89  1.68  1.09  0.29 -0.59 -1.28 -1.72 24042003 00
 -1.94 -1.75 -1.08 -0.11  0.79  1.38  1.57  1.44  1.00  0.35 -0.39 -0.97 24042003 12
 -1.30 -1.40 -1.12 -0.42  0.45  1.25  1.70  1.77  1.45  0.85  0.06 -0.73 25042003 00
 -1.32 -1.69 -1.78 -1.36 -0.53  0.44  1.23  1.65  1.73  1.45  0.85  0.08 25042003 12
 -0.65 -1.11 -1.30 -1.18 -0.54  0.40  1.34  1.98  2.18  1.94  1.32  0.45 26042003 00
 -0.51 -1.28 -1.76 -1.95 -1.58 -0.65  0.50  1.49  2.09  2.23  1.92  1.23 26042003 12
  0.32 -0.60 -1.18 -1.43 -1.30 -0.57  0.56  1.65  2.37  2.55  2.18  1.40 27042003 00
  0.35 -0.77 -1.60 -2.07 -2.19 -1.67 -0.55  0.75  1.82  2.39  2.37  1.78 27042003 12
  0.86 -0.26 -1.26 -1.84 -2.04 -1.69 -0.65  0.72  1.94  2.68  2.79  2.25 28042003 00
  1.27  0.06 -1.11 -1.85 -2.20 -2.09 -1.24  0.15  1.56  2.55  2.90  2.56 28042003 12
  1.63  0.47 -0.83 -1.73 -2.21 -2.24 -1.53 -0.17  1.32  2.43  2.92  2.69 29042003 00
  1.80  0.63 -0.73 -1.80 -2.41 -2.60 -2.08 -0.76  0.88  2.20  2.93  2.91 29042003 12
  2.16  1.01 -0.34 -1.56 -2.26 -2.56 -2.24 -1.08  0.59  2.06  2.95  3.09 30042003 00
  2.44  1.29 -0.08 -1.43 -2.31 -2.73 -2.59 -1.56  0.12  1.75  2.84  3.23 30042003 12
  2.80  1.73  0.39 -1.07 -2.09 -2.62 -2.64 -1.86 -0.30  1.42  2.65  3.19 01052003 00
  2.90  1.87  0.55 -0.95 -2.12 -2.76 -2.93 -2.35 -0.86  0.94  2.35  3.09 01052003 12
  3.04  2.17  0.91 -0.58 -1.89 -2.65 -2.96 -2.60 -1.32  0.50  2.05  2.99 02052003 00
  3.14  2.40  1.14 -0.30 -1.69 -2.56 -2.96 -2.76 -1.67  0.13  1.84  2.96 02052003 12
  3.38  2.90  1.75  0.37 -1.15 -2.21 -2.78 -2.85 -2.10 -0.49  1.28  2.54 03052003 00
  3.08  2.79  1.75  0.46 -0.97 -2.06 -2.62 -2.67 -1.95 -0.44  1.30  2.62 03052003 12
  3.32  3.25  2.41  1.18 -0.33 -1.60 -2.34 -2.68 -2.34 -1.08  0.66  2.14 04052003 00
  2.99  3.11  2.46  1.33 -0.04 -1.38 -2.21 -2.58 -2.40 -1.37  0.27  1.82 04052003 12
  2.82  3.14  2.70  1.68  0.41 -1.00 -1.98 -2.52 -2.57 -1.84 -0.38  1.23 05052003 00
  2.38  2.87  2.59  1.64  0.47 -0.86 -1.88 -2.42 -2.55 -2.03 -0.78  0.79 05052003 12
  2.06  2.76  2.72  1.99  0.88 -0.41 -1.57 -2.25 -2.56 -2.35 -1.41  0.02 06052003 00
  1.36  2.21  2.40  1.92  0.96 -0.15 -1.28 -2.03 -2.34 -2.19 -1.42 -0.13 06052003 12
  1.20  2.13  2.48  2.18  1.33  0.27 -0.90 -1.78 -2.25 -2.39 -2.00 -0.97 07052003 00
  0.36  1.45  2.05  2.05  1.51  0.64 -0.34 -1.29 -1.81 -1.91 -1.54 -0.60 07052003 12
  0.62  1.68  2.30  2.48  2.13  1.38  0.38 -0.62 -1.32 -1.80 -1.98 -1.60 08052003 00
 -0.71  0.38  1.28  1.68  1.56  1.05  0.31 -0.54 -1.28 -1.66 -1.75 -1.48 08052003 12
 -0.79  0.20  1.13  1.72  1.84  1.53  0.88  0.03 -0.85 -1.45 -1.79 -1.89 09052003 00
 -1.49 -0.63  0.43  1.32  1.79  1.80  1.43  0.79  0.02 -0.71 -1.19 -1.45 09052003 12
 -1.43 -0.93 -0.11  0.77  1.42  1.61  1.44  0.93  0.20 -0.63 -1.32 -1.75 10052003 00
 -1.94 -1.71 -0.99  0.03  0.99  1.61  1.81  1.64  1.12  0.38 -0.44 -1.04 10052003 12
 -1.40 -1.50 -1.14 -0.31  0.68  1.54  1.97  1.95  1.47  0.70 -0.26 -1.17 11052003 00
 -1.81 -2.18 -2.12 -1.46 -0.35  0.84  1.75  2.18  2.09  1.58  0.76 -0.26 11052003 12
 -1.12 -1.62 -1.81 -1.55 -0.68  0.54  1.68  2.35  2.43  1.94  1.03 -0.10 12052003 00
 -1.25 -2.06 -2.52 -2.54 -1.85 -0.53  0.94  2.05  2.60  2.48  1.76  0.70 12052003 12
 -0.53 -1.57 -2.18 -2.42 -2.09 -0.95  0.63  2.00  2.83  2.95  2.31  1.19 13052003 00
 -0.17 -1.53 -2.42 -2.92 -2.91 -2.05 -0.44  1.29  2.51  3.11  2.87  1.85 13052003 12
  0.57 -0.89 -2.05 -2.73 -2.97 -2.44 -0.93  0.94  2.41  3.22  3.22  2.31 14052003 00
  0.97 -0.63 -2.07 -2.99 -3.48 -3.34 -2.14 -0.17  1.70  2.92  3.38  2.88 14052003 12
  1.59  0.10 -1.54 -2.71 -3.35 -3.43 -2.55 -0.66  1.42  2.89  3.62  3.42 15052003 00
  2.26  0.75 -1.01 -2.42 -3.32 -3.72 -3.31 -1.72  0.51  2.37  3.45  3.72 15052003 12
  2.91  1.43 -0.25 -1.92 -3.01 -3.59 -3.50 -2.27 -0.13  1.96  3.34  3.89 16052003 00
  3.40  2.04  0.41 -1.40 -2.70 -3.47 -3.68 -2.90 -0.93  1.35  3.03  3.92 16052003 12
  3.88  2.77  1.23 -0.60 -2.15 -3.12 -3.60 -3.30 -1.75  0.52  2.52  3.69 17052003 00
  4.04  3.30  1.85  0.15 -1.60 -2.74 -3.34 -3.33 -2.21 -0.09  2.04  3.51 17052003 12
  4.16  3.77  2.49  0.90 -0.95 -2.30 -3.13 -3.47 -2.87 -1.09  1.12  2.85 18052003 00
  3.78  3.87  2.92  1.50 -0.22 -1.75 -2.71 -3.20 -3.00 -1.63  0.47  2.37 18052003 12
  3.58  3.95  3.30  2.00  0.39 -1.30 -2.44 -3.10 -3.26 -2.45 -0.66  1.36 19052003 00
  2.82  3.57  3.45  2.44  1.10 -0.52 -1.83 -2.60 -2.91 -2.45 -1.01  0.89 19052003 12
  2.49  3.48  3.66  2.95  1.67  0.10 -1.35 -2.29 -2.84 -2.88 -2.01 -0.36 20052003 00
  1.38  2.56  3.08  2.79  1.81  0.58 -0.83 -1.91 -2.50 -2.66 -2.13 -0.80 20052003 12
  0.84  2.15  2.89  2.90  2.15  1.03 -0.30 -1.52 -2.30 -2.74 -2.69 -1.87 21052003 00
 -0.46  1.00  2.01  2.43  2.15  1.34  0.32 -0.79 -1.65 -2.06 -2.09 -1.56 21052003 12
 -0.45  0.87  1.93  2.52  2.48  1.86  0.93 -0.20 -1.21 -1.87 -2.25 -2.22 22052003 00
 -1.54 -0.39  0.81  1.69  2.05  1.89  1.33  0.55 -0.37 -1.11 -1.47 -1.56 22052003 12
 -1.21 -0.36  0.71  1.66  2.19  2.25  1.82  1.10  0.15 -0.78 -1.42 -1.82 23052003 00
 -1.94 -1.48 -0.55  0.51  1.36  1.79  1.80  1.42  0.80  0.01 -0.72 -1.15 23052003 12
 -1.33 -1.20 -0.57  0.31  1.19  1.78  1.93  1.67  1.05  0.21 -0.68 -1.38 24052003 00
 -1.82 -2.01 -1.70 -0.91  0.12  1.05  1.61  1.73  1.47  0.90  0.16 -0.64 24052003 12
 -1.19 -1.45 -1.43 -0.95 -0.11  0.83  1.56  1.84  1.69  1.14  0.36 -0.57 25052003 00
 -1.35 -1.85 -2.07 -1.84 -1.08 -0.01  1.00  1.66  1.84  1.58  0.94  0.12 25052003 12
 -0.78 -1.41 -1.73 -1.72 -1.20 -0.25  0.82  1.63  1.97  1.81  1.19  0.32 26052003 00
 -0.68 -1.52 -2.02 -2.19 -1.86 -0.97  0.24  1.30  1.95  2.05  1.64  0.86 26052003 12
 -0.11 -1.09 -1.73 -2.02 -1.91 -1.23 -0.11  1.06  1.88  2.15  1.83  1.03 27052003 00
  0.02 -1.09 -1.91 -2.33 -2.36 -1.81 -0.68  0.66  1.71  2.26  2.15  1.49 27052003 12
  0.53 -0.58 -1.56 -2.13 -2.33 -1.98 -1.00  0.35  1.53  2.24  2.29  1.72 28052003 00
  0.72 -0.44 -1.56 -2.26 -2.57 -2.37 -1.46 -0.06  1.32  2.25  2.55  2.16 28052003 12
  1.23  0.10 -1.11 -1.99 -2.43 -2.42 -1.75 -0.43  1.04  2.09  2.56  2.31 29052003 00
  1.43  0.27 -1.02 -2.05 -2.60 -2.70 -2.16 -0.89  0.70  1.95  2.65  2.64 29052003 12
  1.92  0.80 -0.51 -1.69 -2.39 -2.67 -2.37 -1.29  0.29  1.71  2.56  2.70 30052003 00
  2.08  0.97 -0.32 -1.60 -2.42 -2.80 -2.61 -1.64 -0.06  1.52  2.55  2.95 30052003 12
  2.56  1.53  0.27 -1.12 -2.12 -2.63 -2.68 -2.00 -0.57  1.07  2.29  2.86 31052003 00
  2.65  1.72  0.48 -0.91 -2.03 -2.64 -2.78 -2.24 -0.87  0.84  2.20  2.98 31052003 12
  3.00  2.24  1.07 -0.33 -1.60 -2.37 -2.71 -2.46 -1.34  0.31  1.83  2.76 01062003 00
  2.95  2.36  1.25 -0.07 -1.42 -2.30 -2.72 -2.60 -1.66 -0.05  1.57  2.69 01062003 12
  3.15  2.81  1.81  0.53 -0.91 -1.96 -2.52 -2.64 -2.05 -0.63  1.03  2.28 02062003 00
  2.91  2.77  1.90  0.72 -0.64 -1.79 -2.43 -2.65 -2.21 -0.95  0.71  2.11 02062003 12
  2.91  3.00  2.33  1.20 -0.16 -1.45 -2.26 -2.67 -2.56 -1.64 -0.11  1.42 03062003 00
  2.44  2.78  2.37  1.40  0.22 -1.06 -1.96 -2.39 -2.35 -1.59 -0.17  1.36 03062003 12
  2.45  2.96  2.75  1.88  0.70 -0.66 -1.74 -2.37 -2.63 -2.26 -1.12  0.43 04062003 00
  1.75  2.50  2.56  1.94  0.91 -0.27 -1.40 -2.09 -2.35 -2.10 -1.14  0.29 04062003 12
  1.64  2.54  2.80  2.38  1.44  0.28 -0.97 -1.83 -2.31 -2.42 -1.87 -0.65 05062003 00
  0.76  1.85  2.40  2.28  1.59  0.61 -0.51 -1.46 -1.96 -2.10 -1.68 -0.62 05062003 12
  0.75  1.92  2.61  2.70  2.17  1.26  0.10 -1.03 -1.79 -2.22 -2.26 -1.63 06062003 00
 -0.44  0.87  1.84  2.25  2.06  1.38  0.48 -0.54 -1.37 -1.79 -1.87 -1.47 06062003 12
 -0.51  0.72  1.76  2.34  2.33  1.79  0.91 -0.15 -1.14 -1.81 -2.20 -2.18 07062003 00
 -1.55 -0.44  0.78  1.70  2.10  1.96  1.39  0.56 -0.42 -1.23 -1.67 -1.81 07062003 12
 -1.48 -0.60  0.56  1.59  2.18  2.23  1.76  0.94 -0.08 -1.07 -1.76 -2.17 08062003 00
 -2.24 -1.69 -0.60  0.65  1.64  2.13  2.08  1.57  0.78 -0.18 -1.06 -1.56 08062003 12
 -1.77 -1.56 -0.77  0.36  1.46  2.16  2.29  1.88  1.09  0.08 -1.01 -1.80 09062003 00
 -2.29 -2.43 -1.97 -0.88  0.47  1.57  2.20  2.25  1.78  0.97 -0.04 -1.04 09062003 12
 -1.67 -1.94 -1.76 -0.92  0.35  1.59  2.45  2.75  2.46  1.67  0.59 -0.66 10062003 00
 -1.58 -2.17 -2.45 -2.07 -0.95  0.52  1.79  2.53  2.66  2.18  1.27  0.12 10062003 12
 -1.04 -1.81 -2.21 -2.15 -1.34  0.06  1.52  2.56  2.92  2.58  1.63  0.41 11062003 00
 -0.96 -2.01 -2.65 -2.93 -2.53 -1.25  0.43  1.86  2.73  2.87  2.25  1.16 11062003 12
 -0.17 -1.48 -2.33 -2.77 -2.65 -1.68 -0.03  1.64  2.76  3.21  2.82  1.75 12062003 00
  0.40 -1.11 -2.23 -2.89 -3.11 -2.56 -1.06  0.78  2.29  3.13  3.20  2.39 12062003 12
  1.11 -0.40 -1.81 -2.70 -3.16 -2.99 -1.84  0.04  1.80  2.95  3.34  2.81 13062003 00
  1.56  0.07 -1.52 -2.64 -3.29 -3.42 -2.67 -0.93  1.07  2.55  3.31  3.21 13062003 12
  2.18  0.76 -0.87 -2.26 -3.12 -3.51 -3.19 -1.79  0.27  2.08  3.16  3.45 14062003 00
  2.74  1.37 -0.19 -1.79 -2.86 -3.43 -3.42 -2.39 -0.41  1.58  2.95  3.59 14062003 12
  3.25  2.03  0.53 -1.18 -2.49 -3.29 -3.59 -3.07 -1.45  0.70  2.37  3.30 15062003 00
  3.41  2.50  1.06 -0.56 -2.07 -3.02 -3.48 -3.28 -1.98  0.06  1.97  3.19 15062003 12
  3.62  3.05  1.71  0.15 -1.53 -2.72 -3.40 -3.57 -2.83 -1.03  1.04  2.55 16062003 00
  3.33  3.22  2.18  0.77 -0.83 -2.19 -3.00 -3.29 -2.83 -1.32  0.71  2.41 16062003 12
  3.39  3.60  2.82  1.48 -0.11 -1.65 -2.67 -3.26 -3.30 -2.37 -0.54  1.34 17062003 00
  2.66  3.25  2.94  1.83  0.47 -1.06 -2.23 -2.86 -2.99 -2.35 -0.78  1.11 17062003 12
  2.57  3.35  3.31  2.40  1.11 -0.44 -1.78 -2.62 -3.06 -2.89 -1.77  0.02 18062003 00
  1.68  2.78  3.18  2.74  1.68  0.39 -1.01 -1.98 -2.49 -2.55 -1.82 -0.31 18062003 12
  1.34  2.55  3.11  2.90  1.98  0.78 -0.63 -1.77 -2.46 -2.82 -2.60 -1.54 19062003 00
  0.02  1.45  2.35  2.61  2.19  1.23  0.02 -1.18 -1.93 -2.25 -2.16 -1.41 19062003 12
 -0.06  1.37  2.37  2.74  2.43  1.56  0.47 -0.78 -1.74 -2.32 -2.59 -2.30 20062003 00
 -1.31  0.06  1.27  2.01  2.13  1.65  0.77 -0.23 -1.23 -1.86 -2.10 -1.94 20062003 12
 -1.20 -0.02  1.18  2.01  2.30  2.01  1.26  0.29 -0.80 -1.63 -2.12 -2.31 21062003 00
 -2.00 -1.12  0.09  1.14  1.77  1.84  1.44  0.71 -0.15 -1.02 -1.57 -1.78 21062003 12
 -1.61 -0.97  0.06  1.10  1.82  2.07  1.84  1.24  0.42 -0.54 -1.28 -1.72 22062003 00
 -1.90 -1.61 -0.80  0.27  1.21  1.77  1.87  1.55  0.92  0.14 -0.69 -1.23 22062003 12
 -1.46 -1.42 -0.90  0.01  0.98  1.68  1.92  1.75  1.21  0.45 -0.45 -1.19 23062003 00
 -1.66 -1.87 -1.62 -0.86  0.14  1.05  1.63  1.76  1.49  0.89  0.12 -0.70 23062003 12
 -1.25 -1.52 -1.52 -1.07 -0.24  0.70  1.44  1.72  1.57  1.03  0.26 -0.64 24062003 00
 -1.39 -1.84 -2.01 -1.73 -0.96  0.10  1.05  1.65  1.78  1.49  0.84  0.01 24062003 12
 -0.87 -1.46 -1.74 -1.72 -1.22 -0.32  0.70  1.48  1.78  1.58  0.97  0.15 25062003 00
 -0.80 -1.57 -2.00 -2.08 -1.70 -0.82  0.35  1.32  1.90  1.96  1.54  0.77 25062003 12
 -0.16 -1.09 -1.68 -1.96 -1.86 -1.21 -0.13  0.97  1.74  1.96  1.64  0.90 26062003 00
 -0.03 -1.05 -1.80 -2.17 -2.16 -1.57 -0.45  0.84  1.83  2.32  2.22  1.61 26062003 12
  0.69 -0.40 -1.35 -1.89 -2.09 -1.80 -0.89  0.36  1.46  2.11  2.15  1.61 27062003 00
  0.70 -0.37 -1.43 -2.11 -2.40 -2.21 -1.36 -0.03  1.30  2.21  2.53  2.21 27062003 12
  1.36  0.28 -0.91 -1.78 -2.24 -2.33 -1.80 -0.62  0.79  1.86  2.36  2.20 28062003 00
  1.44  0.37 -0.83 -1.84 -2.39 -2.53 -2.07 -0.92  0.60  1.86  2.60  2.68 28062003 12
  2.07  1.03 -0.21 -1.41 -2.17 -2.54 -2.40 -1.50 -0.03  1.42  2.37  2.65 29062003 00
  2.20  1.19 -0.01 -1.29 -2.19 -2.62 -2.58 -1.81 -0.36  1.22  2.36  2.88 29062003 12
  2.65  1.74  0.57 -0.78 -1.86 -2.47 -2.65 -2.22 -0.99  0.65  2.01  2.76 30062003 00
  2.76  2.01  0.84 -0.47 -1.67 -2.39 -2.67 -2.35 -1.21  0.44  1.93  2.86 30062003 12
  3.09  2.56  1.47  0.15 -1.23 -2.15 -2.63 -2.64 -1.84 -0.32  1.32  2.49 01072003 00
  2.97  2.67  1.69  0.45 -0.93 -1.98 -2.55 -2.65 -2.03 -0.60  1.09  2.39 01072003 12
  3.08  2.98  2.11  0.89 -0.55 -1.80 -2.56 -2.91 -2.66 -1.51  0.19  1.72 02072003 00
  2.68  2.91  2.33  1.22 -0.08 -1.40 -2.25 -2.63 -2.48 -1.53  0.08  1.69 02072003 12
  2.79  3.20  2.80  1.74  0.43 -1.04 -2.10 -2.70 -2.90 -2.38 -0.99  0.72 03072003 00
  2.08  2.80  2.75  1.94  0.77 -0.57 -1.76 -2.43 -2.67 -2.29 -1.10  0.56 03072003 12
  2.00  2.87  3.02  2.38  1.24 -0.12 -1.47 -2.36 -2.84 -2.84 -2.06 -0.57 04072003 00
  1.05  2.19  2.71  2.45  1.52  0.36 -0.94 -1.96 -2.48 -2.56 -1.98 -0.66 04072003 12
  0.94  2.18  2.84  2.78  1.99  0.83 -0.52 -1.72 -2.46 -2.86 -2.73 -1.78 05072003 00
 -0.26  1.22  2.21  2.56  2.16  1.22  0.09 -1.13 -2.01 -2.40 -2.36 -1.67 05072003 12
 -0.34  1.14  2.24  2.75  2.55  1.72  0.59 -0.72 -1.80 -2.44 -2.76 -2.53 06072003 00
 -1.52 -0.06  1.29  2.15  2.39  1.97  1.09  0.02 -1.12 -1.89 -2.24 -2.16 06072003 12
 -1.44 -0.18  1.18  2.19  2.62  2.38  1.58  0.52 -0.71 -1.69 -2.29 -2.58 07072003 00
 -2.33 -1.36  0.03  1.30  2.11  2.32  1.94  1.10  0.09 -0.99 -1.72 -2.05 07072003 12
 -2.02 -1.41 -0.25  1.05  2.05  2.49  2.31  1.59  0.58 -0.60 -1.59 -2.23 08072003 00
 -2.58 -2.42 -1.56 -0.23  1.05  1.91  2.21  1.90  1.15  0.18 -0.89 -1.69 08072003 12
 -2.10 -2.15 -1.64 -0.56  0.76  1.82  2.39  2.34  1.72  0.75 -0.41 -1.46 09072003 00
 -2.15 -2.55 -2.49 -1.72 -0.41  0.94  1.92  2.34  2.12  1.40  0.42 -0.71 09072003 12
 -1.62 -2.13 -2.30 -1.90 -0.83  0.60  1.81  2.52  2.59  2.05  1.09 -0.08 10072003 00
 -1.23 -2.01 -2.47 -2.50 -1.77 -0.40  1.08  2.17  2.66  2.47  1.70  0.62 10072003 12
 -0.64 -1.70 -2.33 -2.59 -2.25 -1.15  0.38  1.74  2.60  2.79  2.25  1.21 11072003 00
 -0.04 -1.31 -2.18 -2.67 -2.72 -1.98 -0.53  1.09  2.28  2.85  2.66  1.77 11072003 12
  0.57 -0.82 -1.97 -2.66 -2.97 -2.64 -1.43  0.28  1.77  2.71  2.90  2.29 12072003 00
  1.16 -0.20 -1.58 -2.50 -2.98 -2.92 -2.01 -0.34  1.39  2.60  3.17  2.88 12072003 12
  1.84  0.52 -1.00 -2.19 -2.91 -3.19 -2.75 -1.34  0.51  2.05  2.94  3.06 13072003 00
  2.31  1.04 -0.42 -1.81 -2.70 -3.13 -2.93 -1.77  0.09  1.84  3.00  3.45 13072003 12
  2.97  1.76  0.31 -1.29 -2.44 -3.13 -3.35 -2.73 -1.11  0.86  2.33  3.13 14072003 00
  3.09  2.14  0.80 -0.75 -2.09 -2.89 -3.22 -2.83 -1.42  0.55  2.25  3.27 14072003 12
  3.51  2.81  1.50 -0.07 -1.62 -2.67 -3.28 -3.37 -2.49 -0.69  1.21  2.59 15072003 00
  3.24  2.97  1.86  0.47 -1.11 -2.34 -3.03 -3.18 -2.49 -0.86  1.12  2.62 15072003 12
  3.46  3.48  2.54  1.18 -0.46 -1.92 -2.83 -3.32 -3.19 -2.03 -0.13  1.67 16072003 00
  2.82  3.21  2.68  1.46  0.06 -1.44 -2.47 -2.96 -2.89 -1.94 -0.19  1.65 16072003 12
  2.91  3.53  3.27  2.18  0.80 -0.82 -2.05 -2.80 -3.14 -2.78 -1.41  0.43 17072003 00
  1.99  2.87  3.01  2.28  1.05 -0.34 -1.67 -2.47 -2.79 -2.52 -1.38  0.36 17072003 12
  1.98  3.01  3.33  2.82  1.70  0.32 -1.16 -2.16 -2.75 -2.92 -2.32 -0.87 18072003 00
  0.80  2.09  2.72  2.60  1.75  0.57 -0.75 -1.86 -2.46 -2.59 -2.09 -0.82 18072003 12
  0.80  2.12  2.88  2.94  2.26  1.16 -0.14 -1.39 -2.18 -2.60 -2.53 -1.69 19072003 00
 -0.24  1.21  2.20  2.57  2.23  1.35  0.28 -0.90 -1.78 -2.19 -2.19 -1.56 19072003 12
 -0.32  1.10  2.16  2.68  2.54  1.80  0.78 -0.42 -1.42 -2.00 -2.28 -2.06 20072003 00
 -1.16  0.13  1.33  2.09  2.25  1.83  1.03  0.06 -0.95 -1.60 -1.86 -1.75 20072003 12
 -1.08  0.03  1.18  2.01  2.31  2.07  1.39  0.49 -0.55 -1.35 -1.81 -2.00 21072003 00
 -1.67 -0.79  0.34  1.32  1.90  1.95  1.53  0.80 -0.06 -0.89 -1.41 -1.62 21072003 12
 -1.49 -0.87  0.06  1.03  1.69  1.87  1.63  1.02  0.22 -0.67 -1.33 -1.71 22072003 00
 -1.84 -1.52 -0.73  0.27  1.13  1.60  1.63  1.30  0.69 -0.06 -0.81 -1.27 22072003 12
 -1.45 -1.35 -0.82 -0.01  0.84  1.44  1.62  1.44  0.95  0.27 -0.49 -1.10 23072003 00
 -1.46 -1.58 -1.28 -0.53  0.39  1.19  1.65  1.72  1.45  0.93  0.23 -0.49 23072003 12
 -0.98 -1.23 -1.23 -0.81 -0.07  0.73  1.34  1.54  1.39  0.90  0.22 -0.58 24072003 00
 -1.24 -1.64 -1.77 -1.47 -0.73  0.24  1.13  1.67  1.82  1.61  1.08  0.36 24072003 12
 -0.41 -0.98 -1.28 -1.33 -0.95 -0.15  0.73  1.44  1.72  1.61  1.09  0.38 25072003 00
 -0.46 -1.19 -1.64 -1.79 -1.48 -0.68  0.38  1.34  1.93  2.07  1.77  1.13 25072003 12
  0.25 -0.67 -1.32 -1.67 -1.72 -1.22 -0.27  0.79  1.59  1.90  1.73  1.11 26072003 00
  0.27 -0.70 -1.49 -1.92 -2.01 -1.58 -0.60  0.63  1.67  2.27  2.30  1.81 26072003 12
  0.97 -0.08 -1.08 -1.72 -2.04 -1.95 -1.22 -0.03  1.19  2.02  2.26  1.92 27072003 00
  1.09  0.07 -1.04 -1.84 -2.22 -2.18 -1.51 -0.25  1.13  2.16  2.67  2.52 27072003 12
  1.77  0.71 -0.55 -1.57 -2.19 -2.45 -2.12 -1.05  0.41  1.71  2.46  2.54 28072003 00
  1.97  0.95 -0.24 -1.40 -2.13 -2.44 -2.20 -1.21  0.29  1.72  2.66  2.94 28072003 12
  2.49  1.49  0.23 -1.13 -2.10 -2.65 -2.74 -2.05 -0.61  1.03  2.25  2.83 29072003 00
  2.64  1.74  0.53 -0.85 -1.99 -2.61 -2.75 -2.19 -0.82  0.92  2.29  3.08 29072003 12
  3.10  2.29  1.06 -0.39 -1.73 -2.57 -3.01 -2.84 -1.77 -0.04  1.58  2.65 30072003 00
  3.00  2.48  1.30 -0.07 -1.52 -2.52 -3.02 -2.97 -2.03 -0.31  1.49  2.73 30072003 12
  3.31  3.01  1.90  0.52 -1.06 -2.28 -2.99 -3.25 -2.71 -1.20  0.70  2.24 31072003 00
  3.11  3.19  2.38  1.10 -0.40 -1.78 -2.61 -2.95 -2.59 -1.25  0.66  2.32 31072003 12
  3.34  3.55  2.84  1.57  0.02 -1.53 -2.56 -3.17 -3.24 -2.36 -0.60  1.29 01082003 00
  2.62  3.23  2.94  1.84  0.48 -1.06 -2.24 -2.88 -3.02 -2.35 -0.75  1.17 01082003 12
  2.64  3.41  3.33  2.34  0.97 -0.64 -2.03 -2.89 -3.34 -3.16 -1.95 -0.08 02082003 00
  1.67  2.76  3.11  2.55  1.32 -0.08 -1.53 -2.52 -2.98 -2.89 -1.92 -0.19 02082003 12
  1.61  2.81  3.35  3.00  1.87  0.48 -1.10 -2.28 -2.99 -3.28 -2.84 -1.44 03082003 00
  0.39  1.89  2.74  2.85  2.10  0.87 -0.49 -1.80 -2.59 -2.91 -2.63 -1.49 03082003 12
  0.22  1.78  2.79  3.10  2.56  1.43  0.08 -1.34 -2.34 -2.91 -3.06 -2.47 04082003 00
 -1.06  0.61  1.88  2.55  2.47  1.67  0.54 -0.76 -1.88 -2.50 -2.70 -2.31 04082003 12
 -1.18  0.37  1.73  2.56  2.72  2.15  1.11 -0.09 -1.35 -2.23 -2.72 -2.77 05082003 00
 -2.13 -0.80  0.66  1.77  2.34  2.23  1.47  0.43 -0.70 -1.63 -2.14 -2.33 05082003 12
 -2.02 -1.05  0.35  1.57  2.33  2.47  2.01  1.13  0.04 -1.10 -1.90 -2.35 06082003 00
 -2.44 -1.92 -0.82  0.49  1.55  2.09  2.02  1.45  0.58 -0.44 -1.37 -1.92 06082003 12
 -2.17 -2.00 -1.22 -0.03  1.13  1.93  2.19  1.90  1.18  0.24 -0.82 -1.63 07082003 00
 -2.13 -2.34 -2.03 -1.12  0.13  1.22  1.89  1.99  1.60  0.84 -0.10 -1.08 07082003 12
 -1.77 -2.15 -2.16 -1.61 -0.55  0.68  1.64  2.11  2.01  1.43  0.56 -0.47 08082003 00
 -1.41 -2.01 -2.32 -2.17 -1.37 -0.13  1.10  1.95  2.25  1.98  1.26  0.28 08082003 12
 -0.83 -1.70 -2.21 -2.38 -2.01 -0.98  0.38  1.53  2.22  2.31  1.81  0.91 09082003 00
 -0.20 -1.29 -2.02 -2.40 -2.32 -1.56 -0.23  1.16  2.18  2.62  2.38  1.58 09082003 12
  0.47 -0.80 -1.82 -2.43 -2.68 -2.34 -1.26  0.25  1.59  2.41  2.55  1.98 10082003 00
  0.93 -0.30 -1.52 -2.32 -2.72 -2.60 -1.70 -0.17  1.39  2.47  2.91  2.57 10082003 12
  1.57  0.31 -1.09 -2.18 -2.83 -3.06 -2.61 -1.28  0.43  1.86  2.67  2.74 11082003 00
  1.99  0.79 -0.58 -1.86 -2.66 -3.00 -2.71 -1.54  0.22  1.82  2.88  3.20 11082003 12
  2.65  1.47  0.04 -1.47 -2.53 -3.14 -3.27 -2.56 -0.95  0.90  2.26  2.97 12082003 00
  2.82  1.81  0.48 -1.01 -2.25 -2.96 -3.15 -2.59 -1.08  0.83  2.37  3.25 12082003 12
  3.34  2.49  1.16 -0.41 -1.88 -2.82 -3.33 -3.24 -2.15 -0.29  1.52  2.73 13082003 00
  3.18  2.69  1.47  0.03 -1.52 -2.62 -3.17 -3.14 -2.21 -0.42  1.50  2.82 13082003 12
  3.47  3.18  2.05  0.64 -1.01 -2.31 -3.10 -3.45 -3.05 -1.60  0.37  2.00 14082003 00
  2.91  3.04  2.22  0.87 -0.61 -2.03 -2.89 -3.24 -2.91 -1.61  0.34  2.06 14082003 12
  3.12  3.43  2.78  1.48 -0.03 -1.59 -2.65 -3.24 -3.31 -2.48 -0.75  1.12 15082003 00
  2.44  3.06  2.80  1.69  0.32 -1.19 -2.37 -3.00 -3.09 -2.41 -0.84  1.02 15082003 12
  2.43  3.19  3.13  2.18  0.86 -0.67 -2.00 -2.81 -3.19 -2.93 -1.73  0.07 16082003 00
  1.66  2.64  2.88  2.26  1.06 -0.28 -1.65 -2.54 -2.93 -2.73 -1.70 -0.04 16082003 12
  1.58  2.64  3.06  2.63  1.54  0.24 -1.18 -2.19 -2.75 -2.86 -2.27 -0.86 17082003 00
  0.78  2.04  2.67  2.55  1.72  0.59 -0.70 -1.79 -2.38 -2.51 -2.02 -0.79 17082003 12
  0.76  2.04  2.77  2.78  2.11  1.04 -0.21 -1.39 -2.12 -2.48 -2.38 -1.55 18082003 00
 -0.18  1.20  2.12  2.43  2.07  1.21  0.17 -0.95 -1.73 -2.07 -2.03 -1.40 18082003 12
 -0.24  1.04  1.98  2.38  2.16  1.40  0.41 -0.69 -1.56 -2.05 -2.23 -1.92 19082003 00
 -1.00  0.25  1.33  1.96  2.01  1.54  0.75 -0.18 -1.09 -1.63 -1.83 -1.70 19082003 12
 -1.06 -0.04  0.98  1.66  1.84  1.54  0.87  0.03 -0.86 -1.49 -1.81 -1.87 20082003 00
 -1.47 -0.62  0.41  1.25  1.66  1.61  1.20  0.55 -0.22 -0.91 -1.32 -1.47 20082003 12
 -1.32 -0.75  0.08  0.90  1.43  1.55  1.30  0.80  0.16 -0.54 -1.05 -1.32 21082003 00
 -1.36 -1.02 -0.30  0.51  1.22  1.57  1.60  1.31  0.82  0.18 -0.44 -0.86 21082003 12
 -1.10 -1.09 -0.70 -0.04  0.65  1.14  1.30  1.17  0.77  0.21 -0.46 -1.03 22082003 00
 -1.37 -1.49 -1.29 -0.72  0.03  0.77  1.23  1.39  1.28  0.90  0.31 -0.35 22082003 12
 -0.87 -1.19 -1.30 -1.06 -0.48  0.24  0.91  1.23  1.24  0.94  0.43 -0.24 23082003 00
 -0.90 -1.36 -1.59 -1.52 -1.02 -0.21  0.66  1.30  1.58  1.50  1.09  0.43 23082003 12
 -0.38 -1.09 -1.55 -1.75 -1.57 -0.91  0.02  0.91  1.47  1.57  1.27  0.64 24082003 00
 -0.19 -1.05 -1.66 -1.95 -1.88 -1.31 -0.31  0.78  1.60  1.95  1.79  1.20 24082003 12
  0.33 -0.67 -1.51 -2.00 -2.18 -1.87 -0.98  0.25  1.33  1.98  2.03  1.53 25082003 00
  0.64 -0.42 -1.44 -2.08 -2.36 -2.16 -1.32 -0.01  1.28  2.15  2.43  2.06 25082003 12
  1.18  0.07 -1.15 -2.06 -2.56 -2.62 -2.01 -0.71  0.81  1.97  2.56  2.40 26082003 00
  1.58  0.43 -0.85 -1.94 -2.54 -2.71 -2.25 -1.01  0.64  2.00  2.80  2.87 26082003 12
  2.16  0.99 -0.40 -1.73 -2.59 -3.04 -2.89 -1.86 -0.16  1.49  2.60  3.01 27082003 00
  2.53  1.38  0.03 -1.42 -2.44 -2.95 -2.92 -2.05 -0.34  1.50  2.77  3.37 27082003 12
  3.08  1.97  0.56 -1.06 -2.33 -3.08 -3.38 -2.89 -1.35  0.66  2.27  3.17 28082003 00
  3.26  2.36  0.97 -0.59 -2.04 -2.93 -3.31 -2.99 -1.61  0.44  2.26  3.36 28082003 12
  3.65  2.91  1.51 -0.11 -1.78 -2.91 -3.57 -3.66 -2.74 -0.77  1.28  2.72 29082003 00
  3.37  3.11  1.89  0.38 -1.29 -2.59 -3.31 -3.46 -2.73 -0.94  1.25  2.83 29082003 12
  3.67  3.62  2.52  0.99 -0.80 -2.31 -3.26 -3.75 -3.50 -2.11  0.05  2.00 30082003 00
  3.17  3.54  2.86  1.41 -0.19 -1.84 -2.92 -3.46 -3.38 -2.25 -0.18  1.86 30082003 12
  3.23  3.81  3.36  2.02  0.44 -1.33 -2.63 -3.41 -3.68 -3.09 -1.37  0.78 31082003 00
  2.43  3.30  3.31  2.31  0.84 -0.79 -2.24 -3.11 -3.47 -3.09 -1.63  0.47 31082003 12
  2.27  3.32  3.58  2.82  1.44 -0.14 -1.75 -2.82 -3.42 -3.48 -2.59 -0.74 01092003 00
  1.19  2.55  3.16  2.88  1.74  0.33 -1.21 -2.42 -3.08 -3.22 -2.59 -1.04 01092003 12
  0.87  2.35  3.15  3.16  2.27  0.97 -0.54 -1.89 -2.74 -3.17 -3.03 -1.98 02092003 00
 -0.26  1.36  2.44  2.82  2.33  1.23 -0.03 -1.40 -2.36 -2.85 -2.86 -2.16 02092003 12
 -0.72  0.91  2.11  2.73  2.59  1.75  0.62 -0.69 -1.81 -2.48 -2.78 -2.55 03092003 00
 -1.57 -0.12  1.23  2.09  2.33  1.88  0.97 -0.12 -1.26 -2.06 -2.45 -2.45 03092003 12
 -1.87 -0.71  0.65  1.69  2.22  2.11  1.48  0.55 -0.51 -1.45 -2.02 -2.31 04092003 00
 -2.16 -1.41 -0.22  0.94  1.74  2.00  1.73  1.05  0.18 -0.77 -1.51 -1.93 04092003 12
 -2.08 -1.76 -0.91  0.22  1.20  1.79  1.89  1.56  0.88  0.03 -0.85 -1.46 05092003 00
 -1.82 -1.87 -1.43 -0.55  0.52  1.42  1.86  1.84  1.43  0.71 -0.16 -0.99 05092003 12
 -1.57 -1.91 -1.90 -1.35 -0.40  0.66  1.50  1.88  1.81  1.34  0.58 -0.35 06092003 00
 -1.17 -1.67 -1.91 -1.76 -1.05  0.04  1.12  1.85  2.07  1.83  1.18  0.30 06092003 12
 -0.73 -1.54 -2.04 -2.25 -1.92 -0.99  0.26  1.36  2.02  2.13  1.73  0.93 07092003 00
 -0.05 -1.06 -1.73 -2.05 -1.95 -1.23 -0.01  1.28  2.22  2.59  2.33  1.57 07092003 12
  0.53 -0.68 -1.65 -2.25 -2.52 -2.20 -1.15  0.31  1.60  2.38  2.47  1.91 08092003 00
  0.90 -0.26 -1.42 -2.18 -2.54 -2.38 -1.47  0.01  1.49  2.51  2.89  2.51 08092003 12
  1.51  0.25 -1.14 -2.15 -2.73 -2.87 -2.32 -0.96  0.71  2.05  2.79  2.75 09092003 00
  1.95  0.76 -0.60 -1.81 -2.53 -2.78 -2.36 -1.08  0.66  2.15  3.06  3.22 09092003 12
  2.55  1.35 -0.10 -1.53 -2.46 -2.95 -2.89 -1.95 -0.25  1.49  2.65  3.12 10092003 00
  2.71  1.57  0.21 -1.29 -2.39 -2.97 -3.01 -2.21 -0.55  1.32  2.66  3.34 10092003 12
  3.15  2.10  0.71 -0.90 -2.22 -3.01 -3.34 -2.94 -1.49  0.46  2.11  3.04 11092003 00
  3.20  2.41  1.09 -0.38 -1.80 -2.67 -3.00 -2.69 -1.41  0.50  2.15  3.19 11092003 12
  3.48  2.81  1.52 -0.04 -1.64 -2.74 -3.36 -3.45 -2.60 -0.78  1.14  2.49 12092003 00
  3.10  2.80  1.63  0.18 -1.38 -2.60 -3.26 -3.33 -2.57 -0.90  1.09  2.54 12092003 12
  3.32  3.23  2.21  0.83 -0.77 -2.14 -2.96 -3.30 -2.91 -1.52  0.42  2.09 13092003 00
  3.04  3.21  2.45  1.12 -0.38 -1.84 -2.76 -3.18 -2.96 -1.74  0.17  1.89 13092003 12
  3.00  3.36  2.77  1.52  0.05 -1.49 -2.55 -3.12 -3.16 -2.34 -0.67  1.14 14092003 00
  2.41  2.99  2.69  1.59  0.26 -1.22 -2.36 -2.96 -3.05 -2.39 -0.86  0.94 14092003 12
  2.28  2.98  2.90  1.98  0.71 -0.75 -2.01 -2.75 -3.04 -2.69 -1.46  0.26 15092003 00
  1.73  2.62  2.78  2.12  0.97 -0.35 -1.63 -2.44 -2.78 -2.57 -1.59 -0.04 15092003 12
  1.46  2.43  2.75  2.28  1.23 -0.01 -1.32 -2.23 -2.67 -2.65 -1.96 -0.60 16092003 00
  0.92  2.02  2.53  2.30  1.46  0.37 -0.84 -1.82 -2.32 -2.41 -1.93 -0.82 16092003 12
  0.58  1.72  2.33  2.28  1.61  0.63 -0.49 -1.50 -2.08 -2.30 -2.04 -1.16 17092003 00
  0.14  1.32  2.07  2.26  1.88  1.10  0.15 -0.84 -1.48 -1.77 -1.73 -1.15 17092003 12
 -0.14  0.97  1.77  2.04  1.78  1.09  0.22 -0.74 -1.43 -1.79 -1.86 -1.48 18092003 00
 -0.63  0.43  1.31  1.79  1.79  1.40  0.76 -0.05 -0.80 -1.23 -1.39 -1.28 18092003 12
 -0.71  0.12  0.97  1.52  1.64  1.38  0.84  0.14 -0.59 -1.12 -1.40 -1.45 19092003 00
 -1.11 -0.42  0.37  1.05  1.38  1.37  1.08  0.58 -0.06 -0.68 -1.09 -1.30 19092003 12
 -1.28 -0.87 -0.24  0.44  0.93  1.10  1.02  0.70  0.22 -0.34 -0.83 -1.13 20092003 00
 -1.26 -1.14 -0.66 -0.03  0.62  1.01  1.17  1.08  0.74  0.22 -0.38 -0.90 20092003 12
 -1.21 -1.34 -1.17 -0.68 -0.03  0.63  1.02  1.15  1.03  0.68  0.14 -0.46 21092003 00
 -0.96 -1.25 -1.31 -0.99 -0.32  0.46  1.15  1.53  1.65  1.43  0.93  0.22 21092003 12
 -0.53 -1.07 -1.38 -1.37 -0.88 -0.07  0.80  1.50  1.81  1.76  1.28  0.53 22092003 00
 -0.38 -1.15 -1.57 -1.76 -1.54 -0.78  0.30  1.30  1.88  1.97  1.62  0.92 22092003 12
  0.00 -0.99 -1.70 -2.07 -2.04 -1.45 -0.39  0.79  1.67  2.09  1.93  1.23 23092003 00
  0.24 -0.85 -1.74 -2.22 -2.32 -1.87 -0.78  0.64  1.79  2.44  2.40  1.72 23092003 12
  0.66 -0.61 -1.77 -2.50 -2.84 -2.63 -1.62 -0.07  1.41  2.38  2.71  2.26 24092003 00
  1.23 -0.03 -1.36 -2.30 -2.76 -2.71 -1.88 -0.32  1.35  2.53  3.04  2.72 24092003 12
  1.67  0.32 -1.19 -2.38 -3.07 -3.29 -2.76 -1.26  0.65  2.17  3.03  3.09 25092003 00
  2.24  0.91 -0.60 -1.99 -2.85 -3.20 -2.84 -1.44  0.56  2.29  3.34  3.60 25092003 12
  2.87  1.51 -0.13 -1.74 -2.82 -3.44 -3.47 -2.46 -0.46  1.59  2.98  3.59 26092003 00
  3.23  1.94  0.41 -1.31 -2.62 -3.38 -3.58 -2.83 -0.97  1.25  2.87  3.71 26092003 12
  3.63  2.47  0.89 -0.94 -2.47 -3.44 -3.92 -3.60 -2.08  0.22  2.23  3.40 27092003 00
  3.74  2.98  1.45 -0.25 -1.98 -3.11 -3.70 -3.62 -2.37 -0.14  2.06  3.46 27092003 12
  4.03  3.53  2.08  0.38 -1.50 -2.84 -3.65 -3.92 -3.21 -1.24  1.09  2.83 28092003 00
  3.72  3.68  2.53  0.91 -0.88 -2.43 -3.36 -3.75 -3.29 -1.61  0.75  2.69 28092003 12
  3.79  4.04  3.15  1.61 -0.17 -1.89 -3.01 -3.64 -3.65 -2.49 -0.32  1.84 29092003 00
  3.26  3.83  3.40  2.05  0.46 -1.31 -2.58 -3.31 -3.49 -2.70 -0.83  1.37 29092003 12
  2.95  3.77  3.69  2.58  1.11 -0.64 -2.10 -3.01 -3.45 -3.14 -1.71  0.34 30092003 00
  2.15  3.23  3.50  2.79  1.44 -0.10 -1.67 -2.69 -3.23 -3.20 -2.23 -0.40 30092003 12
  1.47  2.78  3.36  3.03  1.91  0.55 -1.01 -2.19 -2.87 -3.12 -2.64 -1.23 01102003 00
  0.57  2.03  2.83  2.88  2.11  0.90 -0.48 -1.76 -2.55 -2.92 -2.75 -1.78 01102003 12
 -0.20  1.33  2.37  2.78  2.42  1.47  0.31 -0.98 -1.91 -2.40 -2.50 -1.98 02102003 00
 -0.77  0.68  1.82  2.44  2.41  1.79  0.85 -0.29 -1.36 -2.00 -2.32 -2.21 02102003 12
 -1.45 -0.21  1.02  1.91  2.26  2.02  1.34  0.46 -0.54 -1.32 -1.73 -1.88 03102003 00
 -1.57 -0.73  0.38  1.38  1.97  2.06  1.69  0.99  0.11 -0.78 -1.42 -1.81 03102003 12
 -1.94 -1.56 -0.70  0.36  1.24  1.71  1.76  1.42  0.79  0.01 -0.76 -1.27 04102003 00
 -1.54 -1.55 -1.06 -0.24  0.67  1.43  1.77  1.69  1.20  0.47 -0.41 -1.22 04102003 12
 -1.80 -2.15 -2.13 -1.61 -0.68  0.34  1.14  1.54  1.50  1.10  0.44 -0.33 05102003 00
 -1.06 -1.48 -1.62 -1.40 -0.71  0.30  1.29  1.96  2.20  1.96  1.33  0.46 05102003 12
 -0.48 -1.22 -1.76 -1.97 -1.55 -0.52  0.69  1.70  2.22  2.26  1.79  0.98 06102003 00
 -0.05 -1.02 -1.64 -1.89 -1.71 -0.91  0.30  1.55  2.41  2.68  2.37  1.55 06102003 12
  0.48 -0.67 -1.51 -2.06 -2.28 -1.87 -0.74  0.69  1.89  2.58  2.56  1.88 07102003 00
  0.86 -0.35 -1.45 -2.10 -2.38 -2.13 -1.12  0.35  1.70  2.56  2.76  2.22 07102003 12
  1.17 -0.09 -1.38 -2.25 -2.68 -2.63 -1.82 -0.32  1.30  2.46  2.95  2.67 08102003 00
  1.75  0.55 -0.80 -1.85 -2.44 -2.57 -1.96 -0.56  1.09  2.37  3.02  2.88 08102003 12
  1.97  0.71 -0.75 -2.00 -2.74 -3.05 -2.70 -1.42  0.39  1.95  2.91  3.12 09102003 00
  2.46  1.26 -0.16 -1.54 -2.41 -2.78 -2.55 -1.43  0.33  2.01  3.10  3.44 09102003 12
  2.93  1.72  0.24 -1.31 -2.35 -2.92 -2.95 -2.11 -0.44  1.37  2.63  3.21 10102003 00
  2.93  1.83  0.46 -1.09 -2.30 -2.96 -3.12 -2.47 -0.88  1.03  2.49  3.24 10102003 12
  3.17  2.19  0.83 -0.76 -2.13 -2.95 -3.30 -2.93 -1.55  0.38  2.04  3.01 11102003 00
  3.21  2.44  1.10 -0.41 -1.88 -2.81 -3.23 -3.01 -1.82  0.07  1.80  2.92 11102003 12
  3.29  2.69  1.41 -0.06 -1.61 -2.69 -3.25 -3.26 -2.36 -0.57  1.30  2.59 12102003 00
  3.18  2.85  1.68  0.29 -1.27 -2.46 -3.10 -3.21 -2.51 -0.94  0.93  2.32 12102003 12
  3.06  2.98  1.99  0.62 -0.91 -2.20 -2.96 -3.23 -2.78 -1.37  0.49  2.05 13102003 00
  2.93  3.05  2.26  0.98 -0.48 -1.86 -2.70 -3.08 -2.87 -1.76  0.01  1.62 13102003 12
  2.63  2.93  2.37  1.18 -0.19 -1.61 -2.58 -3.06 -2.99 -2.11 -0.50  1.19 14102003 00
  2.35  2.87  2.52  1.47  0.19 -1.21 -2.27 -2.82 -2.91 -2.31 -0.94  0.68 14102003 12
  1.93  2.56  2.42  1.56  0.37 -0.95 -2.08 -2.71 -2.89 -2.48 -1.33  0.23 15102003 00
  1.55  2.35  2.45  1.81  0.73 -0.48 -1.65 -2.37 -2.67 -2.46 -1.58 -0.18 15102003 12
  1.14  1.98  2.22  1.78  0.87 -0.22 -1.36 -2.15 -2.52 -2.44 -1.78 -0.59 16102003 00
  0.72  1.69  2.13  1.91  1.19  0.23 -0.83 -1.69 -2.14 -2.23 -1.87 -0.95 16102003 12
  0.27  1.28  1.84  1.81  1.28  0.43 -0.51 -1.40 -1.93 -2.12 -1.91 -1.20 17102003 00
 -0.13  0.88  1.56  1.76  1.47  0.79 -0.04 -0.91 -1.52 -1.80 -1.80 -1.39 17102003 12
 -0.58  0.39  1.14  1.48  1.36  0.89  0.23 -0.53 -1.19 -1.54 -1.67 -1.48 18102003 00
 -0.88 -0.00  0.81  1.32  1.43  1.20  0.70  0.04 -0.66 -1.16 -1.44 -1.51 18102003 12
 -1.22 -0.61  0.16  0.82  1.13  1.12  0.85  0.38 -0.21 -0.76 -1.12 -1.29 19102003 00
 -1.27 -0.88 -0.23  0.47  0.97  1.15  1.08  0.76  0.22 -0.42 -0.99 -1.38 19102003 12
 -1.59 -1.52 -1.07 -0.35  0.40  0.93  1.15  1.09  0.79  0.27 -0.35 -0.88 20102003 00
 -1.22 -1.35 -1.18 -0.64  0.10  0.85  1.33  1.47  1.28  0.79  0.09 -0.69 20102003 12
 -1.30 -1.66 -1.76 -1.43 -0.68  0.29  1.15  1.63  1.71  1.40  0.76 -0.06 21102003 00
 -0.89 -1.45 -1.71 -1.63 -1.06 -0.08  0.97  1.74  2.00  1.77  1.10  0.17 21102003 12
 -0.88 -1.73 -2.23 -2.39 -1.99 -0.98  0.35  1.48  2.15  2.21  1.72  0.82 22102003 00
 -0.27 -1.34 -2.03 -2.35 -2.19 -1.35 -0.00  1.32  2.20  2.46  2.02  1.03 22102003 12
 -0.19 -1.49 -2.44 -2.98 -3.05 -2.40 -0.95  0.74  2.02  2.69  2.60  1.75 23102003 00
  0.55 -0.81 -2.01 -2.70 -2.93 -2.50 -1.21  0.56  2.05  2.94  3.06  2.30 23102003 12
  1.02 -0.49 -1.93 -2.87 -3.38 -3.28 -2.19 -0.30  1.55  2.78  3.26  2.83 24102003 00
  1.63  0.18 -1.44 -2.62 -3.26 -3.34 -2.53 -0.75  1.29  2.75  3.51  3.33 24102003 12
  2.16  0.64 -1.11 -2.53 -3.41 -3.81 -3.42 -1.87  0.38  2.25  3.34  3.62 25102003 00
  2.82  1.33 -0.32 -1.96 -2.99 -3.49 -3.34 -2.09  0.09  2.15  3.45  3.93 25102003 12
  3.32  1.83  0.13 -1.69 -2.99 -3.78 -4.04 -3.29 -1.27  1.07  2.83  3.68 26102003 00
  3.63  2.45  0.81 -0.99 -2.55 -3.48 -3.86 -3.39 -1.69  0.71  2.66  3.75 26102003 12
  3.98  3.04  1.44 -0.38 -2.13 -3.26 -3.89 -3.85 -2.61 -0.37  1.90  3.33 27102003 00
  3.90  3.43  1.97  0.27 -1.57 -2.89 -3.66 -3.86 -3.05 -1.01  1.32  3.02 27102003 12
  3.87  3.78  2.59  0.99 -0.84 -2.37 -3.31 -3.76 -3.40 -1.81  0.49  2.45 28102003 00
  3.57  3.85  3.03  1.53 -0.17 -1.86 -2.95 -3.53 -3.49 -2.32 -0.21  1.88 28102003 12
  3.29  3.90  3.50  2.22  0.69 -1.05 -2.31 -3.04 -3.28 -2.64 -0.91  1.20 29102003 00
  2.80  3.65  3.63  2.61  1.20 -0.46 -1.87 -2.75 -3.21 -3.02 -1.78  0.15 29102003 12
  1.93  3.07  3.45  2.90  1.69  0.30 -1.18 -2.18 -2.70 -2.74 -1.94 -0.31 30102003 00
  1.44  2.72  3.34  3.15  2.22  0.98 -0.49 -1.68 -2.40 -2.75 -2.48 -1.32 30102003 12
  0.31  1.77  2.69  2.91  2.41  1.43  0.28 -0.92 -1.72 -2.13 -2.12 -1.41 31102003 00
 -0.10  1.30  2.31  2.73  2.49  1.71  0.70 -0.51 -1.50 -2.11 -2.41 -2.22 31102003 12
 -1.35 -0.07  1.13  1.94  2.19  1.86  1.15  0.28 -0.67 -1.36 -1.71 -1.75 01112003 00
 -1.26 -0.30  0.81  1.73  2.19  2.16  1.69  0.93 -0.01 -0.85 -1.41 -1.73 01112003 12
 -1.67 -0.97  0.13  1.26  2.10  2.44  2.35  1.92  1.22  0.31 -0.44 -0.96 02112003 00
 -1.26 -1.16 -0.49  0.47  1.40  2.04  2.28  2.13  1.62  0.86 -0.03 -0.77 02112003 12
 -1.30 -1.58 -1.40 -0.61  0.40  1.35  1.98  2.17  1.96  1.45  0.73 -0.06 03112003 00
 -0.68 -1.10 -1.27 -0.98 -0.16  0.87  1.72  2.12  2.05  1.51  0.72 -0.30 03112003 12
 -1.26 -1.92 -2.30 -2.24 -1.58 -0.50  0.68  1.58  1.98  1.89  1.38  0.60 04112003 00
 -0.34 -1.14 -1.56 -1.63 -1.23 -0.27  0.92  1.93  2.49  2.51  1.96  1.07 04112003 12
 -0.07 -1.14 -1.86 -2.26 -2.18 -1.41 -0.17  1.08  1.97  2.32  2.08  1.33 05112003 00
  0.31 -0.83 -1.68 -2.11 -2.13 -1.53 -0.32  1.10  2.20  2.77  2.68  2.01 05112003 12
  1.01 -0.26 -1.39 -2.11 -2.43 -2.15 -1.11  0.33  1.60  2.37  2.48  1.90 06112003 00
  0.86 -0.35 -1.55 -2.31 -2.65 -2.46 -1.52 -0.00  1.46  2.42  2.74  2.31 06112003 12
  1.27 -0.01 -1.36 -2.34 -2.86 -2.88 -2.15 -0.68  0.94  2.12  2.71  2.53 07112003 00
  1.63  0.41 -0.98 -2.11 -2.73 -2.85 -2.30 -0.96  0.71  2.04  2.75  2.68 07112003 12
  1.82  0.57 -0.86 -2.15 -2.92 -3.21 -2.86 -1.63  0.10  1.64  2.58  2.81 08112003 00
  2.19  1.00 -0.36 -1.73 -2.63 -3.02 -2.84 -1.81 -0.11  1.53  2.60  3.00 08112003 12
  2.53  1.37  0.01 -1.46 -2.50 -3.02 -2.98 -2.10 -0.44  1.33  2.57  3.18 09112003 00
  2.94  1.91  0.59 -0.93 -2.12 -2.78 -2.96 -2.40 -0.94  0.85  2.25  2.98 09112003 12
  2.91  2.01  0.72 -0.76 -2.05 -2.81 -3.07 -2.65 -1.31  0.53  2.09  3.02 10112003 00
  3.17  2.44  1.21 -0.24 -1.66 -2.58 -3.02 -2.88 -1.85 -0.14  1.52  2.59 10112003 12
  2.96  2.46  1.30 -0.06 -1.51 -2.51 -3.00 -2.95 -2.07 -0.44  1.32  2.55 11112003 00
  3.14  2.86  1.83  0.54 -0.93 -2.07 -2.69 -2.83 -2.27 -0.84  0.94  2.30 11112003 12
  3.02  2.95  2.05  0.81 -0.58 -1.79 -2.47 -2.75 -2.40 -1.19  0.50  1.97 12112003 00
  2.84  2.96  2.31  1.18 -0.16 -1.48 -2.30 -2.68 -2.51 -1.56  0.00  1.53 12112003 12
  2.54  2.84  2.37  1.33  0.10 -1.22 -2.14 -2.60 -2.59 -1.89 -0.51  1.04 13112003 00
  2.17  2.71  2.52  1.68  0.55 -0.70 -1.69 -2.21 -2.36 -1.92 -0.77  0.73 13112003 12
  1.97  2.64  2.61  1.98  1.02 -0.10 -1.15 -1.77 -1.99 -1.64 -0.62  0.74 14112003 00
  1.95  2.76  2.98  2.64  1.85  0.71 -0.46 -1.23 -1.69 -1.82 -1.36 -0.25 14112003 12
  0.96  1.89  2.20  1.96  1.22  0.32 -0.70 -1.49 -1.90 -1.97 -1.56 -0.64 15112003 00
  0.52  1.49  2.04  2.05  1.54  0.71 -0.27 -1.17 -1.71 -1.97 -1.88 -1.25 15112003 12
 -0.22  0.85  1.60  1.83  1.56  0.94  0.17 -0.69 -1.33 -1.62 -1.66 -1.27 16112003 00
 -0.45  0.55  1.37  1.79  1.73  1.25  0.53 -0.34 -1.13 -1.61 -1.86 -1.78 16112003 12
 -1.22 -0.29  0.67  1.37  1.61  1.51  1.15  0.56 -0.19 -0.80 -1.13 -1.23 17112003 00
 -1.01 -0.33  0.52  1.31  1.72  1.70  1.28  0.66 -0.11 -0.86 -1.40 -1.69 17112003 12
 -1.69 -1.26 -0.50  0.41  1.16  1.53  1.55  1.26  0.70 -0.01 -0.68 -1.11 18112003 00
 -1.28 -1.14 -0.56  0.32  1.20  1.79  1.95  1.67  1.05  0.25 -0.63 -1.34 18112003 12
 -1.82 -2.04 -1.75 -0.94  0.14  1.15  1.82  2.04  1.85  1.26  0.40 -0.54 19112003 00
 -1.21 -1.57 -1.62 -1.13 -0.18  0.89  1.75  2.09  1.93  1.30  0.41 -0.63 19112003 12
 -1.51 -2.08 -2.33 -2.05 -1.11  0.22  1.45  2.24  2.45  2.13  1.34  0.31 20112003 00
 -0.82 -1.64 -2.09 -2.13 -1.48 -0.22  1.19  2.25  2.71  2.51  1.69  0.56 20112003 12
 -0.75 -1.83 -2.50 -2.82 -2.50 -1.36  0.26  1.71  2.62  2.84  2.32  1.27 21112003 00
 -0.01 -1.33 -2.21 -2.64 -2.55 -1.62  0.01  1.67  2.82  3.27  2.88  1.79 21112003 12
  0.41 -1.12 -2.27 -2.96 -3.21 -2.68 -1.15  0.78  2.34  3.22  3.30  2.45 22112003 00
  1.13 -0.39 -1.81 -2.68 -3.08 -2.82 -1.53  0.45  2.23  3.36  3.69  3.03 22112003 12
  1.71  0.11 -1.54 -2.67 -3.34 -3.47 -2.61 -0.69  1.39  2.89  3.64  3.44 23112003 00
  2.28  0.78 -0.96 -2.35 -3.19 -3.52 -3.01 -1.36  0.85  2.65  3.64  3.78 23112003 12
  2.85  1.35 -0.41 -2.05 -3.10 -3.68 -3.59 -2.32 -0.14  2.00  3.36  3.89 24112003 00
  3.39  1.99  0.35 -1.45 -2.72 -3.44 -3.61 -2.74 -0.70  1.60  3.25  4.10 24112003 12
  3.97  2.80  1.26 -0.60 -2.08 -2.98 -3.41 -3.05 -1.44  0.82  2.77  3.88 25112003 00
  4.10  3.22  1.75 -0.03 -1.76 -2.89 -3.53 -3.55 -2.40 -0.22  1.96  3.42 25112003 12
  4.06  3.69  2.41  0.86 -0.95 -2.24 -2.98 -3.22 -2.53 -0.69  1.51  3.20 26112003 00
  4.08  4.06  3.00  1.55 -0.25 -1.78 -2.73 -3.25 -3.09 -1.75  0.34  2.24 26112003 12
  3.46  3.84  3.20  1.89  0.33 -1.31 -2.39 -3.00 -3.10 -2.19 -0.35  1.64 27112003 00
  3.05  3.74  3.48  2.35  0.93 -0.75 -2.04 -2.84 -3.24 -2.91 -1.51  0.42 27112003 12
  2.09  3.07  3.28  2.59  1.36 -0.06 -1.48 -2.39 -2.83 -2.71 -1.71 -0.00 28112003 00
  1.71  2.87  3.35  3.00  1.98  0.71 -0.77 -1.88 -2.51 -2.76 -2.33 -1.05 28112003 12
  0.60  1.98  2.78  2.88  2.26  1.22 -0.03 -1.23 -1.99 -2.35 -2.17 -1.17 29112003 00
  0.34  1.81  2.89  3.30  2.98  2.00  0.73 -0.57 -1.45 -2.04 -2.38 -2.06 29112003 12
 -1.00  0.35  1.51  2.19  2.26  1.80  0.99  0.00 -0.99 -1.60 -1.85 -1.74 30112003 00
 -1.06  0.08  1.25  2.11  2.42  2.20  1.51  0.58 -0.49 -1.32 -1.84 -2.13 30112003 12
 -1.95 -1.14  0.02  1.09  1.78  1.95  1.64  1.00  0.18 -0.72 -1.35 -1.66 01122003 00
 -1.68 -1.25 -0.38  0.67  1.52  1.91  1.80  1.25  0.43 -0.56 -1.44 -2.02 01122003 12
 -2.39 -2.39 -1.84 -0.83  0.26  1.09  1.49  1.38  0.92  0.21 -0.57 -1.23 02122003 00
 -1.59 -1.67 -1.36 -0.64  0.37  1.28  1.81  1.88  1.51  0.80 -0.10 -1.01 02122003 12
 -1.65 -2.06 -2.16 -1.72 -0.78  0.33  1.21  1.68  1.64  1.21  0.49 -0.38 03122003 00
 -1.21 -1.71 -1.91 -1.72 -1.04 -0.00  0.99  1.64  1.79  1.46  0.72 -0.21 03122003 12
 -1.18 -1.90 -2.31 -2.38 -1.90 -0.87  0.35  1.29  1.78  1.71  1.18  0.33 04122003 00
 -0.65 -1.55 -2.08 -2.25 -1.97 -1.15  0.04  1.12  1.81  1.92  1.46  0.57 04122003 12
 -0.45 -1.48 -2.18 -2.53 -2.44 -1.74 -0.53  0.76  1.69  2.11  1.90  1.17 05122003 00
  0.18 -0.93 -1.83 -2.29 -2.35 -1.88 -0.83  0.50  1.57  2.16  2.10  1.44 05122003 12
  0.41 -0.74 -1.80 -2.42 -2.66 -2.35 -1.37  0.04  1.30  2.09  2.26  1.77 06122003 00
  0.79 -0.38 -1.56 -2.35 -2.70 -2.55 -1.74 -0.38  1.01  1.97  2.34  1.99 06122003 12
  1.07 -0.08 -1.31 -2.25 -2.71 -2.70 -2.04 -0.69  0.82  1.95  2.52  2.37 07122003 00
  1.53  0.37 -0.92 -2.00 -2.60 -2.76 -2.32 -1.15  0.41  1.71  2.46  2.48 07122003 12
  1.77  0.64 -0.66 -1.87 -2.61 -2.89 -2.58 -1.49  0.11  1.58  2.52  2.80 08122003 00
  2.29  1.21 -0.06 -1.38 -2.27 -2.70 -2.63 -1.79 -0.27  1.32  2.43  2.85 08122003 12
  2.49  1.48  0.24 -1.10 -2.11 -2.62 -2.67 -1.99 -0.54  1.14  2.38  3.02 09122003 00
  2.89  2.03  0.82 -0.60 -1.80 -2.49 -2.74 -2.35 -1.13  0.54  1.94  2.73 09122003 12
  2.80  2.09  0.92 -0.43 -1.72 -2.50 -2.83 -2.56 -1.44  0.23  1.79  2.78 10122003 00
  3.09  2.60  1.53  0.22 -1.18 -2.12 -2.60 -2.60 -1.82 -0.31  1.33  2.49 10122003 12
  2.98  2.71  1.76  0.56 -0.80 -1.84 -2.40 -2.49 -1.84 -0.46  1.15  2.41 11122003 00
  3.06  2.92  2.06  0.85 -0.58 -1.81 -2.55 -2.89 -2.64 -1.53  0.09  1.53 11122003 12
  2.45  2.65  2.05  0.95 -0.32 -1.58 -2.38 -2.71 -2.50 -1.52  0.06  1.60 12122003 00
  2.63  3.02  2.66  1.74  0.58 -0.74 -1.70 -2.22 -2.34 -1.74 -0.41  1.13 12122003 12
  2.32  2.87  2.72  1.91  0.82 -0.45 -1.48 -2.06 -2.26 -1.85 -0.69  0.80 13122003 00
  2.05  2.76  2.83  2.22  1.20 -0.02 -1.15 -1.82 -2.14 -2.01 -1.15  0.20 13122003 12
  1.56  2.48  2.75  2.35  1.45  0.39 -0.78 -1.60 -2.04 -2.11 -1.56 -0.38 14122003 00
  0.97  2.04  2.56  2.44  1.67  0.61 -0.62 -1.67 -2.29 -2.55 -2.32 -1.46 14122003 12
 -0.16  1.06  1.85  2.06  1.64  0.79 -0.20 -1.20 -1.86 -2.13 -1.99 -1.31 15122003 00
 -0.16  1.07  1.95  2.30  2.03  1.27  0.29 -0.82 -1.69 -2.19 -2.38 -2.08 15122003 12
 -1.17  0.07  1.13  1.79  1.89  1.47  0.73 -0.15 -1.05 -1.60 -1.80 -1.62 16122003 00
 -0.95  0.13  1.24  2.01  2.27  2.00  1.30  0.38 -0.65 -1.45 -1.95 -2.18 16122003 12
 -1.88 -1.03  0.11  1.14  1.77  1.87  1.53  0.85 -0.01 -0.88 -1.45 -1.72 17122003 00
 -1.68 -1.11 -0.10  1.02  1.86  2.18  1.99  1.35  0.45 -0.60 -1.44 -1.98 17122003 12
 -2.27 -2.10 -1.32 -0.13  1.00  1.76  2.01  1.76  1.13  0.28 -0.66 -1.37 18122003 00
 -1.73 -1.78 -1.30 -0.31  0.86  1.82  2.30  2.21  1.61  0.71 -0.40 -1.38 18122003 12
 -2.03 -2.40 -2.31 -1.56 -0.31  0.97  1.90  2.29  2.09  1.39  0.43 -0.67 19122003 00
 -1.56 -2.05 -2.19 -1.77 -0.73  0.64  1.80  2.46  2.48  1.89  0.88 -0.34 19122003 12
 -1.49 -2.26 -2.70 -2.64 -1.82 -0.38  1.13  2.24  2.73  2.53  1.75  0.67 20122003 00
 -0.60 -1.60 -2.13 -2.26 -1.73 -0.52  1.03  2.38  3.19  3.25  2.56  1.45 20122003 12
  0.09 -1.20 -2.13 -2.64 -2.63 -1.80 -0.28  1.30  2.42  2.92  2.63  1.56 21122003 00
  0.26 -1.16 -2.26 -2.90 -3.14 -2.67 -1.21  0.68  2.12  2.93  2.95  2.06 21122003 12
  0.75 -0.75 -2.13 -3.02 -3.50 -3.34 -2.15 -0.23  1.58  2.76  3.24  2.75 22122003 00
  1.50  0.04 -1.53 -2.64 -3.26 -3.38 -2.65 -0.94  1.09  2.59  3.40  3.33 22122003 12
  2.30  0.90 -0.73 -2.12 -2.96 -3.34 -2.99 -1.54  0.54  2.32  3.37  3.64 23122003 00
  2.89  1.51 -0.11 -1.73 -2.81 -3.45 -3.54 -2.59 -0.61  1.43  2.86  3.52 23122003 12
  3.24  2.00  0.49 -1.21 -2.53 -3.31 -3.57 -2.95 -1.23  0.99  2.68  3.61 24122003 00
  3.69  2.74  1.29 -0.44 -2.01 -3.01 -3.56 -3.46 -2.22 -0.13  1.87  3.18 24122003 12
  3.69  3.19  1.89  0.36 -1.32 -2.51 -3.15 -3.23 -2.32 -0.45  1.64  3.13 25122003 00
  3.89  3.71  2.59  1.12 -0.66 -2.07 -2.97 -3.43 -3.15 -1.70  0.36  2.20 25122003 12
  3.29  3.57  2.88  1.56  0.01 -1.57 -2.58 -3.04 -2.86 -1.65  0.32  2.25 26122003 00
  3.53  4.05  3.63  2.50  1.00 -0.70 -1.89 -2.64 -2.99 -2.54 -1.05  0.90 26122003 12
  2.49  3.37  3.41  2.55  1.29 -0.21 -1.58 -2.41 -2.78 -2.48 -1.21  0.65 27122003 00
  2.34  3.40  3.68  3.08  1.91  0.44 -1.09 -2.14 -2.79 -2.99 -2.35 -0.82 27122003 12
  0.93  2.29  2.97  2.85  1.96  0.79 -0.55 -1.69 -2.28 -2.49 -2.10 -0.90 28122003 00
  0.75  2.17  3.05  3.24  2.65  1.56  0.20 -1.12 -1.99 -2.50 -2.61 -1.92 28122003 12
 -0.54  0.97  2.07  2.55  2.32  1.51  0.45 -0.73 -1.67 -2.15 -2.25 -1.78 29122003 00
 -0.68  0.72  1.87  2.54  2.56  1.96  1.00 -0.17 -1.27 -1.97 -2.37 -2.35 29122003 12
 -1.66 -0.45  0.83  1.74  2.12  1.89  1.20  0.31 -0.69 -1.49 -1.86 -1.92 30122003 00
 -1.48 -0.52  0.68  1.66  2.19  2.19  1.67  0.82 -0.21 -1.18 -1.82 -2.19 30122003 12
 -2.21 -1.66 -0.66  0.44  1.26  1.62  1.47  0.96  0.21 -0.63 -1.34 -1.70 31122003 00
 -1.76 -1.39 -0.62  0.40  1.31  1.83  1.91  1.61  1.01  0.29 -0.44 -0.88 31122003 12
