Parameter Z: CS3 Location ( 52, 86) Lat 53.500 Lon -3.417
 -0.96  0.33  1.34  1.87  1.76  1.15  0.24 -0.76 -1.63 -2.08 -2.19 -1.87 01011997 00
 -1.04  0.12  1.16  1.81  1.91  1.50  0.69 -0.29 -1.26 -1.89 -2.20 -2.16 01011997 12
 -1.64 -0.63  0.51  1.36  1.75  1.59  1.04  0.27 -0.60 -1.34 -1.70 -1.77 02011997 00
 -1.44 -0.69  0.33  1.23  1.74  1.75  1.33  0.60 -0.28 -1.14 -1.70 -2.00 02011997 12
 -1.97 -1.45 -0.51  0.52  1.29  1.61  1.47  0.99  0.30 -0.51 -1.20 -1.57 03011997 00
 -1.69 -1.43 -0.74  0.23  1.08  1.58  1.62  1.25  0.58 -0.24 -1.07 -1.67 03011997 12
 -2.02 -2.06 -1.60 -0.68  0.38  1.21  1.63  1.58  1.18  0.49 -0.32 -1.08 04011997 00
 -1.54 -1.75 -1.59 -0.95  0.03  0.99  1.61  1.75  1.46  0.81 -0.03 -0.96 04011997 12
 -1.66 -2.08 -2.17 -1.76 -0.82  0.36  1.34  1.88  1.89  1.48  0.71 -0.22 05011997 00
 -1.13 -1.72 -2.02 -1.93 -1.26 -0.13  1.02  1.84  2.11  1.83  1.09  0.12 05011997 12
 -0.96 -1.81 -2.30 -2.44 -2.02 -0.96  0.41  1.56  2.25  2.29  1.76  0.82 06011997 00
 -0.31 -1.41 -2.12 -2.47 -2.34 -1.52 -0.16  1.22  2.18  2.53  2.17  1.25 06011997 12
  0.10 -1.18 -2.15 -2.69 -2.81 -2.26 -0.93  0.70  2.00  2.72  2.70  1.96 07011997 00
  0.81 -0.55 -1.79 -2.57 -2.93 -2.70 -1.61  0.08  1.66  2.67  2.98  2.45 07011997 12
  1.30 -0.06 -1.51 -2.52 -3.07 -3.09 -2.24 -0.55  1.29  2.60  3.28  3.08 08011997 00
  2.06  0.71 -0.88 -2.18 -2.98 -3.32 -2.92 -1.46  0.52  2.22  3.19  3.38 08011997 12
  2.59  1.23 -0.32 -1.85 -2.84 -3.36 -3.24 -2.07 -0.04  1.90  3.20  3.73 09011997 00
  3.26  1.96  0.39 -1.34 -2.60 -3.36 -3.61 -2.95 -1.16  1.03  2.67  3.54 09011997 12
  3.52  2.46  0.95 -0.78 -2.29 -3.22 -3.66 -3.30 -1.77  0.48  2.44  3.60 10011997 00
  3.94  3.19  1.70 -0.03 -1.79 -2.95 -3.62 -3.72 -2.68 -0.57  1.62  3.14 10011997 12
  3.82  3.53  2.25  0.66 -1.17 -2.58 -3.41 -3.70 -3.06 -1.21  1.13  2.91 11011997 00
  3.88  3.96  2.92  1.38 -0.44 -2.08 -3.14 -3.74 -3.63 -2.31 -0.10  2.03 11011997 12
  3.36  3.85  3.31  1.90  0.27 -1.50 -2.72 -3.39 -3.48 -2.52 -0.48  1.75 12011997 00
  3.29  4.06  3.85  2.62  1.06 -0.80 -2.24 -3.17 -3.66 -3.36 -1.85  0.34 12011997 12
  2.26  3.38  3.70  2.98  1.58 -0.03 -1.67 -2.71 -3.22 -3.09 -1.90  0.12 13011997 00
  2.08  3.39  3.94  3.47  2.20  0.65 -1.09 -2.34 -3.14 -3.49 -3.01 -1.47 13011997 12
  0.56  2.18  3.07  3.19  2.36  1.03 -0.46 -1.88 -2.74 -3.10 -2.82 -1.56 14011997 00
  0.35  2.06  3.17  3.54  3.00  1.83  0.39 -1.14 -2.21 -2.84 -3.05 -2.48 14011997 12
 -1.03  0.70  2.07  2.79  2.74  1.92  0.72 -0.63 -1.82 -2.52 -2.79 -2.47 15011997 00
 -1.32  0.31  1.76  2.68  2.93  2.42  1.40  0.16 -1.15 -2.05 -2.57 -2.69 15011997 12
 -2.14 -0.87  0.63  1.81  2.45  2.40  1.74  0.74 -0.39 -1.41 -2.00 -2.24 16011997 00
 -1.99 -1.08  0.25  1.49  2.30  2.54  2.18  1.35  0.31 -0.81 -1.60 -2.07 16011997 12
 -2.22 -1.80 -0.76  0.53  1.60  2.18  2.21  1.75  0.98  0.03 -0.91 -1.49 17011997 00
 -1.76 -1.66 -0.98  0.11  1.22  2.02  2.33  2.13  1.49  0.61 -0.43 -1.25 17011997 12
 -1.78 -2.06 -1.86 -1.05  0.07  1.13  1.82  2.00  1.73  1.10  0.27 -0.65 18011997 00
 -1.31 -1.65 -1.70 -1.25 -0.34  0.73  1.61  2.06  2.03  1.54  0.76 -0.21 18011997 12
 -1.10 -1.69 -2.02 -1.93 -1.23 -0.13  0.99  1.81  2.12  1.93  1.33  0.47 19011997 00
 -0.55 -1.38 -1.87 -2.08 -1.80 -0.94  0.23  1.28  1.91  1.99  1.56  0.75 19011997 12
 -0.25 -1.26 -1.92 -2.25 -2.16 -1.48 -0.33  0.91  1.82  2.21  2.01  1.32 20011997 00
  0.34 -0.77 -1.68 -2.21 -2.40 -2.06 -1.08  0.24  1.36  2.02  2.07  1.54 20011997 12
  0.59 -0.52 -1.59 -2.26 -2.55 -2.32 -1.45 -0.10  1.22  2.12  2.44  2.09 21011997 00
  1.20  0.08 -1.14 -2.06 -2.55 -2.61 -2.03 -0.80  0.66  1.79  2.37  2.25 21011997 12
  1.50  0.39 -0.84 -1.91 -2.49 -2.62 -2.13 -0.95  0.61  1.92  2.69  2.79 22011997 00
  2.17  1.07 -0.22 -1.48 -2.28 -2.67 -2.53 -1.61 -0.10  1.40  2.39  2.71 22011997 12
  2.28  1.24 -0.01 -1.35 -2.28 -2.74 -2.68 -1.85 -0.32  1.31  2.47  3.01 23011997 00
  2.76  1.79  0.51 -0.94 -2.09 -2.73 -2.94 -2.46 -1.10  0.62  2.00  2.78 23011997 12
  2.79  1.99  0.77 -0.61 -1.88 -2.63 -2.88 -2.45 -1.15  0.63  2.15  3.09 24011997 00
  3.28  2.60  1.37 -0.11 -1.56 -2.50 -3.02 -2.99 -2.08 -0.42  1.28  2.41 24011997 12
  2.85  2.43  1.29 -0.05 -1.50 -2.57 -3.11 -3.10 -2.26 -0.63  1.18  2.46 25011997 00
  3.11  2.90  1.85  0.51 -1.03 -2.27 -2.98 -3.23 -2.77 -1.38  0.44  1.94 25011997 12
  2.77  2.83  2.02  0.72 -0.72 -2.07 -2.88 -3.19 -2.83 -1.57  0.27  1.89 26011997 00
  2.87  3.12  2.48  1.24 -0.21 -1.67 -2.64 -3.15 -3.11 -2.22 -0.54  1.19 26011997 12
  2.37  2.87  2.48  1.36  0.04 -1.40 -2.47 -3.03 -3.05 -2.31 -0.76  1.02 27011997 00
  2.31  2.95  2.78  1.79  0.48 -1.01 -2.24 -2.95 -3.22 -2.83 -1.56  0.18 27011997 12
  1.66  2.49  2.59  1.86  0.63 -0.69 -1.98 -2.77 -3.07 -2.79 -1.70 -0.02 28011997 00
  1.50  2.47  2.75  2.20  1.04 -0.28 -1.64 -2.58 -3.06 -3.03 -2.27 -0.78 28011997 12
  0.81  1.93  2.45  2.16  1.21  0.03 -1.26 -2.28 -2.79 -2.83 -2.23 -0.92 29011997 00
  0.63  1.83  2.47  2.37  1.57  0.43 -0.87 -2.01 -2.66 -2.91 -2.63 -1.62 29011997 12
 -0.14  1.18  2.01  2.21  1.68  0.71 -0.41 -1.54 -2.28 -2.57 -2.38 -1.59 30011997 00
 -0.28  1.06  1.97  2.30  1.95  1.07 -0.02 -1.19 -2.06 -2.51 -2.58 -2.12 30011997 12
 -1.04  0.30  1.35  1.94  1.88  1.27  0.35 -0.68 -1.61 -2.12 -2.27 -1.97 31011997 00
 -1.13  0.11  1.23  1.91  2.03  1.58  0.74 -0.24 -1.25 -1.93 -2.27 -2.25 31011997 12
 -1.71 -0.68  0.49  1.37  1.79  1.66  1.12  0.32 -0.58 -1.36 -1.77 -1.87 01021997 00
 -1.57 -0.80  0.28  1.24  1.80  1.87  1.48  0.76 -0.11 -1.00 -1.60 -1.93 01021997 12
 -1.97 -1.49 -0.54  0.57  1.46  1.89  1.81  1.33  0.61 -0.27 -1.05 -1.52 02021997 00
 -1.75 -1.66 -1.08 -0.16  0.78  1.43  1.62  1.38  0.80  0.03 -0.85 -1.55 02021997 12
 -1.96 -2.10 -1.80 -0.99  0.11  1.08  1.68  1.79  1.51  0.88  0.09 -0.75 03021997 00
 -1.32 -1.62 -1.60 -1.02 -0.01  1.11  2.02  2.44  2.38  1.82  0.97 -0.06 03021997 12
 -0.93 -1.53 -1.89 -1.78 -1.03  0.10  1.27  2.13  2.46  2.30  1.63  0.66 04021997 00
 -0.47 -1.38 -1.95 -2.20 -1.87 -0.87  0.43  1.57  2.23  2.29  1.76  0.82 04021997 12
 -0.30 -1.41 -2.13 -2.50 -2.36 -1.50 -0.08  1.36  2.38  2.79  2.50  1.62 05021997 00
  0.45 -0.88 -1.91 -2.54 -2.78 -2.37 -1.11  0.57  1.98  2.79  2.86  2.14 05021997 12
  0.96 -0.43 -1.75 -2.59 -2.99 -2.77 -1.64  0.15  1.87  3.04  3.50  3.09 06021997 00
  2.01  0.61 -0.96 -2.09 -2.76 -2.95 -2.26 -0.59  1.38  2.91  3.69  3.63 06021997 12
  2.66  1.28 -0.40 -1.80 -2.70 -3.19 -2.98 -1.62  0.44  2.29  3.42  3.72 07021997 00
  2.98  1.55 -0.10 -1.79 -2.94 -3.62 -3.74 -2.80 -0.78  1.38  2.93  3.64 07021997 12
  3.40  2.15  0.57 -1.21 -2.62 -3.47 -3.77 -3.15 -1.32  1.05  2.89  3.91 08021997 00
  4.03  3.02  1.47 -0.38 -2.06 -3.15 -3.78 -3.72 -2.37 -0.08  2.15  3.55 08021997 12
  4.08  3.54  2.11  0.43 -1.41 -2.65 -3.33 -3.45 -2.48 -0.38  1.95  3.54 09021997 00
  4.29  4.00  2.65  0.97 -1.01 -2.53 -3.53 -4.08 -3.73 -2.01  0.47  2.57 09021997 12
  3.77  4.12  3.37  1.87  0.13 -1.63 -2.72 -3.23 -2.98 -1.48  0.87  3.02 10021997 00
  4.37  4.85  4.21  2.91  1.10 -0.79 -2.09 -2.98 -3.43 -2.89 -1.08  1.21 10021997 12
  3.04  3.96  3.94  2.80  1.25 -0.58 -2.14 -3.08 -3.52 -3.15 -1.56  0.66 11021997 00
  2.58  3.73  4.04  3.27  1.84  0.14 -1.55 -2.68 -3.32 -3.37 -2.35 -0.35 11021997 12
  1.70  3.12  3.77  3.46  2.29  0.84 -0.86 -2.12 -2.85 -3.06 -2.38 -0.66 12021997 00
  1.38  2.99  3.87  3.91  3.02  1.73  0.09 -1.33 -2.23 -2.76 -2.72 -1.68 12021997 12
  0.08  1.81  2.98  3.42  3.04  2.00  0.70 -0.78 -1.86 -2.43 -2.55 -1.88 13021997 00
 -0.42  1.25  2.54  3.16  3.05  2.19  1.02 -0.37 -1.52 -2.21 -2.56 -2.36 13021997 12
 -1.35  0.15  1.54  2.43  2.66  2.19  1.24  0.11 -1.07 -1.86 -2.25 -2.24 14021997 00
 -1.58 -0.32  1.05  2.06  2.55  2.41  1.72  0.77 -0.35 -1.30 -1.87 -2.15 14021997 12
 -1.98 -1.17  0.03  1.19  1.96  2.16  1.82  1.10  0.20 -0.77 -1.46 -1.83 15021997 00
 -1.93 -1.55 -0.66  0.43  1.33  1.80  1.79  1.38  0.68 -0.16 -0.96 -1.46 15021997 12
 -1.69 -1.57 -0.95  0.01  0.98  1.68  1.96  1.87  1.48  0.85  0.03 -0.64 16021997 00
 -1.02 -1.16 -0.91 -0.19  0.71  1.52  2.04  2.18  1.99  1.50  0.74 -0.09 16021997 12
 -0.77 -1.22 -1.38 -1.09 -0.33  0.53  1.29  1.73  1.83  1.59  1.11  0.43 17021997 00
 -0.29 -0.82 -1.10 -1.04 -0.52  0.36  1.29  2.05  2.51  2.53  2.12  1.40 17021997 12
  0.48 -0.35 -0.96 -1.29 -1.15 -0.44  0.59  1.57  2.23  2.41  2.10  1.37 18021997 00
  0.41 -0.56 -1.23 -1.61 -1.70 -1.28 -0.39  0.63  1.51  1.92  1.86  1.29 18021997 12
  0.45 -0.53 -1.37 -1.87 -2.02 -1.66 -0.68  0.64  1.81  2.54  2.74  2.43 19021997 00
  1.73  0.77 -0.25 -0.89 -1.11 -0.78  0.14  1.35  2.38  3.09  3.21  2.65 19021997 12
  1.69  0.42 -0.74 -1.60 -2.16 -2.25 -1.57 -0.30  1.08  2.21  2.79  2.73 20021997 00
  2.04  0.99 -0.26 -1.32 -1.95 -2.20 -1.88 -0.81  0.65  1.99  2.82  2.99 20021997 12
  2.47  1.48  0.26 -0.93 -1.62 -1.89 -1.65 -0.64  0.83  2.16  2.98  3.12 21021997 00
  2.53  1.43  0.04 -1.32 -2.27 -2.85 -2.96 -2.23 -0.70  1.01  2.29  2.91 21021997 12
  2.74  1.83  0.59 -0.81 -1.92 -2.48 -2.54 -1.85 -0.39  1.32  2.63  3.31 22021997 00
  3.20  2.27  0.98 -0.53 -1.78 -2.53 -2.87 -2.52 -1.21  0.60  2.15  3.06 22021997 12
  3.23  2.58  1.40 -0.01 -1.38 -2.20 -2.51 -2.15 -0.87  0.97  2.60  3.58 23021997 00
  3.78  3.10  1.85  0.27 -1.27 -2.30 -2.90 -2.96 -2.02 -0.24  1.67  3.05 23021997 12
  3.75  3.55  2.55  1.25 -0.31 -1.52 -2.24 -2.42 -1.67  0.01  1.85  3.22 24021997 00
  3.90  3.73  2.73  1.37 -0.26 -1.49 -2.25 -2.59 -2.17 -0.68  1.28  2.91 24021997 12
  3.84  3.94  3.10  1.85  0.32 -1.02 -1.83 -2.23 -2.03 -0.82  0.99  2.61 25021997 00
  3.63  3.83  3.15  1.89  0.29 -1.23 -2.22 -2.78 -2.82 -1.88 -0.14  1.68 25021997 12
  2.96  3.53  3.23  2.17  0.83 -0.72 -1.88 -2.50 -2.63 -1.92 -0.34  1.47 26021997 00
  2.82  3.49  3.32  2.32  1.00 -0.55 -1.82 -2.57 -2.93 -2.63 -1.38  0.40 26021997 12
  1.91  2.81  2.93  2.18  0.95 -0.43 -1.77 -2.61 -2.97 -2.71 -1.57  0.17 27021997 00
  1.79  2.86  3.25  2.79  1.72  0.42 -0.99 -1.94 -2.43 -2.46 -1.71 -0.23 27021997 12
  1.39  2.59  3.13  2.90  1.97  0.79 -0.56 -1.58 -2.15 -2.33 -1.82 -0.57 28021997 00
  0.96  2.19  2.83  2.74  1.96  0.83 -0.46 -1.57 -2.22 -2.54 -2.33 -1.36 28021997 12
  0.09  1.46  2.35  2.59  2.18  1.27  0.18 -0.97 -1.73 -2.03 -1.91 -1.12 01031997 00
  0.20  1.58  2.58  2.99  2.76  2.00  1.00 -0.16 -1.00 -1.51 -1.72 -1.35 01031997 12
 -0.27  1.04  2.19  2.81  2.83  2.30  1.43  0.27 -0.78 -1.45 -1.80 -1.78 02031997 00
 -1.13 -0.05  1.11  1.95  2.24  2.03  1.34  0.45 -0.55 -1.31 -1.76 -1.99 02031997 12
 -1.74 -0.94  0.12  1.07  1.67  1.76  1.39  0.68 -0.17 -1.03 -1.60 -1.91 03031997 00
 -1.90 -1.38 -0.44  0.62  1.44  1.81  1.70  1.20  0.45 -0.45 -1.25 -1.75 03031997 12
 -2.02 -1.93 -1.32 -0.32  0.68  1.40  1.67  1.50  0.97  0.18 -0.73 -1.46 04031997 00
 -1.86 -2.02 -1.78 -1.03  0.08  1.09  1.74  1.91  1.64  1.01  0.16 -0.78 04031997 12
 -1.49 -1.93 -2.05 -1.64 -0.69  0.51  1.53  2.11  2.17  1.75  0.96 -0.03 05031997 00
 -1.02 -1.70 -2.08 -2.06 -1.39 -0.21  1.07  2.00  2.34  2.13  1.42  0.42 05031997 12
 -0.77 -1.76 -2.39 -2.67 -2.39 -1.36  0.10  1.43  2.29  2.51  2.06  1.07 06031997 00
 -0.16 -1.45 -2.37 -2.88 -2.92 -2.18 -0.69  0.96  2.19  2.83  2.72  1.90 06031997 12
  0.74 -0.65 -1.83 -2.52 -2.80 -2.38 -1.06  0.71  2.22  3.14  3.29  2.59 07031997 00
  1.34 -0.18 -1.67 -2.68 -3.27 -3.29 -2.32 -0.49  1.41  2.76  3.38  3.07 07031997 12
  1.90  0.43 -1.23 -2.53 -3.30 -3.58 -3.02 -1.37  0.78  2.42  3.34  3.42 08031997 00
  2.47  0.97 -0.75 -2.34 -3.37 -3.93 -3.79 -2.52 -0.36  1.75  3.05  3.55 08031997 12
  3.04  1.60 -0.06 -1.82 -3.09 -3.80 -3.91 -2.97 -0.87  1.42  3.05  3.83 09031997 00
  3.65  2.37  0.70 -1.18 -2.72 -3.69 -4.15 -3.76 -2.06  0.34  2.37  3.51 09031997 12
  3.78  2.92  1.29 -0.49 -2.26 -3.40 -4.01 -3.89 -2.54 -0.19  2.11  3.53 10031997 00
  4.09  3.58  2.05  0.28 -1.65 -3.03 -3.88 -4.17 -3.46 -1.40  1.02  2.85 10031997 12
  3.74  3.71  2.49  0.79 -1.07 -2.69 -3.68 -4.12 -3.69 -1.96  0.49  2.54 11031997 00
  3.70  3.99  3.12  1.50 -0.31 -2.11 -3.29 -3.96 -3.98 -2.82 -0.62  1.68 11031997 12
  3.15  3.76  3.37  1.97  0.30 -1.51 -2.86 -3.63 -3.83 -3.05 -1.09  1.20 12031997 00
  2.90  3.78  3.73  2.61  1.06 -0.72 -2.26 -3.21 -3.69 -3.44 -2.03  0.11 12031997 12
  2.03  3.16  3.47  2.77  1.33 -0.25 -1.87 -2.94 -3.49 -3.45 -2.40 -0.44 13031997 00
  1.52  2.87  3.49  3.18  2.02  0.61 -1.00 -2.23 -2.93 -3.17 -2.64 -1.12 13031997 12
  0.77  2.28  3.09  3.13  2.29  1.03 -0.43 -1.76 -2.56 -2.92 -2.71 -1.63 14031997 00
  0.05  1.61  2.62  2.93  2.43  1.36  0.11 -1.24 -2.17 -2.66 -2.69 -2.02 14031997 12
 -0.64  0.91  2.06  2.61  2.45  1.66  0.59 -0.63 -1.65 -2.22 -2.44 -2.14 15031997 00
 -1.16  0.21  1.42  2.17  2.30  1.83  0.95 -0.08 -1.14 -1.84 -2.19 -2.17 15031997 12
 -1.58 -0.49  0.72  1.61  2.01  1.87  1.28  0.45 -0.52 -1.31 -1.76 -1.94 16031997 00
 -1.72 -0.99  0.05  1.00  1.60  1.71  1.41  0.78 -0.01 -0.84 -1.41 -1.73 16031997 12
 -1.79 -1.40 -0.63  0.31  1.08  1.46  1.44  1.10  0.51 -0.23 -0.93 -1.39 17031997 00
 -1.63 -1.61 -1.15 -0.37  0.48  1.13  1.39  1.32  0.96  0.38 -0.31 -0.89 17031997 12
 -1.25 -1.40 -1.24 -0.67  0.11  0.88  1.41  1.60  1.46  1.04  0.38 -0.36 18031997 00
 -0.95 -1.32 -1.47 -1.24 -0.57  0.28  1.10  1.57  1.70  1.48  0.97  0.28 18031997 12
 -0.44 -0.98 -1.28 -1.32 -0.95 -0.24  0.57  1.29  1.59  1.50  1.00  0.26 19031997 00
 -0.59 -1.32 -1.79 -2.00 -1.81 -1.12 -0.09  0.90  1.56  1.76  1.52  0.90 19031997 12
  0.08 -0.82 -1.48 -1.81 -1.81 -1.31 -0.35  0.75  1.63  2.04  1.91  1.30 20031997 00
  0.42 -0.62 -1.51 -2.03 -2.23 -1.91 -1.00  0.23  1.31  1.96  2.03  1.55 20031997 12
  0.68 -0.35 -1.38 -2.03 -2.31 -2.10 -1.27  0.01  1.26  2.09  2.35  1.96 21031997 00
  1.08 -0.02 -1.22 -2.08 -2.52 -2.51 -1.85 -0.59  0.84  1.90  2.42  2.23 21031997 12
  1.42  0.31 -0.93 -1.96 -2.51 -2.61 -2.08 -0.84  0.72  1.96  2.64  2.61 22031997 00
  1.88  0.75 -0.55 -1.74 -2.45 -2.72 -2.33 -1.13  0.53  1.98  2.87  3.07 22031997 12
  2.50  1.39  0.07 -1.25 -2.08 -2.48 -2.37 -1.42  0.17  1.73  2.76  3.07 23031997 00
  2.59  1.45  0.07 -1.40 -2.43 -2.98 -3.02 -2.24 -0.63  1.16  2.43  3.06 23031997 12
  2.85  1.83  0.54 -0.95 -2.13 -2.77 -2.90 -2.28 -0.76  1.09  2.52  3.28 24031997 00
  3.20  2.25  0.91 -0.65 -2.00 -2.83 -3.20 -2.90 -1.58  0.31  1.97  2.98 24031997 12
  3.20  2.50  1.20 -0.28 -1.75 -2.69 -3.11 -2.91 -1.76  0.13  1.90  3.05 25031997 00
  3.45  2.92  1.66  0.19 -1.39 -2.48 -3.07 -3.13 -2.29 -0.54  1.38  2.72 25031997 12
  3.35  3.07  1.95  0.55 -1.03 -2.24 -2.88 -3.00 -2.26 -0.57  1.40  2.89 26031997 00
  3.68  3.59  2.59  1.21 -0.42 -1.75 -2.57 -2.99 -2.73 -1.40  0.53  2.20 26031997 12
  3.19  3.36  2.60  1.28 -0.24 -1.71 -2.61 -3.05 -2.90 -1.81  0.03  1.81 27031997 00
  2.98  3.41  2.95  1.78  0.39 -1.13 -2.18 -2.74 -2.79 -1.96 -0.30  1.51 27031997 12
  2.79  3.33  3.02  1.92  0.54 -1.01 -2.19 -2.86 -3.07 -2.55 -1.09  0.74 28031997 00
  2.22  3.02  3.02  2.13  0.84 -0.62 -1.91 -2.70 -3.05 -2.80 -1.66  0.07 28031997 12
  1.64  2.63  2.89  2.30  1.14 -0.19 -1.56 -2.46 -2.89 -2.81 -1.96 -0.40 29031997 00
  1.24  2.36  2.84  2.50  1.49  0.27 -1.10 -2.13 -2.69 -2.81 -2.29 -0.99 29031997 12
  0.61  1.88  2.56  2.51  1.75  0.64 -0.62 -1.75 -2.42 -2.70 -2.44 -1.45 30031997 00
  0.04  1.41  2.27  2.49  2.01  1.05 -0.06 -1.23 -2.03 -2.43 -2.41 -1.78 30031997 12
 -0.56  0.82  1.85  2.34  2.16  1.43  0.44 -0.69 -1.62 -2.15 -2.34 -2.04 31031997 00
 -1.11  0.18  1.33  2.05  2.18  1.76  0.95 -0.02 -1.02 -1.69 -2.03 -2.02 31031997 12
 -1.47 -0.43  0.76  1.67  2.09  1.96  1.38  0.54 -0.45 -1.30 -1.83 -2.11 01041997 00
 -1.98 -1.26 -0.17  0.91  1.66  1.91  1.68  1.07  0.25 -0.68 -1.40 -1.81 01041997 12
 -1.95 -1.63 -0.81  0.28  1.23  1.80  1.89  1.54  0.85 -0.03 -0.96 -1.62 02041997 00
 -2.02 -2.10 -1.64 -0.69  0.49  1.46  1.99  2.01  1.60  0.85 -0.08 -0.96 02041997 12
 -1.53 -1.83 -1.79 -1.16 -0.08  1.11  1.98  2.31  2.14  1.47  0.53 -0.56 03041997 00
 -1.45 -2.04 -2.36 -2.18 -1.32 -0.01  1.26  2.11  2.36  2.01  1.18  0.12 03041997 12
 -1.03 -1.90 -2.40 -2.50 -1.94 -0.72  0.75  1.92  2.54  2.48  1.78  0.69 04041997 00
 -0.60 -1.77 -2.51 -2.90 -2.71 -1.68 -0.06  1.52  2.60  3.03  2.67  1.70 04041997 12
  0.47 -0.93 -1.97 -2.55 -2.69 -2.04 -0.55  1.21  2.57  3.27  3.17  2.26 05041997 00
  0.96 -0.60 -1.93 -2.78 -3.24 -3.06 -1.84  0.06  1.81  2.92  3.27  2.68 05041997 12
  1.41 -0.08 -1.65 -2.74 -3.32 -3.35 -2.41 -0.51  1.49  2.89  3.57  3.30 06041997 00
  2.10  0.59 -1.16 -2.54 -3.39 -3.77 -3.31 -1.70  0.51  2.29  3.32  3.52 06041997 12
  2.64  1.13 -0.54 -2.17 -3.22 -3.75 -3.58 -2.25 -0.07  2.03  3.33  3.82 07041997 00
  3.27  1.81  0.13 -1.70 -3.00 -3.77 -4.00 -3.22 -1.20  1.09  2.80  3.63 07041997 12
  3.54  2.34  0.70 -1.10 -2.64 -3.58 -3.97 -3.50 -1.79  0.60  2.54  3.65 08041997 00
  3.90  3.01  1.43 -0.35 -2.10 -3.25 -3.88 -3.84 -2.61 -0.38  1.87  3.28 08041997 12
  3.84  3.37  1.90  0.21 -1.64 -2.97 -3.75 -3.96 -3.18 -1.15  1.17  2.88 09041997 00
  3.73  3.66  2.47  0.84 -0.98 -2.53 -3.47 -3.91 -3.54 -1.96  0.34  2.28 09041997 12
  3.38  3.64  2.81  1.26 -0.44 -2.13 -3.22 -3.81 -3.76 -2.62 -0.51  1.62 10041997 00
  2.98  3.54  3.14  1.79  0.21 -1.50 -2.76 -3.47 -3.64 -2.93 -1.13  0.99 10041997 12
  2.53  3.33  3.26  2.20  0.75 -0.89 -2.30 -3.17 -3.54 -3.21 -1.85  0.13 11041997 00
  1.87  2.89  3.16  2.46  1.12 -0.34 -1.83 -2.81 -3.29 -3.22 -2.24 -0.47 11041997 12
  1.29  2.50  3.03  2.68  1.59  0.27 -1.19 -2.30 -2.91 -3.07 -2.55 -1.17 12041997 00
  0.52  1.86  2.59  2.57  1.78  0.63 -0.68 -1.86 -2.55 -2.81 -2.51 -1.44 12041997 12
  0.10  1.46  2.33  2.56  2.07  1.08 -0.08 -1.30 -2.13 -2.56 -2.58 -1.98 13041997 00
 -0.75  0.64  1.67  2.16  1.98  1.27  0.30 -0.76 -1.65 -2.12 -2.24 -1.90 13041997 12
 -1.01  0.23  1.30  1.94  2.02  1.57  0.76 -0.19 -1.15 -1.79 -2.12 -2.12 14041997 00
 -1.60 -0.61  0.48  1.29  1.63  1.47  0.96  0.22 -0.61 -1.32 -1.69 -1.81 14041997 12
 -1.55 -0.87  0.09  0.95  1.48  1.56  1.25  0.65 -0.10 -0.89 -1.45 -1.76 15041997 00
 -1.81 -1.46 -0.72  0.16  0.89  1.26  1.24  0.93  0.37 -0.31 -0.95 -1.35 15041997 12
 -1.53 -1.46 -0.99 -0.23  0.56  1.13  1.33  1.19  0.79  0.17 -0.55 -1.15 16041997 00
 -1.54 -1.73 -1.57 -1.02 -0.20  0.58  1.10  1.24  1.08  0.63  0.01 -0.68 16041997 12
 -1.21 -1.49 -1.54 -1.21 -0.54  0.31  1.03  1.41  1.42  1.08  0.47 -0.31 17041997 00
 -1.07 -1.59 -1.86 -1.80 -1.27 -0.39  0.55  1.24  1.52  1.38  0.89  0.17 17041997 12
 -0.65 -1.33 -1.70 -1.79 -1.46 -0.69  0.34  1.23  1.73  1.73  1.28  0.52 18041997 00
 -0.41 -1.30 -1.88 -2.15 -2.01 -1.31 -0.22  0.89  1.66  1.92  1.66  0.98 18041997 12
  0.06 -0.94 -1.70 -2.08 -2.07 -1.55 -0.51  0.72  1.67  2.12  1.96  1.27 19041997 00
  0.29 -0.82 -1.77 -2.30 -2.47 -2.10 -1.09  0.29  1.48  2.18  2.27  1.72 19041997 12
  0.75 -0.37 -1.48 -2.18 -2.48 -2.27 -1.39 -0.01  1.33  2.21  2.47  2.03 20041997 00
  1.05 -0.14 -1.40 -2.28 -2.71 -2.64 -1.88 -0.47  1.06  2.17  2.69  2.46 20041997 12
  1.56  0.37 -0.95 -2.02 -2.59 -2.70 -2.14 -0.81  0.84  2.12  2.80  2.72 21041997 00
  1.88  0.65 -0.74 -1.96 -2.69 -2.98 -2.63 -1.41  0.32  1.83  2.76  2.95 21041997 12
  2.29  1.11 -0.28 -1.65 -2.54 -2.97 -2.79 -1.75 -0.02  1.65  2.73  3.11 22041997 00
  2.61  1.43  0.04 -1.45 -2.50 -3.05 -3.08 -2.25 -0.57  1.27  2.57  3.20 22041997 12
  2.96  1.89  0.55 -0.99 -2.21 -2.90 -3.09 -2.51 -0.96  0.95  2.45  3.25 23041997 00
  3.22  2.28  0.94 -0.61 -1.97 -2.78 -3.12 -2.76 -1.41  0.54  2.22  3.27 23041997 12
  3.51  2.79  1.50 -0.03 -1.53 -2.50 -3.00 -2.91 -1.86 -0.01  1.83  3.02 24041997 00
  3.48  3.00  1.76  0.28 -1.33 -2.47 -3.10 -3.21 -2.44 -0.73  1.22  2.63 24041997 12
  3.35  3.18  2.10  0.70 -0.92 -2.24 -3.00 -3.26 -2.77 -1.27  0.69  2.28 25041997 00
  3.16  3.25  2.38  1.03 -0.51 -1.95 -2.84 -3.25 -3.02 -1.79  0.12  1.86 25041997 12
  2.96  3.31  2.73  1.49  0.03 -1.51 -2.55 -3.10 -3.11 -2.21 -0.47  1.39 26041997 00
  2.68  3.29  3.00  1.92  0.59 -0.94 -2.12 -2.77 -2.95 -2.39 -0.91  0.92 26041997 12
  2.37  3.15  3.14  2.28  1.03 -0.45 -1.77 -2.57 -2.95 -2.72 -1.59  0.16 27041997 00
  1.76  2.79  3.10  2.58  1.47  0.16 -1.22 -2.13 -2.57 -2.53 -1.73 -0.20 27041997 12
  1.44  2.62  3.15  2.91  1.99  0.79 -0.60 -1.69 -2.30 -2.54 -2.13 -0.90 28041997 00
  0.71  2.08  2.90  3.01  2.39  1.36  0.12 -1.08 -1.83 -2.21 -2.17 -1.38 28041997 12
 -0.02  1.36  2.34  2.68  2.36  1.48  0.38 -0.84 -1.75 -2.29 -2.50 -2.11 29041997 00
 -1.03  0.40  1.60  2.29  2.35  1.80  0.88 -0.20 -1.24 -1.90 -2.23 -2.16 29041997 12
 -1.46 -0.25  1.02  1.94  2.31  2.07  1.33  0.37 -0.74 -1.63 -2.17 -2.42 30041997 00
 -2.17 -1.30 -0.04  1.11  1.85  2.03  1.69  0.96  0.04 -0.95 -1.66 -2.04 30041997 12
 -2.08 -1.60 -0.59  0.61  1.56  2.05  1.99  1.46  0.62 -0.41 -1.37 -2.00 01051997 00
 -2.37 -2.34 -1.68 -0.52  0.71  1.62  2.04  1.90  1.32  0.47 -0.54 -1.42 01051997 12
 -1.93 -2.16 -1.90 -1.04  0.20  1.33  2.07  2.24  1.86  1.03 -0.03 -1.15 02051997 00
 -1.97 -2.47 -2.61 -2.13 -1.01  0.40  1.57  2.25  2.29  1.76  0.83 -0.27 02051997 12
 -1.34 -2.03 -2.37 -2.22 -1.39 -0.02  1.37  2.35  2.71  2.38  1.48  0.31 03051997 00
 -0.99 -1.99 -2.59 -2.81 -2.36 -1.09  0.56  1.93  2.75  2.85  2.23  1.17 03051997 12
 -0.13 -1.38 -2.19 -2.59 -2.45 -1.45  0.18  1.79  2.89  3.31  2.93  1.92 04051997 00
  0.60 -0.90 -2.00 -2.64 -2.83 -2.19 -0.62  1.25  2.69  3.49  3.49  2.65 04051997 12
  1.41 -0.17 -1.54 -2.39 -2.82 -2.59 -1.33  0.52  2.23  3.31  3.61  3.00 05051997 00
  1.76  0.21 -1.40 -2.50 -3.15 -3.27 -2.45 -0.67  1.29  2.72  3.45  3.26 05051997 12
  2.13  0.69 -0.98 -2.33 -3.14 -3.47 -3.01 -1.44  0.72  2.48  3.49  3.67 06051997 00
  2.81  1.39 -0.26 -1.84 -2.85 -3.38 -3.29 -2.08  0.02  2.03  3.36  3.87 06051997 12
  3.36  2.02  0.44 -1.30 -2.53 -3.24 -3.43 -2.63 -0.75  1.43  2.97  3.76 07051997 00
  3.63  2.49  1.01 -0.75 -2.17 -3.02 -3.39 -2.96 -1.36  0.82  2.65  3.68 07051997 12
  3.88  3.01  1.57 -0.12 -1.74 -2.79 -3.37 -3.32 -2.14 -0.06  1.94  3.28 08051997 00
  3.83  3.36  2.06  0.51 -1.21 -2.44 -3.12 -3.29 -2.51 -0.69  1.43  2.96 08051997 12
  3.74  3.60  2.47  1.02 -0.71 -2.12 -2.98 -3.39 -3.03 -1.55  0.52  2.30 09051997 00
  3.33  3.58  2.81  1.47 -0.07 -1.61 -2.59 -3.08 -2.96 -1.83  0.09  1.93 09051997 12
  3.14  3.60  3.12  1.91  0.47 -1.15 -2.29 -2.94 -3.10 -2.40 -0.75  1.16 10051997 00
  2.59  3.33  3.24  2.31  1.05 -0.45 -1.72 -2.44 -2.71 -2.28 -0.92  0.87 10051997 12
  2.35  3.22  3.35  2.65  1.49  0.06 -1.31 -2.20 -2.68 -2.65 -1.74 -0.15 11051997 00
  1.46  2.56  2.97  2.63  1.67  0.49 -0.84 -1.81 -2.30 -2.36 -1.73 -0.40 11051997 12
  1.14  2.31  2.91  2.80  2.03  0.94 -0.35 -1.45 -2.11 -2.42 -2.20 -1.22 12051997 00
  0.19  1.47  2.30  2.49  2.05  1.17  0.12 -0.99 -1.71 -2.05 -1.99 -1.32 12051997 12
 -0.13  1.13  2.05  2.43  2.21  1.48  0.52 -0.58 -1.45 -1.96 -2.17 -1.88 13051997 00
 -0.99  0.21  1.24  1.85  1.91  1.49  0.76 -0.12 -1.00 -1.56 -1.79 -1.67 13051997 12
 -1.04 -0.04  1.00  1.73  1.97  1.74  1.13  0.31 -0.63 -1.35 -1.78 -1.95 14051997 00
 -1.69 -0.94  0.07  0.96  1.49  1.55  1.24  0.65 -0.09 -0.85 -1.34 -1.56 14051997 12
 -1.50 -1.00 -0.18  0.71  1.37  1.62  1.48  1.01  0.32 -0.50 -1.18 -1.60 15051997 00
 -1.81 -1.62 -0.99 -0.09  0.76  1.31  1.47  1.28  0.79  0.12 -0.61 -1.15 15051997 12
 -1.42 -1.45 -1.09 -0.38  0.48  1.19  1.53  1.49  1.08  0.42 -0.36 -1.08 16051997 00
 -1.56 -1.81 -1.71 -1.13 -0.23  0.70  1.36  1.61  1.47  1.00  0.31 -0.48 16051997 12
 -1.12 -1.48 -1.57 -1.26 -0.53  0.42  1.24  1.67  1.67  1.28  0.59 -0.27 17051997 00
 -1.09 -1.64 -1.91 -1.81 -1.18 -0.15  0.92  1.68  1.96  1.77  1.18  0.37 17051997 12
 -0.57 -1.31 -1.70 -1.79 -1.39 -0.49  0.63  1.56  2.03  1.97  1.42  0.59 18051997 00
 -0.41 -1.34 -1.91 -2.15 -1.92 -1.07  0.17  1.34  2.10  2.30  1.94  1.14 18051997 12
  0.14 -0.94 -1.70 -2.07 -2.05 -1.42 -0.24  1.04  1.98  2.38  2.15  1.37 19051997 00
  0.33 -0.85 -1.80 -2.32 -2.44 -1.96 -0.77  0.73  1.94  2.62  2.64  2.00 19051997 12
  0.97 -0.25 -1.38 -2.07 -2.37 -2.14 -1.15  0.31  1.69  2.55  2.74  2.21 20051997 00
  1.17 -0.09 -1.37 -2.23 -2.66 -2.59 -1.74 -0.21  1.39  2.50  2.99  2.70 20051997 12
  1.75  0.52 -0.88 -1.97 -2.58 -2.73 -2.17 -0.78  0.92  2.23  2.92  2.83 21051997 00
  1.95  0.70 -0.73 -1.99 -2.73 -3.03 -2.66 -1.38  0.42  1.97  2.93  3.13 21051997 12
  2.46  1.26 -0.17 -1.60 -2.55 -3.03 -2.94 -1.94 -0.18  1.57  2.72  3.18 22051997 00
  2.73  1.56  0.16 -1.38 -2.49 -3.10 -3.18 -2.43 -0.77  1.14  2.52  3.24 22051997 12
  3.10  2.06  0.69 -0.89 -2.21 -3.00 -3.31 -2.90 -1.47  0.46  2.10  3.03 23051997 00
  3.19  2.39  1.04 -0.49 -1.98 -2.92 -3.37 -3.19 -2.01 -0.10  1.72  2.90 23051997 12
  3.34  2.82  1.56  0.07 -1.53 -2.68 -3.31 -3.42 -2.67 -0.93  1.03  2.45 24051997 00
  3.15  2.97  1.89  0.46 -1.13 -2.42 -3.18 -3.43 -2.93 -1.45  0.55  2.18 24051997 12
  3.10  3.24  2.41  1.04 -0.52 -2.01 -2.96 -3.45 -3.34 -2.26 -0.38  1.44 25051997 00
  2.65  3.11  2.65  1.41 -0.01 -1.53 -2.63 -3.22 -3.28 -2.50 -0.83  1.09 25051997 12
  2.46  3.17  3.01  1.98  0.64 -0.92 -2.22 -3.00 -3.34 -3.00 -1.69  0.16 26051997 00
  1.79  2.75  2.99  2.32  1.08 -0.30 -1.70 -2.62 -3.07 -2.97 -2.01 -0.31 26051997 12
  1.40  2.56  3.06  2.69  1.60  0.28 -1.21 -2.33 -2.98 -3.20 -2.73 -1.38 27051997 00
  0.37  1.78  2.59  2.67  1.96  0.81 -0.49 -1.72 -2.48 -2.82 -2.60 -1.59 27051997 12
 -0.01  1.50  2.48  2.81  2.36  1.34  0.10 -1.26 -2.25 -2.82 -2.98 -2.49 28051997 00
 -1.21  0.35  1.62  2.34  2.37  1.72  0.69 -0.49 -1.60 -2.27 -2.55 -2.33 28051997 12
 -1.42 -0.01  1.35  2.25  2.55  2.19  1.29  0.16 -1.08 -2.00 -2.56 -2.75 29051997 00
 -2.37 -1.28  0.15  1.35  2.08  2.17  1.67  0.78 -0.27 -1.32 -1.99 -2.31 29051997 12
 -2.19 -1.45 -0.22  1.07  2.00  2.38  2.13  1.37  0.34 -0.84 -1.79 -2.39 30051997 00
 -2.67 -2.44 -1.52 -0.16  1.08  1.89  2.14  1.80  1.03  0.05 -1.02 -1.80 30051997 12
 -2.21 -2.24 -1.70 -0.60  0.72  1.76  2.31  2.24  1.60  0.62 -0.54 -1.59 31051997 00
 -2.27 -2.66 -2.57 -1.80 -0.48  0.88  1.86  2.28  2.05  1.30  0.29 -0.84 31051997 12
 -1.76 -2.29 -2.45 -2.06 -0.99  0.44  1.64  2.34  2.39  1.82  0.81 -0.39 01061997 00
 -1.58 -2.37 -2.83 -2.82 -2.09 -0.70  0.82  1.93  2.47  2.28  1.48  0.38 01061997 12
 -0.87 -1.94 -2.56 -2.78 -2.43 -1.30  0.27  1.62  2.46  2.59  1.97  0.87 02061997 00
 -0.42 -1.71 -2.58 -3.05 -3.00 -2.17 -0.60  1.05  2.23  2.80  2.55  1.59 02061997 12
  0.35 -1.04 -2.16 -2.80 -2.99 -2.51 -1.18  0.55  1.99  2.82  2.88  2.13 03061997 00
  0.90 -0.52 -1.86 -2.72 -3.13 -2.95 -1.86 -0.07  1.61  2.73  3.15  2.68 03061997 12
  1.55  0.19 -1.31 -2.40 -3.00 -3.10 -2.40 -0.80  1.05  2.41  3.13  3.01 04061997 00
  2.04  0.72 -0.81 -2.11 -2.89 -3.19 -2.79 -1.39  0.52  2.16  3.13  3.35 04061997 12
  2.63  1.35 -0.16 -1.66 -2.65 -3.16 -3.11 -2.11 -0.28  1.55  2.82  3.35 05061997 00
  2.95  1.76  0.35 -1.24 -2.40 -3.03 -3.14 -2.42 -0.76  1.20  2.64  3.42 05061997 12
  3.35  2.36  0.99 -0.61 -1.97 -2.78 -3.14 -2.77 -1.39  0.53  2.17  3.16 06061997 00
  3.37  2.65  1.38 -0.14 -1.65 -2.61 -3.09 -2.93 -1.74  0.22  2.09  3.35 06061997 12
  3.89  3.48  2.35  0.91 -0.77 -1.97 -2.67 -2.93 -2.33 -0.75  1.09  2.52 07061997 00
  3.26  3.16  2.23  0.96 -0.54 -1.82 -2.56 -2.83 -2.36 -0.92  0.96  2.48 07061997 12
  3.38  3.51  2.77  1.55  0.02 -1.43 -2.35 -2.85 -2.80 -1.81 -0.10  1.63 08061997 00
  2.78  3.21  2.80  1.73  0.42 -1.05 -2.12 -2.68 -2.75 -2.06 -0.53  1.20 08061997 12
  2.49  3.13  2.98  2.03  0.77 -0.69 -1.92 -2.65 -2.97 -2.68 -1.50  0.19 09061997 00
  1.65  2.53  2.71  2.09  0.98 -0.28 -1.54 -2.34 -2.68 -2.48 -1.52  0.01 09061997 12
  1.51  2.51  2.87  2.47  1.47  0.23 -1.11 -2.08 -2.62 -2.76 -2.24 -0.97 10061997 00
  0.56  1.75  2.37  2.29  1.56  0.51 -0.66 -1.69 -2.28 -2.45 -2.08 -1.02 10061997 12
  0.43  1.68  2.44  2.56  2.01  1.04 -0.10 -1.23 -1.96 -2.33 -2.28 -1.60 11061997 00
 -0.36  0.96  1.90  2.28  2.02  1.28  0.34 -0.71 -1.52 -1.92 -1.97 -1.49 11061997 12
 -0.45  0.80  1.80  2.32  2.26  1.67  0.80 -0.26 -1.20 -1.79 -2.07 -1.93 12061997 00
 -1.17 -0.02  1.09  1.84  2.05  1.76  1.10  0.26 -0.67 -1.33 -1.64 -1.63 12061997 12
 -1.12 -0.18  0.88  1.71  2.07  1.94  1.38  0.58 -0.37 -1.18 -1.67 -1.89 13061997 00
 -1.71 -0.99  0.05  1.03  1.68  1.84  1.58  0.99  0.22 -0.62 -1.19 -1.45 13061997 12
 -1.46 -1.02 -0.19  0.76  1.49  1.79  1.67  1.15  0.42 -0.45 -1.18 -1.65 14061997 00
 -1.88 -1.71 -1.05 -0.06  0.89  1.53  1.72  1.51  0.96  0.23 -0.57 -1.16 14061997 12
 -1.47 -1.52 -1.16 -0.39  0.55  1.33  1.68  1.60  1.12  0.41 -0.43 -1.20 15061997 00
 -1.70 -1.94 -1.79 -1.14 -0.14  0.85  1.55  1.78  1.58  1.02  0.25 -0.61 15061997 12
 -1.27 -1.63 -1.72 -1.36 -0.55  0.46  1.31  1.73  1.68  1.19  0.41 -0.50 16061997 00
 -1.36 -1.91 -2.15 -1.98 -1.25 -0.12  0.97  1.73  1.99  1.74  1.09  0.22 16061997 12
 -0.76 -1.51 -1.92 -1.99 -1.55 -0.59  0.60  1.55  2.01  1.90  1.29  0.37 17061997 00
 -0.68 -1.62 -2.19 -2.42 -2.15 -1.24  0.09  1.31  2.10  2.31  1.92  1.08 17061997 12
  0.03 -1.08 -1.86 -2.26 -2.24 -1.58 -0.35  1.02  2.02  2.44  2.21  1.42 18061997 00
  0.36 -0.84 -1.82 -2.37 -2.52 -2.04 -0.83  0.70  1.97  2.70  2.74  2.10 18061997 12
  1.05 -0.21 -1.42 -2.18 -2.54 -2.37 -1.39  0.14  1.62  2.59  2.88  2.42 19061997 00
  1.38  0.11 -1.25 -2.21 -2.72 -2.74 -1.97 -0.43  1.27  2.53  3.14  2.96 19061997 12
  2.05  0.80 -0.66 -1.86 -2.57 -2.85 -2.44 -1.09  0.71  2.21  3.08  3.17 20061997 00
  2.43  1.20 -0.26 -1.64 -2.52 -2.93 -2.70 -1.50  0.36  2.10  3.24  3.65 20061997 12
  3.15  1.97  0.52 -1.07 -2.18 -2.82 -2.98 -2.26 -0.56  1.38  2.83  3.55 21061997 00
  3.40  2.35  0.97 -0.64 -1.97 -2.75 -3.07 -2.63 -1.12  0.89  2.58  3.57 21061997 12
  3.72  2.89  1.53 -0.11 -1.66 -2.67 -3.23 -3.21 -2.14 -0.19  1.73  3.04 22061997 00
  3.58  3.14  1.90  0.43 -1.22 -2.41 -3.08 -3.23 -2.48 -0.71  1.37  2.88 22061997 12
  3.68  3.56  2.45  1.01 -0.71 -2.14 -3.04 -3.50 -3.25 -1.88  0.17  2.04 23061997 00
  3.17  3.50  2.82  1.45 -0.07 -1.66 -2.71 -3.24 -3.19 -2.15 -0.21  1.75 23061997 12
  3.09  3.69  3.30  2.08  0.59 -1.13 -2.42 -3.19 -3.52 -3.03 -1.47  0.61 24061997 00
  2.26  3.18  3.29  2.45  1.10 -0.43 -1.88 -2.77 -3.19 -2.95 -1.67  0.31 24061997 12
  2.10  3.26  3.66  3.10  1.88  0.39 -1.21 -2.33 -3.00 -3.19 -2.52 -0.92 25061997 00
  0.97  2.39  3.15  3.09  2.16  0.88 -0.60 -1.88 -2.65 -2.96 -2.59 -1.29 25061997 12
  0.54  2.09  3.05  3.25  2.55  1.32 -0.12 -1.57 -2.56 -3.16 -3.30 -2.65 26061997 00
 -1.12  0.63  1.92  2.57  2.46  1.58  0.40 -0.90 -2.02 -2.65 -2.82 -2.40 26061997 12
 -1.20  0.45  1.85  2.71  2.83  2.16  1.04 -0.27 -1.57 -2.45 -2.97 -3.06 27061997 00
 -2.41 -0.99  0.60  1.79  2.43  2.31  1.54  0.49 -0.70 -1.72 -2.31 -2.49 27061997 12
 -2.14 -1.11  0.35  1.64  2.44  2.60  2.09  1.13 -0.03 -1.23 -2.05 -2.54 28061997 00
 -2.65 -2.11 -0.90  0.55  1.69  2.32  2.28  1.66  0.72 -0.38 -1.39 -2.00 28061997 12
 -2.26 -2.06 -1.22  0.09  1.33  2.17  2.44  2.09  1.27  0.23 -0.92 -1.78 29061997 00
 -2.31 -2.50 -2.14 -1.09  0.29  1.47  2.18  2.29  1.82  0.96 -0.06 -1.10 29061997 12
 -1.79 -2.13 -2.08 -1.41 -0.21  1.08  2.04  2.45  2.24  1.53  0.55 -0.61 30061997 00
 -1.55 -2.13 -2.40 -2.13 -1.16  0.24  1.51  2.32  2.52  2.11  1.25  0.19 30061997 12
 -0.94 -1.74 -2.18 -2.23 -1.64 -0.46  0.91  1.98  2.50  2.38  1.70  0.69 01071997 00
 -0.52 -1.56 -2.20 -2.50 -2.24 -1.24  0.21  1.55  2.42  2.63  2.20  1.27 01071997 12
  0.13 -1.10 -1.96 -2.42 -2.47 -1.82 -0.51  0.97  2.10  2.65  2.50  1.71 02071997 00
  0.61 -0.68 -1.76 -2.40 -2.65 -2.29 -1.13  0.46  1.84  2.69  2.86  2.29 02071997 12
  1.24 -0.03 -1.33 -2.19 -2.64 -2.61 -1.79 -0.29  1.27  2.38  2.85  2.55 03071997 00
  1.62  0.41 -0.96 -2.03 -2.61 -2.74 -2.16 -0.77  0.92  2.23  2.97  2.95 03071997 12
  2.15  0.95 -0.48 -1.76 -2.55 -2.94 -2.73 -1.64  0.04  1.58  2.58  2.88 04071997 00
  2.35  1.22 -0.10 -1.49 -2.44 -2.91 -2.84 -1.95 -0.33  1.38  2.57  3.12 04071997 12
  2.83  1.78  0.45 -1.06 -2.24 -2.92 -3.15 -2.67 -1.26  0.51  1.95  2.74 05071997 00
  2.76  1.95  0.69 -0.72 -2.03 -2.81 -3.11 -2.75 -1.50  0.31  1.89  2.88 05071997 12
  3.14  2.53  1.32 -0.12 -1.59 -2.59 -3.13 -3.14 -2.29 -0.64  1.11  2.32 06071997 00
  2.87  2.56  1.48  0.16 -1.30 -2.41 -2.99 -3.04 -2.34 -0.80  1.00  2.36 06071997 12
  3.09  3.01  2.06  0.76 -0.75 -2.06 -2.84 -3.20 -2.92 -1.71  0.06  1.64 07071997 00
  2.59  2.81  2.15  0.92 -0.44 -1.80 -2.68 -3.05 -2.84 -1.79 -0.06  1.59 07071997 12
  2.68  3.10  2.65  1.52  0.17 -1.31 -2.37 -2.96 -3.08 -2.45 -0.98  0.76 08071997 00
  2.06  2.71  2.57  1.64  0.40 -0.96 -2.11 -2.73 -2.88 -2.37 -1.05  0.66 08071997 12
  2.05  2.86  2.90  2.15  0.98 -0.41 -1.70 -2.51 -2.91 -2.77 -1.81 -0.23 09071997 00
  1.30  2.30  2.65  2.20  1.15 -0.06 -1.34 -2.23 -2.63 -2.54 -1.76 -0.33 09071997 12
  1.21  2.30  2.79  2.52  1.60  0.43 -0.89 -1.93 -2.50 -2.70 -2.30 -1.14 10071997 00
  0.39  1.64  2.36  2.39  1.74  0.71 -0.45 -1.55 -2.18 -2.41 -2.11 -1.15 10071997 12
  0.24  1.53  2.34  2.53  2.06  1.11 -0.02 -1.19 -1.98 -2.39 -2.40 -1.77 11071997 00
 -0.56  0.80  1.79  2.25  2.05  1.34  0.39 -0.68 -1.55 -1.99 -2.06 -1.61 11071997 12
 -0.61  0.65  1.68  2.24  2.21  1.63  0.74 -0.31 -1.29 -1.88 -2.16 -2.03 12071997 00
 -1.27 -0.10  1.05  1.83  2.07  1.78  1.10  0.25 -0.70 -1.38 -1.70 -1.70 12071997 12
 -1.20 -0.25  0.83  1.68  2.06  1.93  1.36  0.54 -0.42 -1.24 -1.73 -1.95 13071997 00
 -1.74 -1.01  0.05  1.04  1.69  1.84  1.56  0.93  0.14 -0.72 -1.31 -1.59 13071997 12
 -1.59 -1.14 -0.29  0.69  1.46  1.78  1.64  1.09  0.33 -0.56 -1.31 -1.77 14071997 00
 -1.98 -1.79 -1.09 -0.07  0.90  1.54  1.74  1.53  1.00  0.27 -0.55 -1.15 14071997 12
 -1.45 -1.51 -1.14 -0.34  0.60  1.39  1.75  1.66  1.17  0.44 -0.44 -1.23 15071997 00
 -1.74 -1.99 -1.83 -1.14 -0.09  0.96  1.69  1.94  1.77  1.22  0.46 -0.44 15071997 12
 -1.14 -1.55 -1.70 -1.39 -0.57  0.48  1.41  1.91  1.89  1.40  0.61 -0.35 16071997 00
 -1.27 -1.87 -2.19 -2.11 -1.44 -0.30  0.89  1.76  2.11  1.93  1.31  0.42 16071997 12
 -0.61 -1.46 -1.95 -2.11 -1.76 -0.80  0.47  1.56  2.18  2.19  1.64  0.71 17071997 00
 -0.39 -1.45 -2.14 -2.49 -2.36 -1.54 -0.19  1.19  2.16  2.54  2.26  1.42 17071997 12
  0.32 -0.92 -1.89 -2.44 -2.60 -2.13 -0.92  0.62  1.86  2.53  2.50  1.78 18071997 00
  0.66 -0.63 -1.82 -2.56 -2.89 -2.65 -1.58  0.07  1.59  2.59  2.92  2.44 18071997 12
  1.35  0.03 -1.39 -2.41 -2.98 -3.06 -2.35 -0.80  0.98  2.27  2.93  2.76 19071997 00
  1.79  0.49 -1.00 -2.26 -3.00 -3.26 -2.81 -1.38  0.53  2.13  3.07  3.25 19071997 12
  2.50  1.18 -0.36 -1.87 -2.88 -3.42 -3.39 -2.35 -0.44  1.44  2.74  3.28 20071997 00
  2.89  1.67  0.19 -1.43 -2.65 -3.34 -3.49 -2.74 -0.96  1.15  2.69  3.52 20071997 12
  3.46  2.41  0.92 -0.81 -2.30 -3.24 -3.72 -3.48 -2.10  0.04  1.98  3.14 21071997 00
  3.51  2.86  1.43 -0.18 -1.85 -2.97 -3.57 -3.55 -2.48 -0.40  1.72  3.17 21071997 12
  3.82  3.48  2.16  0.56 -1.26 -2.64 -3.49 -3.85 -3.35 -1.65  0.61  2.41 22071997 00
  3.41  3.56  2.62  1.10 -0.59 -2.18 -3.18 -3.65 -3.40 -2.00  0.20  2.25 22071997 12
  3.49  3.92  3.29  1.84  0.17 -1.62 -2.85 -3.59 -3.81 -3.04 -1.10  1.09 23071997 00
  2.71  3.50  3.40  2.27  0.74 -0.95 -2.38 -3.23 -3.55 -3.05 -1.42  0.80 23071997 12
  2.61  3.63  3.83  3.00  1.56 -0.13 -1.77 -2.83 -3.45 -3.50 -2.48 -0.50 24071997 00
  1.50  2.88  3.49  3.15  1.94  0.49 -1.14 -2.37 -3.06 -3.21 -2.51 -0.83 24071997 12
  1.19  2.70  3.54  3.53  2.58  1.23 -0.41 -1.83 -2.74 -3.25 -3.15 -2.03 25071997 00
 -0.17  1.58  2.75  3.17  2.69  1.54  0.19 -1.27 -2.31 -2.85 -2.91 -2.16 25071997 12
 -0.58  1.20  2.51  3.18  3.04  2.12  0.89 -0.58 -1.80 -2.55 -2.92 -2.69 26071997 00
 -1.57  0.10  1.61  2.59  2.88  2.40  1.39  0.18 -1.13 -2.03 -2.49 -2.52 26071997 12
 -1.86 -0.51  1.01  2.15  2.72  2.58  1.81  0.74 -0.53 -1.60 -2.26 -2.61 27071997 00
 -2.46 -1.56 -0.17  1.16  2.04  2.33  1.99  1.18  0.17 -0.93 -1.74 -2.16 27071997 12
 -2.22 -1.72 -0.63  0.70  1.75  2.31  2.27  1.69  0.79 -0.29 -1.29 -1.93 28071997 00
 -2.30 -2.26 -1.60 -0.45  0.76  1.66  2.05  1.87  1.26  0.39 -0.62 -1.46 28071997 12
 -1.92 -2.10 -1.82 -0.98  0.20  1.25  1.93  2.07  1.72  0.99  0.07 -0.91 29071997 00
 -1.60 -1.99 -2.04 -1.52 -0.48  0.72  1.69  2.21  2.19  1.70  0.90 -0.10 29071997 12
 -1.03 -1.63 -1.95 -1.88 -1.19 -0.10  1.03  1.84  2.12  1.91  1.25  0.36 30071997 00
 -0.65 -1.44 -1.89 -2.03 -1.64 -0.66  0.61  1.72  2.35  2.40  1.90  1.04 30071997 12
 -0.02 -1.05 -1.74 -2.11 -2.09 -1.41 -0.23  1.05  1.99  2.35  2.11  1.35 31071997 00
  0.35 -0.78 -1.66 -2.14 -2.26 -1.77 -0.66  0.72  1.87  2.53  2.56  1.97 31071997 12
  0.99 -0.20 -1.31 -2.03 -2.39 -2.28 -1.43 -0.05  1.32  2.26  2.58  2.22 01081997 00
  1.32  0.18 -1.06 -1.94 -2.39 -2.40 -1.72 -0.39  1.10  2.21  2.76  2.60 01081997 12
  1.76  0.61 -0.73 -1.85 -2.52 -2.79 -2.45 -1.31  0.27  1.65  2.47  2.59 02081997 00
  1.96  0.85 -0.42 -1.67 -2.45 -2.78 -2.52 -1.47  0.13  1.65  2.64  2.98 02081997 12
  2.51  1.43  0.11 -1.29 -2.29 -2.84 -2.91 -2.22 -0.74  0.92  2.15  2.75 03081997 00
  2.54  1.59  0.35 -1.05 -2.19 -2.81 -2.92 -2.32 -0.88  0.87  2.26  3.03 03081997 12
  3.01  2.16  0.90 -0.58 -1.92 -2.75 -3.14 -2.93 -1.80 -0.04  1.56  2.57 04081997 00
  2.85  2.26  1.06 -0.30 -1.70 -2.64 -3.07 -2.90 -1.87 -0.14  1.56  2.69 04081997 12
  3.17  2.75  1.62  0.24 -1.30 -2.42 -3.05 -3.18 -2.53 -1.00  0.82  2.17 05081997 00
  2.88  2.77  1.81  0.50 -0.96 -2.21 -2.90 -3.08 -2.55 -1.13  0.71  2.21 05081997 12
  3.06  3.14  2.31  1.02 -0.47 -1.86 -2.73 -3.16 -2.99 -1.89 -0.09  1.58 06081997 00
  2.65  2.99  2.43  1.22 -0.15 -1.57 -2.53 -2.98 -2.88 -1.95 -0.27  1.47 06081997 12
  2.64  3.15  2.79  1.68  0.34 -1.16 -2.29 -2.91 -3.07 -2.51 -1.06  0.71 07081997 00
  2.08  2.80  2.74  1.87  0.63 -0.75 -1.96 -2.64 -2.85 -2.42 -1.17  0.56 07081997 12
  2.00  2.86  2.95  2.23  1.06 -0.32 -1.64 -2.47 -2.88 -2.75 -1.79 -0.20 08081997 00
  1.37  2.39  2.75  2.32  1.29  0.08 -1.22 -2.13 -2.55 -2.51 -1.77 -0.35 08081997 12
  1.21  2.32  2.81  2.55  1.64  0.46 -0.87 -1.91 -2.49 -2.68 -2.26 -1.10 09081997 00
  0.42  1.67  2.37  2.39  1.74  0.70 -0.46 -1.56 -2.21 -2.45 -2.17 -1.22 09081997 12
  0.18  1.47  2.28  2.47  1.98  1.02 -0.10 -1.25 -2.02 -2.40 -2.38 -1.75 10081997 00
 -0.53  0.82  1.80  2.24  2.03  1.31  0.35 -0.71 -1.57 -2.00 -2.07 -1.65 10081997 12
 -0.67  0.61  1.64  2.20  2.15  1.56  0.68 -0.35 -1.30 -1.87 -2.13 -1.98 11081997 00
 -1.24 -0.10  1.02  1.80  2.03  1.74  1.06  0.21 -0.74 -1.42 -1.74 -1.76 11081997 12
 -1.30 -0.41  0.66  1.52  1.91  1.82  1.28  0.50 -0.42 -1.22 -1.71 -1.94 12081997 00
 -1.79 -1.13 -0.12  0.87  1.53  1.73  1.50  0.92  0.16 -0.69 -1.31 -1.63 12081997 12
 -1.70 -1.34 -0.56  0.43  1.27  1.70  1.67  1.25  0.56 -0.27 -1.07 -1.59 13081997 00
 -1.87 -1.82 -1.26 -0.33  0.67  1.43  1.73  1.61  1.13  0.42 -0.42 -1.14 13081997 12
 -1.58 -1.78 -1.60 -0.92  0.08  1.02  1.62  1.74  1.45  0.82 -0.00 -0.89 14081997 00
 -1.55 -1.94 -2.03 -1.60 -0.68  0.46  1.41  1.92  1.92  1.49  0.73 -0.21 14081997 12
 -1.12 -1.73 -2.06 -2.01 -1.35 -0.22  0.97  1.83  2.14  1.91  1.21  0.26 15081997 00
 -0.82 -1.69 -2.20 -2.37 -1.98 -0.95  0.43  1.60  2.30  2.38  1.87  0.94 15081997 12
 -0.21 -1.37 -2.16 -2.58 -2.53 -1.74 -0.35  1.13  2.18  2.64  2.37  1.51 16081997 00
  0.37 -0.93 -1.97 -2.56 -2.72 -2.21 -0.88  0.80  2.16  2.94  2.98  2.25 16081997 12
  1.06 -0.36 -1.70 -2.58 -3.05 -2.94 -1.92 -0.18  1.53  2.68  3.13  2.70 17081997 00
  1.56  0.18 -1.34 -2.45 -3.07 -3.18 -2.43 -0.75  1.21  2.64  3.41  3.30 17081997 12
  2.27  0.86 -0.81 -2.22 -3.11 -3.55 -3.27 -1.89  0.17  2.04  3.16  3.50 18081997 00
  2.81  1.42 -0.17 -1.82 -2.92 -3.50 -3.46 -2.35 -0.27  1.82  3.24  3.86 18081997 12
  3.48  2.16  0.55 -1.28 -2.66 -3.51 -3.86 -3.31 -1.50  0.81  2.62  3.61 19081997 00
  3.72  2.71  1.14 -0.62 -2.24 -3.26 -3.76 -3.47 -1.96  0.36  2.45  3.71 19081997 12
  4.14  3.44  1.92  0.15 -1.71 -2.98 -3.74 -3.95 -3.05 -0.92  1.41  3.09 20081997 00
  3.86  3.68  2.40  0.75 -1.11 -2.61 -3.49 -3.84 -3.25 -1.41  1.03  2.94 20081997 12
  3.99  4.14  3.13  1.55 -0.32 -2.04 -3.15 -3.81 -3.79 -2.53 -0.27  1.98 21081997 00
  3.39  3.92  3.44  2.01  0.35 -1.48 -2.77 -3.50 -3.67 -2.82 -0.78  1.53 21081997 12
  3.17  3.99  3.85  2.63  1.06 -0.80 -2.31 -3.27 -3.77 -3.50 -2.02  0.20 22081997 00
  2.15  3.28  3.60  2.87  1.40 -0.22 -1.86 -2.93 -3.48 -3.44 -2.35 -0.32 22081997 12
  1.71  3.09  3.71  3.35  2.12  0.62 -1.08 -2.35 -3.10 -3.39 -2.86 -1.29 23081997 00
  0.73  2.31  3.18  3.27  2.40  1.08 -0.43 -1.83 -2.70 -3.10 -2.89 -1.72 23081997 12
  0.11  1.79  2.90  3.29  2.79  1.66  0.30 -1.18 -2.22 -2.80 -2.94 -2.33 24081997 00
 -0.88  0.80  2.10  2.78  2.71  1.91  0.77 -0.54 -1.69 -2.36 -2.66 -2.39 24081997 12
 -1.35  0.18  1.58  2.48  2.73  2.30  1.36  0.21 -1.00 -1.83 -2.28 -2.36 25081997 00
 -1.82 -0.65  0.74  1.83  2.40  2.34  1.72  0.82 -0.25 -1.21 -1.80 -2.08 25081997 12
 -1.92 -1.14  0.06  1.22  2.01  2.26  1.98  1.26  0.35 -0.65 -1.39 -1.81 26081997 00
 -1.97 -1.63 -0.73  0.42  1.42  1.99  2.06  1.70  1.03  0.18 -0.70 -1.31 26081997 12
 -1.63 -1.63 -1.08 -0.13  0.87  1.66  1.99  1.90  1.45  0.76 -0.10 -0.82 27081997 00
 -1.29 -1.55 -1.41 -0.70  0.28  1.23  1.91  2.17  2.01  1.49  0.71 -0.20 27081997 12
 -0.93 -1.42 -1.65 -1.41 -0.63  0.37  1.28  1.83  1.96  1.69  1.09  0.27 28081997 00
 -0.61 -1.25 -1.59 -1.61 -1.08 -0.09  0.99  1.86  2.28  2.25  1.75  0.96 28081997 12
 -0.04 -0.94 -1.52 -1.80 -1.64 -0.88  0.20  1.28  2.00  2.19  1.89  1.20 29081997 00
  0.27 -0.76 -1.49 -1.88 -1.91 -1.34 -0.23  0.99  1.95  2.39  2.27  1.60 29081997 12
  0.65 -0.49 -1.46 -2.06 -2.33 -2.05 -1.11  0.21  1.41  2.17  2.32  1.86 30081997 00
  0.96 -0.12 -1.23 -1.96 -2.29 -2.14 -1.31  0.04  1.40  2.33  2.66  2.31 30081997 12
  1.40  0.25 -1.03 -1.97 -2.51 -2.62 -2.05 -0.77  0.76  1.96  2.59  2.51 31081997 00
  1.75  0.64 -0.62 -1.73 -2.35 -2.52 -2.03 -0.80  0.80  2.13  2.91  2.99 31081997 12
  2.32  1.19 -0.17 -1.45 -2.26 -2.65 -2.49 -1.49  0.09  1.61  2.61  2.91 01091997 00
  2.41  1.31 -0.00 -1.40 -2.35 -2.82 -2.74 -1.85 -0.25  1.42  2.57  3.08 01091997 12
  2.78  1.74  0.41 -1.08 -2.21 -2.84 -2.99 -2.40 -0.91  0.88  2.29  3.03 02091997 00
  2.98  2.09  0.84 -0.61 -1.87 -2.58 -2.82 -2.35 -0.98  0.84  2.34  3.22 02091997 12
  3.31  2.53  1.27 -0.24 -1.66 -2.54 -2.97 -2.77 -1.59  0.23  1.94  3.05 03091997 00
  3.42  2.88  1.74  0.36 -1.15 -2.17 -2.69 -2.69 -1.81 -0.14  1.64  2.87 03091997 12
  3.37  3.01  1.87  0.46 -1.11 -2.27 -2.91 -3.06 -2.41 -0.81  1.07  2.52 04091997 00
  3.26  3.17  2.20  0.87 -0.67 -1.96 -2.70 -2.98 -2.54 -1.14  0.75  2.31 04091997 12
  3.23  3.32  2.50  1.21 -0.31 -1.73 -2.61 -3.05 -2.89 -1.78  0.03  1.73 05091997 00
  2.81  3.16  2.61  1.40  0.01 -1.46 -2.44 -2.92 -2.85 -1.96 -0.30  1.45 05091997 12
  2.64  3.16  2.81  1.70  0.36 -1.14 -2.26 -2.87 -3.03 -2.44 -0.97  0.81 06091997 00
  2.20  2.93  2.87  1.99  0.77 -0.63 -1.86 -2.54 -2.78 -2.38 -1.15  0.54 06091997 12
  1.97  2.82  2.91  2.17  0.97 -0.39 -1.69 -2.50 -2.90 -2.75 -1.80 -0.24 07091997 00
  1.30  2.31  2.67  2.24  1.20 -0.01 -1.30 -2.20 -2.62 -2.58 -1.86 -0.48 07091997 12
  1.05  2.15  2.67  2.43  1.54  0.38 -0.90 -1.90 -2.44 -2.61 -2.21 -1.08 08091997 00
  0.40  1.61  2.31  2.34  1.71  0.70 -0.44 -1.51 -2.14 -2.39 -2.17 -1.31 08091997 12
  0.01  1.28  2.10  2.31  1.89  1.01 -0.04 -1.15 -1.92 -2.31 -2.32 -1.77 09091997 00
 -0.66  0.62  1.58  2.04  1.88  1.23  0.33 -0.68 -1.54 -2.01 -2.15 -1.85 09091997 12
 -1.03  0.14  1.18  1.83  1.90  1.48  0.71 -0.20 -1.12 -1.71 -2.00 -1.95 10091997 00
 -1.41 -0.44  0.65  1.48  1.84  1.69  1.16  0.39 -0.52 -1.27 -1.70 -1.86 10091997 12
 -1.64 -0.93  0.09  1.03  1.64  1.78  1.51  0.91  0.13 -0.71 -1.31 -1.64 11091997 00
 -1.72 -1.34 -0.51  0.50  1.37  1.82  1.85  1.50  0.86  0.04 -0.76 -1.30 11091997 12
 -1.59 -1.59 -1.06 -0.15  0.85  1.62  1.94  1.85  1.38  0.66 -0.21 -0.98 12091997 00
 -1.49 -1.76 -1.62 -0.91  0.15  1.21  1.94  2.19  1.99  1.39  0.53 -0.48 12091997 12
 -1.28 -1.80 -2.05 -1.79 -0.90  0.30  1.38  2.02  2.13  1.73  0.98  0.02 13091997 00
 -0.98 -1.67 -2.05 -2.04 -1.39 -0.19  1.14  2.15  2.58  2.37  1.60  0.55 13091997 12
 -0.68 -1.71 -2.36 -2.68 -2.40 -1.34  0.18  1.58  2.48  2.72  2.25  1.26 14091997 00
  0.04 -1.26 -2.15 -2.63 -2.62 -1.83 -0.32  1.34  2.54  3.10  2.89  1.99 14091997 12
  0.73 -0.77 -1.99 -2.72 -3.03 -2.58 -1.18  0.71  2.33  3.33  3.54  2.88 15091997 00
  1.65  0.11 -1.37 -2.33 -2.87 -2.82 -1.75  0.09  1.94  3.18  3.65  3.19 15091997 12
  1.96  0.41 -1.29 -2.55 -3.31 -3.58 -2.93 -1.16  1.03  2.68  3.60  3.68 16091997 00
  2.74  1.30 -0.44 -1.96 -2.87 -3.30 -2.98 -1.46  0.77  2.71  3.88  4.17 16091997 12
  3.36  1.88  0.06 -1.74 -2.96 -3.71 -3.91 -2.99 -0.89  1.40  3.04  3.77 17091997 00
  3.54  2.22  0.55 -1.30 -2.78 -3.66 -3.97 -3.33 -1.40  1.05  2.93  3.95 17091997 12
  4.06  2.99  1.34 -0.56 -2.28 -3.40 -4.02 -3.92 -2.56 -0.21  2.08  3.46 18091997 00
  3.96  3.37  1.80  0.04 -1.83 -3.15 -3.90 -4.03 -3.06 -0.86  1.55  3.24 18091997 12
  4.01  3.81  2.47  0.75 -1.18 -2.73 -3.71 -4.17 -3.78 -2.05  0.36  2.39 19091997 00
  3.51  3.75  2.83  1.19 -0.58 -2.31 -3.43 -4.02 -3.88 -2.55 -0.27  1.97 19091997 12
  3.33  3.86  3.37  1.90  0.22 -1.61 -2.92 -3.70 -3.93 -3.21 -1.26  0.99 20091997 00
  2.68  3.51  3.44  2.30  0.74 -0.97 -2.45 -3.35 -3.72 -3.33 -1.81  0.37 20091997 12
  2.21  3.27  3.55  2.80  1.38 -0.21 -1.82 -2.87 -3.43 -3.43 -2.44 -0.54 21091997 00
  1.37  2.69  3.27  2.93  1.76  0.35 -1.21 -2.41 -3.08 -3.27 -2.70 -1.21 21091997 12
  0.67  2.12  2.94  2.99  2.18  0.94 -0.49 -1.80 -2.61 -2.99 -2.80 -1.76 22091997 00
 -0.11  1.42  2.43  2.78  2.32  1.29  0.08 -1.23 -2.17 -2.66 -2.75 -2.19 22091997 12
 -0.90  0.61  1.78  2.41  2.33  1.63  0.60 -0.56 -1.60 -2.20 -2.45 -2.22 23091997 00
 -1.36 -0.06  1.15  1.95  2.19  1.84  1.03  0.05 -1.01 -1.77 -2.17 -2.25 23091997 12
 -1.81 -0.84  0.36  1.31  1.83  1.79  1.32  0.56 -0.34 -1.18 -1.69 -1.92 24091997 00
 -1.82 -1.22 -0.25  0.75  1.48  1.76  1.59  1.05  0.31 -0.56 -1.26 -1.69 24091997 12
 -1.90 -1.71 -1.06 -0.11  0.77  1.34  1.47  1.25  0.72  0.03 -0.74 -1.32 25091997 00
 -1.64 -1.72 -1.39 -0.68  0.24  1.03  1.47  1.51  1.20  0.58 -0.20 -0.98 25091997 12
 -1.54 -1.86 -1.88 -1.46 -0.67  0.26  1.01  1.38  1.35  1.00  0.37 -0.40 26091997 00
 -1.13 -1.58 -1.77 -1.61 -0.99 -0.04  0.90  1.54  1.73  1.50  0.91  0.11 26091997 12
 -0.80 -1.50 -1.92 -2.04 -1.68 -0.84  0.25  1.18  1.71  1.73  1.32  0.58 27091997 00
 -0.30 -1.17 -1.72 -1.94 -1.76 -1.04  0.06  1.15  1.91  2.12  1.80  1.06 27091997 12
  0.10 -0.96 -1.74 -2.17 -2.23 -1.73 -0.66  0.62  1.63  2.15  2.06  1.45 28091997 00
  0.52 -0.56 -1.51 -2.03 -2.15 -1.73 -0.69  0.67  1.83  2.51  2.59  2.06 28091997 12
  1.12 -0.05 -1.19 -1.90 -2.26 -2.15 -1.34 -0.01  1.34  2.26  2.54  2.13 29091997 00
  1.18  0.02 -1.23 -2.12 -2.55 -2.50 -1.77 -0.40  1.10  2.18  2.68  2.44 29091997 12
  1.53  0.33 -1.01 -2.09 -2.69 -2.84 -2.34 -1.04  0.61  1.93  2.67  2.65 30091997 00
  1.89  0.72 -0.62 -1.84 -2.56 -2.81 -2.42 -1.19  0.49  1.94  2.82  2.98 30091997 12
  2.32  1.14 -0.25 -1.62 -2.49 -2.91 -2.75 -1.71 -0.01  1.65  2.74  3.14 01101997 00
  2.67  1.51  0.13 -1.35 -2.39 -2.92 -2.91 -2.08 -0.45  1.31  2.55  3.12 01101997 12
  2.83  1.75  0.39 -1.14 -2.33 -2.99 -3.17 -2.58 -1.05  0.84  2.31  3.10 02101997 00
  3.08  2.15  0.82 -0.70 -2.04 -2.83 -3.13 -2.74 -1.38  0.51  2.11  3.06 02101997 12
  3.21  2.43  1.11 -0.40 -1.86 -2.79 -3.23 -3.06 -1.91 -0.03  1.73  2.89 03101997 00
  3.29  2.75  1.51  0.08 -1.46 -2.52 -3.06 -3.05 -2.17 -0.44  1.43  2.70 03101997 12
  3.27  2.93  1.77  0.38 -1.20 -2.39 -3.05 -3.22 -2.59 -1.02  0.91  2.38 04101997 00
  3.17  3.12  2.16  0.82 -0.70 -2.01 -2.77 -3.05 -2.65 -1.30  0.56  2.13 04101997 12
  3.06  3.20  2.42  1.14 -0.34 -1.76 -2.64 -3.05 -2.88 -1.78  0.02  1.71 05101997 00
  2.83  3.21  2.71  1.55  0.18 -1.30 -2.29 -2.78 -2.76 -1.92 -0.28  1.46 05101997 12
  2.69  3.23  2.96  1.93  0.63 -0.82 -1.91 -2.51 -2.68 -2.14 -0.75  0.98 06101997 00
  2.34  3.07  3.04  2.24  1.06 -0.32 -1.55 -2.28 -2.58 -2.28 -1.12  0.52 06101997 12
  1.97  2.86  3.03  2.45  1.36  0.09 -1.19 -1.99 -2.38 -2.29 -1.45  0.01 07101997 00
  1.51  2.57  2.98  2.66  1.77  0.64 -0.64 -1.58 -2.07 -2.18 -1.63 -0.41 07101997 12
  1.03  2.18  2.76  2.67  1.95  0.92 -0.29 -1.32 -1.92 -2.18 -1.93 -0.97 08101997 00
  0.39  1.64  2.46  2.65  2.23  1.36  0.30 -0.80 -1.54 -1.93 -1.98 -1.41 08101997 12
 -0.29  1.00  2.02  2.52  2.46  1.90  1.05  0.01 -0.88 -1.43 -1.70 -1.58 09101997 00
 -0.84  0.27  1.33  2.00  2.13  1.79  1.13  0.33 -0.52 -1.07 -1.31 -1.27 09101997 12
 -0.76  0.17  1.16  1.90  2.21  2.10  1.60  0.84 -0.12 -0.90 -1.40 -1.66 10101997 00
 -1.57 -0.89  0.14  1.20  1.94  2.17  1.95  1.37  0.56 -0.40 -1.16 -1.68 10101997 12
 -1.96 -1.80 -1.06 -0.02  1.00  1.69  1.90  1.68  1.11  0.34 -0.53 -1.19 11101997 00
 -1.55 -1.64 -1.23 -0.32  0.78  1.72  2.22  2.22  1.73  0.92 -0.11 -1.10 11101997 12
 -1.82 -2.31 -2.42 -1.93 -0.88  0.37  1.37  1.90  1.88  1.39  0.57 -0.40 12101997 00
 -1.31 -1.85 -2.07 -1.81 -0.93  0.35  1.55  2.32  2.47  2.00  1.08 -0.06 12101997 12
 -1.26 -2.12 -2.64 -2.74 -2.15 -0.84  0.71  1.94  2.63  2.59  1.87  0.77 13101997 00
 -0.54 -1.73 -2.49 -2.85 -2.65 -1.62 -0.01  1.55  2.56  2.89  2.39  1.27 13101997 12
 -0.09 -1.52 -2.56 -3.15 -3.24 -2.51 -0.90  0.97  2.36  3.10  3.00  2.05 14101997 00
  0.74 -0.80 -2.13 -2.92 -3.24 -2.79 -1.32  0.70  2.42  3.44  3.67  2.92 14101997 12
  1.59 -0.04 -1.65 -2.73 -3.37 -3.44 -2.46 -0.49  1.53  2.94  3.58  3.25 15101997 00
  2.01  0.48 -1.25 -2.57 -3.35 -3.59 -2.90 -1.08  1.19  2.88  3.81  3.83 15101997 12
  2.76  1.22 -0.60 -2.19 -3.21 -3.75 -3.53 -2.08  0.19  2.31  3.60  4.06 16101997 00
  3.43  1.95  0.25 -1.56 -2.80 -3.49 -3.56 -2.48 -0.30  1.97  3.54  4.28 16101997 12
  3.98  2.69  1.05 -0.89 -2.36 -3.28 -3.70 -3.17 -1.34  1.06  2.97  4.01 17101997 00
  4.14  3.12  1.56 -0.31 -2.03 -3.12 -3.71 -3.57 -2.14  0.18  2.36  3.70 17101997 12
  4.18  3.55  2.07  0.33 -1.55 -2.83 -3.60 -3.81 -2.96 -0.87  1.44  3.11 18101997 00
  3.89  3.71  2.44  0.80 -1.05 -2.54 -3.44 -3.84 -3.38 -1.69  0.66  2.55 18101997 12
  3.62  3.84  2.94  1.40 -0.32 -1.98 -3.03 -3.60 -3.52 -2.30 -0.18  1.90 19101997 00
  3.23  3.74  3.24  1.86  0.28 -1.45 -2.68 -3.39 -3.59 -2.89 -1.08  1.01 19101997 12
  2.54  3.32  3.22  2.16  0.70 -0.93 -2.34 -3.18 -3.52 -3.14 -1.76  0.24 20101997 00
  1.94  2.91  3.15  2.43  1.10 -0.37 -1.84 -2.81 -3.33 -3.33 -2.44 -0.69 20101997 12
  1.08  2.33  2.90  2.61  1.57  0.29 -1.13 -2.21 -2.79 -2.90 -2.35 -0.99 21101997 00
  0.68  2.01  2.75  2.74  1.99  0.86 -0.45 -1.65 -2.36 -2.69 -2.52 -1.60 21101997 12
 -0.16  1.24  2.17  2.50  2.12  1.23  0.16 -1.00 -1.83 -2.23 -2.26 -1.71 22101997 00
 -0.57  0.77  1.79  2.33  2.23  1.60  0.68 -0.40 -1.35 -1.93 -2.23 -2.10 22101997 12
 -1.35 -0.18  0.96  1.71  1.93  1.64  0.97  0.14 -0.77 -1.43 -1.75 -1.79 23101997 00
 -1.37 -0.51  0.55  1.40  1.82  1.79  1.34  0.62 -0.25 -1.07 -1.61 -1.90 23101997 12
 -1.87 -1.36 -0.48  0.46  1.16  1.44  1.33  0.91  0.27 -0.48 -1.10 -1.44 24101997 00
 -1.56 -1.36 -0.75  0.12  0.93  1.45  1.57  1.31  0.76  0.03 -0.76 -1.34 24101997 12
 -1.71 -1.85 -1.55 -0.85  0.05  0.83  1.27  1.33  1.08  0.55 -0.14 -0.84 25101997 00
 -1.31 -1.54 -1.50 -1.05 -0.26  0.62  1.29  1.56  1.44  0.97  0.26 -0.58 25101997 12
 -1.30 -1.75 -1.96 -1.76 -1.08 -0.10  0.82  1.43  1.60  1.37  0.78  0.01 26101997 00
 -0.83 -1.45 -1.76 -1.76 -1.30 -0.42  0.61  1.43  1.81  1.69  1.14  0.31 26101997 12
 -0.65 -1.49 -1.99 -2.19 -1.92 -1.11  0.05  1.09  1.76  1.89  1.50  0.73 27101997 00
 -0.21 -1.18 -1.84 -2.14 -2.02 -1.33 -0.20  0.98  1.82  2.14  1.85  1.08 27101997 12
  0.06 -1.06 -1.92 -2.38 -2.46 -1.96 -0.84  0.53  1.61  2.18  2.09  1.44 28101997 00
  0.45 -0.68 -1.70 -2.29 -2.47 -2.11 -1.09  0.32  1.56  2.28  2.35  1.76 28101997 12
  0.72 -0.48 -1.66 -2.41 -2.75 -2.56 -1.66 -0.20  1.26  2.24  2.58  2.20 29101997 00
  1.22  0.02 -1.27 -2.21 -2.67 -2.63 -1.89 -0.47  1.09  2.21  2.71  2.46 29101997 12
  1.52  0.29 -1.08 -2.17 -2.76 -2.89 -2.36 -1.01  0.70  2.06  2.81  2.77 30101997 00
  1.94  0.71 -0.69 -1.96 -2.72 -3.03 -2.68 -1.48  0.26  1.76  2.66  2.83 30101997 12
  2.15  0.91 -0.50 -1.89 -2.79 -3.22 -3.05 -2.01 -0.25  1.44  2.57  3.01 31101997 00
  2.55  1.39  0.02 -1.47 -2.54 -3.10 -3.12 -2.31 -0.67  1.14  2.41  3.01 31101997 12
  2.74  1.64  0.28 -1.24 -2.46 -3.14 -3.32 -2.72 -1.20  0.72  2.20  3.02 01111997 00
  3.05  2.15  0.81 -0.70 -2.08 -2.91 -3.24 -2.91 -1.61  0.28  1.92  2.91 01111997 12
  3.13  2.43  1.12 -0.37 -1.86 -2.82 -3.29 -3.17 -2.09 -0.23  1.56  2.76 02111997 00
  3.24  2.79  1.59  0.18 -1.38 -2.51 -3.11 -3.18 -2.40 -0.74  1.13  2.46 02111997 12
  3.13  2.92  1.86  0.49 -1.06 -2.31 -3.02 -3.24 -2.71 -1.25  0.64  2.17 03111997 00
  3.03  3.11  2.26  0.94 -0.56 -1.95 -2.80 -3.18 -2.94 -1.76  0.08  1.75 03111997 12
  2.80  3.11  2.53  1.32 -0.07 -1.52 -2.49 -2.96 -2.89 -1.98 -0.32  1.42 04111997 00
  2.61  3.16  2.85  1.80  0.49 -0.99 -2.11 -2.73 -2.87 -2.29 -0.87  0.87 04111997 12
  2.23  2.97  2.95  2.15  0.98 -0.39 -1.60 -2.31 -2.59 -2.27 -1.13  0.52 05111997 00
  2.00  2.92  3.13  2.58  1.50  0.21 -1.11 -1.97 -2.43 -2.44 -1.69 -0.25 05111997 12
  1.30  2.43  2.92  2.67  1.81  0.70 -0.57 -1.55 -2.07 -2.22 -1.77 -0.59 06111997 00
  0.90  2.14  2.82  2.83  2.17  1.17 -0.04 -1.16 -1.86 -2.25 -2.20 -1.40 06111997 12
 -0.07  1.29  2.24  2.60  2.33  1.56  0.57 -0.56 -1.39 -1.82 -1.92 -1.46 07111997 00
 -0.38  0.93  2.01  2.59  2.58  1.99  1.11  0.01 -1.00 -1.65 -2.03 -2.02 07111997 12
 -1.34 -0.17  1.07  1.98  2.35  2.18  1.57  0.71 -0.30 -1.10 -1.53 -1.68 08111997 00
 -1.38 -0.49  0.67  1.73  2.36  2.48  2.09  1.35  0.37 -0.63 -1.35 -1.82 08111997 12
 -1.97 -1.49 -0.47  0.73  1.74  2.28  2.34  1.94  1.21  0.26 -0.66 -1.26 09111997 00
 -1.58 -1.52 -0.82  0.30  1.46  2.30  2.59  2.37  1.71  0.78 -0.32 -1.20 09111997 12
 -1.80 -2.12 -1.90 -0.98  0.28  1.47  2.25  2.49  2.21  1.50  0.55 -0.53 10111997 00
 -1.30 -1.74 -1.85 -1.31 -0.12  1.23  2.32  2.85  2.77  2.08  1.07 -0.19 10111997 12
 -1.29 -2.03 -2.46 -2.35 -1.42  0.02  1.47  2.50  2.90  2.63  1.78  0.65 11111997 00
 -0.65 -1.64 -2.20 -2.37 -1.83 -0.49  1.14  2.44  3.13  3.09  2.31  1.14 11111997 12
 -0.30 -1.58 -2.42 -2.89 -2.77 -1.71  0.00  1.68  2.82  3.26  2.86  1.78 12111997 00
  0.44 -1.05 -2.14 -2.74 -2.87 -2.17 -0.56  1.30  2.72  3.44  3.33  2.35 12111997 12
  0.99 -0.62 -1.99 -2.85 -3.28 -3.02 -1.66  0.34  2.14  3.26  3.59  2.95 13111997 00
  1.66  0.12 -1.49 -2.57 -3.17 -3.19 -2.21 -0.29  1.72  3.11  3.76  3.44 13111997 12
  2.23  0.73 -1.02 -2.35 -3.17 -3.49 -2.93 -1.22  0.99  2.75  3.73  3.86 14111997 00
  2.95  1.53 -0.19 -1.77 -2.76 -3.29 -3.18 -1.90  0.23  2.22  3.49  3.91 14111997 12
  3.28  1.89  0.25 -1.52 -2.73 -3.44 -3.58 -2.69 -0.67  1.53  3.12  3.90 15111997 00
  3.73  2.54  0.99 -0.84 -2.29 -3.18 -3.55 -3.08 -1.41  0.84  2.69  3.74 15111997 12
  3.95  3.09  1.64 -0.09 -1.73 -2.77 -3.30 -3.15 -1.81  0.37  2.38  3.71 16111997 00
  4.20  3.63  2.33  0.71 -1.08 -2.32 -3.08 -3.33 -2.57 -0.72  1.42  2.97 16111997 12
  3.74  3.59  2.45  0.99 -0.76 -2.18 -3.02 -3.37 -2.89 -1.28  0.83  2.59 17111997 00
  3.61  3.85  3.10  1.80  0.18 -1.42 -2.46 -3.02 -2.92 -1.71  0.21  2.03 17111997 12
  3.22  3.71  3.30  2.21  0.78 -0.88 -2.07 -2.72 -2.84 -2.05 -0.38  1.53 18111997 00
  2.97  3.68  3.57  2.63  1.32 -0.29 -1.61 -2.40 -2.81 -2.56 -1.31  0.46 18111997 12
  2.05  2.99  3.20  2.59  1.46  0.12 -1.23 -2.09 -2.51 -2.39 -1.43  0.17 19111997 00
  1.75  2.84  3.28  2.98  2.07  0.87 -0.54 -1.58 -2.19 -2.43 -1.98 -0.75 19111997 12
  0.78  2.02  2.69  2.69  2.04  1.05 -0.13 -1.22 -1.86 -2.11 -1.84 -0.84 20111997 00
  0.56  1.85  2.68  2.90  2.47  1.59  0.47 -0.70 -1.49 -1.94 -2.06 -1.55 20111997 12
 -0.46  0.78  1.79  2.27  2.18  1.59  0.73 -0.29 -1.16 -1.64 -1.82 -1.55 21111997 00
 -0.72  0.42  1.46  2.11  2.22  1.83  1.09  0.16 -0.80 -1.45 -1.82 -1.90 21111997 12
 -1.45 -0.54  0.53  1.39  1.80  1.73  1.26  0.56 -0.26 -0.99 -1.41 -1.56 22111997 00
 -1.36 -0.70  0.22  1.12  1.68  1.81  1.54  0.96  0.18 -0.67 -1.30 -1.67 22111997 12
 -1.81 -1.48 -0.72  0.22  1.01  1.44  1.47  1.17  0.60 -0.11 -0.79 -1.21 23111997 00
 -1.38 -1.27 -0.74  0.07  0.93  1.57  1.80  1.65  1.18  0.47 -0.37 -1.07 23111997 12
 -1.51 -1.72 -1.50 -0.80  0.11  0.96  1.51  1.68  1.50  1.01  0.35 -0.41 24111997 00
 -0.98 -1.28 -1.30 -0.88 -0.08  0.79  1.49  1.76  1.65  1.14  0.41 -0.47 24111997 12
 -1.22 -1.69 -1.89 -1.62 -0.85  0.19  1.16  1.77  1.93  1.68  1.07  0.26 25111997 00
 -0.62 -1.25 -1.58 -1.61 -1.12 -0.19  0.87  1.70  2.03  1.88  1.29  0.46 25111997 12
 -0.53 -1.37 -1.87 -2.05 -1.70 -0.77  0.44  1.48  2.11  2.19  1.75  0.95 26111997 00
 -0.04 -1.02 -1.67 -1.98 -1.88 -1.16  0.00  1.19  2.02  2.29  1.96  1.15 26111997 12
  0.11 -1.04 -1.88 -2.32 -2.34 -1.74 -0.52  0.88  1.95  2.51  2.40  1.72 27111997 00
  0.72 -0.46 -1.49 -2.07 -2.27 -1.92 -0.88  0.55  1.79  2.51  2.55  1.92 27111997 12
  0.87 -0.35 -1.54 -2.29 -2.64 -2.45 -1.48  0.06  1.54  2.52  2.86  2.47 28111997 00
  1.50  0.30 -1.00 -1.93 -2.40 -2.41 -1.70 -0.28  1.30  2.45  2.97  2.73 28111997 12
  1.80  0.58 -0.81 -1.90 -2.52 -2.71 -2.19 -0.81  0.93  2.32  3.10  3.10 29111997 00
  2.31  1.11 -0.31 -1.60 -2.39 -2.76 -2.53 -1.39  0.32  1.89  2.86  3.09 29111997 12
  2.44  1.22 -0.19 -1.63 -2.58 -3.07 -3.00 -2.05 -0.32  1.44  2.66  3.20 30111997 00
  2.84  1.72  0.36 -1.17 -2.32 -2.96 -3.10 -2.46 -0.90  0.97  2.39  3.12 30111997 12
  3.00  2.01  0.66 -0.87 -2.18 -2.95 -3.24 -2.81 -1.40  0.53  2.18  3.14 01121997 00
  3.34  2.58  1.28 -0.24 -1.73 -2.69 -3.17 -3.07 -2.01 -0.16  1.63  2.81 01121997 12
  3.25  2.74  1.50  0.06 -1.50 -2.60 -3.18 -3.23 -2.41 -0.70  1.24  2.62 02121997 00
  3.32  3.12  2.03  0.64 -0.95 -2.25 -3.02 -3.34 -2.95 -1.57  0.34  1.98 02121997 12
  2.92  3.08  2.29  0.96 -0.51 -1.92 -2.80 -3.20 -2.98 -1.81  0.06  1.80 03121997 00
  2.93  3.32  2.77  1.53  0.09 -1.46 -2.55 -3.16 -3.27 -2.56 -0.94  0.92 03121997 12
  2.27  2.97  2.82  1.82  0.50 -0.98 -2.20 -2.90 -3.13 -2.67 -1.29  0.54 04121997 00
  2.07  2.95  3.07  2.31  1.06 -0.37 -1.75 -2.64 -3.10 -3.03 -2.09 -0.41 04121997 12
  1.26  2.40  2.88  2.52  1.49  0.25 -1.12 -2.13 -2.65 -2.71 -2.08 -0.65 05121997 00
  1.05  2.35  3.04  2.97  2.16  1.00 -0.39 -1.59 -2.33 -2.69 -2.49 -1.46 05121997 12
  0.14  1.66  2.64  2.94  2.52  1.57  0.41 -0.85 -1.72 -2.17 -2.21 -1.56 06121997 00
 -0.25  1.21  2.34  2.88  2.73  1.95  0.87 -0.43 -1.50 -2.17 -2.51 -2.33 06121997 12
 -1.38  0.04  1.39  2.29  2.59  2.27  1.50  0.50 -0.62 -1.39 -1.76 -1.76 07121997 00
 -1.11  0.09  1.40  2.44  2.94  2.88  2.25  1.29  0.07 -0.96 -1.64 -2.02 07121997 12
 -1.92 -1.09  0.16  1.41  2.32  2.70  2.54  1.90  0.98 -0.12 -0.94 -1.41 08121997 00
 -1.57 -1.20 -0.20  1.01  2.11  2.71  2.77  2.27  1.39  0.26 -0.81 -1.58 08121997 12
 -2.10 -2.24 -1.67 -0.53  0.77  1.82  2.35  2.34  1.78  0.90 -0.16 -1.10 09121997 00
 -1.64 -1.87 -1.64 -0.74  0.55  1.79  2.61  2.84  2.47  1.62  0.49 -0.74 09121997 12
 -1.62 -2.18 -2.38 -1.86 -0.61  0.89  2.13  2.85  2.96  2.46  1.57  0.41 10121997 00
 -0.71 -1.42 -1.81 -1.82 -1.07  0.27  1.63  2.60  2.90  2.55  1.64  0.46 10121997 12
 -0.88 -1.88 -2.51 -2.70 -2.14 -0.80  0.86  2.23  3.04  3.16  2.58  1.57 11121997 00
  0.25 -1.05 -1.91 -2.40 -2.40 -1.56 -0.05  1.51  2.59  2.99  2.61  1.57 11121997 12
  0.27 -1.19 -2.30 -2.97 -3.21 -2.69 -1.25  0.57  2.05  2.90  3.00  2.26 12121997 00
  1.02 -0.41 -1.79 -2.67 -3.10 -2.93 -1.82  0.00  1.71  2.86  3.28  2.79 12121997 12
  1.59  0.16 -1.39 -2.49 -3.12 -3.24 -2.49 -0.82  1.10  2.51  3.26  3.14 13121997 00
  2.12  0.74 -0.86 -2.22 -3.05 -3.41 -3.05 -1.65  0.31  2.02  3.01  3.26 13121997 12
  2.53  1.19 -0.33 -1.86 -2.88 -3.40 -3.31 -2.22 -0.27  1.62  2.90  3.45 14121997 00
  3.06  1.82  0.32 -1.34 -2.59 -3.33 -3.56 -2.95 -1.30  0.76  2.30  3.12 14121997 12
  3.10  2.12  0.68 -0.91 -2.34 -3.21 -3.57 -3.19 -1.76  0.30  2.06  3.11 15121997 00
  3.41  2.69  1.29 -0.29 -1.91 -2.98 -3.57 -3.60 -2.66 -0.78  1.18  2.52 15121997 12
  3.08  2.76  1.56  0.08 -1.51 -2.75 -3.44 -3.55 -2.82 -1.10  0.92  2.42 16121997 00
  3.23  3.18  2.17  0.74 -0.88 -2.29 -3.17 -3.60 -3.38 -2.13 -0.17  1.61 16121997 12
  2.65  2.96  2.33  1.01 -0.44 -1.91 -2.87 -3.33 -3.19 -2.13 -0.30  1.47 17121997 00
  2.67  3.18  2.81  1.68  0.30 -1.24 -2.39 -3.03 -3.18 -2.58 -1.07  0.76 17121997 12
  2.13  2.86  2.80  1.92  0.66 -0.77 -2.00 -2.69 -2.88 -2.39 -1.05  0.74 18121997 00
  2.21  3.10  3.25  2.60  1.50  0.12 -1.24 -2.13 -2.61 -2.57 -1.70 -0.14 18121997 12
  1.43  2.52  2.95  2.62  1.66  0.47 -0.83 -1.79 -2.28 -2.33 -1.71 -0.38 19121997 00
  1.18  2.38  3.00  2.90  2.12  1.03 -0.27 -1.38 -2.04 -2.37 -2.18 -1.22 19121997 12
  0.19  1.50  2.33  2.51  2.03  1.11  0.04 -1.05 -1.76 -2.07 -1.98 -1.25 20121997 00
  0.00  1.31  2.25  2.61  2.34  1.55  0.54 -0.62 -1.50 -2.00 -2.20 -1.87 20121997 12
 -0.92  0.34  1.41  2.02  2.05  1.56  0.73 -0.21 -1.12 -1.65 -1.86 -1.68 21121997 00
 -0.97  0.14  1.22  1.94  2.14  1.81  1.11  0.23 -0.74 -1.43 -1.82 -1.93 21121997 12
 -1.54 -0.65  0.45  1.35  1.81  1.77  1.35  0.66 -0.15 -0.92 -1.36 -1.51 22121997 00
 -1.34 -0.71  0.20  1.11  1.69  1.83  1.55  0.95  0.18 -0.67 -1.29 -1.63 22121997 12
 -1.71 -1.32 -0.49  0.49  1.31  1.72  1.73  1.39  0.80  0.04 -0.66 -1.10 23121997 00
 -1.30 -1.23 -0.70  0.12  0.98  1.61  1.83  1.67  1.20  0.51 -0.31 -0.97 23121997 12
 -1.37 -1.51 -1.24 -0.51  0.38  1.19  1.65  1.72  1.40  0.82  0.06 -0.69 24121997 00
 -1.20 -1.41 -1.18 -0.40  0.61  1.56  2.23  2.66  2.94  2.82  2.01  0.80 24121997 12
 -0.28 -1.06 -1.49 -1.44 -0.85  0.12  1.02  1.61  1.71  1.50  1.06  0.49 25121997 00
 -0.23 -0.77 -0.98 -0.79 -0.14  0.81  1.70  2.31  2.55  2.33  1.73  0.80 25121997 12
 -0.23 -1.02 -1.54 -1.78 -1.51 -0.56  0.62  1.65  2.22  2.28  1.86  1.08 26121997 00
  0.06 -0.97 -1.64 -1.97 -1.90 -1.21 -0.06  1.15  2.02  2.31  2.04  1.26 26121997 12
  0.26 -0.84 -1.67 -2.11 -2.19 -1.66 -0.50  0.90  2.03  2.62  2.57  1.89 27121997 00
  0.88 -0.32 -1.39 -2.03 -2.31 -2.07 -1.09  0.33  1.64  2.45  2.59  2.05 27121997 12
  1.03 -0.17 -1.40 -2.23 -2.62 -2.50 -1.62 -0.12  1.44  2.56  3.06  2.79 28121997 00
  1.86  0.64 -0.77 -1.84 -2.45 -2.64 -2.11 -0.75  0.92  2.23  2.91  2.83 28121997 12
  1.98  0.75 -0.67 -1.91 -2.65 -2.95 -2.58 -1.31  0.48  2.04  3.02  3.26 29121997 00
  2.64  1.47  0.04 -1.41 -2.38 -2.88 -2.84 -1.88 -0.15  1.63  2.82  3.32 29121997 12
  2.93  1.79  0.40 -1.16 -2.30 -2.91 -3.02 -2.30 -0.64  1.31  2.80  3.59 30121997 00
  3.51  2.55  1.22 -0.39 -1.75 -2.56 -2.90 -2.48 -1.01  0.95  2.63  3.66 30121997 12
  3.86  3.13  1.90  0.34 -1.21 -2.24 -2.86 -2.90 -1.86  0.03  1.98  3.28 31121997 00
  3.80  3.36  2.11  0.58 -1.12 -2.35 -3.08 -3.32 -2.67 -0.97  1.09  2.64 31121997 12
