Parameter Z: CS3 Location ( 52, 86) Lat 53.500 Lon -3.417
 -1.44 -0.39  0.71  1.50  1.78  1.53  0.88  0.06 -0.82 -1.48 -1.76 -1.73 01011993 00
 -1.28 -0.41  0.63  1.46  1.88  1.80  1.29  0.51 -0.40 -1.19 -1.68 -1.93 01011993 12
 -1.81 -1.17 -0.19  0.80  1.50  1.71  1.47  0.90  0.17 -0.63 -1.20 -1.46 02011993 00
 -1.51 -1.19 -0.49  0.39  1.15  1.51  1.45  1.01  0.32 -0.48 -1.19 -1.64 02011993 12
 -1.87 -1.76 -1.19 -0.26  0.69  1.36  1.61  1.45  0.98  0.32 -0.42 -1.01 03011993 00
 -1.31 -1.37 -1.07 -0.33  0.58  1.34  1.73  1.76  1.41  0.83  0.10 -0.64 03011993 12
 -1.15 -1.45 -1.47 -0.97 -0.08  0.85  1.55  1.83  1.74  1.23  0.50 -0.35 04011993 00
 -1.06 -1.53 -1.76 -1.59 -0.91  0.05  0.95  1.50  1.61  1.31  0.68 -0.15 04011993 12
 -1.05 -1.69 -2.01 -1.90 -1.21 -0.06  1.18  2.16  2.67  2.61  2.04  1.22 05011993 00
  0.20 -0.69 -1.33 -1.75 -1.74 -1.04  0.05  1.12  1.84  1.98  1.59  0.77 05011993 12
 -0.25 -1.32 -2.06 -2.41 -2.33 -1.64 -0.41  0.93  1.93  2.41  2.29  1.61 06011993 00
  0.59 -0.59 -1.59 -2.20 -2.47 -2.15 -1.08  0.42  1.74  2.52  2.62  2.04 06011993 12
  0.98 -0.28 -1.52 -2.33 -2.75 -2.64 -1.75 -0.20  1.41  2.56  3.05  2.78 07011993 00
  1.84  0.59 -0.83 -1.90 -2.47 -2.58 -1.93 -0.47  1.32  2.74  3.46  3.37 07011993 12
  2.43  1.11 -0.43 -1.73 -2.57 -3.02 -2.84 -1.62  0.24  1.95  3.03  3.36 08011993 00
  2.79  1.54  0.03 -1.54 -2.60 -3.20 -3.27 -2.41 -0.65  1.30  2.70  3.39 08011993 12
  3.19  2.15  0.82 -0.75 -1.98 -2.61 -2.68 -1.90 -0.17  1.84  3.37  4.18 09011993 00
  4.08  3.07  1.62 -0.20 -1.72 -2.77 -3.42 -3.42 -2.23 -0.18  1.84  3.15 09011993 12
  3.62  3.06  1.70  0.15 -1.51 -2.64 -3.22 -3.16 -2.05  0.01  2.23  3.81 10011993 00
  4.67  4.58  3.58  2.09  0.19 -1.28 -2.28 -2.83 -2.58 -1.07  1.05  2.86 10011993 12
  3.85  3.92  2.98  1.58 -0.07 -1.51 -2.38 -2.80 -2.53 -1.11  1.04  2.99 11011993 00
  4.24  4.61  3.94  2.64  0.88 -0.89 -2.14 -2.98 -3.29 -2.53 -0.65  1.51 11011993 12
  3.15  3.99  3.93  2.90  1.47 -0.29 -1.70 -2.53 -2.89 -2.45 -0.82  1.39 12011993 00
  3.24  4.28  4.45  3.62  2.27  0.47 -1.14 -2.24 -2.97 -3.16 -2.24 -0.40 12011993 12
  1.58  2.99  3.60  3.34  2.23  0.79 -0.87 -2.11 -2.79 -2.99 -2.33 -0.66 13011993 00
  1.36  2.91  3.74  3.73  2.83  1.53 -0.10 -1.53 -2.45 -2.96 -2.88 -1.81 13011993 12
 -0.06  1.67  2.84  3.30  2.95  1.88  0.56 -0.88 -1.89 -2.44 -2.57 -1.91 14011993 00
 -0.43  1.29  2.57  3.18  3.02  2.11  0.86 -0.60 -1.81 -2.55 -2.91 -2.63 14011993 12
 -1.49  0.15  1.67  2.70  3.12  2.84  2.04  0.99 -0.14 -0.82 -1.16 -1.21 15011993 00
 -0.65  0.52  1.80  2.76  3.20  2.98  2.26  1.18 -0.10 -1.09 -1.76 -2.15 15011993 12
 -2.03 -1.18  0.05  1.22  2.00  2.23  1.97  1.29  0.38 -0.61 -1.29 -1.58 16011993 00
 -1.49 -0.87  0.23  1.42  2.38  2.87  2.81  2.24  1.36  0.29 -0.62 -1.30 16011993 12
 -1.68 -1.53 -0.68  0.53  1.71  2.54  2.89  2.77  2.23  1.34  0.31 -0.54 17011993 00
 -1.18 -1.60 -1.57 -0.96  0.07  1.06  1.69  1.84  1.60  0.93  0.09 -0.80 17011993 12
 -1.43 -1.77 -1.85 -1.43 -0.56  0.49  1.39  1.89  1.92  1.48  0.76 -0.12 18011993 00
 -0.97 -1.55 -1.87 -1.81 -1.16 -0.10  1.02  1.89  2.32  2.28  1.81  1.02 18011993 12
 -0.00 -0.90 -1.47 -1.76 -1.62 -0.88  0.18  1.21  1.89  2.02  1.69  0.95 19011993 00
  0.01 -1.01 -1.74 -2.09 -2.00 -1.29 -0.08  1.22  2.23  2.71  2.64  2.01 19011993 12
  1.04 -0.14 -1.07 -1.65 -1.91 -1.66 -0.72  0.56  1.76  2.50  2.64  2.23 20011993 00
  1.40  0.33 -0.77 -1.49 -1.87 -1.90 -1.27 -0.08  1.20  2.18  2.56  2.35 20011993 12
  1.53  0.44 -0.79 -1.71 -2.24 -2.41 -1.89 -0.63  0.93  2.18  2.89  2.93 21011993 00
  2.26  1.19 -0.06 -1.16 -1.75 -1.94 -1.63 -0.55  1.00  2.40  3.28  3.48 21011993 12
  2.92  1.90  0.58 -0.65 -1.53 -2.09 -2.16 -1.39  0.09  1.60  2.73  3.16 22011993 00
  2.88  1.87  0.54 -0.88 -1.88 -2.44 -2.61 -2.06 -0.68  1.01  2.35  3.02 22011993 12
  2.93  2.06  0.80 -0.65 -1.87 -2.57 -2.86 -2.46 -1.17  0.59  2.11  3.06 23011993 00
  3.23  2.60  1.45  0.07 -1.29 -2.13 -2.46 -2.17 -0.91  0.95  2.62  3.73 23011993 12
  4.14  3.69  2.69  1.28 -0.10 -1.05 -1.75 -2.00 -1.38  0.10  1.76  2.97 24011993 00
  3.45  3.09  2.00  0.63 -0.88 -1.94 -2.55 -2.74 -2.16 -0.70  1.13  2.62 24011993 12
  3.40  3.36  2.46  1.15 -0.41 -1.74 -2.58 -3.01 -2.76 -1.53  0.29  1.91 25011993 00
  2.93  3.16  2.44  1.14 -0.34 -1.79 -2.73 -3.19 -3.06 -2.03 -0.26  1.46 25011993 12
  2.64  3.13  2.70  1.55  0.21 -1.24 -2.29 -2.81 -2.82 -1.99 -0.35  1.44 26011993 00
  2.72  3.30  3.08  2.08  0.75 -0.79 -1.97 -2.66 -2.93 -2.52 -1.17  0.59 26011993 12
  2.04  2.81  2.80  1.97  0.73 -0.66 -1.93 -2.68 -2.96 -2.60 -1.36  0.41 27011993 00
  1.94  2.87  3.07  2.42  1.27 -0.08 -1.44 -2.32 -2.78 -2.72 -1.85 -0.27 27011993 12
  1.34  2.43  2.85  2.48  1.46  0.24 -1.08 -2.02 -2.47 -2.47 -1.76 -0.35 28011993 00
  1.24  2.39  2.92  2.70  1.82  0.66 -0.68 -1.75 -2.36 -2.59 -2.21 -1.07 28011993 12
  0.45  1.72  2.45  2.49  1.87  0.83 -0.34 -1.45 -2.11 -2.36 -2.11 -1.17 29011993 00
  0.20  1.48  2.29  2.47  1.99  1.04 -0.09 -1.25 -2.04 -2.44 -2.44 -1.82 29011993 12
 -0.62  0.72  1.69  2.12  1.92  1.22  0.27 -0.76 -1.61 -2.02 -2.06 -1.60 30011993 00
 -0.62  0.62  1.64  2.18  2.14  1.57  0.69 -0.34 -1.26 -1.81 -2.08 -1.96 30011993 12
 -1.29 -0.23  0.83  1.57  1.79  1.49  0.79 -0.08 -1.00 -1.65 -1.96 -1.95 31011993 00
 -1.52 -0.66  0.37  1.19  1.61  1.50  0.99  0.23 -0.63 -1.41 -1.86 -2.05 31011993 12
 -1.89 -1.28 -0.31  0.62  1.26  1.46  1.23  0.70  0.01 -0.76 -1.35 -1.66 01021993 00
 -1.71 -1.39 -0.70  0.22  0.99  1.39  1.37  1.00  0.37 -0.37 -1.06 -1.51 01021993 12
 -1.74 -1.69 -1.22 -0.38  0.55  1.26  1.56  1.49  1.10  0.47 -0.30 -0.96 02021993 00
 -1.38 -1.61 -1.55 -1.03 -0.19  0.68  1.25  1.39  1.19  0.70  0.02 -0.76 02021993 12
 -1.41 -1.80 -1.91 -1.57 -0.78  0.24  1.15  1.67  1.75  1.42  0.76 -0.09 03021993 00
 -0.96 -1.59 -1.96 -2.02 -1.56 -0.63  0.48  1.37  1.80  1.72  1.20  0.36 03021993 12
 -0.62 -1.49 -2.02 -2.24 -1.99 -1.12  0.17  1.35  2.12  2.32  1.94  1.08 04021993 00
 -0.00 -1.15 -1.99 -2.49 -2.59 -2.06 -0.88  0.57  1.74  2.37  2.32  1.63 04021993 12
  0.55 -0.67 -1.76 -2.42 -2.67 -2.32 -1.23  0.33  1.75  2.64  2.85  2.30 05021993 00
  1.18 -0.17 -1.54 -2.49 -3.03 -3.08 -2.31 -0.74  1.02  2.29  2.91  2.70 05021993 12
  1.70  0.39 -1.08 -2.28 -2.97 -3.17 -2.64 -1.15  0.76  2.32  3.20  3.27 06021993 00
  2.39  1.01 -0.59 -2.09 -3.07 -3.61 -3.53 -2.40 -0.42  1.52  2.78  3.27 06021993 12
  2.81  1.49 -0.03 -1.69 -2.90 -3.56 -3.63 -2.74 -0.78  1.35  2.87  3.63 07021993 00
  3.45  2.25  0.67 -1.14 -2.62 -3.56 -4.02 -3.67 -2.10  0.17  2.11  3.22 07021993 12
  3.50  2.69  1.14 -0.57 -2.26 -3.37 -3.94 -3.78 -2.47 -0.22  1.99  3.36 08021993 00
  3.90  3.40  1.91  0.18 -1.70 -3.05 -3.89 -4.19 -3.52 -1.54  0.82  2.65 08021993 12
  3.54  3.53  2.38  0.71 -1.09 -2.69 -3.66 -4.06 -3.61 -1.91  0.51  2.54 09021993 00
  3.69  3.98  3.11  1.50 -0.31 -2.11 -3.30 -4.00 -4.07 -3.00 -0.83  1.50 09021993 12
  3.01  3.63  3.29  1.89  0.21 -1.57 -2.95 -3.73 -3.93 -3.17 -1.18  1.15 10021993 00
  2.88  3.77  3.76  2.63  1.04 -0.78 -2.37 -3.37 -3.89 -3.68 -2.29 -0.09 10021993 12
  1.93  3.11  3.49  2.85  1.39 -0.21 -1.88 -3.00 -3.59 -3.57 -2.52 -0.50 11021993 00
  1.57  2.98  3.61  3.30  2.08  0.59 -1.12 -2.42 -3.21 -3.52 -3.06 -1.56 11021993 12
  0.46  2.08  2.97  3.08  2.26  0.92 -0.57 -1.99 -2.87 -3.27 -3.06 -1.89 12021993 00
 -0.06  1.62  2.72  3.12  2.64  1.49  0.14 -1.32 -2.36 -2.93 -3.07 -2.48 12021993 12
 -1.08  0.60  1.87  2.56  2.50  1.71  0.56 -0.73 -1.86 -2.51 -2.76 -2.46 13021993 00
 -1.42  0.09  1.44  2.30  2.54  2.09  1.14  0.01 -1.16 -1.96 -2.39 -2.44 13021993 12
 -1.89 -0.75  0.58  1.60  2.13  2.04  1.43  0.53 -0.50 -1.42 -1.94 -2.16 14021993 00
 -1.94 -1.18 -0.05  1.04  1.79  2.00  1.71  1.03  0.18 -0.74 -1.42 -1.81 14021993 12
 -1.96 -1.65 -0.85  0.17  1.06  1.56  1.59  1.23  0.57 -0.24 -1.04 -1.56 15021993 00
 -1.86 -1.89 -1.48 -0.68  0.27  1.04  1.41  1.35  0.99  0.36 -0.40 -1.10 15021993 12
 -1.57 -1.82 -1.76 -1.25 -0.39  0.52  1.19  1.47  1.38  0.95  0.28 -0.51 16021993 00
 -1.21 -1.66 -1.88 -1.75 -1.18 -0.28  0.61  1.25  1.47  1.29  0.79  0.07 16021993 12
 -0.76 -1.41 -1.78 -1.87 -1.54 -0.76  0.26  1.12  1.63  1.65  1.27  0.57 17021993 00
 -0.31 -1.19 -1.79 -2.13 -2.12 -1.57 -0.58  0.54  1.40  1.77  1.62  1.07 17021993 12
  0.23 -0.73 -1.53 -1.96 -2.05 -1.65 -0.73  0.48  1.51  2.13  2.19  1.69 18021993 00
  0.79 -0.26 -1.25 -1.89 -2.21 -2.10 -1.37 -0.14  1.14  2.07  2.39  2.10 18021993 12
  1.29  0.23 -0.87 -1.66 -2.08 -2.10 -1.51 -0.31  1.06  2.07  2.50  2.27 19021993 00
  1.44  0.34 -0.90 -1.95 -2.57 -2.82 -2.50 -1.41  0.12  1.44  2.26  2.39 19021993 12
  1.78  0.72 -0.50 -1.69 -2.41 -2.65 -2.30 -1.25  0.31  1.74  2.64  2.90 20021993 00
  2.35  1.27 -0.00 -1.34 -2.24 -2.68 -2.64 -1.85 -0.33  1.28  2.39  2.85 20021993 12
  2.52  1.48  0.20 -1.21 -2.31 -2.88 -2.95 -2.31 -0.86  0.87  2.18  2.87 21021993 00
  2.78  1.86  0.58 -0.88 -2.13 -2.86 -3.12 -2.69 -1.35  0.44  1.95  2.82 21021993 12
  2.93  2.15  0.88 -0.58 -1.95 -2.80 -3.16 -2.88 -1.67  0.16  1.81  2.85 22021993 00
  3.16  2.54  1.28 -0.19 -1.71 -2.75 -3.28 -3.24 -2.31 -0.55  1.24  2.48 22021993 12
  3.01  2.62  1.45  0.06 -1.46 -2.60 -3.20 -3.24 -2.45 -0.79  1.11  2.48 23021993 00
  3.17  2.99  1.92  0.52 -1.06 -2.35 -3.10 -3.36 -2.86 -1.41  0.52  2.07 23021993 12
  2.93  3.01  2.16  0.81 -0.67 -2.05 -2.89 -3.23 -2.89 -1.60  0.31  1.98 24021993 00
  3.00  3.24  2.54  1.24 -0.24 -1.73 -2.71 -3.19 -3.09 -2.08 -0.29  1.49 24021993 12
  2.69  3.18  2.77  1.60  0.25 -1.25 -2.32 -2.86 -2.85 -1.99 -0.30  1.54 25021993 00
  2.86  3.44  3.18  2.13  0.76 -0.79 -1.98 -2.70 -3.00 -2.60 -1.25  0.50 25021993 12
  1.94  2.71  2.72  1.91  0.68 -0.69 -1.94 -2.67 -2.92 -2.53 -1.30  0.46 26021993 00
  1.96  2.87  3.05  2.35  1.15 -0.24 -1.60 -2.49 -2.98 -2.99 -2.21 -0.74 26021993 12
  0.82  1.94  2.42  2.05  1.03 -0.18 -1.43 -2.37 -2.83 -2.79 -2.09 -0.70 27021993 00
  0.87  2.03  2.61  2.42  1.53  0.36 -0.94 -2.00 -2.58 -2.76 -2.39 -1.30 27021993 12
  0.18  1.41  2.14  2.17  1.51  0.49 -0.64 -1.70 -2.34 -2.58 -2.32 -1.45 28021993 00
 -0.09  1.18  2.00  2.22  1.77  0.86 -0.19 -1.27 -2.04 -2.41 -2.39 -1.83 28021993 12
 -0.74  0.53  1.46  1.90  1.73  1.09  0.20 -0.78 -1.61 -2.04 -2.14 -1.84 01031993 00
 -1.03  0.12  1.10  1.68  1.73  1.27  0.49 -0.41 -1.30 -1.87 -2.11 -1.99 01031993 12
 -1.45 -0.48  0.57  1.33  1.68  1.53  1.00  0.26 -0.56 -1.27 -1.66 -1.80 02031993 00
 -1.58 -0.93  0.03  0.88  1.42  1.51  1.22  0.63 -0.12 -0.89 -1.43 -1.74 02031993 12
 -1.79 -1.43 -0.66  0.27  1.04  1.45  1.42  1.09  0.49 -0.27 -1.00 -1.50 03031993 00
 -1.79 -1.81 -1.40 -0.63  0.28  1.02  1.35  1.28  0.90  0.26 -0.49 -1.19 03031993 12
 -1.66 -1.92 -1.84 -1.30 -0.37  0.60  1.30  1.57  1.44  0.94  0.20 -0.67 04031993 00
 -1.44 -1.94 -2.18 -1.97 -1.24 -0.12  0.93  1.64  1.83  1.55  0.88  0.01 04031993 12
 -0.96 -1.68 -2.09 -2.16 -1.68 -0.66  0.59  1.63  2.20  2.18  1.61  0.68 05031993 00
 -0.45 -1.53 -2.23 -2.61 -2.50 -1.66 -0.28  1.12  2.08  2.44  2.13  1.26 05031993 12
  0.14 -1.09 -2.05 -2.58 -2.67 -2.09 -0.76  0.87  2.16  2.85  2.79  1.98 06031993 00
  0.76 -0.67 -1.96 -2.78 -3.20 -3.02 -1.89 -0.11  1.57  2.66  3.04  2.54 06031993 12
  1.37 -0.02 -1.51 -2.57 -3.13 -3.14 -2.23 -0.45  1.48  2.83  3.50  3.25 07031993 00
  2.12  0.67 -1.03 -2.38 -3.22 -3.59 -3.18 -1.65  0.49  2.28  3.30  3.52 07031993 12
  2.70  1.25 -0.39 -2.00 -3.04 -3.56 -3.40 -2.09  0.08  2.15  3.48  3.98 08031993 00
  3.42  1.99  0.30 -1.54 -2.85 -3.64 -3.90 -3.17 -1.18  1.13  2.87  3.72 08031993 12
  3.65  2.47  0.83 -1.00 -2.57 -3.52 -3.92 -3.44 -1.69  0.75  2.75  3.89 09031993 00
  4.16  3.23  1.61 -0.25 -2.05 -3.23 -3.92 -3.95 -2.74 -0.46  1.89  3.39 09031993 12
  4.01  3.59  2.12  0.39 -1.52 -2.90 -3.72 -3.94 -3.12 -0.99  1.46  3.25 10031993 00
  4.14  4.06  2.81  1.12 -0.82 -2.45 -3.48 -4.01 -3.73 -2.14  0.25  2.36 10031993 12
  3.56  3.89  3.09  1.48 -0.27 -2.05 -3.21 -3.85 -3.81 -2.58 -0.31  1.98 11031993 00
  3.45  4.05  3.64  2.22  0.56 -1.30 -2.66 -3.47 -3.76 -3.13 -1.29  1.00 11031993 12
  2.72  3.62  3.62  2.54  1.01 -0.72 -2.25 -3.18 -3.62 -3.29 -1.81  0.37 12031993 00
  2.30  3.43  3.77  3.08  1.71  0.13 -1.52 -2.60 -3.20 -3.25 -2.33 -0.50 12031993 12
  1.45  2.80  3.41  3.11  1.97  0.59 -1.01 -2.22 -2.91 -3.13 -2.57 -1.06 13031993 00
  0.81  2.32  3.15  3.22  2.44  1.22 -0.22 -1.54 -2.34 -2.74 -2.57 -1.55 13031993 12
  0.06  1.60  2.60  2.93  2.50  1.50  0.28 -1.04 -1.96 -2.45 -2.53 -1.94 14031993 00
 -0.66  0.84  1.99  2.58  2.50  1.80  0.79 -0.37 -1.39 -1.98 -2.25 -2.04 14031993 12
 -1.18  0.09  1.27  2.04  2.25  1.88  1.09  0.12 -0.92 -1.64 -2.00 -2.06 15031993 00
 -1.61 -0.66  0.48  1.40  1.88  1.86  1.41  0.71 -0.13 -0.92 -1.40 -1.62 15031993 12
 -1.55 -0.99 -0.10  0.83  1.50  1.71  1.52  1.00  0.29 -0.52 -1.14 -1.50 16031993 00
 -1.67 -1.48 -0.80  0.08  0.91  1.41  1.54  1.36  0.92  0.30 -0.39 -0.91 16031993 12
 -1.22 -1.32 -1.05 -0.37  0.49  1.26  1.68  1.75  1.48  0.94  0.24 -0.47 17031993 00
 -1.01 -1.37 -1.47 -1.20 -0.56  0.24  0.98  1.39  1.49  1.25  0.74  0.06 17031993 12
 -0.62 -1.11 -1.33 -1.26 -0.75  0.09  0.97  1.65  1.92  1.75  1.17  0.41 18031993 00
 -0.45 -1.18 -1.69 -1.95 -1.75 -1.06 -0.10  0.84  1.47  1.64  1.38  0.74 18031993 12
 -0.10 -0.96 -1.55 -1.84 -1.78 -1.22 -0.23  0.88  1.71  2.04  1.86  1.23 19031993 00
  0.33 -0.71 -1.54 -2.03 -2.22 -1.88 -0.97  0.27  1.37  2.02  2.07  1.58 19031993 12
  0.70 -0.32 -1.31 -1.93 -2.18 -1.95 -1.11  0.15  1.38  2.21  2.43  2.03 20031993 00
  1.14  0.03 -1.13 -1.94 -2.35 -2.33 -1.64 -0.35  1.07  2.13  2.60  2.40 20031993 12
  1.59  0.50 -0.71 -1.66 -2.15 -2.23 -1.67 -0.42  1.06  2.24  2.84  2.72 21031993 00
  1.90  0.74 -0.62 -1.77 -2.46 -2.74 -2.40 -1.23  0.38  1.80  2.65  2.80 21031993 12
  2.18  1.06 -0.24 -1.52 -2.32 -2.64 -2.39 -1.32  0.33  1.88  2.89  3.20 22031993 00
  2.71  1.61  0.28 -1.15 -2.12 -2.62 -2.64 -1.80 -0.21  1.50  2.70  3.19 22031993 12
  2.87  1.81  0.49 -0.98 -2.08 -2.67 -2.79 -2.10 -0.55  1.28  2.65  3.34 23031993 00
  3.17  2.18  0.85 -0.71 -1.99 -2.76 -3.11 -2.74 -1.38  0.46  2.03  2.94 23031993 12
  3.05  2.26  0.93 -0.56 -1.95 -2.81 -3.16 -2.87 -1.65  0.21  1.88  2.93 24031993 00
  3.22  2.57  1.27 -0.23 -1.75 -2.76 -3.27 -3.22 -2.26 -0.47  1.34  2.58 24031993 12
  3.12  2.72  1.52  0.10 -1.45 -2.61 -3.23 -3.31 -2.56 -0.93  0.98  2.35 25031993 00
  3.03  2.85  1.78  0.39 -1.16 -2.45 -3.18 -3.41 -2.89 -1.44  0.49  2.03 25031993 12
  2.89  2.97  2.13  0.78 -0.70 -2.09 -2.94 -3.28 -2.96 -1.71  0.16  1.81 26031993 00
  2.81  3.07  2.41  1.14 -0.28 -1.72 -2.67 -3.12 -3.01 -2.01 -0.26  1.48 26031993 12
  2.64  3.11  2.69  1.56  0.25 -1.22 -2.28 -2.82 -2.87 -2.15 -0.59  1.17 27031993 00
  2.45  3.05  2.83  1.83  0.54 -0.91 -2.08 -2.74 -2.96 -2.50 -1.18  0.56 27031993 12
  1.98  2.77  2.81  2.07  0.91 -0.43 -1.68 -2.44 -2.76 -2.50 -1.44  0.16 28031993 00
  1.66  2.60  2.85  2.33  1.27  0.01 -1.28 -2.13 -2.54 -2.49 -1.73 -0.33 28031993 12
  1.17  2.23  2.66  2.37  1.49  0.37 -0.89 -1.86 -2.36 -2.46 -1.94 -0.75 29031993 00
  0.70  1.86  2.51  2.50  1.89  0.94 -0.19 -1.26 -1.88 -2.12 -1.86 -0.92 29031993 12
  0.40  1.60  2.35  2.52  2.14  1.32  0.29 -0.79 -1.48 -1.81 -1.76 -1.08 30031993 00
  0.04  1.15  1.98  2.35  2.24  1.63  0.73 -0.33 -1.15 -1.68 -1.93 -1.68 30031993 12
 -0.85  0.25  1.25  1.85  1.96  1.60  0.90  0.02 -0.89 -1.51 -1.86 -1.91 31031993 00
 -1.47 -0.59  0.45  1.32  1.78  1.78  1.39  0.72 -0.08 -0.82 -1.27 -1.49 31031993 12
 -1.41 -0.81  0.14  1.12  1.81  2.04  1.82  1.25  0.46 -0.44 -1.15 -1.62 01041993 00
 -1.90 -1.76 -1.06 -0.08  0.88  1.52  1.73  1.57  1.08  0.35 -0.48 -1.14 01041993 12
 -1.53 -1.67 -1.37 -0.58  0.46  1.39  1.89  1.94  1.56  0.85 -0.06 -1.00 02041993 00
 -1.67 -2.09 -2.17 -1.67 -0.66  0.55  1.52  2.03  2.02  1.56  0.77 -0.21 02041993 12
 -1.14 -1.74 -2.04 -1.90 -1.09  0.17  1.41  2.25  2.51  2.18  1.36  0.29 03041993 00
 -0.93 -1.86 -2.44 -2.63 -2.13 -0.89  0.64  1.89  2.62  2.72  2.18  1.17 03041993 12
 -0.08 -1.29 -2.06 -2.44 -2.30 -1.37  0.16  1.69  2.74  3.10  2.69  1.65 04041993 00
  0.33 -1.13 -2.22 -2.89 -3.10 -2.52 -1.02  0.81  2.28  3.09  3.14  2.33 04041993 12
  1.08 -0.41 -1.78 -2.59 -2.91 -2.44 -1.01  0.92  2.65  3.73  4.02  3.39 05041993 00
  2.16  0.55 -1.06 -2.13 -2.78 -2.89 -1.97 -0.13  1.91  3.41  4.10  3.89 05041993 12
  2.80  1.30 -0.47 -1.81 -2.65 -3.04 -2.60 -0.98  1.17  2.95  3.95  4.01 06041993 00
  3.02  1.55 -0.27 -1.91 -2.99 -3.63 -3.60 -2.37 -0.19  1.95  3.35  3.89 06041993 12
  3.40  1.97  0.31 -1.52 -2.81 -3.55 -3.70 -2.82 -0.73  1.59  3.24  4.07 07041993 00
  3.92  2.67  1.04 -0.87 -2.42 -3.40 -3.88 -3.52 -1.87  0.51  2.52  3.67 07041993 12
  3.96  3.09  1.50 -0.29 -2.05 -3.19 -3.81 -3.75 -2.48 -0.22  2.05  3.49 08041993 00
  4.08  3.63  2.20  0.51 -1.36 -2.70 -3.50 -3.76 -3.02 -1.06  1.28  2.99 08041993 12
  3.86  3.78  2.59  0.98 -0.86 -2.39 -3.35 -3.81 -3.46 -1.87  0.45  2.45 09041993 00
  3.60  3.92  3.16  1.68  0.01 -1.68 -2.78 -3.38 -3.39 -2.29 -0.20  1.87 09041993 12
  3.26  3.84  3.41  2.11  0.56 -1.19 -2.46 -3.22 -3.48 -2.86 -1.15  0.99 10041993 00
  2.58  3.43  3.43  2.46  1.07 -0.53 -1.94 -2.79 -3.18 -2.90 -1.59  0.35 10041993 12
  2.05  3.11  3.40  2.75  1.51  0.05 -1.45 -2.44 -2.99 -3.03 -2.21 -0.57 11041993 00
  1.20  2.45  3.06  2.82  1.85  0.62 -0.77 -1.88 -2.49 -2.67 -2.20 -0.93 11041993 12
  0.73  2.08  2.84  2.88  2.18  1.09 -0.18 -1.39 -2.13 -2.52 -2.43 -1.60 12041993 00
 -0.19  1.22  2.19  2.55  2.25  1.43  0.42 -0.73 -1.58 -2.00 -2.06 -1.56 12041993 12
 -0.47  0.83  1.84  2.37  2.32  1.73  0.84 -0.21 -1.17 -1.76 -2.07 -1.97 13041993 00
 -1.28 -0.19  0.91  1.69  1.96  1.74  1.13  0.34 -0.55 -1.22 -1.56 -1.63 13041993 12
 -1.27 -0.46  0.54  1.39  1.84  1.85  1.44  0.78 -0.06 -0.86 -1.40 -1.71 14041993 00
 -1.75 -1.31 -0.51  0.41  1.13  1.45  1.39  1.03  0.45 -0.26 -0.90 -1.27 14041993 12
 -1.42 -1.28 -0.71  0.08  0.87  1.40  1.55  1.36  0.89  0.21 -0.55 -1.16 15041993 00
 -1.55 -1.73 -1.50 -0.86 -0.00  0.79  1.27  1.39  1.21  0.74  0.11 -0.57 15041993 12
 -1.06 -1.32 -1.35 -0.98 -0.25  0.62  1.32  1.63  1.59  1.17  0.51 -0.28 16041993 00
 -1.02 -1.53 -1.78 -1.66 -1.06 -0.15  0.78  1.44  1.68  1.53  1.02  0.30 16041993 12
 -0.52 -1.17 -1.54 -1.62 -1.25 -0.42  0.58  1.44  1.86  1.81  1.32  0.55 17041993 00
 -0.39 -1.26 -1.79 -2.03 -1.86 -1.12 -0.01  1.07  1.81  2.02  1.73  1.04 17041993 12
  0.15 -0.83 -1.53 -1.86 -1.80 -1.18 -0.09  1.09  2.00  2.38  2.19  1.49 18041993 00
  0.53 -0.59 -1.49 -2.01 -2.19 -1.78 -0.74  0.56  1.67  2.30  2.34  1.78 18041993 12
  0.84 -0.29 -1.35 -2.01 -2.26 -1.97 -1.01  0.35  1.61  2.42  2.59  2.10 19041993 00
  1.13 -0.04 -1.25 -2.05 -2.43 -2.31 -1.47 -0.04  1.40  2.42  2.84  2.56 19041993 12
  1.68  0.54 -0.77 -1.75 -2.26 -2.34 -1.72 -0.39  1.19  2.40  2.98  2.82 20041993 00
  1.96  0.78 -0.60 -1.74 -2.39 -2.61 -2.16 -0.90  0.77  2.18  2.99  3.07 20041993 12
  2.38  1.24 -0.13 -1.42 -2.20 -2.56 -2.36 -1.29  0.36  1.91  2.88  3.09 21041993 00
  2.49  1.32 -0.07 -1.48 -2.40 -2.86 -2.78 -1.83 -0.16  1.56  2.73  3.24 21041993 12
  2.91  1.84  0.52 -0.98 -2.07 -2.65 -2.75 -2.07 -0.53  1.28  2.62  3.27 22041993 00
  3.11  2.13  0.81 -0.72 -1.96 -2.68 -2.93 -2.45 -1.03  0.83  2.36  3.24 22041993 12
  3.31  2.51  1.25 -0.25 -1.64 -2.49 -2.89 -2.66 -1.47  0.35  2.05  3.10 23041993 00
  3.38  2.77  1.55  0.12 -1.37 -2.36 -2.86 -2.80 -1.85 -0.13  1.67  2.89 23041993 12
  3.42  3.06  1.95  0.58 -0.97 -2.10 -2.72 -2.87 -2.24 -0.68  1.16  2.56 24041993 00
  3.26  3.13  2.16  0.85 -0.66 -1.93 -2.66 -2.95 -2.55 -1.21  0.63  2.17 24041993 12
  3.08  3.21  2.47  1.23 -0.22 -1.61 -2.49 -2.91 -2.77 -1.75 -0.04  1.62 25041993 00
  2.71  3.10  2.60  1.46  0.14 -1.29 -2.28 -2.79 -2.81 -2.06 -0.53  1.18 25041993 12
  2.42  3.00  2.77  1.80  0.53 -0.90 -2.05 -2.69 -2.91 -2.49 -1.21  0.48 26041993 00
  1.88  2.68  2.75  2.03  0.91 -0.39 -1.61 -2.35 -2.66 -2.43 -1.43  0.13 26041993 12
  1.59  2.53  2.79  2.30  1.27  0.03 -1.27 -2.19 -2.69 -2.75 -2.13 -0.79 27041993 00
  0.73  1.88  2.44  2.29  1.52  0.44 -0.76 -1.77 -2.32 -2.48 -2.12 -1.08 27041993 12
  0.34  1.56  2.30  2.38  1.83  0.85 -0.29 -1.41 -2.14 -2.53 -2.50 -1.85 28041993 00
 -0.61  0.73  1.71  2.14  1.93  1.22  0.26 -0.78 -1.64 -2.09 -2.21 -1.83 28041993 12
 -0.90  0.38  1.47  2.12  2.18  1.71  0.86 -0.17 -1.20 -1.88 -2.26 -2.28 29041993 00
 -1.73 -0.66  0.55  1.47  1.93  1.83  1.30  0.50 -0.44 -1.27 -1.73 -1.89 29041993 12
 -1.62 -0.84  0.28  1.31  1.99  2.15  1.80  1.07  0.13 -0.89 -1.63 -2.09 30041993 00
 -2.25 -1.87 -0.93  0.28  1.31  1.91  1.98  1.61  0.90  0.00 -0.90 -1.50 30041993 12
 -1.81 -1.78 -1.19 -0.12  1.04  1.92  2.26  2.09  1.44  0.53 -0.55 -1.45 01051993 00
 -2.05 -2.38 -2.22 -1.40 -0.14  1.09  1.93  2.23  1.97  1.25  0.30 -0.76 01051993 12
 -1.58 -2.05 -2.16 -1.68 -0.59  0.77  1.87  2.46  2.42  1.79  0.79 -0.40 02051993 00
 -1.53 -2.28 -2.72 -2.66 -1.84 -0.41  1.06  2.11  2.57  2.32  1.50  0.38 02051993 12
 -0.88 -1.90 -2.48 -2.64 -2.16 -0.91  0.69  2.01  2.75  2.76  2.04  0.88 03051993 00
 -0.50 -1.80 -2.65 -3.13 -3.05 -2.10 -0.44  1.23  2.40  2.89  2.54  1.50 03051993 12
  0.20 -1.25 -2.37 -3.01 -3.15 -2.52 -1.00  0.86  2.29  3.06  3.02  2.11 04051993 00
  0.77 -0.78 -2.17 -3.06 -3.50 -3.29 -2.08 -0.16  1.66  2.81  3.21  2.67 04051993 12
  1.37 -0.11 -1.69 -2.82 -3.43 -3.47 -2.60 -0.74  1.24  2.66  3.37  3.17 05051993 00
  2.03  0.54 -1.14 -2.51 -3.35 -3.68 -3.23 -1.69  0.46  2.21  3.21  3.42 05051993 12
  2.60  1.14 -0.49 -2.09 -3.13 -3.67 -3.57 -2.38 -0.31  1.73  3.03  3.55 06051993 00
  3.09  1.74  0.17 -1.56 -2.82 -3.55 -3.73 -2.98 -1.09  1.08  2.68  3.50 06051993 12
  3.42  2.30  0.77 -0.97 -2.45 -3.38 -3.80 -3.45 -1.97  0.23  2.11  3.20 07051993 00
  3.50  2.76  1.30 -0.32 -1.97 -3.05 -3.63 -3.57 -2.46 -0.42  1.63  2.99 07051993 12
  3.55  3.16  1.86  0.30 -1.43 -2.72 -3.49 -3.75 -3.15 -1.42  0.71  2.34 08051993 00
  3.21  3.23  2.24  0.77 -0.83 -2.28 -3.17 -3.54 -3.21 -1.82  0.21  2.00 08051993 12
  3.07  3.39  2.71  1.34 -0.20 -1.79 -2.87 -3.46 -3.52 -2.67 -0.85  1.06 09051993 00
  2.42  3.03  2.79  1.67  0.29 -1.20 -2.41 -3.09 -3.24 -2.65 -1.16  0.74 09051993 12
  2.20  3.00  3.02  2.14  0.85 -0.61 -1.96 -2.80 -3.22 -3.08 -2.04 -0.33 10051993 00
  1.30  2.37  2.76  2.30  1.23 -0.01 -1.33 -2.28 -2.74 -2.70 -1.95 -0.51 10051993 12
  1.08  2.23  2.79  2.57  1.69  0.52 -0.82 -1.93 -2.60 -2.88 -2.61 -1.56 11051993 00
 -0.04  1.28  2.09  2.26  1.73  0.77 -0.32 -1.41 -2.13 -2.42 -2.25 -1.50 11051993 12
 -0.22  1.09  1.99  2.35  2.06  1.27  0.26 -0.86 -1.76 -2.25 -2.39 -2.02 12051993 00
 -1.08  0.19  1.28  1.92  1.98  1.52  0.72 -0.19 -1.08 -1.64 -1.85 -1.67 12051993 12
 -0.97  0.11  1.17  1.90  2.14  1.87  1.21  0.35 -0.62 -1.36 -1.78 -1.93 13051993 00
 -1.62 -0.80  0.27  1.18  1.70  1.75  1.40  0.77 -0.00 -0.78 -1.26 -1.46 13051993 12
 -1.35 -0.79  0.10  1.04  1.72  1.95  1.76  1.22  0.46 -0.41 -1.10 -1.51 14051993 00
 -1.68 -1.45 -0.76  0.15  1.02  1.58  1.72  1.49  0.97  0.29 -0.44 -0.96 14051993 12
 -1.21 -1.20 -0.78  0.01  0.88  1.58  1.87  1.77  1.30  0.63 -0.17 -0.88 15051993 00
 -1.36 -1.59 -1.47 -0.82  0.10  1.00  1.58  1.75  1.58  1.07  0.35 -0.44 15051993 12
 -1.04 -1.36 -1.44 -1.07 -0.26  0.66  1.42  1.76  1.71  1.27  0.60 -0.26 16051993 00
 -1.05 -1.56 -1.82 -1.65 -0.94  0.10  1.10  1.77  1.97  1.78  1.24  0.49 16051993 12
 -0.39 -1.04 -1.40 -1.46 -1.01 -0.08  0.94  1.78  2.18  2.10  1.54  0.71 17051993 00
 -0.28 -1.11 -1.62 -1.81 -1.49 -0.60  0.54  1.56  2.20  2.33  1.97  1.25 17051993 12
  0.29 -0.70 -1.34 -1.62 -1.49 -0.74  0.38  1.44  2.14  2.32  1.99  1.21 18051993 00
  0.19 -0.91 -1.70 -2.18 -2.26 -1.68 -0.51  0.85  1.92  2.47  2.42  1.78 18051993 12
  0.79 -0.38 -1.43 -2.05 -2.31 -2.01 -1.02  0.37  1.62  2.39  2.50  1.96 19051993 00
  0.95 -0.22 -1.39 -2.16 -2.52 -2.38 -1.52 -0.08  1.37  2.36  2.73  2.39 19051993 12
  1.44  0.26 -1.04 -2.00 -2.51 -2.57 -1.96 -0.64  0.90  2.07  2.65  2.47 20051993 00
  1.60  0.41 -0.91 -2.03 -2.66 -2.84 -2.37 -1.10  0.57  1.96  2.79  2.88 20051993 12
  2.20  1.05 -0.30 -1.58 -2.38 -2.74 -2.55 -1.52  0.11  1.66  2.65  2.95 21051993 00
  2.43  1.31 -0.02 -1.42 -2.37 -2.86 -2.81 -1.95 -0.32  1.39  2.58  3.14 21051993 12
  2.87  1.85  0.56 -0.92 -2.07 -2.72 -2.91 -2.37 -0.95  0.82  2.23  2.99 22051993 00
  2.96  2.09  0.83 -0.64 -1.93 -2.71 -3.04 -2.71 -1.46  0.36  1.94  2.93 22051993 12
  3.18  2.54  1.32 -0.12 -1.57 -2.53 -3.03 -2.99 -2.07 -0.39  1.37  2.56 23051993 00
  3.07  2.70  1.59  0.25 -1.23 -2.35 -2.95 -3.04 -2.36 -0.81  1.02  2.39 23051993 12
  3.11  3.02  2.06  0.74 -0.78 -2.08 -2.86 -3.18 -2.86 -1.60  0.23  1.84 24051993 00
  2.81  3.04  2.40  1.19 -0.19 -1.59 -2.51 -2.94 -2.80 -1.80 -0.11  1.59 24051993 12
  2.73  3.20  2.77  1.64  0.29 -1.19 -2.29 -2.92 -3.10 -2.56 -1.11  0.67 25051993 00
  2.06  2.80  2.77  1.91  0.68 -0.71 -1.95 -2.69 -2.98 -2.64 -1.45  0.29 25051993 12
  1.80  2.73  2.94  2.29  1.14 -0.22 -1.59 -2.53 -3.05 -3.08 -2.33 -0.76 26051993 00
  0.90  2.08  2.66  2.47  1.59  0.44 -0.89 -1.97 -2.54 -2.63 -2.09 -0.83 26051993 12
  0.79  2.08  2.82  2.82  2.11  1.03 -0.27 -1.50 -2.30 -2.75 -2.68 -1.83 27051993 00
 -0.36  1.13  2.17  2.60  2.32  1.47  0.38 -0.82 -1.75 -2.23 -2.30 -1.75 27051993 12
 -0.54  0.92  2.08  2.70  2.65  1.97  0.95 -0.28 -1.40 -2.13 -2.53 -2.47 28051993 00
 -1.66 -0.31  1.08  2.06  2.46  2.21  1.44  0.45 -0.66 -1.53 -1.97 -2.07 28051993 12
 -1.61 -0.53  0.81  1.92  2.54  2.54  1.94  0.99 -0.17 -1.26 -1.99 -2.42 29051993 00
 -2.43 -1.76 -0.54  0.80  1.83  2.32  2.19  1.57  0.66 -0.39 -1.29 -1.79 29051993 12
 -1.96 -1.62 -0.64  0.68  1.85  2.56  2.70  2.28  1.44  0.35 -0.78 -1.55 30051993 00
 -2.03 -2.14 -1.57 -0.39  0.98  2.08  2.63  2.61  2.06  1.21  0.10 -0.90 30051993 12
 -1.54 -1.87 -1.73 -0.85  0.47  1.72  2.57  2.81  2.46  1.61  0.50 -0.71 31051993 00
 -1.62 -2.22 -2.48 -2.08 -0.95  0.50  1.73  2.44  2.53  2.00  1.05 -0.11 31051993 12
 -1.26 -2.00 -2.38 -2.29 -1.46 -0.06  1.37  2.39  2.79  2.49  1.61  0.46 01061993 00
 -0.86 -1.88 -2.50 -2.75 -2.33 -1.09  0.53  1.89  2.70  2.82  2.22  1.16 01061993 12
 -0.12 -1.39 -2.22 -2.64 -2.54 -1.62 -0.06  1.53  2.63  3.07  2.74  1.76 02061993 00
  0.49 -0.95 -2.04 -2.69 -2.91 -2.41 -1.02  0.74  2.17  2.99  3.04  2.26 02061993 12
  1.04 -0.40 -1.75 -2.61 -3.04 -2.88 -1.79 -0.04  1.62  2.72  3.14  2.68 03061993 00
  1.53  0.15 -1.37 -2.45 -3.04 -3.13 -2.39 -0.76  1.11  2.49  3.23  3.12 03061993 12
  2.14  0.82 -0.74 -2.06 -2.86 -3.24 -2.94 -1.62  0.28  1.96  2.99  3.26 04061993 00
  2.60  1.33 -0.15 -1.66 -2.65 -3.16 -3.10 -2.10 -0.28  1.57  2.84  3.41 04061993 12
  3.06  1.89  0.46 -1.18 -2.42 -3.14 -3.41 -2.89 -1.37  0.61  2.16  3.03 05061993 00
  3.09  2.21  0.85 -0.66 -2.07 -2.94 -3.31 -2.99 -1.67  0.27  2.01  3.09 05061993 12
  3.43  2.81  1.52  0.01 -1.57 -2.65 -3.26 -3.35 -2.54 -0.80  1.10  2.46 06061993 00
  3.13  2.91  1.85  0.49 -1.05 -2.28 -2.98 -3.15 -2.54 -0.99  0.95  2.47 06061993 12
  3.31  3.37  2.50  1.17 -0.39 -1.81 -2.70 -3.17 -3.06 -2.00 -0.21  1.50 07061993 00
  2.65  3.05  2.55  1.38  0.02 -1.43 -2.45 -2.94 -2.89 -2.01 -0.36  1.41 07061993 12
  2.65  3.26  3.02  1.99  0.69 -0.83 -2.03 -2.75 -3.06 -2.72 -1.45  0.29 08061993 00
  1.77  2.63  2.76  2.06  0.90 -0.41 -1.67 -2.44 -2.75 -2.47 -1.40  0.23 08061993 12
  1.75  2.73  3.05  2.58  1.52  0.23 -1.15 -2.11 -2.65 -2.77 -2.19 -0.84 09061993 00
  0.74  1.95  2.56  2.44  1.66  0.57 -0.67 -1.71 -2.27 -2.41 -1.96 -0.83 09061993 12
  0.67  1.93  2.68  2.74  2.13  1.10 -0.12 -1.29 -2.04 -2.43 -2.37 -1.63 10061993 00
 -0.32  1.04  1.99  2.36  2.09  1.30  0.31 -0.79 -1.61 -2.00 -2.00 -1.46 10061993 12
 -0.36  0.94  1.95  2.45  2.36  1.71  0.77 -0.34 -1.31 -1.90 -2.20 -2.04 11061993 00
 -1.25 -0.05  1.10  1.86  2.06  1.72  0.99  0.12 -0.82 -1.47 -1.75 -1.71 11061993 12
 -1.17 -0.19  0.90  1.72  2.06  1.88  1.25  0.39 -0.60 -1.41 -1.90 -2.12 12061993 00
 -1.91 -1.16 -0.05  0.95  1.58  1.71  1.38  0.76 -0.01 -0.82 -1.39 -1.65 12061993 12
 -1.60 -1.10 -0.22  0.76  1.48  1.75  1.55  0.98  0.21 -0.67 -1.37 -1.80 13061993 00
 -1.97 -1.72 -0.98  0.04  0.96  1.54  1.66  1.40  0.83  0.09 -0.68 -1.20 13061993 12
 -1.45 -1.43 -0.98 -0.16  0.76  1.46  1.71  1.55  1.03  0.31 -0.52 -1.24 14061993 00
 -1.68 -1.88 -1.65 -0.95  0.03  0.94  1.51  1.66  1.40  0.81  0.06 -0.75 14061993 12
 -1.33 -1.63 -1.64 -1.22 -0.39  0.57  1.31  1.61  1.48  0.97  0.24 -0.60 15061993 00
 -1.35 -1.80 -1.97 -1.70 -0.92  0.16  1.14  1.76  1.91  1.64  1.01  0.18 15061993 12
 -0.72 -1.36 -1.70 -1.74 -1.25 -0.33  0.70  1.49  1.80  1.63  1.04  0.21 16061993 00
 -0.75 -1.54 -2.00 -2.14 -1.79 -0.90  0.29  1.34  1.99  2.10  1.72  0.95 16061993 12
 -0.02 -1.00 -1.66 -1.98 -1.91 -1.26 -0.15  1.04  1.88  2.16  1.87  1.12 17061993 00
  0.14 -0.96 -1.80 -2.25 -2.32 -1.79 -0.65  0.73  1.83  2.44  2.42  1.83 17061993 12
  0.89 -0.25 -1.28 -1.90 -2.16 -1.92 -1.00  0.34  1.60  2.39  2.53  2.02 18061993 00
  1.05 -0.11 -1.30 -2.10 -2.49 -2.40 -1.57 -0.16  1.32  2.38  2.84  2.60 18061993 12
  1.73  0.58 -0.75 -1.79 -2.38 -2.57 -2.10 -0.85  0.73  2.02  2.72  2.70 19061993 00
  1.96  0.81 -0.52 -1.74 -2.47 -2.78 -2.48 -1.34  0.31  1.83  2.79  3.03 19061993 12
  2.48  1.37  0.02 -1.39 -2.35 -2.88 -2.91 -2.12 -0.56  1.15  2.37  2.93 20061993 00
  2.65  1.62  0.32 -1.13 -2.27 -2.90 -3.05 -2.46 -0.98  0.84  2.29  3.09 20061993 12
  3.09  2.23  0.94 -0.58 -1.95 -2.81 -3.24 -3.03 -1.86 -0.02  1.67  2.75 21061993 00
  3.09  2.52  1.30 -0.12 -1.60 -2.61 -3.13 -3.08 -2.14 -0.39  1.46  2.74 21061993 12
  3.36  3.06  1.94  0.54 -1.08 -2.33 -3.07 -3.36 -2.88 -1.40  0.56  2.15 22061993 00
  3.03  3.12  2.27  0.92 -0.56 -1.97 -2.83 -3.20 -2.92 -1.68  0.24  1.98 22061993 12
  3.09  3.44  2.83  1.55  0.04 -1.54 -2.63 -3.24 -3.37 -2.61 -0.89  1.04 23061993 00
  2.45  3.15  2.98  1.92  0.58 -0.95 -2.21 -2.93 -3.14 -2.62 -1.13  0.78 23061993 12
  2.35  3.24  3.33  2.48  1.16 -0.40 -1.86 -2.81 -3.33 -3.29 -2.28 -0.49 24061993 00
  1.29  2.51  3.01  2.62  1.51  0.19 -1.28 -2.37 -2.93 -2.99 -2.28 -0.71 24061993 12
  1.11  2.46  3.17  3.03  2.08  0.79 -0.73 -2.03 -2.84 -3.27 -3.08 -1.95 25061993 00
 -0.20  1.42  2.46  2.81  2.32  1.22 -0.05 -1.39 -2.32 -2.74 -2.65 -1.79 25061993 12
 -0.22  1.43  2.61  3.17  2.94  2.00  0.76 -0.68 -1.80 -2.50 -2.85 -2.62 26061993 00
 -1.54  0.04  1.49  2.38  2.60  2.09  1.07 -0.12 -1.35 -2.16 -2.54 -2.45 26061993 12
 -1.66 -0.27  1.22  2.28  2.75  2.50  1.65  0.52 -0.78 -1.82 -2.46 -2.77 27061993 00
 -2.52 -1.51 -0.05  1.27  2.12  2.35  1.91  1.03 -0.04 -1.17 -1.94 -2.31 27061993 12
 -2.27 -1.62 -0.40  0.96  1.98  2.47  2.31  1.60  0.59 -0.60 -1.61 -2.23 28061993 00
 -2.56 -2.39 -1.53 -0.20  1.08  1.96  2.25  1.94  1.17  0.20 -0.87 -1.68 28061993 12
 -2.11 -2.20 -1.72 -0.67  0.64  1.70  2.28  2.26  1.70  0.79 -0.30 -1.33 29061993 00
 -2.01 -2.39 -2.35 -1.64 -0.41  0.90  1.86  2.29  2.11  1.43  0.48 -0.62 29061993 12
 -1.53 -2.05 -2.27 -1.97 -1.02  0.31  1.49  2.22  2.34  1.87  0.98 -0.11 30061993 00
 -1.23 -2.00 -2.45 -2.49 -1.88 -0.64  0.76  1.83  2.38  2.26  1.58  0.58 30061993 12
 -0.59 -1.64 -2.27 -2.57 -2.34 -1.41  0.00  1.33  2.20  2.44  2.02  1.09 01071993 00
 -0.05 -1.25 -2.12 -2.58 -2.61 -1.96 -0.64  0.89  2.04  2.63  2.50  1.74 01071993 12
  0.63 -0.65 -1.77 -2.46 -2.78 -2.50 -1.44  0.11  1.53  2.43  2.68  2.19 02071993 00
  1.16 -0.07 -1.35 -2.23 -2.67 -2.61 -1.80 -0.29  1.32  2.48  3.00  2.76 02071993 12
  1.82  0.58 -0.83 -1.95 -2.61 -2.87 -2.48 -1.23  0.46  1.89  2.74  2.84 03071993 00
  2.13  0.96 -0.39 -1.69 -2.51 -2.88 -2.65 -1.56  0.14  1.77  2.83  3.21 03071993 12
  2.73  1.61  0.25 -1.24 -2.30 -2.92 -3.08 -2.45 -0.94  0.82  2.18  2.88 04071993 00
  2.76  1.83  0.55 -0.90 -2.13 -2.82 -3.04 -2.55 -1.16  0.65  2.16  3.04 04071993 12
  3.17  2.41  1.15 -0.35 -1.79 -2.73 -3.23 -3.20 -2.26 -0.53  1.20  2.40 05071993 00
  2.87  2.45  1.29 -0.05 -1.49 -2.55 -3.09 -3.07 -2.24 -0.62  1.19  2.49 05071993 12
  3.18  3.00  1.97  0.62 -0.94 -2.21 -2.97 -3.30 -2.94 -1.64  0.19  1.77 06071993 00
  2.68  2.84  2.12  0.84 -0.55 -1.91 -2.76 -3.11 -2.84 -1.68  0.12  1.76 06071993 12
  2.82  3.18  2.65  1.47  0.06 -1.44 -2.48 -3.06 -3.16 -2.47 -0.92  0.86 07071993 00
  2.14  2.78  2.59  1.61  0.34 -1.06 -2.21 -2.83 -2.92 -2.31 -0.88  0.88 07071993 12
  2.28  3.06  3.07  2.25  1.03 -0.42 -1.71 -2.50 -2.89 -2.71 -1.65 -0.02 08071993 00
  1.53  2.52  2.82  2.32  1.27  0.04 -1.25 -2.12 -2.51 -2.42 -1.56 -0.04 08071993 12
  1.52  2.60  3.03  2.69  1.72  0.50 -0.89 -1.93 -2.51 -2.69 -2.19 -0.92 09071993 00
  0.67  1.93  2.61  2.58  1.85  0.78 -0.44 -1.54 -2.14 -2.33 -1.98 -0.94 09071993 12
  0.53  1.85  2.65  2.77  2.20  1.17 -0.02 -1.19 -1.95 -2.36 -2.34 -1.63 10071993 00
 -0.33  1.06  2.05  2.44  2.18  1.39  0.38 -0.74 -1.57 -1.98 -2.03 -1.53 10071993 12
 -0.46  0.84  1.87  2.38  2.27  1.60  0.65 -0.44 -1.39 -1.96 -2.22 -2.02 11071993 00
 -1.19  0.03  1.17  1.91  2.09  1.72  0.97  0.07 -0.88 -1.53 -1.81 -1.75 11071993 12
 -1.18 -0.17  0.92  1.70  1.99  1.77  1.11  0.25 -0.72 -1.48 -1.91 -2.06 12071993 00
 -1.76 -0.95  0.16  1.11  1.67  1.72  1.35  0.68 -0.12 -0.93 -1.44 -1.65 12071993 12
 -1.55 -1.01 -0.13  0.82  1.50  1.71  1.48  0.91  0.14 -0.71 -1.37 -1.73 13071993 00
 -1.83 -1.51 -0.76  0.23  1.08  1.58  1.64  1.37  0.82  0.13 -0.60 -1.09 13071993 12
 -1.32 -1.28 -0.82 -0.02  0.84  1.46  1.65  1.47  0.94  0.23 -0.56 -1.20 14071993 00
 -1.59 -1.76 -1.50 -0.80  0.14  1.02  1.56  1.69  1.48  0.97  0.25 -0.52 14071993 12
 -1.08 -1.38 -1.45 -1.07 -0.26  0.66  1.42  1.73  1.64  1.16  0.48 -0.33 15071993 00
 -1.07 -1.55 -1.77 -1.57 -0.84  0.18  1.15  1.80  2.01  1.81  1.26  0.46 15071993 12
 -0.46 -1.15 -1.55 -1.67 -1.28 -0.39  0.67  1.56  1.98  1.92  1.41  0.63 16071993 00
 -0.33 -1.21 -1.77 -2.02 -1.81 -1.00  0.20  1.35  2.12  2.35  2.05  1.31 16071993 12
  0.33 -0.77 -1.56 -2.02 -2.12 -1.62 -0.54  0.75  1.78  2.28  2.18  1.52 17071993 00
  0.54 -0.61 -1.61 -2.22 -2.46 -2.13 -1.11  0.32  1.62  2.44  2.63  2.14 17071993 12
  1.17 -0.03 -1.28 -2.14 -2.59 -2.57 -1.81 -0.39  1.16  2.26  2.75  2.49 18071993 00
  1.60  0.42 -0.92 -1.98 -2.57 -2.71 -2.14 -0.78  0.93  2.29  3.07  3.08 18071993 12
  2.30  1.09 -0.35 -1.68 -2.52 -2.96 -2.80 -1.71  0.02  1.66  2.72  3.07 19071993 00
  2.55  1.38  0.00 -1.47 -2.50 -3.03 -3.00 -2.08 -0.34  1.51  2.80  3.44 19071993 12
  3.17  2.06  0.65 -1.00 -2.28 -3.07 -3.41 -2.98 -1.49  0.51  2.18  3.14 20071993 00
  3.30  2.47  1.09 -0.47 -1.95 -2.88 -3.32 -3.09 -1.79  0.25  2.12  3.31 20071993 12
  3.72  3.12  1.78  0.18 -1.52 -2.72 -3.43 -3.61 -2.85 -0.99  1.11  2.66 21071993 00
  3.43  3.28  2.17  0.67 -1.01 -2.40 -3.22 -3.50 -2.95 -1.31  0.87  2.62 21071993 12
  3.60  3.74  2.82  1.35 -0.38 -2.00 -3.06 -3.66 -3.64 -2.50 -0.45  1.62 22071993 00
  2.96  3.49  3.06  1.74  0.21 -1.47 -2.70 -3.35 -3.43 -2.57 -0.66  1.48 22071993 12
  3.00  3.77  3.62  2.47  0.99 -0.77 -2.18 -3.07 -3.52 -3.24 -1.80  0.30 23071993 00
  2.16  3.26  3.55  2.84  1.48 -0.06 -1.65 -2.68 -3.19 -3.11 -2.02 -0.09 23071993 12
  1.84  3.14  3.68  3.25  2.03  0.56 -1.12 -2.36 -3.11 -3.41 -2.89 -1.33 24071993 00
  0.67  2.23  3.11  3.18  2.34  1.04 -0.42 -1.78 -2.60 -2.94 -2.64 -1.39 24071993 12
  0.48  2.14  3.19  3.52  2.94  1.78  0.36 -1.13 -2.14 -2.75 -2.93 -2.31 25071993 00
 -0.83  0.92  2.27  2.94  2.84  1.99  0.82 -0.54 -1.69 -2.36 -2.61 -2.26 25071993 12
 -1.08  0.55  1.98  2.87  3.07  2.52  1.46  0.19 -1.10 -1.97 -2.47 -2.57 26071993 00
 -1.93 -0.61  0.87  2.00  2.55  2.44  1.71  0.69 -0.50 -1.50 -2.06 -2.29 26071993 12
 -1.98 -1.00  0.38  1.64  2.45  2.64  2.22  1.36  0.29 -0.84 -1.62 -2.07 27071993 00
 -2.20 -1.72 -0.64  0.65  1.71  2.27  2.25  1.73  0.91 -0.10 -1.05 -1.63 27071993 12
 -1.92 -1.84 -1.16 -0.05  1.11  1.96  2.25  2.04  1.39  0.51 -0.51 -1.32 28071993 00
 -1.83 -2.08 -1.85 -1.01  0.14  1.19  1.86  2.01  1.70  1.02  0.15 -0.80 28071993 12
 -1.49 -1.88 -1.95 -1.49 -0.53  0.63  1.58  2.07  2.05  1.58  0.81 -0.15 29071993 00
 -1.06 -1.66 -1.98 -1.92 -1.25 -0.13  1.03  1.89  2.22  2.03  1.39  0.50 29071993 12
 -0.55 -1.41 -1.94 -2.19 -1.92 -1.01  0.23  1.33  2.02  2.15  1.77  0.98 30071993 00
 -0.02 -1.05 -1.75 -2.11 -2.08 -1.42 -0.22  1.10  2.09  2.53  2.36  1.64 30071993 12
  0.63 -0.57 -1.56 -2.16 -2.43 -2.13 -1.14  0.26  1.52  2.30  2.45  1.96 31071993 00
  1.01 -0.12 -1.28 -2.05 -2.40 -2.29 -1.47 -0.09  1.33  2.34  2.74  2.43 31071993 12
  1.53  0.36 -0.96 -1.98 -2.57 -2.75 -2.28 -1.04  0.53  1.81  2.53  2.54 01081993 00
  1.84  0.74 -0.53 -1.72 -2.42 -2.66 -2.28 -1.11  0.53  1.98  2.88  3.08 01081993 12
  2.51  1.42  0.07 -1.32 -2.24 -2.75 -2.77 -1.98 -0.43  1.25  2.44  2.94 02081993 00
  2.63  1.63  0.37 -1.04 -2.12 -2.68 -2.72 -2.00 -0.47  1.30  2.63  3.33 02081993 12
  3.22  2.31  1.03 -0.49 -1.77 -2.57 -2.96 -2.70 -1.47  0.30  1.88  2.84 03081993 00
  3.02  2.35  1.13 -0.28 -1.69 -2.58 -2.98 -2.75 -1.59  0.20  1.88  2.97 03081993 12
  3.37  2.87  1.68  0.25 -1.30 -2.39 -3.00 -3.12 -2.41 -0.80  1.04  2.38 04081993 00
  3.03  2.84  1.81  0.47 -1.02 -2.24 -2.90 -3.03 -2.40 -0.88  1.00  2.48 04081993 12
  3.28  3.27  2.36  1.05 -0.49 -1.86 -2.70 -3.10 -2.86 -1.67  0.16  1.80 05081993 00
  2.84  3.10  2.46  1.19 -0.21 -1.64 -2.58 -3.01 -2.87 -1.85 -0.09  1.63 05081993 12
  2.76  3.23  2.79  1.63  0.25 -1.28 -2.38 -2.98 -3.09 -2.42 -0.88  0.93 06081993 00
  2.26  2.92  2.78  1.81  0.53 -0.90 -2.09 -2.74 -2.91 -2.38 -1.00  0.78 06081993 12
  2.21  3.02  3.04  2.24  1.01 -0.42 -1.73 -2.53 -2.90 -2.69 -1.62  0.04 07081993 00
  1.58  2.56  2.84  2.31  1.21 -0.06 -1.38 -2.27 -2.67 -2.57 -1.73 -0.23 07081993 12
  1.33  2.40  2.82  2.46  1.47  0.25 -1.08 -2.08 -2.61 -2.73 -2.19 -0.90 08081993 00
  0.67  1.89  2.55  2.48  1.74  0.67 -0.55 -1.61 -2.17 -2.35 -2.00 -0.96 08081993 12
  0.47  1.71  2.44  2.51  1.92  0.93 -0.21 -1.32 -1.99 -2.29 -2.14 -1.33 09081993 00
 -0.05  1.23  2.14  2.43  2.11  1.31  0.31 -0.77 -1.53 -1.91 -1.93 -1.39 09081993 12
 -0.33  0.88  1.84  2.27  2.12  1.43  0.50 -0.54 -1.40 -1.90 -2.11 -1.85 10081993 00
 -1.01  0.17  1.21  1.84  1.93  1.55  0.82 -0.05 -0.93 -1.49 -1.71 -1.60 10081993 12
 -1.01 -0.05  0.98  1.69  1.93  1.71  1.12  0.37 -0.44 -1.02 -1.31 -1.39 11081993 00
 -1.11 -0.37  0.57  1.40  1.83  1.82  1.40  0.78 -0.01 -0.77 -1.28 -1.54 11081993 12
 -1.47 -0.94 -0.12  0.73  1.36  1.59  1.47  1.02  0.38 -0.37 -0.97 -1.33 12081993 00
 -1.49 -1.31 -0.69  0.15  0.98  1.47  1.57  1.34  0.86  0.20 -0.53 -1.09 12081993 12
 -1.42 -1.52 -1.21 -0.53  0.30  1.03  1.38  1.38  1.04  0.48 -0.22 -0.91 13081993 00
 -1.39 -1.62 -1.55 -1.03 -0.18  0.75  1.45  1.74  1.67  1.24  0.56 -0.27 13081993 12
 -1.00 -1.49 -1.73 -1.60 -0.94  0.01  0.96  1.57  1.73  1.49  0.89  0.09 14081993 00
 -0.80 -1.47 -1.84 -1.90 -1.45 -0.50  0.64  1.59  2.10  2.09  1.60  0.77 14081993 12
 -0.25 -1.22 -1.85 -2.17 -2.05 -1.29 -0.07  1.16  2.00  2.27  1.96  1.18 15081993 00
  0.16 -0.98 -1.83 -2.29 -2.36 -1.80 -0.59  0.86  2.01  2.61  2.53  1.81 15081993 12
  0.71 -0.58 -1.73 -2.46 -2.80 -2.56 -1.50  0.07  1.53  2.46  2.73  2.23 16081993 00
  1.16 -0.12 -1.47 -2.41 -2.88 -2.84 -1.99 -0.39  1.32  2.52  3.08  2.80 16081993 12
  1.74  0.38 -1.16 -2.39 -3.12 -3.40 -2.94 -1.50  0.42  2.00  2.91  3.05 17081993 00
  2.24  0.89 -0.61 -2.07 -2.99 -3.40 -3.15 -1.87  0.13  1.96  3.13  3.54 17081993 12
  2.94  1.59  0.01 -1.68 -2.86 -3.56 -3.71 -2.91 -1.00  1.11  2.68  3.44 18081993 00
  3.29  2.14  0.62 -1.09 -2.50 -3.35 -3.64 -3.07 -1.36  0.92  2.71  3.69 18081993 12
  3.81  2.84  1.29 -0.50 -2.17 -3.26 -3.88 -3.83 -2.59 -0.40  1.80  3.17 19081993 00
  3.70  3.22  1.78  0.12 -1.66 -2.93 -3.64 -3.74 -2.79 -0.68  1.63  3.26 19081993 12
  4.04  3.83  2.55  0.91 -0.99 -2.51 -3.47 -3.95 -3.59 -1.95  0.40  2.38 20081993 00
  3.49  3.75  2.90  1.33 -0.40 -2.11 -3.20 -3.76 -3.63 -2.30 -0.05  2.13 20081993 12
  3.50  4.04  3.51  2.06  0.39 -1.47 -2.78 -3.58 -3.86 -3.19 -1.28  0.98 21081993 00
  2.68  3.53  3.49  2.36  0.80 -0.91 -2.40 -3.30 -3.67 -3.26 -1.70  0.53 21081993 12
  2.40  3.48  3.75  2.96  1.52 -0.13 -1.79 -2.88 -3.50 -3.57 -2.63 -0.70 22081993 00
  1.31  2.71  3.32  3.00  1.79  0.32 -1.28 -2.49 -3.18 -3.36 -2.75 -1.15 22081993 12
  0.85  2.37  3.21  3.24  2.33  1.01 -0.50 -1.88 -2.75 -3.20 -3.07 -2.00 23081993 00
 -0.23  1.45  2.54  2.92  2.44  1.33  0.04 -1.35 -2.34 -2.87 -2.94 -2.27 23081993 12
 -0.84  0.80  2.03  2.68  2.59  1.79  0.67 -0.62 -1.75 -2.43 -2.73 -2.50 24081993 00
 -1.52 -0.07  1.28  2.15  2.40  1.98  1.08  0.00 -1.14 -1.95 -2.37 -2.41 24081993 12
 -1.88 -0.77  0.57  1.61  2.16  2.11  1.53  0.66 -0.36 -1.28 -1.83 -2.10 25081993 00
 -1.99 -1.30 -0.18  0.92  1.70  1.96  1.71  1.07  0.24 -0.72 -1.47 -1.92 25081993 12
 -2.10 -1.83 -1.07 -0.01  0.95  1.55  1.66  1.38  0.76 -0.03 -0.86 -1.47 26081993 00
 -1.80 -1.86 -1.47 -0.65  0.36  1.20  1.65  1.67  1.31  0.64 -0.19 -1.01 26081993 12
 -1.58 -1.90 -1.93 -1.45 -0.57  0.43  1.22  1.60  1.54  1.12  0.43 -0.40 27081993 00
 -1.16 -1.64 -1.85 -1.70 -1.05 -0.05  0.94  1.65  1.88  1.65  1.04  0.20 27081993 12
 -0.76 -1.52 -1.99 -2.17 -1.87 -1.03  0.11  1.11  1.72  1.80  1.43  0.69 28081993 00
 -0.23 -1.16 -1.78 -2.07 -1.96 -1.28 -0.16  1.02  1.88  2.22  1.98  1.25 28081993 12
  0.27 -0.84 -1.74 -2.27 -2.46 -2.09 -1.09  0.25  1.39  2.07  2.13  1.61 29081993 00
  0.68 -0.40 -1.44 -2.10 -2.38 -2.14 -1.25  0.11  1.42  2.29  2.54  2.11 29081993 12
  1.16 -0.00 -1.25 -2.15 -2.63 -2.69 -2.09 -0.78  0.73  1.85  2.41  2.24 30081993 00
  1.43  0.30 -0.95 -2.01 -2.58 -2.69 -2.16 -0.89  0.71  1.99  2.73  2.72 30081993 12
  1.97  0.79 -0.58 -1.85 -2.63 -3.00 -2.79 -1.73 -0.09  1.43  2.41  2.70 31081993 00
  2.16  1.02 -0.28 -1.63 -2.54 -2.96 -2.80 -1.83 -0.20  1.45  2.55  3.02 31081993 12
  2.62  1.52  0.17 -1.32 -2.42 -3.03 -3.16 -2.51 -1.00  0.78  2.12  2.81 01091993 00
  2.68  1.72  0.40 -1.06 -2.29 -2.99 -3.16 -2.60 -1.15  0.69  2.18  3.01 01091993 12
  3.06  2.22  0.90 -0.62 -2.01 -2.88 -3.29 -3.06 -1.88 -0.03  1.66  2.71 02091993 00
  3.02  2.41  1.14 -0.29 -1.76 -2.74 -3.19 -3.04 -1.99 -0.17  1.60  2.78 02091993 12
  3.28  2.83  1.62  0.20 -1.37 -2.50 -3.13 -3.23 -2.50 -0.86  1.05  2.41 03091993 00
  3.10  2.93  1.87  0.50 -1.03 -2.29 -3.00 -3.18 -2.61 -1.11  0.78  2.28 03091993 12
  3.09  3.12  2.22  0.88 -0.65 -2.03 -2.87 -3.23 -2.95 -1.70  0.16  1.82 04091993 00
  2.83  3.09  2.44  1.17 -0.25 -1.70 -2.65 -3.08 -2.93 -1.90 -0.15  1.56 04091993 12
  2.68  3.12  2.66  1.49  0.12 -1.37 -2.44 -3.00 -3.05 -2.31 -0.74  1.03 05091993 00
  2.29  2.92  2.73  1.75  0.48 -0.95 -2.11 -2.72 -2.86 -2.33 -0.98  0.73 05091993 12
  2.08  2.83  2.80  1.98  0.78 -0.59 -1.83 -2.55 -2.86 -2.56 -1.45  0.18 06091993 00
  1.63  2.54  2.77  2.20  1.13 -0.11 -1.37 -2.17 -2.52 -2.38 -1.52 -0.08 06091993 12
  1.37  2.35  2.70  2.31  1.35  0.19 -1.06 -1.95 -2.40 -2.43 -1.83 -0.57 07091993 00
  0.88  1.97  2.53  2.41  1.70  0.68 -0.50 -1.50 -2.04 -2.19 -1.81 -0.80 07091993 12
  0.54  1.66  2.30  2.32  1.75  0.84 -0.23 -1.26 -1.87 -2.13 -1.96 -1.22 08091993 00
 -0.02  1.18  2.00  2.26  1.97  1.27  0.38 -0.62 -1.35 -1.70 -1.73 -1.26 08091993 12
 -0.31  0.81  1.68  2.06  1.95  1.39  0.63 -0.28 -1.07 -1.52 -1.70 -1.49 09091993 00
 -0.77  0.26  1.21  1.81  1.95  1.67  1.09  0.32 -0.52 -1.09 -1.39 -1.44 09091993 12
 -1.05 -0.23  0.69  1.44  1.77  1.71  1.30  0.71 -0.01 -0.67 -1.09 -1.29 10091993 00
 -1.19 -0.65  0.14  0.95  1.53  1.73  1.58  1.14  0.50 -0.26 -0.89 -1.28 10091993 12
 -1.46 -1.27 -0.65  0.15  0.95  1.44  1.57  1.38  0.93  0.28 -0.43 -1.00 11091993 00
 -1.34 -1.46 -1.17 -0.45  0.43  1.23  1.65  1.71  1.41  0.83  0.04 -0.76 11091993 12
 -1.35 -1.70 -1.76 -1.32 -0.48  0.53  1.35  1.75  1.73  1.32  0.62 -0.25 12091993 00
 -1.07 -1.61 -1.89 -1.77 -1.09 -0.01  1.05  1.76  1.95  1.65  0.90 -0.09 12091993 12
 -1.15 -1.99 -2.51 -2.64 -2.24 -1.18  0.19  1.36  2.07  2.18  1.71  0.80 13091993 00
 -0.29 -1.36 -2.09 -2.42 -2.24 -1.40  0.01  1.42  2.36  2.70  2.30  1.32 13091993 12
  0.09 -1.24 -2.27 -2.86 -2.98 -2.37 -0.94  0.77  2.11  2.86  2.86  2.07 14091993 00
  0.91 -0.47 -1.72 -2.49 -2.80 -2.48 -1.25  0.58  2.20  3.21  3.44  2.76 14091993 12
  1.50 -0.02 -1.56 -2.61 -3.21 -3.26 -2.36 -0.53  1.41  2.81  3.48  3.21 15091993 00
  2.06  0.62 -1.02 -2.32 -3.08 -3.32 -2.70 -0.99  1.17  2.84  3.75  3.78 15091993 12
  2.75  1.26 -0.51 -2.09 -3.10 -3.66 -3.53 -2.20 -0.01  2.08  3.37  3.83 16091993 00
  3.23  1.79  0.14 -1.65 -2.88 -3.55 -3.64 -2.64 -0.49  1.78  3.35  4.08 16091993 12
  3.80  2.46  0.79 -1.14 -2.62 -3.56 -3.99 -3.54 -1.76  0.65  2.62  3.70 17091993 00
  3.90  2.93  1.30 -0.52 -2.24 -3.33 -3.90 -3.72 -2.27  0.10  2.35  3.69 17091993 12
  4.18  3.55  2.00  0.21 -1.69 -3.01 -3.80 -4.03 -3.18 -1.06  1.32  3.07 18091993 00
  3.89  3.77  2.51  0.83 -1.05 -2.59 -3.52 -3.89 -3.37 -1.58  0.85  2.79 18091993 12
  3.86  4.07  3.14  1.58 -0.23 -1.96 -3.07 -3.69 -3.65 -2.39 -0.16  2.05 19091993 00
  3.46  3.99  3.50  2.12  0.49 -1.34 -2.63 -3.38 -3.58 -2.76 -0.82  1.42 19091993 12
  3.01  3.83  3.71  2.59  1.10 -0.65 -2.10 -2.99 -3.42 -3.09 -1.61  0.48 20091993 00
  2.29  3.34  3.60  2.86  1.51 -0.03 -1.61 -2.63 -3.17 -3.16 -2.16 -0.32 20091993 12
  1.56  2.85  3.45  3.12  2.02  0.69 -0.87 -2.05 -2.71 -2.95 -2.44 -1.01 21091993 00
  0.78  2.22  3.02  3.04  2.27  1.09 -0.31 -1.58 -2.36 -2.76 -2.63 -1.68 21091993 12
 -0.13  1.41  2.42  2.79  2.43  1.48  0.33 -0.93 -1.85 -2.33 -2.44 -1.94 22091993 00
 -0.75  0.70  1.83  2.43  2.39  1.75  0.78 -0.35 -1.38 -2.00 -2.31 -2.21 22091993 12
 -1.48 -0.27  0.92  1.76  2.08  1.83  1.16  0.29 -0.68 -1.45 -1.85 -1.97 23091993 00
 -1.62 -0.77  0.35  1.29  1.84  1.91  1.54  0.85 -0.01 -0.89 -1.50 -1.85 23091993 12
 -1.91 -1.48 -0.63  0.39  1.21  1.62  1.59  1.23  0.60 -0.16 -0.88 -1.31 24091993 00
 -1.53 -1.46 -0.93 -0.09  0.80  1.46  1.72  1.60  1.14  0.44 -0.39 -1.09 24091993 12
 -1.58 -1.85 -1.75 -1.18 -0.29  0.63  1.28  1.52  1.39  0.93  0.27 -0.51 25091993 00
 -1.15 -1.49 -1.58 -1.30 -0.58  0.37  1.24  1.76  1.84  1.49  0.82 -0.05 25091993 12
 -0.93 -1.59 -1.99 -2.08 -1.63 -0.71  0.38  1.24  1.67  1.61  1.16  0.40 26091993 00
 -0.50 -1.31 -1.78 -1.94 -1.66 -0.86  0.27  1.30  1.97  2.09  1.70  0.91 26091993 12
 -0.09 -1.13 -1.87 -2.27 -2.29 -1.70 -0.57  0.72  1.69  2.15  1.98  1.31 27091993 00
  0.37 -0.71 -1.61 -2.08 -2.18 -1.73 -0.69  0.65  1.77  2.39  2.38  1.76 27091993 12
  0.75 -0.44 -1.55 -2.24 -2.56 -2.35 -1.42  0.00  1.36  2.24  2.49  2.06 28091993 00
  1.10 -0.04 -1.25 -2.08 -2.44 -2.31 -1.48 -0.07  1.39  2.42  2.83  2.52 28091993 12
  1.57  0.37 -0.98 -2.00 -2.55 -2.65 -2.03 -0.67  0.93  2.16  2.80  2.69 29091993 00
  1.86  0.68 -0.68 -1.86 -2.53 -2.75 -2.29 -1.01  0.67  2.08  2.88  2.94 29091993 12
  2.21  1.00 -0.40 -1.72 -2.53 -2.88 -2.62 -1.48  0.22  1.80  2.79  3.08 30091993 00
  2.52  1.37 -0.01 -1.44 -2.38 -2.83 -2.71 -1.74 -0.06  1.65  2.81  3.30 30091993 12
  2.93  1.82  0.45 -1.07 -2.17 -2.75 -2.84 -2.11 -0.47  1.38  2.75  3.41 01101993 00
  3.23  2.22  0.89 -0.65 -1.88 -2.57 -2.80 -2.30 -0.85  1.02  2.52  3.36 01101993 12
  3.36  2.49  1.19 -0.36 -1.72 -2.55 -2.93 -2.65 -1.39  0.48  2.15  3.19 02101993 00
  3.44  2.76  1.51  0.03 -1.45 -2.40 -2.87 -2.77 -1.74  0.03  1.79  2.94 02101993 12
  3.36  2.88  1.68  0.27 -1.26 -2.34 -2.93 -2.99 -2.20 -0.52  1.34  2.67 03101993 00
  3.32  3.10  2.05  0.74 -0.78 -1.97 -2.63 -2.82 -2.25 -0.76  1.09  2.57 03101993 12
  3.36  3.30  2.39  1.13 -0.37 -1.68 -2.47 -2.83 -2.53 -1.27  0.54  2.15 04101993 00
  3.12  3.32  2.67  1.49  0.10 -1.30 -2.17 -2.58 -2.45 -1.47  0.17  1.78 04101993 12
  2.85  3.22  2.77  1.68  0.38 -1.04 -2.02 -2.54 -2.59 -1.86 -0.35  1.31 05101993 00
  2.52  3.10  2.89  1.98  0.80 -0.57 -1.67 -2.26 -2.46 -2.03 -0.79  0.79 05101993 12
  2.08  2.80  2.79  2.06  0.96 -0.31 -1.47 -2.15 -2.43 -2.19 -1.20  0.27 06101993 00
  1.62  2.49  2.71  2.23  1.28  0.14 -1.06 -1.86 -2.26 -2.23 -1.53 -0.24 06101993 12
  1.14  2.13  2.54  2.27  1.49  0.49 -0.64 -1.52 -1.98 -2.09 -1.64 -0.58 07101993 00
  0.72  1.77  2.34  2.30  1.72  0.85 -0.22 -1.20 -1.79 -2.07 -1.92 -1.16 07101993 12
 -0.00  1.12  1.87  2.07  1.75  1.06  0.20 -0.75 -1.43 -1.76 -1.76 -1.27 08101993 00
 -0.33  0.78  1.65  2.06  1.96  1.43  0.65 -0.27 -1.08 -1.56 -1.80 -1.67 08101993 12
 -1.03 -0.04  0.95  1.63  1.84  1.63  1.09  0.37 -0.45 -1.06 -1.40 -1.49 09101993 00
 -1.17 -0.39  0.56  1.39  1.82  1.85  1.48  0.87  0.07 -0.71 -1.27 -1.60 09101993 12
 -1.66 -1.22 -0.39  0.56  1.34  1.69  1.67  1.31  0.70 -0.07 -0.78 -1.25 10101993 00
 -1.48 -1.40 -0.81  0.08  1.02  1.69  1.91  1.74  1.22  0.45 -0.46 -1.22 10101993 12
 -1.72 -1.98 -1.77 -1.00  0.09  1.12  1.81  2.03  1.81  1.20  0.38 -0.54 11101993 00
 -1.24 -1.65 -1.75 -1.30 -0.31  0.87  1.86  2.34  2.29  1.72  0.83 -0.27 11101993 12
 -1.29 -1.97 -2.36 -2.27 -1.47 -0.15  1.20  2.15  2.55  2.31  1.55  0.52 12101993 00
 -0.66 -1.61 -2.14 -2.28 -1.77 -0.57  0.94  2.17  2.86  2.82  2.08  0.95 12101993 12
 -0.41 -1.65 -2.46 -2.92 -2.81 -1.81 -0.14  1.49  2.60  3.05  2.67  1.62 13101993 00
  0.33 -1.10 -2.16 -2.75 -2.84 -2.14 -0.56  1.28  2.66  3.36  3.21  2.19 13101993 12
  0.80 -0.81 -2.17 -3.03 -3.46 -3.20 -1.86  0.16  1.99  3.11  3.45  2.80 14101993 00
  1.44 -0.08 -1.67 -2.74 -3.30 -3.27 -2.22 -0.21  1.83  3.22  3.84  3.46 14101993 12
  2.17  0.61 -1.19 -2.53 -3.34 -3.68 -3.13 -1.38  0.89  2.65  3.62  3.71 15101993 00
  2.71  1.18 -0.57 -2.20 -3.23 -3.74 -3.50 -2.05  0.23  2.32  3.56  3.99 15101993 12
  3.31  1.79  0.04 -1.79 -3.03 -3.77 -3.94 -3.04 -0.93  1.39  3.05  3.81 16101993 00
  3.61  2.31  0.63 -1.23 -2.73 -3.64 -4.01 -3.49 -1.67  0.75  2.68  3.74 16101993 12
  3.91  2.90  1.28 -0.54 -2.26 -3.37 -3.98 -3.88 -2.57 -0.29  1.96  3.31 17101993 00
  3.82  3.28  1.76  0.04 -1.80 -3.09 -3.85 -4.02 -3.19 -1.15  1.16  2.84 17101993 12
  3.63  3.52  2.30  0.67 -1.12 -2.63 -3.55 -3.95 -3.54 -1.94  0.35  2.25 18101993 00
  3.32  3.57  2.73  1.20 -0.48 -2.14 -3.22 -3.81 -3.76 -2.65 -0.59  1.51 18101993 12
  2.86  3.42  3.05  1.76  0.24 -1.42 -2.67 -3.38 -3.55 -2.87 -1.15  0.93 19101993 00
  2.45  3.25  3.21  2.21  0.79 -0.80 -2.20 -3.07 -3.48 -3.24 -2.00 -0.10 19101993 12
  1.64  2.72  3.08  2.53  1.31 -0.06 -1.51 -2.49 -2.96 -2.93 -2.07 -0.46 20101993 00
  1.26  2.45  3.04  2.81  1.84  0.62 -0.79 -1.93 -2.63 -2.95 -2.65 -1.51 20101993 12
  0.07  1.45  2.29  2.44  1.84  0.78 -0.40 -1.55 -2.30 -2.63 -2.47 -1.69 21101993 00
 -0.34  1.04  2.01  2.43  2.16  1.34  0.30 -0.85 -1.78 -2.32 -2.53 -2.27 21101993 12
 -1.37 -0.08  1.05  1.76  1.90  1.47  0.68 -0.23 -1.16 -1.78 -2.04 -1.95 22101993 00
 -1.36 -0.35  0.75  1.56  1.92  1.75  1.16  0.34 -0.61 -1.41 -1.92 -2.18 22101993 12
 -2.05 -1.40 -0.39  0.58  1.25  1.47  1.26  0.73  0.02 -0.75 -1.34 -1.63 23101993 00
 -1.69 -1.38 -0.67  0.26  1.06  1.51  1.52  1.19  0.56 -0.24 -1.05 -1.62 23101993 12
 -1.96 -2.00 -1.59 -0.79  0.16  0.92  1.31  1.28  0.95  0.34 -0.40 -1.08 24101993 00
 -1.50 -1.68 -1.55 -1.02 -0.16  0.72  1.34  1.55  1.35  0.79  0.01 -0.86 24101993 12
 -1.55 -1.97 -2.13 -1.87 -1.14 -0.12  0.79  1.36  1.47  1.18  0.55 -0.24 25101993 00
 -1.07 -1.63 -1.88 -1.80 -1.27 -0.35  0.66  1.43  1.75  1.54  0.92  0.05 25101993 12
 -0.93 -1.73 -2.19 -2.32 -1.99 -1.11  0.07  1.09  1.72  1.78  1.35  0.55 26101993 00
 -0.40 -1.35 -1.96 -2.22 -2.04 -1.31 -0.17  0.98  1.77  2.01  1.66  0.84 26101993 12
 -0.18 -1.28 -2.08 -2.50 -2.50 -1.93 -0.78  0.57  1.60  2.12  1.98  1.30 27101993 00
  0.29 -0.83 -1.81 -2.36 -2.49 -2.08 -1.05  0.35  1.52  2.19  2.20  1.57 27101993 12
  0.52 -0.67 -1.80 -2.51 -2.79 -2.54 -1.58 -0.12  1.27  2.15  2.43  1.98 28101993 00
  0.99 -0.20 -1.43 -2.30 -2.69 -2.57 -1.78 -0.37  1.12  2.15  2.57  2.24 28101993 12
  1.27  0.04 -1.28 -2.30 -2.83 -2.88 -2.24 -0.85  0.78  2.03  2.68  2.57 29101993 00
  1.72  0.52 -0.84 -2.02 -2.70 -2.92 -2.50 -1.26  0.42  1.81  2.62  2.68 29101993 12
  1.93  0.71 -0.68 -1.98 -2.79 -3.12 -2.86 -1.75 -0.03  1.55  2.56  2.88 30101993 00
  2.33  1.17 -0.19 -1.61 -2.59 -3.07 -3.00 -2.11 -0.46  1.24  2.39  2.89 30101993 12
  2.50  1.38  0.05 -1.41 -2.52 -3.11 -3.18 -2.47 -0.92  0.89  2.22  2.94 31101993 00
  2.83  1.88  0.59 -0.89 -2.15 -2.88 -3.12 -2.68 -1.33  0.48  1.98  2.82 31101993 12
  2.91  2.11  0.83 -0.61 -1.97 -2.82 -3.18 -2.92 -1.74  0.07  1.71  2.77 01111993 00
  3.11  2.55  1.35 -0.04 -1.50 -2.49 -2.99 -2.95 -2.08 -0.44  1.31  2.49 01111993 12
  3.02  2.67  1.57  0.25 -1.22 -2.33 -2.91 -3.00 -2.32 -0.79  0.99  2.35 02111993 00
  3.06  2.96  2.05  0.79 -0.67 -1.92 -2.64 -2.93 -2.56 -1.29  0.47  1.95 02111993 12
  2.82  2.94  2.24  1.05 -0.32 -1.63 -2.44 -2.82 -2.63 -1.60  0.07  1.68 03111993 00
  2.71  3.06  2.59  1.52  0.24 -1.14 -2.11 -2.62 -2.66 -1.98 -0.54  1.09 03111993 12
  2.29  2.84  2.62  1.71  0.53 -0.79 -1.85 -2.43 -2.60 -2.14 -0.91  0.70 04111993 00
  2.01  2.74  2.76  2.06  0.97 -0.30 -1.49 -2.21 -2.56 -2.41 -1.51 -0.06 04111993 12
  1.36  2.29  2.58  2.17  1.24  0.13 -1.06 -1.87 -2.26 -2.24 -1.58 -0.32 05111993 00
  1.09  2.14  2.62  2.42  1.65  0.60 -0.62 -1.61 -2.19 -2.44 -2.16 -1.22 05111993 12
  0.11  1.31  2.06  2.20  1.75  0.89 -0.12 -1.15 -1.82 -2.09 -1.96 -1.28 06111993 00
 -0.13  1.09  1.98  2.33  2.08  1.36  0.41 -0.66 -1.51 -2.02 -2.24 -1.96 06111993 12
 -1.09  0.13  1.21  1.89  2.01  1.64  0.92  0.04 -0.88 -1.48 -1.76 -1.70 07111993 00
 -1.12 -0.11  0.99  1.82  2.16  1.99  1.38  0.51 -0.50 -1.35 -1.90 -2.22 07111993 12
 -2.10 -1.39 -0.29  0.77  1.51  1.77  1.54  0.96  0.16 -0.73 -1.42 -1.78 08111993 00
 -1.85 -1.45 -0.59  0.52  1.46  1.99  1.99  1.53  0.73 -0.25 -1.21 -1.87 08111993 12
 -2.26 -2.29 -1.71 -0.62  0.62  1.60  2.11  2.08  1.63  0.88 -0.03 -0.86 09111993 00
 -1.34 -1.53 -1.35 -0.58  0.56  1.68  2.37  2.47  2.04  1.19  0.08 -1.06 09111993 12
 -1.90 -2.45 -2.63 -2.15 -1.01  0.42  1.62  2.32  2.39  1.89  0.96 -0.16 10111993 00
 -1.26 -1.97 -2.30 -2.16 -1.30  0.11  1.53  2.50  2.84  2.45  1.49  0.27 10111993 12
 -1.07 -2.08 -2.70 -2.91 -2.43 -1.10  0.57  1.95  2.74  2.80  2.11  0.99 11111993 00
 -0.34 -1.62 -2.43 -2.81 -2.61 -1.54  0.15  1.79  2.87  3.23  2.75  1.61 11111993 12
  0.21 -1.31 -2.39 -3.02 -3.19 -2.52 -0.93  0.98  2.42  3.20  3.15  2.21 12111993 00
  0.89 -0.67 -2.04 -2.87 -3.21 -2.81 -1.38  0.65  2.39  3.44  3.67  2.94 12111993 12
  1.63  0.00 -1.61 -2.71 -3.35 -3.44 -2.53 -0.63  1.37  2.81  3.51  3.29 13111993 00
  2.13  0.63 -1.08 -2.44 -3.26 -3.52 -2.92 -1.22  1.00  2.72  3.68  3.80 13111993 12
  2.87  1.40 -0.30 -1.87 -2.89 -3.44 -3.39 -2.26 -0.19  1.88  3.21  3.74 14111993 00
  3.23  1.83  0.19 -1.57 -2.83 -3.58 -3.78 -3.02 -1.10  1.09  2.70  3.50 14111993 12
  3.39  2.25  0.67 -1.08 -2.55 -3.44 -3.81 -3.35 -1.71  0.57  2.45  3.54 15111993 00
  3.81  2.97  1.48 -0.22 -1.89 -2.97 -3.56 -3.55 -2.44 -0.36  1.70  3.08 15111993 12
  3.64  3.23  1.92  0.36 -1.38 -2.65 -3.39 -3.59 -2.85 -1.01  1.16  2.75 16111993 00
  3.58  3.53  2.46  0.97 -0.75 -2.23 -3.16 -3.63 -3.36 -1.98  0.06  1.91 16111993 12
  3.01  3.37  2.73  1.38 -0.14 -1.72 -2.76 -3.29 -3.24 -2.25 -0.40  1.54 17111993 00
  2.89  3.49  3.12  1.95  0.53 -1.09 -2.34 -3.10 -3.38 -2.86 -1.41  0.45 17111993 12
  1.98  2.85  2.94  2.16  0.90 -0.47 -1.78 -2.59 -2.95 -2.68 -1.51  0.25 18111993 00
  1.85  2.84  3.14  2.63  1.55  0.23 -1.21 -2.23 -2.83 -2.99 -2.39 -0.99 18111993 12
  0.64  1.90  2.53  2.42  1.65  0.58 -0.64 -1.74 -2.36 -2.55 -2.13 -0.98 19111993 00
  0.54  1.81  2.57  2.72  2.21  1.22 -0.00 -1.23 -2.04 -2.54 -2.63 -2.05 19111993 12
 -0.84  0.51  1.53  2.02  1.88  1.22  0.29 -0.75 -1.63 -2.07 -2.15 -1.76 20111993 00
 -0.84  0.42  1.48  2.12  2.18  1.70  0.86 -0.16 -1.17 -1.84 -2.23 -2.28 20111993 12
 -1.77 -0.74  0.41  1.29  1.71  1.59  1.09  0.33 -0.56 -1.32 -1.72 -1.81 21111993 00
 -1.49 -0.75  0.26  1.18  1.75  1.85  1.50  0.81 -0.06 -0.94 -1.55 -1.91 21111993 12
 -2.00 -1.62 -0.81  0.19  1.02  1.45  1.43  1.07  0.44 -0.31 -1.02 -1.44 22111993 00
 -1.58 -1.42 -0.85  0.02  0.90  1.50  1.66  1.40  0.82  0.06 -0.77 -1.41 22111993 12
 -1.79 -1.92 -1.63 -0.90  0.09  0.96  1.47  1.52  1.23  0.65 -0.08 -0.82 23111993 00
 -1.30 -1.51 -1.44 -0.94 -0.11  0.81  1.48  1.71  1.53  0.99  0.23 -0.64 23111993 12
 -1.34 -1.77 -1.93 -1.64 -0.85  0.22  1.15  1.69  1.77  1.45  0.80 -0.00 24111993 00
 -0.84 -1.39 -1.67 -1.63 -1.08 -0.13  0.87  1.58  1.83  1.64  1.06  0.26 24111993 12
 -0.71 -1.50 -1.95 -2.06 -1.62 -0.67  0.50  1.48  2.04  2.07  1.63  0.86 25111993 00
 -0.07 -0.97 -1.55 -1.82 -1.68 -0.96  0.11  1.20  1.92  2.05  1.64  0.79 25111993 12
 -0.23 -1.30 -2.06 -2.47 -2.45 -1.82 -0.64  0.68  1.66  2.14  2.01  1.32 26111993 00
  0.34 -0.76 -1.69 -2.22 -2.37 -1.99 -0.99  0.35  1.48  2.12  2.14  1.54 26111993 12
  0.54 -0.61 -1.69 -2.36 -2.61 -2.30 -1.32  0.12  1.45  2.32  2.57  2.15 27111993 00
  1.20  0.05 -1.17 -2.04 -2.49 -2.47 -1.77 -0.45  1.01  2.05  2.48  2.19 27111993 12
  1.28  0.11 -1.16 -2.19 -2.74 -2.76 -2.09 -0.75  0.81  2.03  2.70  2.68 28111993 00
  1.94  0.78 -0.57 -1.78 -2.48 -2.72 -2.37 -1.26  0.31  1.69  2.52  2.73 28111993 12
  2.16  1.00 -0.35 -1.70 -2.56 -2.91 -2.69 -1.70 -0.08  1.51  2.52  2.90 29111993 00
  2.55  1.61  0.28 -1.24 -2.26 -2.56 -2.33 -1.57 -0.18  1.44  2.67  3.22 29111993 12
  2.92  1.91  0.64 -0.82 -1.94 -2.60 -2.84 -2.30 -0.85  0.94  2.34  3.14 30111993 00
  3.18  2.38  1.16 -0.31 -1.65 -2.48 -2.90 -2.73 -1.63  0.09  1.72  2.74 30111993 12
  3.03  2.45  1.27 -0.09 -1.48 -2.40 -2.84 -2.72 -1.74 -0.00  1.80  3.04 01121993 00
  3.56  3.20  2.11  0.76 -0.78 -1.91 -2.59 -2.86 -2.32 -0.86  0.94  2.38 01121993 12
  3.14  3.11  2.26  1.03 -0.40 -1.65 -2.39 -2.71 -2.37 -1.09  0.71  2.27 02121993 00
  3.16  3.30  2.62  1.43 -0.01 -1.42 -2.32 -2.79 -2.72 -1.79 -0.16  1.53 02121993 12
  2.72  3.17  2.85  1.87  0.62 -0.82 -1.90 -2.48 -2.58 -1.90 -0.44  1.25 03121993 00
  2.56  3.21  3.10  2.23  1.04 -0.37 -1.57 -2.30 -2.57 -2.16 -0.91  0.77 03121993 12
  2.23  3.14  3.35  2.82  1.81  0.52 -0.79 -1.67 -2.15 -2.21 -1.51 -0.16 04121993 00
  1.36  2.45  2.81  2.45  1.46  0.26 -1.07 -2.05 -2.59 -2.73 -2.21 -0.98 04121993 12
  0.58  1.86  2.60  2.66  2.04  0.98 -0.24 -1.35 -2.00 -2.29 -2.11 -1.19 05121993 00
  0.24  1.62  2.53  2.78  2.32  1.34  0.14 -1.14 -2.04 -2.56 -2.70 -2.22 05121993 12
 -1.05  0.41  1.59  2.26  2.28  1.68  0.74 -0.33 -1.30 -1.86 -2.05 -1.78 06121993 00
 -0.86  0.48  1.72  2.53  2.75  2.35  1.47  0.34 -0.81 -1.57 -2.05 -2.24 06121993 12
 -1.79 -0.71  0.63  1.76  2.34  2.32  1.77  0.87 -0.22 -1.22 -1.81 -2.05 07121993 00
 -1.83 -1.02  0.21  1.47  2.35  2.63  2.35  1.60  0.63 -0.49 -1.34 -1.94 07121993 12
 -2.28 -2.07 -1.14  0.13  1.31  2.05  2.21  1.90  1.23  0.36 -0.59 -1.21 08121993 00
 -1.48 -1.38 -0.65  0.64  2.01  3.05  3.48  3.35  2.84  1.91  0.68 -0.41 08121993 12
 -1.18 -1.64 -1.55 -0.76  0.35  1.38  2.16  2.47  2.15  1.42  0.43 -0.67 09121993 00
 -1.45 -1.92 -2.07 -1.63 -0.52  0.80  1.88  2.45  2.44  1.84  0.90 -0.28 09121993 12
 -1.41 -2.16 -2.55 -2.36 -1.31  0.36  1.92  2.89  3.23  2.92  2.08  0.89 10121993 00
 -0.52 -1.54 -2.15 -2.37 -1.94 -0.78  0.75  2.14  2.93  2.99  2.36  1.29 10121993 12
 -0.01 -1.26 -2.06 -2.44 -2.36 -1.53 -0.01  1.64  2.82  3.27  2.94  1.89 11121993 00
  0.58 -0.87 -1.96 -2.63 -2.92 -2.50 -1.15  0.62  2.07  2.89  2.94  2.17 11121993 12
  0.94 -0.52 -1.91 -2.79 -3.21 -2.97 -1.79  0.04  1.73  2.86  3.29  2.91 12121993 00
  1.81  0.40 -1.11 -2.17 -2.79 -2.91 -2.18 -0.52  1.37  2.80  3.55  3.44 12121993 12
  2.48  1.14 -0.47 -1.84 -2.66 -3.03 -2.68 -1.28  0.67  2.34  3.34  3.53 13121993 00
  2.75  1.43 -0.14 -1.74 -2.89 -3.59 -3.70 -2.86 -1.03  0.97  2.39  3.01 13121993 12
  2.79  1.66  0.20 -1.32 -2.54 -3.20 -3.29 -2.54 -0.84  1.22  2.79  3.69 14121993 00
  3.73  2.79  1.41 -0.27 -1.68 -2.50 -2.87 -2.53 -1.15  0.83  2.59  3.71 14121993 12
  3.99  3.30  2.03  0.44 -1.14 -2.24 -2.93 -3.05 -2.06 -0.12  1.93  3.31 15121993 00
  3.96  3.72  2.62  1.21 -0.49 -1.76 -2.54 -2.85 -2.36 -0.84  1.08  2.65 15121993 12
  3.57  3.62  2.75  1.46 -0.11 -1.52 -2.39 -2.82 -2.66 -1.40  0.57  2.33 16121993 00
  3.44  3.77  3.16  1.98  0.47 -1.19 -2.33 -2.98 -3.15 -2.42 -0.79  1.07 16121993 12
  2.46  3.16  3.03  2.04  0.78 -0.68 -1.91 -2.61 -2.86 -2.39 -0.95  0.92 17121993 00
  2.40  3.25  3.34  2.56  1.36 -0.12 -1.51 -2.40 -2.88 -2.81 -1.86 -0.20 17121993 12
  1.48  2.60  3.01  2.61  1.60  0.39 -0.97 -1.93 -2.37 -2.28 -1.43  0.09 18121993 00
  1.68  2.84  3.37  3.19  2.34  1.18 -0.22 -1.29 -1.95 -2.23 -1.92 -0.80 18121993 12
  0.72  2.05  2.90  3.11  2.66  1.74  0.52 -0.68 -1.42 -1.77 -1.72 -0.91 19121993 00
  0.47  1.77  2.63  2.84  2.43  1.48  0.28 -0.95 -1.79 -2.26 -2.37 -1.87 19121993 12
 -0.80  0.48  1.54  2.11  2.11  1.60  0.79 -0.20 -1.16 -1.72 -1.94 -1.72 20121993 00
 -0.93  0.25  1.38  2.13  2.33  2.02  1.30  0.39 -0.61 -1.31 -1.67 -1.74 20121993 12
 -1.31 -0.39  0.68  1.50  1.84  1.67  1.10  0.36 -0.49 -1.22 -1.59 -1.62 21121993 00
 -1.23 -0.38  0.71  1.71  2.26  2.28  1.81  1.11  0.20 -0.71 -1.36 -1.79 21121993 12
 -1.91 -1.47 -0.59  0.45  1.30  1.70  1.72  1.44  0.96  0.31 -0.30 -0.63 22121993 00
 -0.74 -0.68 -0.25  0.45  1.09  1.48  1.51  1.19  0.57 -0.18 -0.93 -1.50 22121993 12
 -1.82 -1.84 -1.38 -0.49  0.53  1.32  1.72  1.76  1.48  0.94  0.22 -0.47 23121993 00
 -0.91 -1.07 -0.95 -0.43  0.41  1.22  1.75  1.89  1.61  1.03  0.30 -0.54 23121993 12
 -1.23 -1.71 -1.90 -1.60 -0.86  0.07  0.92  1.48  1.55  1.25  0.66 -0.13 24121993 00
 -0.91 -1.41 -1.60 -1.50 -1.00 -0.16  0.75  1.44  1.70  1.53  1.00  0.23 24121993 12
 -0.64 -1.35 -1.76 -1.85 -1.43 -0.51  0.59  1.50  2.00  2.01  1.56  0.81 25121993 00
 -0.12 -1.01 -1.58 -1.87 -1.79 -1.15 -0.11  0.96  1.71  1.91  1.61  0.91 25121993 12
  0.01 -0.99 -1.74 -2.12 -2.10 -1.55 -0.47  0.79  1.75  2.21  2.11  1.51 26121993 00
  0.61 -0.44 -1.37 -1.94 -2.19 -1.92 -1.01  0.29  1.46  2.15  2.24  1.75 26121993 12
  0.84 -0.24 -1.34 -2.07 -2.41 -2.24 -1.39 -0.05  1.30  2.24  2.59  2.29 27121993 00
  1.44  0.33 -0.93 -1.89 -2.42 -2.51 -1.97 -0.74  0.76  1.95  2.56  2.47 27121993 12
  1.71  0.60 -0.65 -1.77 -2.37 -2.44 -1.86 -0.64  0.97  2.33  3.11  3.19 28121993 00
  2.53  1.38 -0.02 -1.35 -2.21 -2.67 -2.61 -1.70 -0.13  1.46  2.55  2.96 28121993 12
  2.59  1.58  0.32 -1.06 -2.04 -2.50 -2.45 -1.60  0.04  1.85  3.15  3.73 29121993 00
  3.48  2.48  1.15 -0.42 -1.60 -2.37 -2.79 -2.46 -1.08  0.77  2.32  3.18 29121993 12
  3.28  2.52  1.28 -0.15 -1.46 -2.25 -2.62 -2.38 -1.17  0.64  2.29  3.34 30121993 00
  3.62  3.02  1.79  0.24 -1.33 -2.39 -3.01 -3.10 -2.26 -0.52  1.42  2.79 30121993 12
  3.45  3.23  2.19  0.89 -0.68 -1.93 -2.66 -2.92 -2.39 -0.84  1.12  2.67 31121993 00
  3.53  3.53  2.59  1.23 -0.38 -1.82 -2.73 -3.21 -3.05 -1.84  0.09  1.87 31121993 12
