Parameter Z: CS3 Location ( 52, 86) Lat 53.500 Lon -3.417
 -1.08 -1.11 -0.74  0.05  0.96  1.70  2.02  1.86  1.36  0.61 -0.29 -0.97 01012004 00
 -1.36 -1.54 -1.34 -0.62  0.28  1.14  1.63  1.66  1.28  0.63 -0.19 -0.99 01012004 12
 -1.56 -1.92 -2.02 -1.66 -0.85  0.13  0.93  1.38  1.37  1.03  0.39 -0.38 02012004 00
 -1.11 -1.56 -1.70 -1.51 -0.89  0.01  0.88  1.46  1.61  1.31  0.68 -0.12 02012004 12
 -0.97 -1.60 -1.93 -1.94 -1.45 -0.52  0.58  1.45  1.89  1.85  1.41  0.66 03012004 00
 -0.26 -1.09 -1.58 -1.80 -1.65 -0.98  0.02  0.99  1.61  1.73  1.38  0.69 03012004 12
 -0.17 -1.09 -1.73 -2.04 -1.97 -1.39 -0.36  0.79  1.65  2.02  1.86  1.24 04012004 00
  0.38 -0.62 -1.45 -1.90 -2.02 -1.63 -0.71  0.48  1.50  2.08  2.11  1.60 04012004 12
  0.71 -0.33 -1.30 -1.90 -2.16 -1.95 -1.10  0.17  1.38  2.20  2.44  2.11 05012004 00
  1.32  0.31 -0.81 -1.60 -1.98 -1.96 -1.33 -0.16  1.12  2.09  2.48  2.24 05012004 12
  1.44  0.41 -0.74 -1.62 -2.12 -2.25 -1.74 -0.55  0.89  2.07  2.72  2.73 06012004 00
  2.12  1.14 -0.09 -1.22 -1.95 -2.34 -2.21 -1.29  0.10  1.42  2.27  2.46 06012004 12
  1.97  1.01 -0.14 -1.33 -2.11 -2.44 -2.24 -1.33  0.14  1.61  2.64  3.06 07012004 00
  2.79  1.93  0.77 -0.58 -1.59 -2.15 -2.29 -1.68 -0.32  1.23  2.42  3.01 07012004 12
  2.91  2.13  1.02 -0.35 -1.53 -2.23 -2.49 -2.04 -0.75  0.90  2.32  3.19 08012004 00
  3.36  2.78  1.71  0.34 -1.01 -1.87 -2.27 -2.20 -1.29  0.26  1.80  2.82 08012004 12
  3.13  2.69  1.64  0.39 -0.97 -1.92 -2.42 -2.44 -1.63 -0.08  1.60  2.84 09012004 00
  3.40  3.16  2.24  1.01 -0.46 -1.63 -2.34 -2.66 -2.30 -1.04  0.63  2.03 09012004 12
  2.84  2.88  2.09  0.89 -0.42 -1.64 -2.36 -2.63 -2.26 -1.05  0.65  2.13 10012004 00
  3.06  3.30  2.72  1.59  0.22 -1.18 -2.10 -2.59 -2.59 -1.75 -0.18  1.50 10012004 12
  2.71  3.20  2.91  1.95  0.74 -0.65 -1.62 -2.10 -2.21 -1.61 -0.18  1.48 11012004 00
  2.80  3.49  3.41  2.58  1.39 -0.10 -1.30 -2.01 -2.37 -2.20 -1.11  0.52 11012004 12
  2.00  2.90  3.07  2.47  1.39  0.08 -1.23 -2.04 -2.41 -2.24 -1.20  0.43 12012004 00
  2.01  3.06  3.39  2.93  1.85  0.54 -0.87 -1.87 -2.46 -2.63 -2.06 -0.66 12012004 12
  1.15  2.61  3.24  3.27  2.58  1.59  0.33 -0.80 -1.37 -1.56 -1.34 -0.39 13012004 00
  0.97  2.23  3.03  3.12  2.48  1.44  0.12 -1.09 -1.88 -2.31 -2.29 -1.43 13012004 12
 -0.00  1.41  2.46  2.86  2.60  1.78  0.70 -0.54 -1.46 -1.97 -2.11 -1.62 14012004 00
 -0.40  1.05  2.21  2.85  2.82  2.12  1.10 -0.15 -1.24 -1.94 -2.32 -2.24 14012004 12
 -1.44 -0.13  1.22  2.19  2.56  2.31  1.52  0.51 -0.61 -1.44 -1.88 -1.98 15012004 00
 -1.47 -0.27  1.15  2.27  2.84  2.82  2.24  1.32  0.15 -0.89 -1.54 -1.92 15012004 12
 -1.91 -1.21  0.02  1.29  2.19  2.55  2.37  1.71  0.78 -0.37 -1.23 -1.66 16012004 00
 -1.78 -1.44 -0.53  0.65  1.69  2.27  2.33  1.85  1.04  0.01 -0.99 -1.69 16012004 12
 -2.09 -2.14 -1.56 -0.45  0.79  1.76  2.23  2.12  1.56  0.73 -0.29 -1.20 17012004 00
 -1.75 -2.00 -1.81 -0.99  0.19  1.33  2.09  2.25  1.87  1.07  0.07 -1.03 17012004 12
 -1.84 -2.35 -2.52 -2.11 -1.05  0.30  1.44  2.13  2.20  1.73  0.87 -0.17 18012004 00
 -1.20 -1.87 -2.22 -2.16 -1.46 -0.22  1.11  2.09  2.52  2.33  1.62  0.62 18012004 12
 -0.58 -1.58 -2.18 -2.44 -2.13 -1.08  0.37  1.67  2.51  2.75  2.31  1.35 19012004 00
  0.15 -1.09 -1.92 -2.37 -2.43 -1.78 -0.41  1.15  2.32  2.86  2.69  1.85 19012004 12
  0.68 -0.69 -1.81 -2.47 -2.78 -2.46 -1.29  0.38  1.88  2.82  3.03  2.46 20012004 00
  1.35  0.00 -1.39 -2.34 -2.88 -2.94 -2.17 -0.59  1.16  2.44  3.05  2.83 20012004 12
  1.85  0.57 -0.92 -2.13 -2.84 -3.12 -2.68 -1.25  0.63  2.20  3.12  3.28 21012004 00
  2.52  1.25 -0.28 -1.75 -2.73 -3.27 -3.24 -2.24 -0.40  1.44  2.73  3.30 21012004 12
  2.96  1.83  0.44 -1.14 -2.32 -2.95 -3.05 -2.28 -0.52  1.49  2.97  3.76 22012004 00
  3.68  2.67  1.25 -0.48 -1.93 -2.86 -3.40 -3.28 -2.05 -0.08  1.80  3.00 22012004 12
  3.41  2.84  1.52  0.03 -1.58 -2.69 -3.25 -3.20 -2.16 -0.22  1.78  3.15 23012004 00
  3.83  3.53  2.35  0.87 -0.89 -2.21 -3.00 -3.36 -2.92 -1.38  0.66  2.36 23012004 12
  3.30  3.43  2.55  1.14 -0.45 -1.95 -2.86 -3.28 -3.01 -1.65  0.42  2.26 24012004 00
  3.43  3.82  3.21  1.91  0.32 -1.37 -2.53 -3.21 -3.39 -2.65 -0.92  1.09 24012004 12
  2.57  3.29  3.13  2.04  0.63 -0.97 -2.25 -2.98 -3.20 -2.64 -1.08  0.91 25012004 00
  2.51  3.41  3.51  2.65  1.31 -0.29 -1.77 -2.72 -3.24 -3.16 -2.09 -0.25 25012004 12
  1.52  2.69  3.13  2.64  1.47  0.12 -1.35 -2.39 -2.90 -2.88 -2.05 -0.42 26012004 00
  1.37  2.65  3.29  3.08  2.06  0.76 -0.74 -1.96 -2.69 -3.01 -2.69 -1.46 26012004 12
  0.23  1.69  2.56  2.71  2.04  0.91 -0.36 -1.60 -2.36 -2.65 -2.39 -1.39 27012004 00
  0.18  1.66  2.62  2.94  2.51  1.52  0.31 -0.97 -1.82 -2.23 -2.30 -1.88 27012004 12
 -0.78  0.70  1.84  2.34  2.20  1.50  0.46 -0.63 -1.53 -2.02 -2.15 -1.73 28012004 00
 -0.76  0.57  1.88  2.59  2.56  2.03  1.16  0.09 -1.00 -1.72 -2.11 -2.15 28012004 12
 -1.59 -0.52  0.64  1.50  1.89  1.72  1.16  0.39 -0.49 -1.20 -1.53 -1.54 29012004 00
 -1.14 -0.25  0.84  1.73  2.13  2.04  1.46  0.71 -0.21 -1.03 -1.53 -1.77 29012004 12
 -1.64 -0.99  0.00  1.01  1.69  1.90  1.72  1.22  0.52 -0.30 -0.90 -1.20 30012004 00
 -1.25 -0.93 -0.17  0.72  1.51  1.88  1.87  1.50  0.92  0.20 -0.48 -0.92 30012004 12
 -1.17 -1.12 -0.63  0.13  0.88  1.46  1.75  1.71  1.42  0.90  0.24 -0.33 31012004 00
 -0.68 -0.77 -0.49  0.14  0.87  1.49  1.88  1.99  1.80  1.17  0.35 -0.37 31012004 12
 -0.90 -1.25 -1.32 -0.96 -0.22  0.54  1.14  1.45  1.55  1.35  0.96  0.34 01022004 00
 -0.31 -0.75 -0.98 -0.93 -0.46  0.36  1.20  1.78  2.00  1.74  1.21  0.57 01022004 12
 -0.21 -0.92 -1.38 -1.52 -1.29 -0.62  0.27  1.19  1.75  1.90  1.72  1.21 02022004 00
  0.48 -0.35 -0.93 -1.22 -1.21 -0.78  0.04  0.92  1.62  1.95  1.88  1.38 02022004 12
  0.70 -0.08 -0.77 -1.19 -1.31 -0.94 -0.02  1.02  1.92  2.46  2.57  2.19 03022004 00
  1.48  0.55 -0.31 -0.91 -1.25 -1.17 -0.52  0.51  1.49  2.13  2.24  1.85 03022004 12
  1.12  0.14 -0.88 -1.62 -2.03 -2.05 -1.44 -0.28  1.05  2.08  2.57  2.52 04022004 00
  1.92  0.99 -0.16 -1.14 -1.72 -1.95 -1.66 -0.66  0.69  1.89  2.57  2.59 04022004 12
  1.99  1.01 -0.16 -1.26 -1.96 -2.26 -2.01 -1.00  0.46  1.83  2.73  2.96 05022004 00
  2.50  1.50  0.23 -1.11 -2.02 -2.50 -2.53 -1.79 -0.35  1.24  2.39  2.90 05022004 12
  2.67  1.77  0.59 -0.77 -1.81 -2.37 -2.51 -1.95 -0.56  1.14  2.47  3.17 06022004 00
  3.11  2.24  1.01 -0.42 -1.64 -2.39 -2.73 -2.43 -1.21  0.54  2.12  3.07 06022004 12
  3.30  2.68  1.49  0.05 -1.41 -2.34 -2.79 -2.65 -1.55  0.22  1.94  3.07 07022004 00
  3.47  2.99  1.83  0.40 -1.16 -2.23 -2.81 -2.87 -2.02 -0.35  1.46  2.91 07022004 12
  3.67  3.65  2.64  1.15 -0.49 -1.69 -2.38 -2.69 -2.39 -1.04  0.83  2.36 08022004 00
  3.18  3.19  2.26  0.87 -0.74 -2.19 -3.11 -3.56 -3.37 -2.18 -0.26  1.56 08022004 12
  2.71  3.13  2.58  1.28 -0.19 -1.73 -2.77 -3.25 -3.14 -2.11 -0.26  1.62 09022004 00
  2.89  3.45  3.04  1.82  0.36 -1.30 -2.55 -3.28 -3.53 -2.95 -1.35  0.66 09022004 12
  2.19  3.02  3.04  2.15  0.78 -0.73 -2.08 -2.86 -3.13 -2.65 -1.21  0.73 10022004 00
  2.35  3.31  3.46  2.67  1.36 -0.22 -1.71 -2.68 -3.22 -3.24 -2.32 -0.57 10022004 12
  1.23  2.48  3.00  2.62  1.47  0.11 -1.37 -2.48 -3.05 -3.09 -2.35 -0.76 11022004 00
  1.09  2.43  3.14  3.02  2.02  0.70 -0.81 -2.09 -2.88 -3.24 -2.97 -1.77 11022004 12
 -0.02  1.54  2.48  2.73  2.12  0.95 -0.36 -1.69 -2.55 -2.93 -2.76 -1.82 12022004 00
 -0.23  1.37  2.45  2.91  2.56  1.55  0.32 -1.06 -2.11 -2.70 -2.89 -2.47 12022004 12
 -1.26  0.30  1.59  2.32  2.36  1.69  0.64 -0.54 -1.64 -2.30 -2.57 -2.32 13022004 00
 -1.41 -0.01  1.33  2.23  2.51  2.11  1.20  0.10 -1.09 -1.95 -2.44 -2.59 13022004 12
 -2.17 -1.11  0.24  1.35  1.96  1.95  1.41  0.53 -0.49 -1.43 -2.01 -2.26 14022004 00
 -2.09 -1.36 -0.20  0.97  1.79  2.08  1.83  1.13  0.23 -0.78 -1.57 -2.03 14022004 12
 -2.22 -1.94 -1.12  0.02  1.03  1.67  1.78  1.46  0.78 -0.08 -0.98 -1.62 15022004 00
 -1.98 -2.03 -1.60 -0.70  0.41  1.32  1.80  1.78  1.35  0.62 -0.28 -1.15 15022004 12
 -1.73 -2.07 -2.05 -1.49 -0.48  0.60  1.43  1.80  1.70  1.21  0.43 -0.51 16022004 00
 -1.35 -1.89 -2.17 -2.04 -1.33 -0.20  0.91  1.68  1.96  1.73  1.07  0.16 16022004 12
 -0.85 -1.67 -2.16 -2.34 -2.01 -1.07  0.21  1.31  1.98  2.09  1.64  0.78 17022004 00
 -0.28 -1.39 -2.16 -2.60 -2.61 -2.00 -0.79  0.61  1.67  2.20  2.05  1.35 17022004 12
  0.32 -0.85 -1.87 -2.48 -2.70 -2.36 -1.29  0.23  1.58  2.42  2.60  2.07 18022004 00
  1.03 -0.25 -1.55 -2.47 -2.98 -2.99 -2.25 -0.79  0.85  2.06  2.67  2.47 18022004 12
  1.57  0.35 -1.03 -2.18 -2.84 -3.04 -2.54 -1.16  0.59  2.04  2.89  2.98 19022004 00
  2.20  0.93 -0.56 -1.95 -2.88 -3.38 -3.31 -2.31 -0.53  1.24  2.46  2.95 19022004 12
  2.53  1.35 -0.05 -1.55 -2.69 -3.29 -3.32 -2.50 -0.77  1.17  2.56  3.28 20022004 00
  3.12  2.03  0.59 -1.07 -2.45 -3.31 -3.68 -3.36 -1.98  0.06  1.83  2.86 20022004 12
  3.15  2.43  1.02 -0.50 -2.02 -3.01 -3.45 -3.22 -1.97  0.05  1.94  3.16 21022004 00
  3.63  3.08  1.71  0.12 -1.62 -2.84 -3.55 -3.76 -3.10 -1.31  0.77  2.36 21022004 12
  3.14  3.04  1.93  0.40 -1.20 -2.59 -3.39 -3.62 -3.04 -1.43  0.70  2.36 22022004 00
  3.29  3.40  2.47  0.98 -0.68 -2.24 -3.24 -3.75 -3.61 -2.43 -0.41  1.55 22022004 12
  2.75  3.20  2.69  1.35 -0.16 -1.75 -2.85 -3.39 -3.32 -2.32 -0.41  1.53 23022004 00
  2.87  3.49  3.16  1.96  0.48 -1.20 -2.48 -3.22 -3.46 -2.92 -1.36  0.68 23022004 12
  2.26  3.11  3.14  2.22  0.84 -0.68 -2.05 -2.84 -3.12 -2.72 -1.39  0.53 24022004 00
  2.16  3.14  3.34  2.63  1.38 -0.09 -1.55 -2.51 -3.02 -2.98 -2.08 -0.42 24022004 12
  1.30  2.48  2.97  2.56  1.40  0.07 -1.34 -2.35 -2.86 -2.88 -2.18 -0.67 25022004 00
  1.06  2.35  3.01  2.85  1.92  0.71 -0.68 -1.84 -2.49 -2.75 -2.39 -1.23 25022004 12
  0.39  1.74  2.55  2.62  1.93  0.85 -0.35 -1.50 -2.21 -2.48 -2.22 -1.27 26022004 00
  0.16  1.50  2.38  2.63  2.16  1.21  0.08 -1.11 -1.95 -2.36 -2.35 -1.75 26022004 12
 -0.63  0.67  1.69  2.16  1.95  1.26  0.32 -0.72 -1.57 -2.01 -2.11 -1.75 27022004 00
 -0.85  0.38  1.39  1.96  1.95  1.40  0.56 -0.34 -1.21 -1.74 -1.96 -1.80 27022004 12
 -1.16 -0.13  0.87  1.56  1.76  1.48  0.87  0.09 -0.74 -1.33 -1.60 -1.60 28022004 00
 -1.22 -0.46  0.45  1.17  1.47  1.36  0.91  0.28 -0.47 -1.10 -1.46 -1.60 28022004 12
 -1.43 -0.87 -0.08  0.69  1.18  1.30  1.13  0.71  0.13 -0.50 -0.98 -1.24 29022004 00
 -1.32 -1.09 -0.55  0.11  0.69  0.95  0.93  0.66  0.24 -0.29 -0.82 -1.17 29022004 12
 -1.35 -1.32 -0.97 -0.39  0.26  0.76  0.99  1.00  0.78  0.36 -0.18 -0.69 01032004 00
 -1.06 -1.25 -1.24 -0.91 -0.37  0.21  0.65  0.82  0.79  0.51  0.07 -0.48 01032004 12
 -0.97 -1.29 -1.43 -1.27 -0.78 -0.12  0.59  1.07  1.27  1.20  0.84  0.29 02032004 00
 -0.37 -0.93 -1.28 -1.40 -1.19 -0.62  0.14  0.88  1.30  1.41  1.20  0.70 02032004 12
  0.01 -0.72 -1.23 -1.46 -1.37 -0.80  0.08  1.02  1.71  1.96  1.80  1.29 03032004 00
  0.54 -0.37 -1.13 -1.61 -1.82 -1.54 -0.73  0.29  1.22  1.77  1.82  1.43 03032004 12
  0.68 -0.26 -1.19 -1.79 -2.04 -1.82 -1.02  0.16  1.31  2.08  2.28  1.92 04032004 00
  1.11  0.07 -1.04 -1.85 -2.30 -2.35 -1.78 -0.59  0.80  1.86  2.36  2.18 04032004 12
  1.42  0.35 -0.85 -1.85 -2.40 -2.51 -2.01 -0.83  0.69  1.93  2.62  2.60 05032004 00
  1.88  0.73 -0.59 -1.80 -2.56 -2.91 -2.67 -1.60  0.03  1.55  2.52  2.80 05032004 12
  2.26  1.13 -0.18 -1.54 -2.46 -2.90 -2.78 -1.82 -0.15  1.55  2.67  3.14 06032004 00
  2.73  1.58  0.18 -1.36 -2.49 -3.12 -3.26 -2.58 -0.97  0.94  2.37  3.12 06032004 12
  3.03  2.00  0.62 -0.93 -2.25 -3.01 -3.26 -2.77 -1.29  0.69  2.31  3.22 07032004 00
  3.33  2.43  1.00 -0.63 -2.16 -3.14 -3.64 -3.51 -2.34 -0.33  1.63  2.85 07032004 12
  3.28  2.74  1.37 -0.18 -1.82 -2.96 -3.54 -3.50 -2.47 -0.49  1.54  2.93 08032004 00
  3.55  3.20  1.91  0.34 -1.42 -2.76 -3.56 -3.85 -3.28 -1.55  0.64  2.34 08032004 12
  3.26  3.30  2.28  0.73 -0.92 -2.43 -3.34 -3.70 -3.27 -1.75  0.44  2.30 09032004 00
  3.36  3.63  2.83  1.32 -0.37 -2.05 -3.15 -3.77 -3.79 -2.74 -0.69  1.43 09032004 12
  2.83  3.39  3.01  1.67  0.11 -1.57 -2.83 -3.52 -3.61 -2.78 -0.89  1.24 10032004 00
  2.77  3.53  3.38  2.24  0.72 -1.00 -2.43 -3.31 -3.69 -3.32 -1.86  0.24 10032004 12
  2.03  3.05  3.29  2.53  1.12 -0.43 -1.96 -2.92 -3.35 -3.13 -1.89  0.09 11032004 00
  1.93  3.13  3.59  3.12  1.91  0.45 -1.18 -2.33 -2.98 -3.13 -2.43 -0.83 11032004 12
  0.99  2.35  3.05  2.92  1.95  0.64 -0.85 -2.09 -2.79 -3.03 -2.59 -1.20 12032004 00
  0.62  2.13  3.02  3.18  2.53  1.41  0.04 -1.31 -2.18 -2.64 -2.61 -1.79 12032004 12
 -0.29  1.27  2.38  2.82  2.51  1.60  0.45 -0.83 -1.81 -2.34 -2.47 -1.99 13032004 00
 -0.79  0.71  1.94  2.66  2.72  2.13  1.17  0.02 -1.07 -1.73 -2.07 -2.02 13032004 12
 -1.30 -0.08  1.15  2.02  2.33  2.09  1.42  0.55 -0.45 -1.18 -1.55 -1.64 14032004 00
 -1.21 -0.27  0.85  1.86  2.45  2.53  2.09  1.33  0.36 -0.52 -1.11 -1.47 14032004 12
 -1.57 -1.18 -0.34  0.60  1.39  1.78  1.80  1.39  0.72 -0.13 -0.91 -1.43 15032004 00
 -1.71 -1.65 -1.06 -0.12  0.86  1.62  1.96  1.91  1.52  0.88  0.04 -0.72 15032004 12
 -1.26 -1.57 -1.52 -0.93 -0.04  0.89  1.58  1.87  1.82  1.37  0.66 -0.21 16032004 00
 -0.99 -1.53 -1.79 -1.58 -0.83  0.17  1.16  1.82  2.05  1.91  1.38  0.58 16032004 12
 -0.36 -1.13 -1.63 -1.85 -1.51 -0.59  0.56  1.59  2.17  2.22  1.75  0.90 17032004 00
 -0.15 -1.18 -1.89 -2.32 -2.36 -1.76 -0.59  0.72  1.74  2.23  2.11  1.43 17032004 12
  0.44 -0.69 -1.65 -2.21 -2.39 -1.97 -0.87  0.60  1.85  2.62  2.71  2.14 18032004 00
  1.13 -0.10 -1.28 -2.03 -2.44 -2.41 -1.59 -0.11  1.45  2.54  2.98  2.67 18032004 12
  1.73  0.47 -0.95 -1.99 -2.54 -2.63 -1.91 -0.31  1.65  3.23  4.02  3.84 19032004 00
  2.80  1.46 -0.19 -1.53 -2.39 -2.88 -2.77 -1.67  0.03  1.67  2.74  3.07 19032004 12
  2.53  1.33 -0.05 -1.45 -2.34 -2.69 -2.41 -1.29  0.48  2.20  3.42  3.93 20032004 00
  3.60  2.61  1.18 -0.46 -1.58 -2.21 -2.41 -1.83 -0.27  1.55  2.99  3.66 20032004 12
  3.48  2.43  1.03 -0.62 -1.90 -2.62 -2.86 -2.35 -0.84  1.15  2.77  3.70 21032004 00
  3.79  2.96  1.66  0.04 -1.47 -2.51 -3.12 -3.07 -1.90  0.08  1.95  3.13 21032004 12
  3.55  2.97  1.64  0.11 -1.52 -2.62 -3.16 -3.15 -2.20 -0.35  1.59  2.95 22032004 00
  3.60  3.27  2.04  0.58 -1.12 -2.42 -3.16 -3.41 -2.82 -1.18  0.89  2.48 22032004 12
  3.32  3.29  2.23  0.75 -0.88 -2.31 -3.15 -3.47 -3.06 -1.61  0.42  2.15 23032004 00
  3.14  3.35  2.57  1.18 -0.38 -1.94 -2.92 -3.39 -3.28 -2.19 -0.29  1.55 23032004 12
  2.74  3.18  2.64  1.34 -0.13 -1.67 -2.76 -3.32 -3.32 -2.46 -0.71  1.16 24032004 00
  2.47  3.08  2.82  1.72  0.33 -1.20 -2.41 -3.10 -3.28 -2.71 -1.22  0.67 24032004 12
  2.11  2.87  2.87  1.99  0.71 -0.70 -1.96 -2.70 -3.00 -2.68 -1.49  0.24 25032004 00
  1.72  2.61  2.76  2.04  0.82 -0.55 -1.88 -2.73 -3.13 -2.99 -2.07 -0.46 25032004 12
  1.10  2.17  2.61  2.23  1.21  0.02 -1.25 -2.19 -2.63 -2.61 -1.95 -0.65 26032004 00
  0.84  1.92  2.44  2.23  1.40  0.30 -0.91 -1.89 -2.40 -2.50 -2.04 -0.95 26032004 12
  0.47  1.62  2.28  2.28  1.66  0.70 -0.39 -1.40 -1.99 -2.23 -2.02 -1.23 27032004 00
 -0.01  1.15  1.89  2.06  1.66  0.86 -0.08 -1.06 -1.70 -1.97 -1.89 -1.33 27032004 12
 -0.31  0.81  1.63  1.97  1.78  1.19  0.40 -0.48 -1.18 -1.54 -1.64 -1.36 28032004 00
 -0.61  0.34  1.17  1.60  1.58  1.17  0.51 -0.26 -0.98 -1.41 -1.58 -1.47 28032004 12
 -0.97 -0.18  0.66  1.24  1.42  1.26  0.83  0.22 -0.47 -0.99 -1.28 -1.37 29032004 00
 -1.17 -0.61  0.08  0.72  1.04  1.07  0.82  0.40 -0.15 -0.69 -1.04 -1.22 29032004 12
 -1.23 -0.91 -0.34  0.30  0.79  1.02  1.01  0.79  0.37 -0.17 -0.69 -1.04 30032004 00
 -1.24 -1.23 -0.88 -0.34  0.26  0.71  0.92  0.93  0.75  0.37 -0.14 -0.61 30032004 12
 -0.92 -1.09 -1.04 -0.68 -0.12  0.50  0.95  1.17  1.13  0.82  0.30 -0.31 31032004 00
 -0.88 -1.25 -1.40 -1.24 -0.71 -0.01  0.72  1.20  1.39  1.29  0.91  0.30 31032004 12
 -0.40 -0.98 -1.31 -1.40 -1.07 -0.34  0.53  1.30  1.69  1.70  1.31  0.65 01042004 00
 -0.19 -1.01 -1.56 -1.81 -1.67 -0.99  0.02  1.05  1.76  2.00  1.79  1.18 01042004 12
  0.34 -0.62 -1.35 -1.72 -1.76 -1.24 -0.21  1.00  1.95  2.38  2.25  1.60 02042004 00
  0.64 -0.51 -1.48 -2.07 -2.29 -1.94 -0.92  0.46  1.68  2.42  2.54  2.02 02042004 12
  1.07 -0.07 -1.23 -1.98 -2.34 -2.17 -1.21  0.32  1.79  2.75  3.06  2.64 03042004 00
  1.63  0.35 -1.05 -2.02 -2.54 -2.61 -1.89 -0.41  1.26  2.52  3.14  2.98 03042004 12
  2.07  0.84 -0.60 -1.81 -2.52 -2.76 -2.26 -0.84  1.00  2.48  3.29  3.29 04042004 00
  2.42  1.11 -0.44 -1.81 -2.66 -3.06 -2.82 -1.58  0.34  2.10  3.24  3.56 04042004 12
  2.93  1.65  0.12 -1.48 -2.55 -3.09 -3.01 -1.92  0.04  2.02  3.34  3.91 05042004 00
  3.49  2.20  0.64 -1.12 -2.39 -3.17 -3.47 -2.85 -1.11  1.06  2.72  3.60 05042004 12
  3.61  2.52  1.00 -0.73 -2.23 -3.13 -3.52 -3.10 -1.49  0.77  2.65  3.74 06042004 00
  4.00  3.11  1.60 -0.15 -1.86 -3.00 -3.66 -3.71 -2.60 -0.44  1.75  3.15 06042004 12
  3.70  3.25  1.83  0.21 -1.56 -2.84 -3.56 -3.69 -2.85 -0.85  1.39  3.02 07042004 00
  3.84  3.67  2.43  0.83 -1.01 -2.50 -3.42 -3.84 -3.46 -1.87  0.43  2.34 07042004 12
  3.42  3.65  2.78  1.24 -0.46 -2.12 -3.17 -3.71 -3.59 -2.34 -0.19  1.91 08042004 00
  3.22  3.73  3.22  1.81  0.20 -1.55 -2.79 -3.50 -3.68 -2.92 -1.04  1.10 08042004 12
  2.65  3.43  3.31  2.19  0.70 -0.96 -2.36 -3.20 -3.53 -3.08 -1.59  0.49 09042004 00
  2.23  3.23  3.46  2.70  1.34 -0.20 -1.71 -2.68 -3.18 -3.13 -2.11 -0.29 09042004 12
  1.51  2.73  3.23  2.80  1.64  0.27 -1.26 -2.38 -3.01 -3.18 -2.60 -1.14 10042004 00
  0.66  2.05  2.84  2.86  2.06  0.87 -0.50 -1.74 -2.48 -2.79 -2.55 -1.52 10042004 12
  0.05  1.50  2.44  2.73  2.25  1.25  0.05 -1.22 -2.11 -2.59 -2.69 -2.15 11042004 00
 -0.91  0.56  1.70  2.32  2.26  1.62  0.67 -0.43 -1.42 -2.00 -2.26 -2.07 11042004 12
 -1.27 -0.04  1.14  1.92  2.15  1.81  1.06  0.12 -0.91 -1.68 -2.13 -2.29 12042004 00
 -1.96 -1.09  0.08  1.09  1.69  1.77  1.42  0.75 -0.08 -0.92 -1.48 -1.78 12042004 12
 -1.80 -1.35 -0.47  0.53  1.32  1.71  1.64  1.20  0.49 -0.38 -1.18 -1.72 13042004 00
 -2.04 -2.02 -1.49 -0.56  0.45  1.23  1.60  1.55  1.19  0.56 -0.22 -0.95 13042004 12
 -1.42 -1.65 -1.53 -0.92  0.01  0.97  1.65  1.89  1.72  1.16  0.35 -0.59 14042004 00
 -1.36 -1.86 -2.10 -1.86 -1.08  0.04  1.10  1.80  2.01  1.81  1.23  0.43 14042004 12
 -0.47 -1.16 -1.55 -1.63 -1.17 -0.17  0.97  1.91  2.35  2.27  1.67  0.75 15042004 00
 -0.38 -1.38 -2.05 -2.42 -2.29 -1.47 -0.17  1.13  2.02  2.36  2.10  1.35 15042004 12
  0.34 -0.80 -1.67 -2.10 -2.14 -1.57 -0.38  1.03  2.13  2.67  2.51  1.72 16042004 00
  0.61 -0.69 -1.79 -2.46 -2.77 -2.50 -1.42  0.14  1.56  2.46  2.71  2.21 16042004 12
  1.19 -0.04 -1.32 -2.15 -2.53 -2.40 -1.49  0.03  1.58  2.65  3.07  2.72 17042004 00
  1.73  0.46 -0.96 -2.00 -2.58 -2.68 -1.96 -0.42  1.37  2.74  3.44  3.33 17042004 12
  2.42  1.15 -0.34 -1.57 -2.32 -2.65 -2.26 -0.93  0.86  2.40  3.30  3.42 18042004 00
  2.70  1.47 -0.01 -1.41 -2.28 -2.72 -2.60 -1.54  0.22  1.96  3.11  3.50 18042004 12
  2.99  1.82  0.41 -1.10 -2.10 -2.60 -2.60 -1.76 -0.07  1.76  3.05  3.58 19042004 00
  3.27  2.17  0.79 -0.81 -2.02 -2.73 -2.97 -2.37 -0.77  1.14  2.64  3.44 19042004 12
  3.39  2.44  1.10 -0.50 -1.86 -2.66 -3.00 -2.62 -1.23  0.70  2.33  3.31 20042004 00
  3.48  2.71  1.42 -0.12 -1.62 -2.58 -3.06 -2.89 -1.69  0.26  2.05  3.18 20042004 12
  3.57  3.04  1.87  0.44 -1.13 -2.19 -2.75 -2.76 -1.84 -0.09  1.72  2.98 21042004 00
  3.53  3.21  2.15  0.79 -0.78 -1.97 -2.65 -2.84 -2.17 -0.56  1.34  2.78 21042004 12
  3.51  3.42  2.44  1.11 -0.48 -1.79 -2.58 -2.97 -2.70 -1.44  0.36  1.94 22042004 00
  2.88  3.05  2.35  1.12 -0.28 -1.66 -2.52 -2.92 -2.73 -1.68  0.02  1.66 22042004 12
  2.71  3.09  2.61  1.49  0.15 -1.29 -2.28 -2.79 -2.83 -2.10 -0.60  1.07 23042004 00
  2.29  2.84  2.61  1.65  0.41 -0.95 -2.03 -2.60 -2.71 -2.18 -0.90  0.71 23042004 12
  1.97  2.69  2.67  1.91  0.78 -0.51 -1.68 -2.37 -2.65 -2.39 -1.41  0.06 24042004 00
  1.39  2.22  2.41  1.89  0.89 -0.26 -1.41 -2.15 -2.47 -2.32 -1.54 -0.24 24042004 12
  1.11  2.04  2.40  2.09  1.25  0.20 -0.95 -1.81 -2.25 -2.32 -1.86 -0.84 25042004 00
  0.42  1.44  1.98  1.88  1.25  0.34 -0.65 -1.53 -1.99 -2.11 -1.79 -0.96 25042004 12
  0.21  1.25  1.88  1.97  1.55  0.78 -0.13 -1.04 -1.63 -1.91 -1.88 -1.35 26042004 00
 -0.42  0.60  1.37  1.67  1.47  0.91  0.18 -0.64 -1.27 -1.58 -1.63 -1.31 26042004 12
 -0.59  0.36  1.18  1.60  1.57  1.16  0.52 -0.24 -0.96 -1.43 -1.68 -1.66 27042004 00
 -1.23 -0.47  0.38  1.00  1.23  1.10  0.70  0.13 -0.50 -1.02 -1.28 -1.36 27042004 12
 -1.17 -0.65  0.09  0.77  1.15  1.20  0.94  0.44 -0.20 -0.86 -1.35 -1.65 28042004 00
 -1.73 -1.47 -0.86 -0.06  0.61  0.98  1.02  0.81  0.37 -0.18 -0.74 -1.11 28042004 12
 -1.28 -1.27 -0.93 -0.29  0.44  1.00  1.21  1.12  0.74  0.14 -0.56 -1.20 29042004 00
 -1.64 -1.86 -1.74 -1.19 -0.33  0.53  1.16  1.41  1.33  0.95  0.33 -0.41 29042004 12
 -1.04 -1.39 -1.48 -1.21 -0.57  0.30  1.11  1.56  1.57  1.16  0.46 -0.41 30042004 00
 -1.26 -1.86 -2.17 -2.08 -1.46 -0.39  0.73  1.55  1.90  1.75  1.19  0.36 30042004 12
 -0.60 -1.41 -1.85 -1.96 -1.56 -0.62  0.60  1.62  2.17  2.13  1.53  0.59 01052004 00
 -0.53 -1.58 -2.25 -2.57 -2.38 -1.47 -0.05  1.33  2.25  2.58  2.23  1.36 01052004 12
  0.26 -0.96 -1.85 -2.31 -2.34 -1.68 -0.34  1.19  2.32  2.84  2.61  1.71 02052004 00
  0.49 -0.90 -2.04 -2.71 -2.96 -2.53 -1.22  0.53  2.03  2.93  3.07  2.40 02052004 12
  1.23 -0.14 -1.48 -2.34 -2.74 -2.57 -1.49  0.28  1.98  3.07  3.40  2.84 03052004 00
  1.62  0.14 -1.42 -2.52 -3.16 -3.28 -2.48 -0.73  1.26  2.71  3.46  3.34 03052004 12
  2.29  0.91 -0.73 -2.02 -2.72 -2.87 -2.17 -0.49  1.56  3.14  4.05  4.08 04052004 00
  3.11  1.68 -0.12 -1.65 -2.66 -3.26 -3.20 -1.94  0.17  2.19  3.51  3.98 04052004 12
  3.42  2.08  0.47 -1.30 -2.54 -3.26 -3.40 -2.50 -0.50  1.73  3.26  4.02 05052004 00
  3.81  2.60  1.06 -0.78 -2.21 -3.09 -3.50 -3.05 -1.38  0.88  2.78  3.83 05052004 12
  3.99  3.06  1.57 -0.19 -1.85 -2.90 -3.46 -3.36 -2.07  0.12  2.19  3.54 06052004 00
  4.04  3.47  2.08  0.44 -1.36 -2.61 -3.32 -3.51 -2.70 -0.74  1.49  3.08 06052004 12
  3.88  3.72  2.53  1.00 -0.81 -2.27 -3.17 -3.59 -3.21 -1.64  0.56  2.43 07052004 00
  3.50  3.76  2.96  1.53 -0.10 -1.73 -2.77 -3.32 -3.27 -2.16 -0.15  1.84 07052004 12
  3.19  3.76  3.33  2.06  0.55 -1.16 -2.39 -3.12 -3.38 -2.78 -1.15  0.90 08052004 00
  2.47  3.33  3.38  2.48  1.15 -0.40 -1.78 -2.63 -3.02 -2.78 -1.56  0.32 08052004 12
  2.00  3.09  3.42  2.84  1.64  0.21 -1.29 -2.32 -2.91 -3.05 -2.39 -0.86 09052004 00
  0.91  2.24  2.93  2.83  1.97  0.79 -0.56 -1.71 -2.38 -2.65 -2.33 -1.20 09052004 12
  0.39  1.81  2.69  2.88  2.34  1.29  0.03 -1.26 -2.13 -2.63 -2.73 -2.15 10052004 00
 -0.87  0.62  1.78  2.37  2.29  1.62  0.66 -0.45 -1.43 -1.98 -2.20 -1.95 10052004 12
 -1.05  0.24  1.42  2.19  2.37  1.97  1.14  0.10 -1.00 -1.79 -2.28 -2.46 11052004 00
 -2.11 -1.14  0.13  1.20  1.82  1.88  1.47  0.74 -0.14 -1.02 -1.59 -1.86 11052004 12
 -1.80 -1.24 -0.23  0.85  1.66  1.99  1.83  1.24  0.39 -0.59 -1.44 -1.99 12052004 00
 -2.29 -2.17 -1.48 -0.39  0.68  1.45  1.74  1.57  1.04  0.30 -0.56 -1.28 12052004 12
 -1.67 -1.79 -1.46 -0.66  0.39  1.33  1.89  1.96  1.55  0.79 -0.16 -1.12 13052004 00
 -1.81 -2.23 -2.30 -1.81 -0.82  0.36  1.31  1.82  1.80  1.36  0.59 -0.32 13052004 12
 -1.18 -1.70 -1.92 -1.71 -0.96  0.17  1.26  1.98  2.16  1.80  1.00 -0.00 14052004 00
 -1.08 -1.88 -2.36 -2.49 -2.03 -0.97  0.34  1.43  2.04  2.05  1.53  0.65 14052004 12
 -0.39 -1.38 -1.98 -2.23 -2.00 -1.15  0.14  1.36  2.15  2.34  1.89  0.95 15052004 00
 -0.17 -1.35 -2.19 -2.64 -2.66 -2.04 -0.78  0.66  1.77  2.34  2.20  1.46 15052004 12
  0.39 -0.80 -1.83 -2.39 -2.54 -2.13 -1.02  0.46  1.70  2.41  2.44  1.78 16052004 00
  0.68 -0.58 -1.77 -2.51 -2.86 -2.65 -1.69 -0.18  1.29  2.26  2.61  2.19 16052004 12
  1.19 -0.01 -1.29 -2.21 -2.66 -2.62 -1.87 -0.44  1.12  2.24  2.75  2.47 17052004 00
  1.53  0.30 -1.06 -2.14 -2.74 -2.89 -2.36 -1.03  0.62  1.96  2.70  2.69 17052004 12
  1.90  0.71 -0.65 -1.89 -2.62 -2.92 -2.60 -1.45  0.23  1.70  2.61  2.80 18052004 00
  2.17  1.01 -0.32 -1.65 -2.52 -2.92 -2.76 -1.76 -0.11  1.52  2.60  3.02 18052004 12
  2.60  1.53  0.23 -1.20 -2.24 -2.79 -2.85 -2.16 -0.67  1.02  2.26  2.85 19052004 00
  2.64  1.67  0.40 -1.03 -2.19 -2.83 -3.00 -2.47 -1.07  0.69  2.11  2.90 19052004 12
  2.91  2.10  0.86 -0.56 -1.86 -2.65 -3.00 -2.73 -1.61  0.10  1.62  2.58 20052004 00
  2.82  2.21  1.04 -0.30 -1.65 -2.53 -2.95 -2.80 -1.83 -0.18  1.46  2.55 20052004 12
  3.00  2.59  1.50  0.21 -1.22 -2.28 -2.85 -2.96 -2.36 -0.94  0.73  2.00 21052004 00
  2.64  2.50  1.59  0.36 -1.00 -2.16 -2.79 -2.95 -2.46 -1.18  0.48  1.85 21052004 12
  2.65  2.72  2.00  0.84 -0.50 -1.77 -2.55 -2.90 -2.70 -1.73 -0.18  1.30 22052004 00
  2.24  2.54  2.05  0.99 -0.21 -1.47 -2.35 -2.75 -2.64 -1.85 -0.43  1.06 22052004 12
  2.13  2.60  2.35  1.45  0.28 -1.00 -2.01 -2.56 -2.69 -2.24 -1.09  0.39 23052004 00
  1.58  2.23  2.20  1.52  0.48 -0.68 -1.73 -2.32 -2.50 -2.16 -1.19  0.20 23052004 12
  1.44  2.22  2.39  1.89  0.94 -0.18 -1.32 -2.07 -2.45 -2.42 -1.78 -0.58 24052004 00
  0.72  1.66  2.05  1.80  1.06  0.10 -0.94 -1.75 -2.14 -2.15 -1.67 -0.67 24052004 12
  0.58  1.57  2.11  2.05  1.45  0.55 -0.49 -1.43 -1.99 -2.24 -2.10 -1.39 25052004 00
 -0.25  0.87  1.61  1.81  1.49  0.78 -0.08 -0.98 -1.62 -1.87 -1.80 -1.28 25052004 12
 -0.35  0.74  1.56  1.91  1.74  1.15  0.33 -0.61 -1.40 -1.87 -2.07 -1.84 26052004 00
 -1.11 -0.07  0.89  1.52  1.65  1.34  0.72 -0.05 -0.84 -1.37 -1.61 -1.56 26052004 12
 -1.08 -0.22  0.74  1.46  1.73  1.57  1.03  0.27 -0.62 -1.35 -1.82 -2.04 27052004 00
 -1.86 -1.19 -0.20  0.73  1.34  1.52  1.31  0.80  0.11 -0.66 -1.22 -1.49 27052004 12
 -1.48 -1.04 -0.25  0.65  1.38  1.71  1.64  1.19  0.49 -0.38 -1.18 -1.73 28052004 00
 -2.03 -1.91 -1.27 -0.27  0.74  1.45  1.73  1.60  1.12  0.41 -0.43 -1.12 28052004 12
 -1.50 -1.61 -1.29 -0.51  0.49  1.39  1.88  1.88  1.42  0.66 -0.29 -1.23 29052004 00
 -1.87 -2.22 -2.17 -1.52 -0.40  0.80  1.69  2.09  1.96  1.40  0.55 -0.45 29052004 12
 -1.31 -1.80 -1.97 -1.64 -0.72  0.53  1.62  2.23  2.26  1.72  0.80 -0.32 30052004 00
 -1.42 -2.16 -2.58 -2.53 -1.78 -0.46  0.96  1.99  2.44  2.24  1.49  0.45 30052004 12
 -0.74 -1.72 -2.26 -2.41 -1.95 -0.79  0.71  1.94  2.64  2.64  1.94  0.82 31052004 00
 -0.49 -1.72 -2.50 -2.91 -2.76 -1.78 -0.17  1.40  2.49  2.94  2.58  1.58 31052004 12
  0.32 -1.08 -2.12 -2.67 -2.76 -2.10 -0.60  1.14  2.46  3.12  2.95  1.99 01062004 00
  0.67 -0.85 -2.14 -2.94 -3.31 -3.01 -1.70  0.20  1.91  2.96  3.27  2.64 01062004 12
  1.38 -0.08 -1.60 -2.63 -3.20 -3.22 -2.29 -0.47  1.43  2.75  3.35  3.01 02062004 00
  1.83  0.39 -1.26 -2.54 -3.30 -3.57 -3.04 -1.43  0.67  2.31  3.23  3.36 02062004 12
  2.48  1.05 -0.58 -2.12 -3.10 -3.60 -3.44 -2.19 -0.12  1.86  3.12  3.60 03062004 00
  3.08  1.72  0.17 -1.53 -2.74 -3.42 -3.56 -2.74 -0.86  1.27  2.80  3.59 03062004 12
  3.46  2.33  0.84 -0.90 -2.35 -3.26 -3.67 -3.32 -1.83  0.35  2.22  3.30 04062004 00
  3.58  2.83  1.39 -0.23 -1.87 -2.95 -3.52 -3.50 -2.41 -0.36  1.69  3.08 04062004 12
  3.68  3.31  2.02  0.47 -1.28 -2.58 -3.38 -3.68 -3.15 -1.47  0.69  2.37 05062004 00
  3.30  3.41  2.51  1.08 -0.53 -2.03 -2.96 -3.40 -3.17 -1.87  0.16  2.03 05062004 12
  3.21  3.63  3.05  1.74  0.20 -1.45 -2.61 -3.29 -3.49 -2.80 -1.08  0.93 06062004 00
  2.42  3.20  3.15  2.18  0.82 -0.72 -2.04 -2.82 -3.13 -2.74 -1.37  0.53 06062004 12
  2.16  3.16  3.40  2.72  1.47 -0.03 -1.54 -2.55 -3.13 -3.23 -2.48 -0.87 07062004 00
  0.91  2.22  2.88  2.71  1.78  0.57 -0.82 -1.96 -2.60 -2.78 -2.32 -1.03 07062004 12
  0.67  2.07  2.91  3.02  2.35  1.23 -0.12 -1.44 -2.32 -2.83 -2.88 -2.15 08062004 00
 -0.71  0.87  2.03  2.59  2.42  1.63  0.57 -0.65 -1.65 -2.19 -2.33 -1.90 08062004 12
 -0.79  0.66  1.89  2.64  2.73  2.16  1.17 -0.03 -1.20 -1.98 -2.46 -2.55 09062004 00
 -1.96 -0.75  0.64  1.69  2.20  2.11  1.49  0.59 -0.45 -1.36 -1.86 -2.01 09062004 12
 -1.69 -0.79  0.45  1.57  2.28  2.40  1.97  1.14  0.11 -0.95 -1.70 -2.16 10062004 00
 -2.30 -1.83 -0.77  0.49  1.50  2.06  2.09  1.67  0.92 -0.01 -0.90 -1.43 10062004 12
 -1.65 -1.51 -0.82  0.23  1.30  2.04  2.26  1.96  1.25  0.30 -0.75 -1.54 11062004 00
 -2.02 -2.23 -1.90 -1.00  0.16  1.21  1.85  1.95  1.59  0.90  0.02 -0.88 11062004 12
 -1.48 -1.77 -1.72 -1.13 -0.13  0.95  1.75  2.05  1.86  1.20  0.29 -0.75 12062004 00
 -1.58 -2.09 -2.31 -2.03 -1.19 -0.01  1.06  1.74  1.90  1.55  0.80 -0.12 12062004 12
 -1.07 -1.73 -2.04 -1.97 -1.38 -0.34  0.81  1.67  2.03  1.82  1.14  0.21 13062004 00
 -0.85 -1.71 -2.20 -2.36 -2.02 -1.09  0.19  1.27  1.93  2.03  1.58  0.74 13062004 12
 -0.26 -1.26 -1.90 -2.19 -2.07 -1.37 -0.21  0.99  1.83  2.11  1.78  0.98 14062004 00
 -0.03 -1.12 -1.94 -2.36 -2.39 -1.86 -0.72  0.64  1.70  2.26  2.17  1.52 14062004 12
  0.55 -0.56 -1.55 -2.11 -2.32 -2.03 -1.11  0.20  1.38  2.10  2.21  1.70 15062004 00
  0.74 -0.37 -1.48 -2.20 -2.53 -2.38 -1.55 -0.20  1.15  2.10  2.46  2.13 15062004 12
  1.25  0.15 -1.05 -1.95 -2.41 -2.46 -1.89 -0.67  0.77  1.86  2.40  2.26 16062004 00
  1.50  0.42 -0.78 -1.81 -2.38 -2.53 -2.06 -0.88  0.66  1.96  2.73  2.84 16062004 12
  2.23  1.18 -0.08 -1.29 -2.03 -2.34 -2.18 -1.33  0.07  1.46  2.36  2.58 17062004 00
  2.12  1.12 -0.05 -1.30 -2.15 -2.56 -2.49 -1.71 -0.29  1.25  2.36  2.87 17062004 12
  2.64  1.73  0.57 -0.75 -1.82 -2.42 -2.61 -2.14 -0.90  0.66  1.92  2.60 18062004 00
  2.56  1.79  0.67 -0.58 -1.73 -2.40 -2.64 -2.27 -1.14  0.44  1.83  2.69 18062004 12
  2.86  2.28  1.19 -0.11 -1.41 -2.27 -2.70 -2.64 -1.82 -0.34  1.19  2.26 19062004 00
  2.68  2.35  1.39  0.22 -1.05 -2.02 -2.50 -2.49 -1.79 -0.41  1.17  2.35 19062004 12
  2.96  2.80  1.94  0.77 -0.59 -1.72 -2.38 -2.65 -2.31 -1.17  0.39  1.75 20062004 00
  2.55  2.65  2.03  0.95 -0.29 -1.48 -2.20 -2.49 -2.26 -1.27  0.26  1.70 20062004 12
  2.64  2.92  2.46  1.44  0.21 -1.11 -2.02 -2.52 -2.57 -1.92 -0.58  0.93 21062004 00
  2.06  2.59  2.40  1.57  0.47 -0.76 -1.77 -2.29 -2.40 -1.89 -0.70  0.79 21062004 12
  2.01  2.69  2.68  1.99  0.92 -0.35 -1.51 -2.22 -2.57 -2.40 -1.49 -0.07 22062004 00
  1.30  2.20  2.47  2.07  1.15  0.07 -1.07 -1.85 -2.20 -2.09 -1.34 -0.01 22062004 12
  1.38  2.35  2.78  2.57  1.80  0.75 -0.49 -1.46 -2.02 -2.23 -1.86 -0.79 23062004 00
  0.60  1.77  2.45  2.51  1.99  1.12  0.09 -0.92 -1.50 -1.71 -1.61 -0.80 23062004 12
  0.49  1.70  2.47  2.63  2.17  1.31  0.26 -0.86 -1.64 -2.11 -2.25 -1.73 24062004 00
 -0.59  0.68  1.69  2.21  2.10  1.49  0.63 -0.38 -1.24 -1.71 -1.87 -1.58 24062004 12
 -0.69  0.53  1.62  2.26  2.28  1.73  0.85 -0.21 -1.24 -1.93 -2.33 -2.35 25062004 00
 -1.76 -0.62  0.65  1.59  2.03  1.88  1.29  0.45 -0.52 -1.34 -1.76 -1.87 25062004 12
 -1.52 -0.63  0.55  1.56  2.16  2.20  1.71  0.88 -0.14 -1.13 -1.81 -2.19 26062004 00
 -2.14 -1.47 -0.35  0.83  1.71  2.12  1.99  1.45  0.65 -0.31 -1.11 -1.54 26062004 12
 -1.65 -1.34 -0.45  0.71  1.75  2.33  2.35  1.83  0.99 -0.06 -1.08 -1.79 27062004 00
 -2.22 -2.29 -1.71 -0.60  0.65  1.65  2.16  2.10  1.57  0.71 -0.32 -1.23 27062004 12
 -1.75 -1.96 -1.75 -0.92  0.29  1.44  2.17  2.30  1.86  0.99 -0.07 -1.19 28062004 00
 -1.98 -2.45 -2.54 -1.99 -0.79  0.63  1.75  2.36  2.35  1.79  0.85 -0.28 28062004 12
 -1.33 -1.97 -2.27 -2.09 -1.22  0.12  1.43  2.30  2.53  2.11  1.18  0.02 29062004 00
 -1.22 -2.12 -2.62 -2.71 -2.12 -0.81  0.74  1.97  2.67  2.66  2.00  0.95 29062004 12
 -0.31 -1.47 -2.19 -2.52 -2.30 -1.27  0.30  1.79  2.78  3.09  2.64  1.61 30062004 00
  0.31 -1.07 -2.04 -2.64 -2.82 -2.20 -0.73  1.02  2.37  3.07  3.01  2.18 30062004 12
  0.99 -0.46 -1.73 -2.53 -2.92 -2.69 -1.50  0.26  1.89  2.93  3.24  2.70 01072004 00
  1.55  0.15 -1.32 -2.32 -2.90 -2.94 -2.09 -0.38  1.49  2.85  3.53  3.34 01072004 12
  2.32  0.95 -0.68 -2.00 -2.81 -3.20 -2.87 -1.46  0.51  2.23  3.27  3.52 02072004 00
  2.84  1.57  0.04 -1.49 -2.50 -3.04 -2.99 -1.91  0.00  1.95  3.26  3.83 02072004 12
  3.46  2.29  0.82 -0.90 -2.18 -2.98 -3.31 -2.80 -1.19  0.86  2.55  3.47 03072004 00
  3.56  2.66  1.30 -0.32 -1.83 -2.80 -3.28 -3.11 -1.83  0.22  2.12  3.35 03072004 12
  3.80  3.24  1.93  0.36 -1.36 -2.58 -3.32 -3.58 -2.90 -1.13  0.98  2.55 04072004 00
  3.37  3.34  2.35  0.94 -0.69 -2.10 -2.95 -3.30 -2.92 -1.45  0.62  2.41 04072004 12
  3.48  3.74  2.98  1.61 -0.02 -1.66 -2.77 -3.44 -3.58 -2.74 -0.88  1.11 05072004 00
  2.55  3.23  3.03  1.95  0.54 -1.03 -2.30 -3.01 -3.21 -2.63 -1.07  0.92 05072004 12
  2.50  3.39  3.47  2.58  1.22 -0.38 -1.87 -2.83 -3.39 -3.38 -2.39 -0.55 06072004 00
  1.26  2.50  3.03  2.68  1.56  0.21 -1.27 -2.37 -2.94 -2.99 -2.25 -0.68 06072004 12
  1.14  2.50  3.23  3.12  2.18  0.89 -0.64 -1.95 -2.77 -3.20 -3.05 -1.99 07072004 00
 -0.30  1.30  2.33  2.68  2.20  1.13 -0.10 -1.42 -2.35 -2.81 -2.75 -1.95 07072004 12
 -0.47  1.13  2.26  2.80  2.55  1.60  0.40 -0.97 -2.09 -2.76 -3.05 -2.80 08072004 00
 -1.75 -0.22  1.18  2.06  2.31  1.82  0.86 -0.23 -1.33 -2.06 -2.35 -2.19 08072004 12
 -1.43 -0.15  1.18  2.14  2.54  2.29  1.50  0.46 -0.72 -1.66 -2.22 -2.47 09072004 00
 -2.20 -1.26  0.08  1.26  1.99  2.12  1.70  0.90 -0.05 -1.02 -1.65 -1.92 09072004 12
 -1.82 -1.17 -0.08  1.07  1.90  2.21  1.98  1.31  0.41 -0.62 -1.44 -1.92 10072004 00
 -2.14 -1.88 -1.05  0.11  1.13  1.75  1.88  1.55  0.87  0.03 -0.84 -1.43 10072004 12
 -1.70 -1.66 -1.13 -0.21  0.80  1.57  1.88  1.73  1.19  0.42 -0.48 -1.25 11072004 00
 -1.73 -1.94 -1.73 -0.99  0.03  0.99  1.62  1.77  1.50  0.90  0.14 -0.68 11072004 12
 -1.27 -1.58 -1.63 -1.22 -0.39  0.57  1.36  1.71  1.61  1.12  0.40 -0.46 12072004 00
 -1.23 -1.70 -1.90 -1.69 -0.98  0.03  0.99  1.64  1.84  1.61  1.01  0.20 12072004 12
 -0.67 -1.30 -1.64 -1.71 -1.32 -0.50  0.49  1.31  1.70  1.62  1.13  0.39 13072004 00
 -0.48 -1.28 -1.74 -1.91 -1.65 -0.89  0.19  1.19  1.84  2.01  1.73  1.06 13072004 12
  0.20 -0.71 -1.36 -1.70 -1.74 -1.25 -0.30  0.78  1.63  1.98  1.82  1.21 14072004 00
  0.35 -0.63 -1.45 -1.90 -2.03 -1.66 -0.75  0.43  1.47  2.10  2.17  1.73 14072004 12
  0.90 -0.11 -1.11 -1.76 -2.08 -2.01 -1.32 -0.20  0.97  1.80  2.07  1.77 15072004 00
  1.02  0.06 -0.99 -1.76 -2.12 -2.07 -1.45 -0.31  1.00  1.99  2.47  2.34 15072004 12
  1.65  0.66 -0.50 -1.50 -2.09 -2.33 -2.03 -1.05  0.31  1.50  2.20  2.26 16072004 00
  1.72  0.77 -0.34 -1.43 -2.12 -2.39 -2.15 -1.22  0.18  1.52  2.42  2.71 16072004 12
  2.31  1.38  0.22 -1.04 -1.92 -2.39 -2.43 -1.79 -0.48  1.00  2.10  2.59 17072004 00
  2.37  1.53  0.41 -0.83 -1.84 -2.38 -2.50 -1.97 -0.71  0.86  2.13  2.84 17072004 12
  2.84  2.13  1.01 -0.33 -1.55 -2.31 -2.68 -2.50 -1.50  0.03  1.48  2.41 18072004 00
  2.64  2.14  1.10 -0.13 -1.39 -2.23 -2.60 -2.46 -1.57 -0.05  1.52  2.60 18072004 12
  3.03  2.68  1.68  0.41 -1.02 -2.08 -2.69 -2.86 -2.32 -0.95  0.72  2.02 19072004 00
  2.72  2.65  1.83  0.66 -0.67 -1.85 -2.51 -2.72 -2.28 -1.03  0.67  2.08 19072004 12
  2.91  3.02  2.33  1.17 -0.22 -1.57 -2.42 -2.86 -2.74 -1.77 -0.15  1.45 20072004 00
  2.51  2.91  2.51  1.49  0.23 -1.14 -2.11 -2.57 -2.52 -1.71 -0.20  1.44 20072004 12
  2.62  3.18  2.93  1.96  0.69 -0.77 -1.92 -2.59 -2.86 -2.45 -1.17  0.52 21072004 00
  1.91  2.70  2.76  2.04  0.91 -0.39 -1.62 -2.35 -2.62 -2.29 -1.18  0.45 21072004 12
  1.93  2.84  3.05  2.46  1.33 -0.02 -1.40 -2.32 -2.83 -2.86 -2.11 -0.63 22072004 00
  0.98  2.15  2.69  2.46  1.56  0.39 -0.90 -1.91 -2.42 -2.47 -1.88 -0.58 22072004 12
  1.01  2.24  2.91  2.83  2.01  0.83 -0.53 -1.71 -2.43 -2.79 -2.61 -1.62 23072004 00
 -0.10  1.34  2.26  2.54  2.09  1.13 -0.03 -1.24 -2.06 -2.41 -2.30 -1.53 23072004 12
 -0.17  1.26  2.29  2.71  2.41  1.50  0.35 -0.93 -1.92 -2.49 -2.71 -2.33 24072004 00
 -1.22  0.26  1.52  2.26  2.34  1.79  0.84 -0.26 -1.34 -1.99 -2.25 -2.06 24072004 12
 -1.24  0.07  1.37  2.26  2.53  2.15  1.28  0.23 -0.92 -1.74 -2.22 -2.39 25072004 00
 -1.97 -0.89  0.46  1.57  2.18  2.17  1.60  0.70 -0.34 -1.31 -1.89 -2.13 25072004 12
 -1.93 -1.12  0.12  1.31  2.10  2.33  2.00  1.20  0.20 -0.90 -1.72 -2.21 26072004 00
 -2.39 -2.02 -1.04  0.26  1.35  1.98  2.03  1.57  0.77 -0.19 -1.14 -1.76 26072004 12
 -2.05 -1.95 -1.28 -0.16  1.02  1.87  2.21  1.99  1.31  0.38 -0.69 -1.56 27072004 00
 -2.10 -2.37 -2.13 -1.26 -0.00  1.15  1.90  2.10  1.77  1.03  0.08 -0.95 27072004 12
 -1.71 -2.12 -2.19 -1.69 -0.63  0.66  1.69  2.22  2.17  1.60  0.69 -0.39 28072004 00
 -1.40 -2.05 -2.42 -2.31 -1.52 -0.23  1.09  2.03  2.41  2.16  1.41  0.38 28072004 12
 -0.80 -1.74 -2.29 -2.50 -2.12 -1.03  0.43  1.69  2.44  2.55  2.02  1.06 29072004 00
 -0.11 -1.29 -2.08 -2.49 -2.45 -1.65 -0.23  1.30  2.41  2.88  2.65  1.78 29072004 12
  0.62 -0.74 -1.84 -2.53 -2.86 -2.55 -1.39  0.27  1.74  2.64  2.81  2.21 30072004 00
  1.09 -0.22 -1.56 -2.45 -2.92 -2.86 -1.95 -0.31  1.41  2.60  3.15  2.87 30072004 12
  1.83  0.50 -1.03 -2.23 -2.96 -3.28 -2.88 -1.49  0.39  1.99  2.91  3.08 31072004 00
  2.35  1.07 -0.40 -1.84 -2.77 -3.22 -3.06 -1.93 -0.03  1.79  3.01  3.48 31072004 12
  3.01  1.77  0.28 -1.38 -2.59 -3.33 -3.59 -2.99 -1.32  0.74  2.31  3.18 01082004 00
  3.21  2.28  0.86 -0.73 -2.17 -3.05 -3.41 -3.04 -1.60  0.48  2.31  3.41 01082004 12
  3.71  3.01  1.63  0.00 -1.68 -2.83 -3.51 -3.65 -2.79 -0.87  1.20  2.68 02082004 00
  3.37  3.15  1.98  0.51 -1.13 -2.46 -3.23 -3.43 -2.75 -1.00  1.18  2.83 02082004 12
  3.74  3.79  2.82  1.38 -0.37 -1.93 -2.95 -3.52 -3.45 -2.27 -0.26  1.71 03082004 00
  3.00  3.48  2.97  1.67  0.16 -1.48 -2.63 -3.23 -3.25 -2.31 -0.42  1.61 03082004 12
  3.03  3.76  3.52  2.34  0.87 -0.88 -2.25 -3.09 -3.50 -3.18 -1.76  0.26 04082004 00
  2.01  3.01  3.23  2.47  1.11 -0.37 -1.85 -2.78 -3.18 -2.95 -1.76  0.15 04082004 12
  1.92  3.09  3.52  3.00  1.79  0.33 -1.26 -2.39 -3.04 -3.22 -2.58 -1.02 05082004 00
  0.84  2.24  2.96  2.88  1.95  0.68 -0.74 -1.95 -2.63 -2.84 -2.38 -1.06 05082004 12
  0.71  2.17  3.05  3.17  2.47  1.33 -0.06 -1.40 -2.28 -2.75 -2.73 -1.90 06082004 00
 -0.41  1.15  2.24  2.67  2.35  1.41  0.25 -1.02 -1.96 -2.42 -2.46 -1.88 06082004 12
 -0.63  0.86  2.02  2.62  2.53  1.80  0.74 -0.48 -1.54 -2.17 -2.46 -2.26 07082004 00
 -1.36 -0.03  1.21  2.03  2.26  1.86  1.02  0.02 -1.00 -1.68 -1.99 -1.92 07082004 12
 -1.29 -0.19  1.00  1.87  2.23  2.02  1.38  0.52 -0.49 -1.31 -1.76 -1.91 08082004 00
 -1.60 -0.79  0.31  1.28  1.88  1.97  1.63  0.99  0.19 -0.63 -1.15 -1.40 08082004 12
 -1.40 -0.91 -0.02  0.92  1.61  1.84  1.67  1.16  0.46 -0.36 -1.01 -1.38 09082004 00
 -1.54 -1.33 -0.66  0.21  1.03  1.51  1.61  1.35  0.84  0.16 -0.57 -1.09 09082004 12
 -1.34 -1.37 -1.03 -0.35  0.45  1.10  1.38  1.34  0.99  0.44 -0.22 -0.84 10082004 00
 -1.24 -1.41 -1.28 -0.75  0.00  0.78  1.30  1.51  1.41  1.03  0.45 -0.24 10082004 12
 -0.82 -1.18 -1.33 -1.16 -0.58  0.14  0.84  1.25  1.33  1.10  0.61 -0.05 11082004 00
 -0.72 -1.20 -1.44 -1.41 -0.95 -0.17  0.70  1.37  1.69  1.67  1.32  0.68 11082004 12
 -0.10 -0.81 -1.29 -1.52 -1.41 -0.83 -0.00  0.85  1.42  1.58  1.37  0.85 12082004 00
  0.11 -0.71 -1.31 -1.58 -1.55 -1.06 -0.17  0.85  1.66  2.03  1.95  1.44 12082004 12
  0.68 -0.24 -1.07 -1.59 -1.83 -1.64 -0.88  0.20  1.22  1.85  1.95  1.56 13082004 00
  0.82 -0.11 -1.06 -1.69 -1.97 -1.84 -1.13  0.01  1.19  2.03  2.34  2.07 13082004 12
  1.33  0.35 -0.77 -1.64 -2.13 -2.26 -1.81 -0.75  0.57  1.64  2.20  2.13 14082004 00
  1.48  0.51 -0.59 -1.58 -2.15 -2.32 -1.93 -0.87  0.54  1.76  2.50  2.59 14082004 12
  2.02  1.01 -0.21 -1.42 -2.19 -2.58 -2.47 -1.61 -0.17  1.28  2.25  2.60 15082004 00
  2.23  1.27  0.11 -1.17 -2.09 -2.54 -2.48 -1.71 -0.27  1.31  2.45  3.00 15082004 12
  2.79  1.89  0.67 -0.76 -1.90 -2.55 -2.77 -2.31 -1.01  0.69  2.08  2.85 16082004 00
  2.87  2.10  0.92 -0.44 -1.70 -2.45 -2.73 -2.35 -1.10  0.64  2.15  3.08 16082004 12
  3.28  2.64  1.45 -0.00 -1.45 -2.40 -2.90 -2.85 -1.88 -0.17  1.58  2.75 17082004 00
  3.23  2.84  1.74  0.40 -1.09 -2.18 -2.75 -2.78 -1.98 -0.33  1.49  2.82 17082004 12
  3.45  3.22  2.15  0.76 -0.84 -2.12 -2.90 -3.21 -2.76 -1.28  0.68  2.33 18082004 00
  3.24  3.34  2.54  1.25 -0.24 -1.64 -2.49 -2.85 -2.53 -1.24  0.65  2.33 18082004 12
  3.36  3.62  2.94  1.68  0.14 -1.41 -2.42 -2.97 -2.99 -2.05 -0.28  1.58 19082004 00
  2.86  3.42  3.10  2.00  0.63 -0.93 -2.06 -2.65 -2.76 -2.05 -0.44  1.42 19082004 12
  2.82  3.51  3.32  2.30  0.93 -0.69 -2.00 -2.81 -3.20 -2.92 -1.60  0.26 20082004 00
  1.86  2.80  3.02  2.34  1.10 -0.28 -1.67 -2.54 -2.91 -2.70 -1.62  0.13 20082004 12
  1.82  2.92  3.31  2.79  1.59  0.20 -1.30 -2.36 -2.96 -3.10 -2.46 -0.96 21082004 00
  0.82  2.16  2.86  2.75  1.85  0.63 -0.76 -1.95 -2.60 -2.80 -2.35 -1.08 21082004 12
  0.63  2.04  2.88  2.97  2.26  1.11 -0.25 -1.56 -2.39 -2.82 -2.74 -1.85 22082004 00
 -0.32  1.23  2.29  2.71  2.37  1.43  0.28 -1.00 -1.95 -2.43 -2.47 -1.87 22082004 12
 -0.60  0.92  2.09  2.68  2.56  1.81  0.79 -0.40 -1.47 -2.12 -2.46 -2.30 23082004 00
 -1.40  0.00  1.31  2.15  2.40  2.06  1.25  0.25 -0.86 -1.65 -2.03 -2.06 23082004 12
 -1.53 -0.42  0.88  1.90  2.41  2.31  1.70  0.83 -0.22 -1.16 -1.75 -2.06 24082004 00
 -1.97 -1.25 -0.10  1.06  1.86  2.13  1.91  1.30  0.48 -0.49 -1.25 -1.68 24082004 12
 -1.85 -1.57 -0.74  0.37  1.37  1.96  2.04  1.66  0.98  0.12 -0.79 -1.44 25082004 00
 -1.84 -1.93 -1.47 -0.53  0.58  1.50  1.98  1.96  1.52  0.78 -0.12 -0.99 25082004 12
 -1.59 -1.95 -1.96 -1.41 -0.41  0.70  1.56  1.95  1.85  1.34  0.54 -0.42 26082004 00
 -1.26 -1.79 -2.06 -1.88 -1.09  0.10  1.25  2.03  2.32  2.10  1.44  0.53 26082004 12
 -0.50 -1.30 -1.76 -1.91 -1.54 -0.56  0.71  1.84  2.44  2.46  1.91  1.02 27082004 00
 -0.11 -1.22 -1.97 -2.40 -2.35 -1.55 -0.17  1.26  2.28  2.73  2.49  1.66 27082004 12
  0.54 -0.76 -1.81 -2.46 -2.75 -2.43 -1.28  0.33  1.75  2.61  2.76  2.19 28082004 00
  1.14 -0.14 -1.42 -2.25 -2.66 -2.54 -1.58  0.06  1.70  2.83  3.28  2.92 28082004 12
  1.87  0.52 -1.00 -2.15 -2.83 -3.07 -2.54 -1.04  0.82  2.35  3.21  3.28 29082004 00
  2.48  1.23 -0.28 -1.67 -2.50 -2.87 -2.57 -1.32  0.56  2.31  3.42  3.74 29082004 12
  3.07  1.76  0.19 -1.42 -2.51 -3.17 -3.33 -2.56 -0.81  1.20  2.66  3.39 30082004 00
  3.22  2.08  0.64 -0.99 -2.31 -3.09 -3.34 -2.75 -1.09  1.04  2.70  3.62 30082004 12
  3.70  2.71  1.24 -0.49 -2.06 -3.08 -3.64 -3.55 -2.34 -0.27  1.74  3.02 31082004 00
  3.50  2.98  1.61  0.05 -1.63 -2.81 -3.42 -3.42 -2.41 -0.40  1.70  3.14 31082004 12
  3.84  3.55  2.29  0.74 -1.06 -2.45 -3.30 -3.67 -3.20 -1.57  0.62  2.37 01092004 00
  3.34  3.48  2.57  1.09 -0.54 -2.08 -3.02 -3.43 -3.11 -1.69  0.42  2.30 01092004 12
  3.46  3.81  3.12  1.74  0.12 -1.56 -2.69 -3.34 -3.44 -2.54 -0.63  1.37 02092004 00
  2.76  3.39  3.10  1.90  0.42 -1.21 -2.45 -3.13 -3.28 -2.58 -0.92  1.09 02092004 12
  2.60  3.41  3.38  2.41  1.04 -0.58 -1.98 -2.82 -3.21 -2.93 -1.64  0.25 03092004 00
  1.92  2.95  3.21  2.56  1.33 -0.09 -1.53 -2.45 -2.89 -2.77 -1.77 -0.06 03092004 12
  1.63  2.74  3.18  2.77  1.67  0.35 -1.10 -2.16 -2.74 -2.87 -2.31 -0.92 04092004 00
  0.72  1.99  2.63  2.52  1.69  0.52 -0.79 -1.90 -2.52 -2.71 -2.32 -1.20 04092004 12
  0.32  1.63  2.41  2.52  1.93  0.89 -0.31 -1.49 -2.23 -2.58 -2.46 -1.68 05092004 00
 -0.37  0.96  1.87  2.21  1.88  1.05  0.03 -1.06 -1.87 -2.25 -2.25 -1.75 05092004 12
 -0.72  0.51  1.45  1.92  1.79  1.18  0.28 -0.71 -1.57 -2.03 -2.19 -1.94 06092004 00
 -1.20 -0.11  0.89  1.51  1.62  1.26  0.56 -0.25 -1.08 -1.63 -1.87 -1.82 06092004 12
 -1.38 -0.56  0.38  1.06  1.34  1.17  0.69  0.02 -0.72 -1.34 -1.66 -1.76 07092004 00
 -1.54 -0.95 -0.10  0.64  1.10  1.17  0.93  0.45 -0.16 -0.80 -1.25 -1.47 07092004 12
 -1.49 -1.21 -0.65  0.04  0.60  0.85  0.80  0.54  0.09 -0.46 -0.97 -1.29 08092004 00
 -1.42 -1.33 -0.93 -0.33  0.32  0.80  0.99  0.94  0.68  0.22 -0.32 -0.79 08092004 12
 -1.12 -1.28 -1.23 -0.88 -0.34  0.26  0.67  0.83  0.78  0.50  0.02 -0.54 09092004 00
 -1.00 -1.27 -1.33 -1.11 -0.57  0.12  0.79  1.19  1.34  1.19  0.79  0.18 09092004 12
 -0.50 -1.04 -1.36 -1.46 -1.19 -0.59  0.16  0.86  1.22  1.26  1.01  0.49 10092004 00
 -0.15 -0.83 -1.28 -1.43 -1.25 -0.63  0.21  1.09  1.70  1.90  1.69  1.14 10092004 12
  0.34 -0.53 -1.18 -1.56 -1.65 -1.21 -0.30  0.72  1.58  2.01  1.99  1.51 11092004 00
  0.74 -0.21 -1.04 -1.51 -1.64 -1.33 -0.44  0.73  1.78  2.40  2.49  1.98 11092004 12
  1.09  0.02 -1.01 -1.69 -2.07 -2.08 -1.40 -0.19  1.08  2.02  2.36  2.11 12092004 00
  1.34  0.32 -0.82 -1.64 -1.99 -1.91 -1.19  0.12  1.55  2.64  3.13  2.99 12092004 12
  2.27  1.20 -0.19 -1.33 -2.05 -2.40 -2.06 -0.83  0.75  2.08  2.83  2.87 13092004 00
  2.21  1.17 -0.11 -1.33 -2.04 -2.30 -1.94 -0.74  0.92  2.39  3.29  3.46 13092004 12
  2.84  1.71  0.28 -1.12 -2.05 -2.54 -2.44 -1.40  0.30  1.97  3.09  3.47 14092004 00
  3.03  1.91  0.49 -1.03 -2.10 -2.68 -2.79 -2.03 -0.37  1.48  2.79  3.39 14092004 12
  3.18  2.11  0.71 -0.93 -2.25 -3.06 -3.39 -2.97 -1.50  0.49  2.14  3.06 15092004 00
  3.22  2.39  1.01 -0.53 -2.01 -2.92 -3.30 -2.99 -1.64  0.37  2.16  3.26 15092004 12
  3.57  2.87  1.52 -0.08 -1.72 -2.80 -3.37 -3.36 -2.32 -0.35  1.62  3.00 16092004 00
  3.63  3.30  2.12  0.67 -0.99 -2.23 -2.90 -3.00 -2.14 -0.29  1.76  3.25 16092004 12
  3.96  3.74  2.57  1.04 -0.76 -2.16 -3.06 -3.52 -3.18 -1.69  0.39  2.21 17092004 00
  3.25  3.48  2.71  1.31 -0.27 -1.85 -2.84 -3.29 -3.07 -1.78  0.29  2.19 17092004 12
  3.40  3.84  3.28  1.99  0.44 -1.19 -2.27 -2.84 -2.89 -2.03 -0.31  1.60 18092004 00
  2.99  3.62  3.34  2.20  0.74 -0.91 -2.19 -2.92 -3.16 -2.58 -0.98  1.03 18092004 12
  2.64  3.50  3.55  2.64  1.29 -0.32 -1.74 -2.63 -3.09 -2.94 -1.79  0.05 19092004 00
  1.76  2.88  3.24  2.73  1.55  0.19 -1.26 -2.23 -2.71 -2.67 -1.76 -0.07 19092004 12
  1.71  2.98  3.59  3.36  2.38  1.12 -0.35 -1.44 -2.10 -2.39 -2.03 -0.79 20092004 00
  0.82  2.17  2.96  3.04  2.38  1.34  0.08 -1.09 -1.83 -2.22 -2.16 -1.31 20092004 12
  0.13  1.58  2.60  2.92  2.55  1.63  0.52 -0.71 -1.58 -2.08 -2.28 -1.87 21092004 00
 -0.76  0.61  1.77  2.42  2.42  1.80  0.88 -0.20 -1.19 -1.78 -2.09 -2.03 21092004 12
 -1.33 -0.16  1.04  1.92  2.24  2.01  1.37  0.51 -0.49 -1.27 -1.72 -1.87 22092004 00
 -1.55 -0.71  0.37  1.35  1.94  2.03  1.66  0.99  0.14 -0.75 -1.40 -1.79 22092004 12
 -1.93 -1.57 -0.70  0.39  1.32  1.81  1.88  1.57  0.98  0.18 -0.65 -1.22 23092004 00
 -1.57 -1.63 -1.20 -0.38  0.55  1.34  1.71  1.68  1.24  0.53 -0.33 -1.15 23092004 12
 -1.74 -2.07 -2.02 -1.43 -0.43  0.64  1.47  1.85  1.76  1.28  0.54 -0.36 24092004 00
 -1.18 -1.70 -1.96 -1.80 -1.08  0.03  1.12  1.89  2.11  1.84  1.14  0.19 24092004 12
 -0.87 -1.70 -2.20 -2.39 -2.01 -1.02  0.30  1.47  2.20  2.34  1.95  1.09 25092004 00
  0.01 -1.09 -1.81 -2.16 -2.09 -1.35 -0.06  1.30  2.25  2.59  2.27  1.37 25092004 12
  0.22 -1.09 -2.10 -2.71 -2.92 -2.48 -1.23  0.40  1.77  2.59  2.71  2.09 26092004 00
  1.02 -0.25 -1.49 -2.26 -2.58 -2.31 -1.23  0.42  1.97  2.96  3.24  2.69 26092004 12
  1.52  0.09 -1.40 -2.44 -3.08 -3.26 -2.60 -1.05  0.81  2.21  2.94  2.87 27092004 00
  1.94  0.63 -0.85 -2.12 -2.86 -3.08 -2.55 -1.04  0.91  2.50  3.40  3.49 27092004 12
  2.64  1.29 -0.35 -1.85 -2.81 -3.34 -3.26 -2.14 -0.20  1.69  2.95  3.43 28092004 00
  2.94  1.68  0.22 -1.41 -2.57 -3.18 -3.19 -2.24 -0.38  1.63  3.00  3.66 28092004 12
  3.37  2.15  0.65 -1.10 -2.45 -3.26 -3.59 -3.10 -1.50  0.65  2.35  3.29 29092004 00
  3.41  2.48  1.02 -0.61 -2.14 -3.07 -3.47 -3.13 -1.68  0.43  2.31  3.43 29092004 12
  3.76  3.05  1.66  0.04 -1.62 -2.73 -3.34 -3.38 -2.38 -0.39  1.64  3.00 30092004 00
  3.57  3.17  1.89  0.37 -1.33 -2.58 -3.28 -3.43 -2.67 -0.88  1.22  2.72 30092004 12
  3.49  3.38  2.30  0.84 -0.85 -2.26 -3.10 -3.45 -3.03 -1.53  0.53  2.27 01102004 00
  3.26  3.45  2.68  1.34 -0.22 -1.73 -2.63 -3.01 -2.76 -1.52  0.38  2.12 01102004 12
  3.24  3.61  3.04  1.82  0.34 -1.23 -2.28 -2.85 -2.90 -2.02 -0.27  1.60 02102004 00
  2.89  3.44  3.13  2.06  0.70 -0.84 -1.97 -2.59 -2.78 -2.22 -0.78  0.98 02102004 12
  2.34  3.04  2.98  2.13  0.91 -0.51 -1.74 -2.46 -2.78 -2.47 -1.27  0.39 03102004 00
  1.84  2.70  2.87  2.28  1.20 -0.01 -1.15 -1.84 -2.15 -2.02 -1.20  0.17 03102004 12
  1.58  2.57  2.90  2.60  1.78  0.68 -0.59 -1.48 -1.92 -1.96 -1.38 -0.22 04102004 00
  1.05  2.05  2.50  2.36  1.65  0.71 -0.41 -1.31 -1.79 -1.91 -1.53 -0.56 04102004 12
  0.66  1.71  2.31  2.37  1.88  1.07  0.09 -0.83 -1.39 -1.63 -1.48 -0.74 05102004 00
  0.35  1.42  2.17  2.40  2.09  1.37  0.48 -0.41 -1.01 -1.37 -1.47 -1.15 05102004 12
 -0.37  0.55  1.35  1.70  1.67  1.28  0.68 -0.09 -0.75 -1.11 -1.23 -1.07 06102004 00
 -0.53  0.26  0.99  1.46  1.57  1.33  0.83  0.20 -0.45 -0.92 -1.21 -1.31 06102004 12
 -1.09 -0.52  0.17  0.78  1.06  1.06  0.83  0.43 -0.11 -0.63 -0.97 -1.13 07102004 00
 -1.08 -0.71 -0.14  0.47  0.91  1.09  1.05  0.81  0.39 -0.15 -0.66 -1.04 07102004 12
 -1.26 -1.25 -0.89 -0.34  0.25  0.67  0.83  0.83  0.62  0.25 -0.25 -0.72 08102004 00
 -1.01 -1.13 -1.02 -0.60 -0.04  0.54  0.92  1.07  0.96  0.63  0.09 -0.55 08102004 12
 -1.13 -1.50 -1.66 -1.46 -0.92 -0.19  0.51  0.98  1.14  1.00  0.55 -0.09 09102004 00
 -0.76 -1.26 -1.53 -1.54 -1.16 -0.47  0.39  1.10  1.43  1.37  0.97  0.27 09102004 12
 -0.57 -1.35 -1.86 -2.08 -1.87 -1.19 -0.17  0.81  1.49  1.69  1.44  0.78 10102004 00
 -0.11 -1.02 -1.66 -1.93 -1.83 -1.26 -0.24  0.90  1.75  2.09  1.85  1.10 10102004 12
  0.12 -0.98 -1.87 -2.37 -2.48 -2.01 -0.93  0.44  1.55  2.18  2.17  1.58 11102004 00
  0.59 -0.54 -1.60 -2.22 -2.42 -2.07 -1.05  0.40  1.68  2.46  2.56  1.98 11102004 12
  0.90 -0.37 -1.63 -2.46 -2.88 -2.75 -1.83 -0.27  1.32  2.38  2.81  2.44 12102004 00
  1.42  0.18 -1.18 -2.21 -2.71 -2.70 -1.92 -0.37  1.34  2.58  3.15  2.90 12102004 12
  1.88  0.56 -0.95 -2.16 -2.86 -3.09 -2.55 -1.02  0.86  2.38  3.22  3.27 13102004 00
  2.44  1.16 -0.37 -1.76 -2.61 -2.97 -2.64 -1.32  0.61  2.29  3.33  3.55 13102004 12
  2.81  1.46 -0.16 -1.76 -2.82 -3.38 -3.35 -2.28 -0.29  1.68  3.03  3.62 14102004 00
  3.24  2.01  0.53 -1.16 -2.40 -3.08 -3.21 -2.41 -0.58  1.55  3.07  3.83 14102004 12
  3.64  2.44  0.91 -0.88 -2.30 -3.17 -3.57 -3.16 -1.59  0.63  2.50  3.55 15102004 00
  3.76  2.90  1.43 -0.25 -1.86 -2.88 -3.38 -3.21 -1.90  0.26  2.26  3.53 15102004 12
  3.97  3.33  1.89  0.23 -1.52 -2.72 -3.42 -3.56 -2.67 -0.67  1.49  3.03 16102004 00
  3.76  3.52  2.30  0.76 -1.01 -2.40 -3.22 -3.51 -2.96 -1.26  0.96  2.71 16102004 12
  3.65  3.73  2.75  1.27 -0.44 -1.99 -2.95 -3.44 -3.26 -1.97  0.11  2.04 17102004 00
  3.26  3.67  3.05  1.68  0.13 -1.53 -2.65 -3.25 -3.30 -2.40 -0.55  1.46 17102004 12
  2.88  3.56  3.31  2.15  0.73 -0.92 -2.19 -2.94 -3.21 -2.71 -1.19  0.77 18102004 00
  2.36  3.24  3.33  2.48  1.18 -0.32 -1.72 -2.58 -3.02 -2.87 -1.78 -0.00 18102004 12
  1.69  2.82  3.23  2.80  1.73  0.43 -1.00 -2.00 -2.51 -2.57 -1.89 -0.45 19102004 00
  1.20  2.44  3.08  2.95  2.12  0.95 -0.43 -1.59 -2.28 -2.62 -2.39 -1.35 19102004 12
  0.16  1.54  2.43  2.67  2.23  1.31  0.21 -0.97 -1.78 -2.19 -2.21 -1.61 20102004 00
 -0.40  0.98  2.04  2.57  2.47  1.80  0.87 -0.24 -1.21 -1.79 -2.08 -1.94 20102004 12
 -1.15  0.11  1.39  2.30  2.67  2.49  1.78  0.85 -0.16 -0.84 -1.20 -1.31 21102004 00
 -1.00 -0.03  1.11  2.01  2.49  2.53  2.13  1.44  0.46 -0.46 -1.14 -1.62 21102004 12
 -1.77 -1.34 -0.43  0.55  1.39  1.82  1.88  1.53  0.91  0.14 -0.54 -0.96 22102004 00
 -1.16 -1.06 -0.50  0.33  1.22  1.90  2.20  2.08  1.55  0.74 -0.17 -0.94 22102004 12
 -1.48 -1.78 -1.64 -0.91  0.13  1.18  1.90  2.18  2.08  1.57  0.74 -0.26 23102004 00
 -1.05 -1.57 -1.82 -1.58 -0.73  0.44  1.55  2.23  2.39  2.06  1.34  0.36 23102004 12
 -0.72 -1.51 -1.97 -2.05 -1.46 -0.29  1.01  2.04  2.55  2.51  1.94  1.06 24102004 00
 -0.05 -1.05 -1.69 -1.97 -1.71 -0.68  0.74  2.04  2.84  2.99  2.50  1.58 24102004 12
  0.38 -0.89 -1.76 -2.27 -2.35 -1.63 -0.25  1.25  2.40  2.94  2.80  2.01 25102004 00
  0.90 -0.43 -1.51 -2.14 -2.41 -2.05 -0.81  0.84  2.22  2.99  3.02  2.27 25102004 12
  1.09 -0.34 -1.68 -2.53 -3.00 -2.89 -1.89 -0.21  1.46  2.60  3.04  2.64 26102004 00
  1.55  0.25 -1.19 -2.22 -2.75 -2.75 -1.94 -0.30  1.48  2.76  3.36  3.10 26102004 12
  2.05  0.69 -0.89 -2.14 -2.87 -3.15 -2.69 -1.23  0.67  2.25  3.13  3.21 27102004 00
  2.39  1.09 -0.41 -1.84 -2.73 -3.14 -2.88 -1.58  0.36  2.07  3.19  3.59 27102004 12
  3.06  1.84  0.33 -1.26 -2.28 -2.74 -2.62 -1.57  0.22  1.99  3.20  3.70 28102004 00
  3.32  2.22  0.79 -0.85 -2.07 -2.78 -2.98 -2.24 -0.49  1.46  2.90  3.63 28102004 12
  3.48  2.45  1.07 -0.59 -1.94 -2.73 -3.05 -2.61 -1.13  0.82  2.45  3.39 29102004 00
  3.52  2.71  1.39 -0.18 -1.66 -2.58 -3.05 -2.88 -1.70  0.21  1.96  3.08 29102004 12
  3.45  2.88  1.63  0.16 -1.41 -2.48 -3.05 -3.07 -2.18 -0.44  1.43  2.71 30102004 00
  3.30  2.98  1.86  0.48 -1.09 -2.29 -2.95 -3.14 -2.55 -1.03  0.83  2.26 30102004 12
  3.01  2.97  2.06  0.74 -0.75 -2.05 -2.81 -3.09 -2.69 -1.38  0.42  1.96 31102004 00
  2.87  3.04  2.34  1.13 -0.27 -1.65 -2.54 -2.96 -2.84 -1.88 -0.26  1.33 31102004 12
  2.38  2.77  2.33  1.25  0.00 -1.35 -2.32 -2.80 -2.76 -2.00 -0.52  1.08 01112004 00
  2.22  2.76  2.55  1.62  0.43 -0.90 -1.97 -2.55 -2.73 -2.31 -1.14  0.39 01112004 12
  1.64  2.34  2.33  1.64  0.58 -0.60 -1.69 -2.32 -2.54 -2.22 -1.26  0.15 02112004 00
  1.42  2.23  2.43  1.96  1.05 -0.05 -1.18 -1.93 -2.27 -2.23 -1.62 -0.48 02112004 12
  0.81  1.73  2.11  1.88  1.17  0.26 -0.75 -1.54 -1.91 -1.93 -1.47 -0.51 03112004 00
  0.68  1.64  2.15  2.11  1.58  0.79 -0.16 -1.04 -1.57 -1.80 -1.67 -1.04 03112004 12
 -0.05  0.98  1.70  1.85  1.50  0.84  0.07 -0.76 -1.32 -1.56 -1.54 -1.09 04112004 00
 -0.26  0.68  1.41  1.72  1.66  1.24  0.57 -0.23 -0.89 -1.29 -1.50 -1.44 04112004 12
 -0.96 -0.21  0.56  1.09  1.19  0.98  0.53 -0.04 -0.67 -1.14 -1.32 -1.29 05112004 00
 -0.95 -0.32  0.42  1.04  1.34  1.30  0.97  0.44 -0.20 -0.82 -1.25 -1.50 05112004 12
 -1.50 -1.12 -0.47  0.26  0.84  1.10  1.10  0.84  0.38 -0.19 -0.72 -1.06 06112004 00
 -1.21 -1.12 -0.65  0.02  0.70  1.13  1.25  1.10  0.67  0.03 -0.64 -1.19 06112004 12
 -1.53 -1.67 -1.47 -0.90 -0.11  0.64  1.12  1.25  1.09  0.61 -0.03 -0.70 07112004 00
 -1.20 -1.46 -1.45 -1.03 -0.28  0.58  1.24  1.50  1.41  0.96  0.26 -0.58 07112004 12
 -1.33 -1.82 -2.04 -1.85 -1.15 -0.11  0.88  1.55  1.74  1.50  0.88  0.05 08112004 00
 -0.84 -1.50 -1.83 -1.81 -1.29 -0.35  0.76  1.62  1.97  1.77  1.11  0.19 08112004 12
 -0.88 -1.77 -2.28 -2.44 -2.06 -1.05  0.30  1.47  2.19  2.32  1.86  0.95 09112004 00
 -0.13 -1.21 -1.91 -2.22 -2.02 -1.18  0.08  1.38  2.28  2.55  2.16  1.18 09112004 12
 -0.04 -1.30 -2.19 -2.67 -2.74 -2.21 -0.94  0.63  1.87  2.51  2.39  1.54 10112004 00
  0.34 -0.97 -2.09 -2.72 -2.90 -2.46 -1.20  0.52  1.94  2.74  2.80  2.02 10112004 12
  0.78 -0.67 -2.02 -2.89 -3.30 -3.11 -1.99 -0.16  1.57  2.71  3.15  2.68 11112004 00
  1.51  0.12 -1.38 -2.46 -3.02 -3.06 -2.22 -0.51  1.38  2.70  3.33  3.05 11112004 12
  1.92  0.49 -1.15 -2.43 -3.19 -3.47 -2.94 -1.37  0.70  2.40  3.37  3.57 12112004 00
  2.72  1.26 -0.40 -1.89 -2.79 -3.23 -3.06 -1.88  0.06  1.89  3.00  3.32 12112004 12
  2.62  1.20 -0.38 -2.02 -3.15 -3.78 -3.83 -2.90 -0.93  1.22  2.73  3.44 13112004 00
  3.25  2.05  0.49 -1.21 -2.59 -3.41 -3.71 -3.19 -1.54  0.67  2.40  3.35 13112004 12
  3.44  2.47  0.95 -0.72 -2.28 -3.26 -3.75 -3.54 -2.22 -0.09  1.90  3.12 14112004 00
  3.57  2.99  1.57 -0.01 -1.69 -2.87 -3.53 -3.63 -2.75 -0.82  1.29  2.79 14112004 12
  3.52  3.34  2.18  0.68 -1.02 -2.39 -3.19 -3.47 -2.96 -1.37  0.74  2.46 15112004 00
  3.42  3.56  2.68  1.28 -0.33 -1.87 -2.87 -3.41 -3.37 -2.27 -0.31  1.56 15112004 12
  2.82  3.34  2.90  1.69  0.26 -1.32 -2.46 -3.09 -3.20 -2.46 -0.81  1.12 16112004 00
  2.56  3.32  3.24  2.26  0.94 -0.62 -1.94 -2.73 -3.13 -2.92 -1.77  0.02 16112004 12
  1.65  2.71  3.04  2.55  1.47  0.18 -1.20 -2.13 -2.58 -2.58 -1.81 -0.30 17112004 00
  1.34  2.53  3.08  2.88  2.00  0.82 -0.58 -1.69 -2.37 -2.70 -2.46 -1.41 17112004 12
  0.12  1.54  2.44  2.63  2.14  1.18  0.04 -1.13 -1.91 -2.31 -2.33 -1.70 18112004 00
 -0.46  0.97  2.06  2.59  2.47  1.78  0.80 -0.35 -1.35 -2.00 -2.39 -2.32 18112004 12
 -1.55 -0.31  0.91  1.71  1.95  1.64  0.95  0.06 -0.91 -1.63 -1.98 -1.98 19112004 00
 -1.46 -0.45  0.75  1.71  2.23  2.18  1.65  0.81 -0.24 -1.22 -1.89 -2.35 19112004 12
 -2.43 -1.89 -0.83  0.38  1.31  1.78  1.74  1.33  0.62 -0.27 -1.09 -1.57 20112004 00
 -1.79 -1.63 -0.94  0.10  1.11  1.80  2.00  1.73  1.07  0.16 -0.87 -1.69 20112004 12
 -2.22 -2.43 -2.13 -1.24 -0.03  1.05  1.76  1.95  1.67  1.02  0.18 -0.75 21112004 00
 -1.40 -1.68 -1.63 -1.10 -0.11  1.07  2.00  2.41  2.31  1.71  0.79 -0.32 21112004 12
 -1.27 -1.91 -2.25 -2.08 -1.22  0.05  1.27  2.08  2.32  2.03  1.27  0.30 22112004 00
 -0.76 -1.51 -1.89 -1.94 -1.41 -0.30  1.00  2.04  2.53  2.40  1.67  0.61 22112004 12
 -0.63 -1.69 -2.36 -2.70 -2.48 -1.52 -0.08  1.27  2.16  2.42  2.02  1.11 23112004 00
 -0.01 -1.20 -2.04 -2.43 -2.38 -1.67 -0.35  1.09  2.15  2.61  2.35  1.47 23112004 12
  0.30 -1.01 -2.07 -2.66 -2.84 -2.40 -1.18  0.42  1.74  2.51  2.56  1.87 24112004 00
  0.78 -0.49 -1.69 -2.43 -2.73 -2.47 -1.43  0.12  1.58  2.52  2.78  2.28 24112004 12
  1.20 -0.10 -1.46 -2.39 -2.87 -2.82 -2.01 -0.47  1.18  2.35  2.90  2.66 25112004 00
  1.71  0.50 -0.89 -1.99 -2.57 -2.68 -2.10 -0.70  0.99  2.32  3.04  2.97 25112004 12
  2.12  0.90 -0.55 -1.82 -2.57 -2.89 -2.55 -1.32  0.39  1.90  2.82  3.00 26112004 00
  2.34  1.16 -0.23 -1.60 -2.49 -2.94 -2.84 -1.89 -0.26  1.39  2.48  2.90 26112004 12
  2.46  1.35  0.04 -1.39 -2.42 -2.95 -2.96 -2.18 -0.60  1.15  2.41  3.06 27112004 00
  2.88  1.91  0.64 -0.82 -2.00 -2.64 -2.85 -2.36 -1.02  0.75  2.17  2.95 27112004 12
  2.93  2.10  0.88 -0.54 -1.83 -2.64 -3.02 -2.73 -1.52  0.22  1.74  2.70 28112004 00
  2.96  2.36  1.21 -0.15 -1.57 -2.54 -3.02 -2.97 -2.14 -0.57  1.10  2.24 28112004 12
  2.74  2.39  1.32  0.05 -1.32 -2.35 -2.86 -2.87 -2.16 -0.68  1.02  2.30 29112004 00
  2.96  2.84  1.96  0.75 -0.66 -1.86 -2.55 -2.84 -2.50 -1.33  0.31  1.71 29112004 12
  2.54  2.67  2.03  0.93 -0.32 -1.55 -2.29 -2.57 -2.28 -1.23  0.35  1.82 30112004 00
  2.77  3.05  2.58  1.56  0.31 -1.01 -1.92 -2.43 -2.53 -1.91 -0.60  0.90 30112004 12
  2.03  2.54  2.33  1.51  0.42 -0.79 -1.78 -2.28 -2.37 -1.85 -0.67  0.80 01122004 00
  1.99  2.66  2.65  1.98  0.95 -0.27 -1.39 -2.05 -2.37 -2.23 -1.39 -0.08 01122004 12
  1.19  2.05  2.29  1.88  0.99 -0.04 -1.11 -1.85 -2.15 -2.05 -1.39 -0.21 02122004 00
  1.06  1.98  2.37  2.14  1.40  0.43 -0.69 -1.56 -2.05 -2.23 -1.90 -1.00 02122004 12
  0.22  1.27  1.87  1.89  1.42  0.63 -0.27 -1.13 -1.64 -1.81 -1.61 -0.90 03122004 00
  0.19  1.27  1.97  2.15  1.81  1.09  0.16 -0.85 -1.56 -1.95 -2.06 -1.68 03122004 12
 -0.81  0.29  1.17  1.61  1.57  1.12  0.42 -0.38 -1.12 -1.53 -1.64 -1.41 04122004 00
 -0.73  0.23  1.14  1.72  1.86  1.52  0.87  0.04 -0.81 -1.40 -1.75 -1.83 04122004 12
 -1.42 -0.59  0.39  1.19  1.53  1.46  1.04  0.41 -0.33 -1.01 -1.41 -1.57 05122004 00
 -1.43 -0.85  0.03  0.89  1.45  1.59  1.34  0.77  0.00 -0.83 -1.46 -1.82 05122004 12
 -1.90 -1.52 -0.72  0.27  1.11  1.58  1.67  1.44  0.89  0.15 -0.58 -1.05 06122004 00
 -1.26 -1.19 -0.69  0.15  1.02  1.64  1.83  1.58  0.96  0.14 -0.77 -1.50 06122004 12
 -1.97 -2.15 -1.85 -1.07 -0.01  0.95  1.55  1.69  1.42  0.78 -0.04 -0.88 07122004 00
 -1.47 -1.76 -1.72 -1.20 -0.26  0.80  1.60  1.92  1.72  1.06  0.15 -0.89 07122004 12
 -1.74 -2.26 -2.44 -2.12 -1.20  0.09  1.23  1.96  2.12  1.77  1.00  0.02 08122004 00
 -1.00 -1.70 -2.04 -1.99 -1.34 -0.17  1.09  2.02  2.36  2.09  1.28  0.19 08122004 12
 -1.02 -1.98 -2.55 -2.74 -2.33 -1.18  0.32  1.60  2.37  2.48  1.94  0.96 09122004 00
 -0.20 -1.38 -2.13 -2.48 -2.31 -1.39  0.10  1.58  2.56  2.87  2.43  1.40 09122004 12
  0.14 -1.23 -2.22 -2.79 -2.92 -2.30 -0.84  0.88  2.23  2.95  2.91  2.11 10122004 00
  0.92 -0.50 -1.77 -2.53 -2.88 -2.58 -1.37  0.39  1.96  2.93  3.14  2.47 10122004 12
  1.24 -0.22 -1.70 -2.69 -3.23 -3.21 -2.29 -0.53  1.31  2.62  3.24  2.96 11122004 00
  1.87  0.49 -1.11 -2.36 -3.09 -3.34 -2.81 -1.27  0.73  2.33  3.22  3.29 11122004 12
  2.39  0.99 -0.61 -2.10 -3.04 -3.51 -3.32 -2.08 -0.09  1.81  3.03  3.47 12122004 00
  2.93  1.60  0.07 -1.59 -2.77 -3.44 -3.58 -2.81 -0.99  1.08  2.61  3.40 12122004 12
  3.26  2.17  0.69 -0.97 -2.37 -3.22 -3.57 -3.15 -1.63  0.53  2.33  3.36 13122004 00
  3.61  2.83  1.40 -0.24 -1.87 -2.94 -3.53 -3.55 -2.53 -0.54  1.48  2.89 13122004 12
  3.51  3.19  1.98  0.50 -1.17 -2.42 -3.13 -3.30 -2.57 -0.79  1.32  2.94 14122004 00
  3.82  3.83  2.87  1.49 -0.25 -1.71 -2.65 -3.20 -3.09 -1.87  0.11  1.99 14122004 12
  3.22  3.66  3.14  1.90  0.40 -1.19 -2.24 -2.86 -3.04 -2.27 -0.51  1.46 15122004 00
  2.85  3.51  3.28  2.19  0.77 -0.90 -2.23 -3.06 -3.48 -3.20 -1.88  0.05 15122004 12
  1.80  2.91  3.29  2.73  1.58  0.27 -1.13 -2.01 -2.38 -2.28 -1.35  0.33 16122004 00
  2.08  3.32  3.81  3.50  2.51  1.20 -0.32 -1.44 -2.22 -2.66 -2.43 -1.26 16122004 12
  0.36  1.80  2.69  2.88  2.28  1.22 -0.03 -1.27 -2.03 -2.34 -2.07 -1.02 17122004 00
  0.55  2.00  2.98  3.37  2.97  1.91  0.55 -0.90 -1.92 -2.54 -2.85 -2.54 17122004 12
 -1.39  0.22  1.68  2.57  2.78  2.30  1.36  0.23 -0.91 -1.62 -1.94 -1.87 18122004 00
 -1.18  0.04  1.32  2.29  2.65  2.39  1.60  0.54 -0.67 -1.63 -2.25 -2.57 18122004 12
 -2.34 -1.39 -0.06  1.12  1.86  2.06  1.69  0.94 -0.01 -1.00 -1.71 -2.03 19122004 00
 -2.00 -1.41 -0.30  0.97  1.93  2.38  2.26  1.65  0.76 -0.33 -1.29 -1.92 19122004 12
 -2.29 -2.22 -1.51 -0.37  0.78  1.60  1.91  1.72  1.15  0.37 -0.54 -1.23 20122004 00
 -1.54 -1.59 -1.23 -0.33  0.82  1.80  2.29  2.25  1.70  0.88 -0.19 -1.18 20122004 12
 -1.86 -2.27 -2.30 -1.72 -0.69  0.45  1.31  1.69  1.57  1.02  0.18 -0.76 21122004 00
 -1.56 -1.98 -2.06 -1.70 -0.86  0.31  1.34  1.98  2.08  1.67  0.89 -0.03 21122004 12
 -0.96 -1.60 -1.94 -1.90 -1.23 -0.07  1.15  2.05  2.43  2.31  1.67  0.75 22122004 00
 -0.34 -1.19 -1.69 -1.88 -1.61 -0.76  0.35  1.36  1.95  2.02  1.59  0.80 22122004 12
 -0.22 -1.23 -1.81 -2.04 -1.87 -1.04  0.32  1.69  2.63  2.92  2.58  1.78 23122004 00
  0.74 -0.44 -1.29 -1.82 -2.03 -1.67 -0.65  0.62  1.79  2.46  2.49  1.94 23122004 12
  1.07 -0.02 -1.02 -1.63 -1.93 -1.77 -0.86  0.51  1.75  2.55  2.68  2.18 24122004 00
  1.28  0.21 -0.85 -1.55 -1.91 -1.87 -1.14  0.12  1.43  2.41  2.77  2.51 24122004 12
  1.67  0.57 -0.66 -1.57 -2.08 -2.18 -1.61 -0.37  1.04  2.19  2.86  2.85 25122004 00
  2.10  1.03 -0.24 -1.38 -2.10 -2.45 -2.25 -1.27  0.21  1.59  2.43  2.59 25122004 12
  2.03  0.95 -0.27 -1.47 -2.22 -2.52 -2.34 -1.50 -0.10  1.32  2.31  2.69 26122004 00
  2.32  1.32  0.09 -1.25 -2.24 -2.77 -2.86 -2.33 -1.03  0.55  1.81  2.46 26122004 12
  2.35  1.55  0.40 -0.87 -1.97 -2.57 -2.68 -2.16 -0.90  0.72  2.05  2.82 27122004 00
  2.89  2.22  1.10 -0.24 -1.49 -2.27 -2.63 -2.40 -1.30  0.39  1.98  3.02 27122004 12
  3.28  2.71  1.66  0.34 -1.03 -1.93 -2.42 -2.47 -1.77 -0.36  1.23  2.43 28122004 00
  3.00  2.82  1.93  0.75 -0.60 -1.68 -2.27 -2.48 -2.04 -0.79  0.80  2.07 28122004 12
  2.72  2.61  1.78  0.59 -0.74 -1.89 -2.55 -2.78 -2.41 -1.22  0.44  1.88 29122004 00
  2.78  3.00  2.46  1.41  0.09 -1.27 -2.16 -2.61 -2.57 -1.74 -0.25  1.28 29122004 12
  2.31  2.67  2.27  1.29  0.11 -1.16 -2.07 -2.51 -2.48 -1.74 -0.33  1.23 30122004 00
  2.37  2.93  2.77  1.92  0.73 -0.65 -1.75 -2.39 -2.65 -2.30 -1.19  0.35 30122004 12
  1.69  2.48  2.59  1.98  0.94 -0.28 -1.46 -2.18 -2.47 -2.25 -1.32  0.12 31122004 00
  1.50  2.40  2.64  2.19  1.21  0.04 -1.21 -2.07 -2.51 -2.52 -1.89 -0.61 31122004 12
