Parameter Z: CS3 Location ( 52, 86) Lat 53.500 Lon -3.417
  0.56  1.73  2.45  2.61  2.25  1.46  0.44 -0.64 -1.33 -1.65 -1.56 -0.80 01012001 00
  0.42  1.66  2.55  2.87  2.62  1.88  0.89 -0.23 -1.04 -1.55 -1.77 -1.43 01012001 12
 -0.46  0.68  1.68  2.24  2.27  1.81  1.05  0.13 -0.72 -1.20 -1.36 -1.16 02012001 00
 -0.40  0.70  1.76  2.42  2.57  2.22  1.49  0.54 -0.44 -1.17 -1.62 -1.76 02012001 12
 -1.37 -0.43  0.67  1.60  2.06  2.07  1.62  0.91  0.04 -0.75 -1.19 -1.33 03012001 00
 -1.15 -0.46  0.54  1.53  2.14  2.26  1.94  1.29  0.42 -0.48 -1.13 -1.53 03012001 12
 -1.67 -1.27 -0.37  0.68  1.58  2.03  2.05  1.64  0.96  0.12 -0.65 -1.11 04012001 00
 -1.33 -1.23 -0.61  0.34  1.32  1.99  2.17  1.90  1.27  0.41 -0.52 -1.26 04012001 12
 -1.72 -1.89 -1.54 -0.69  0.41  1.42  2.02  2.14  1.81  1.15  0.30 -0.57 05012001 00
 -1.16 -1.49 -1.49 -0.93  0.10  1.21  2.04  2.35  2.18  1.53  0.65 -0.39 05012001 12
 -1.25 -1.79 -2.04 -1.78 -0.86  0.42  1.59  2.35  2.55  2.20  1.46  0.48 06012001 00
 -0.58 -1.32 -1.72 -1.78 -1.20 -0.01  1.28  2.29  2.71  2.54  1.81  0.80 06012001 12
 -0.42 -1.42 -2.06 -2.36 -2.06 -1.01  0.43  1.77  2.63  2.85  2.40  1.46 07012001 00
  0.26 -0.98 -1.83 -2.29 -2.32 -1.60 -0.21  1.32  2.50  3.02  2.81  1.89 07012001 12
  0.65 -0.77 -1.90 -2.60 -2.90 -2.53 -1.26  0.50  2.01  2.95  3.13  2.48 08012001 00
  1.32 -0.09 -1.51 -2.46 -2.96 -2.92 -1.98 -0.27  1.51  2.73  3.27  2.92 08012001 12
  1.79  0.42 -1.15 -2.34 -3.04 -3.26 -2.66 -1.06  0.93  2.50  3.38  3.43 09012001 00
  2.53  1.16 -0.47 -1.95 -2.89 -3.40 -3.26 -2.05 -0.06  1.82  3.06  3.51 09012001 12
  2.95  1.61  0.04 -1.63 -2.81 -3.47 -3.58 -2.75 -0.83  1.28  2.82  3.58 10012001 00
  3.40  2.23  0.69 -1.06 -2.52 -3.45 -3.90 -3.57 -2.07  0.16  2.06  3.16 10012001 12
  3.46  2.70  1.17 -0.51 -2.16 -3.24 -3.81 -3.75 -2.64 -0.56  1.60  3.02 11012001 00
  3.61  3.23  1.85  0.20 -1.62 -3.00 -3.84 -4.18 -3.68 -1.92  0.32  2.15 11012001 12
  3.10  3.25  2.29  0.71 -0.94 -2.52 -3.46 -3.87 -3.57 -2.17  0.07  2.10 12012001 00
  3.33  3.74  3.08  1.61 -0.05 -1.83 -3.06 -3.80 -3.96 -3.14 -1.18  0.99 12012001 12
  2.59  3.31  3.16  2.05  0.55 -1.10 -2.52 -3.36 -3.65 -3.12 -1.51  0.65 13012001 00
  2.40  3.42  3.62  2.77  1.30 -0.36 -1.96 -3.01 -3.64 -3.70 -2.75 -0.85 13012001 12
  1.15  2.52  3.09  2.78  1.60  0.14 -1.42 -2.65 -3.33 -3.44 -2.74 -1.10 14012001 00
  0.89  2.38  3.19  3.19  2.27  0.90 -0.66 -2.07 -2.96 -3.44 -3.35 -2.29 14012001 12
 -0.50  1.22  2.34  2.78  2.36  1.23 -0.06 -1.45 -2.46 -2.98 -2.96 -2.20 15012001 00
 -0.69  1.03  2.29  2.96  2.85  1.98  0.78 -0.63 -1.83 -2.57 -2.94 -2.76 15012001 12
 -1.76 -0.20  1.23  2.18  2.47  2.03  1.06 -0.08 -1.27 -2.11 -2.50 -2.46 16012001 00
 -1.79 -0.48  0.97  2.04  2.57  2.41  1.67  0.62 -0.60 -1.63 -2.26 -2.59 16012001 12
 -2.42 -1.56 -0.24  1.01  1.85  2.11  1.78  1.01  0.06 -0.95 -1.68 -2.05 17012001 00
 -2.07 -1.55 -0.52  0.70  1.66  2.16  2.09  1.54  0.68 -0.35 -1.28 -1.86 17012001 12
 -2.19 -2.11 -1.44 -0.35  0.77  1.57  1.88  1.68  1.09  0.29 -0.62 -1.34 18012001 00
 -1.73 -1.85 -1.54 -0.75  0.33  1.27  1.83  1.89  1.51  0.80 -0.08 -0.99 18012001 12
 -1.63 -2.00 -2.04 -1.54 -0.59  0.50  1.34  1.76  1.69  1.24  0.51 -0.37 19012001 00
 -1.16 -1.64 -1.85 -1.69 -1.02 -0.00  0.99  1.65  1.83  1.55  0.90  0.05 19012001 12
 -0.90 -1.61 -2.00 -2.07 -1.64 -0.72  0.41  1.34  1.84  1.82  1.38  0.61 20012001 00
 -0.32 -1.20 -1.77 -2.05 -1.93 -1.26 -0.18  0.91  1.68  1.91  1.64  0.97 20012001 12
  0.07 -0.93 -1.69 -2.06 -2.04 -1.48 -0.44  0.76  1.74  2.25  2.21  1.66 21012001 00
  0.77 -0.29 -1.22 -1.81 -2.11 -1.94 -1.11  0.10  1.26  2.01  2.13  1.71 21012001 12
  0.87 -0.18 -1.28 -2.02 -2.34 -2.17 -1.35 -0.05  1.26  2.21  2.64  2.44 22012001 00
  1.70  0.69 -0.50 -1.45 -1.94 -2.04 -1.53 -0.39  0.97  2.13  2.77  2.73 22012001 12
  2.04  1.03 -0.17 -1.23 -1.85 -2.06 -1.70 -0.60  0.84  2.10  2.88  3.01 23012001 00
  2.46  1.47  0.24 -0.88 -1.53 -1.86 -1.80 -0.98  0.39  1.81  2.86  3.21 23012001 12
  2.87  1.97  0.77 -0.60 -1.54 -2.00 -1.99 -1.21  0.27  1.79  2.96  3.50 24012001 00
  3.29  2.37  1.12 -0.33 -1.41 -2.09 -2.42 -2.08 -0.88  0.72  2.11  2.89 24012001 12
  2.94  2.27  1.15 -0.20 -1.46 -2.18 -2.45 -2.12 -0.95  0.73  2.23  3.20 25012001 00
  3.45  2.90  1.80  0.43 -0.96 -1.88 -2.38 -2.38 -1.49  0.11  1.74  2.90 25012001 12
  3.34  2.99  1.94  0.61 -0.86 -1.89 -2.44 -2.54 -1.87 -0.38  1.36  2.71 26012001 00
  3.42  3.32  2.44  1.19 -0.33 -1.60 -2.36 -2.70 -2.40 -1.16  0.60  2.16 26012001 12
  3.05  3.16  2.43  1.24 -0.12 -1.44 -2.24 -2.58 -2.36 -1.25  0.47  2.07 27012001 00
  3.10  3.40  2.87  1.71  0.29 -1.18 -2.16 -2.70 -2.77 -2.03 -0.46  1.26 27012001 12
  2.51  3.06  2.80  1.78  0.52 -0.90 -2.01 -2.59 -2.70 -2.10 -0.67  1.07 28012001 00
  2.40  3.11  3.03  2.16  0.92 -0.53 -1.78 -2.53 -2.88 -2.63 -1.49  0.18 28012001 12
  1.68  2.59  2.78  2.16  1.03 -0.26 -1.55 -2.37 -2.72 -2.53 -1.57  0.00 29012001 00
  1.55  2.57  2.93  2.50  1.43  0.15 -1.22 -2.19 -2.72 -2.79 -2.16 -0.76 29012001 12
  0.83  2.03  2.63  2.50  1.70  0.58 -0.69 -1.76 -2.32 -2.43 -1.97 -0.80 30012001 00
  0.74  1.99  2.67  2.67  1.97  0.89 -0.36 -1.54 -2.27 -2.64 -2.50 -1.64 30012001 12
 -0.24  1.15  2.07  2.36  1.97  1.06 -0.02 -1.17 -1.97 -2.33 -2.26 -1.60 31012001 00
 -0.39  0.97  1.97  2.42  2.20  1.41  0.36 -0.84 -1.83 -2.39 -2.60 -2.30 31012001 12
 -1.34 -0.01  1.15  1.86  1.99  1.53  0.71 -0.25 -1.24 -1.88 -2.11 -1.91 01022001 00
 -1.16  0.02  1.20  2.02  2.32  2.05  1.33  0.38 -0.70 -1.52 -1.99 -2.17 01022001 12
 -1.84 -0.95  0.23  1.25  1.85  1.89  1.46  0.69 -0.22 -1.09 -1.62 -1.83 02022001 00
 -1.68 -1.04 -0.01  1.06  1.82  2.08  1.86  1.22  0.37 -0.60 -1.35 -1.81 02022001 12
 -2.01 -1.72 -0.88  0.28  1.32  1.98  2.14  1.82  1.16  0.32 -0.59 -1.22 03022001 00
 -1.57 -1.67 -1.25 -0.34  0.72  1.59  1.99  1.94  1.43  0.67 -0.27 -1.11 03022001 12
 -1.67 -1.97 -1.89 -1.20 -0.10  1.03  1.84  2.14  1.94  1.34  0.52 -0.45 04022001 00
 -1.25 -1.71 -1.92 -1.65 -0.76  0.46  1.55  2.24  2.38  2.02  1.27  0.28 04022001 12
 -0.80 -1.60 -2.09 -2.19 -1.58 -0.37  0.98  2.04  2.57  2.50  1.93  1.01 05022001 00
 -0.16 -1.22 -1.84 -2.11 -1.88 -0.91  0.47  1.76  2.63  2.86  2.45  1.55 05022001 12
  0.35 -0.96 -1.85 -2.27 -2.20 -1.41  0.01  1.53  2.73  3.40  3.40  2.74 06022001 00
  1.66  0.19 -1.04 -1.80 -2.20 -1.97 -0.76  0.88  2.32  3.28  3.56  3.10 06022001 12
  2.10  0.69 -0.77 -1.76 -2.39 -2.54 -1.73 -0.07  1.74  3.11  3.77  3.56 07022001 00
  2.54  1.15 -0.54 -1.88 -2.75 -3.22 -2.95 -1.59  0.40  2.20  3.27  3.53 07022001 12
  2.80  1.46 -0.11 -1.71 -2.76 -3.33 -3.32 -2.31 -0.31  1.73  3.17  3.84 08022001 00
  3.49  2.19  0.61 -1.17 -2.52 -3.36 -3.74 -3.25 -1.55  0.73  2.53  3.54 08022001 12
  3.68  2.72  1.19 -0.53 -2.14 -3.14 -3.64 -3.40 -1.96  0.30  2.37  3.64 09022001 00
  4.08  3.42  1.93  0.19 -1.66 -2.94 -3.72 -3.97 -3.17 -1.11  1.20  2.94 09022001 12
  3.75  3.61  2.42  0.86 -0.93 -2.42 -3.32 -3.67 -3.11 -1.30  1.07  2.94 10022001 00
  3.98  4.18  3.24  1.73 -0.09 -1.81 -2.92 -3.54 -3.51 -2.29 -0.11  2.01 10022001 12
  3.43  4.00  3.53  2.19  0.59 -1.22 -2.51 -3.26 -3.44 -2.59 -0.63  1.64 11022001 00
  3.27  4.09  3.94  2.76  1.23 -0.60 -2.06 -3.02 -3.54 -3.33 -1.89  0.26 11022001 12
  2.17  3.30  3.61  2.86  1.43 -0.16 -1.79 -2.86 -3.41 -3.37 -2.27 -0.25 12022001 00
  1.73  3.06  3.62  3.18  1.90  0.39 -1.30 -2.55 -3.32 -3.62 -3.13 -1.58 12022001 12
  0.42  1.99  2.87  2.97  2.14  0.78 -0.70 -2.08 -2.90 -3.23 -2.94 -1.72 13022001 00
  0.12  1.76  2.80  3.13  2.56  1.37 -0.01 -1.48 -2.49 -3.04 -3.14 -2.46 13022001 12
 -0.97  0.71  1.93  2.56  2.41  1.53  0.37 -0.92 -2.00 -2.59 -2.74 -2.32 14022001 00
 -1.17  0.37  1.66  2.45  2.58  2.00  0.99 -0.19 -1.35 -2.11 -2.51 -2.50 14022001 12
 -1.81 -0.54  0.80  1.75  2.17  1.95  1.23  0.26 -0.80 -1.66 -2.10 -2.22 15022001 00
 -1.86 -0.95  0.27  1.32  1.92  1.97  1.50  0.68 -0.29 -1.22 -1.79 -2.10 15022001 12
 -2.10 -1.58 -0.60  0.46  1.26  1.62  1.46  0.94  0.20 -0.63 -1.35 -1.75 16022001 00
 -1.89 -1.65 -1.00 -0.06  0.79  1.33  1.44  1.16  0.58 -0.15 -0.93 -1.50 16022001 12
 -1.81 -1.86 -1.53 -0.81  0.10  0.85  1.25  1.25  0.96  0.40 -0.31 -1.01 17022001 00
 -1.47 -1.72 -1.72 -1.31 -0.56  0.25  0.88  1.15  1.07  0.72  0.14 -0.59 17022001 12
 -1.24 -1.64 -1.81 -1.63 -1.06 -0.21  0.62  1.19  1.35  1.19  0.72  0.02 18022001 00
 -0.76 -1.37 -1.74 -1.86 -1.59 -0.92 -0.01  0.79  1.25  1.28  0.98  0.38 18022001 12
 -0.37 -1.12 -1.62 -1.86 -1.73 -1.15 -0.22  0.76  1.48  1.74  1.55  0.97 19022001 00
  0.14 -0.81 -1.56 -2.00 -2.15 -1.86 -1.06  0.02  0.95  1.49  1.52  1.10 19022001 12
  0.35 -0.58 -1.49 -2.05 -2.25 -1.98 -1.19 -0.02  1.09  1.83  2.05  1.71 20022001 00
  0.93 -0.07 -1.13 -1.90 -2.30 -2.31 -1.75 -0.66  0.62  1.59  2.03  1.86 20022001 12
  1.16  0.16 -0.96 -1.88 -2.36 -2.42 -1.94 -0.89  0.52  1.70  2.37  2.37 21022001 00
  1.74  0.71 -0.49 -1.62 -2.31 -2.62 -2.40 -1.46 -0.03  1.31  2.19  2.41 21022001 12
  1.91  0.89 -0.31 -1.53 -2.35 -2.70 -2.53 -1.65 -0.16  1.37  2.41  2.83 22022001 00
  2.50  1.51  0.26 -1.10 -2.09 -2.59 -2.68 -2.11 -0.75  0.91  2.21  2.86 22022001 12
  2.69  1.75  0.51 -0.84 -1.97 -2.61 -2.81 -2.33 -1.00  0.76  2.18  3.00 23022001 00
  3.03  2.24  1.05 -0.35 -1.66 -2.49 -2.91 -2.73 -1.64  0.13  1.74  2.74 23022001 12
  2.99  2.35  1.11 -0.29 -1.73 -2.68 -3.13 -2.99 -1.98 -0.22  1.52  2.71 24022001 00
  3.22  2.80  1.63  0.25 -1.27 -2.37 -2.94 -3.03 -2.36 -0.78  1.08  2.44 24022001 12
  3.12  2.94  1.88  0.52 -1.01 -2.26 -2.97 -3.16 -2.62 -1.14  0.75  2.27 25022001 00
  3.12  3.20  2.33  0.98 -0.55 -1.94 -2.79 -3.17 -2.92 -1.70  0.21  1.92 25022001 12
  2.97  3.26  2.64  1.40 -0.01 -1.48 -2.43 -2.87 -2.73 -1.67  0.11  1.87 26022001 00
  3.04  3.49  3.03  1.84  0.40 -1.16 -2.28 -2.91 -3.03 -2.32 -0.71  1.14 26022001 12
  2.50  3.16  2.94  1.89  0.58 -0.90 -2.12 -2.80 -3.05 -2.59 -1.20  0.64 27022001 00
  2.12  2.89  2.89  2.04  0.71 -0.78 -2.13 -2.97 -3.36 -3.19 -2.12 -0.37 27022001 12
  1.30  2.35  2.73  2.18  0.97 -0.32 -1.66 -2.60 -3.00 -2.85 -1.95 -0.31 28022001 00
  1.38  2.49  2.96  2.56  1.45  0.19 -1.20 -2.24 -2.82 -2.96 -2.41 -1.03 28022001 12
  0.67  2.02  2.73  2.66  1.85  0.70 -0.59 -1.72 -2.35 -2.55 -2.17 -1.03 01032001 00
  0.56  1.93  2.76  2.88  2.27  1.20 -0.07 -1.31 -2.10 -2.50 -2.46 -1.68 01032001 12
 -0.29  1.17  2.19  2.60  2.30  1.44  0.37 -0.84 -1.74 -2.18 -2.25 -1.73 02032001 00
 -0.58  0.83  1.97  2.55  2.48  1.82  0.87 -0.26 -1.28 -1.90 -2.20 -2.05 02032001 12
 -1.26 -0.01  1.20  2.03  2.28  1.95  1.19  0.25 -0.78 -1.50 -1.85 -1.89 03032001 00
 -1.41 -0.42  0.77  1.77  2.29  2.24  1.72  0.90 -0.08 -0.96 -1.50 -1.81 03032001 12
 -1.77 -1.15 -0.12  0.95  1.74  2.03  1.84  1.27  0.50 -0.41 -1.13 -1.55 04032001 00
 -1.73 -1.47 -0.68  0.35  1.33  1.96  2.11  1.84  1.22  0.38 -0.52 -1.17 04032001 12
 -1.58 -1.74 -1.40 -0.54  0.51  1.46  1.98  2.05  1.68  0.98  0.08 -0.82 05032001 00
 -1.45 -1.83 -1.90 -1.40 -0.44  0.68  1.58  2.02  1.98  1.52  0.72 -0.26 05032001 12
 -1.18 -1.78 -2.10 -2.00 -1.27 -0.07  1.16  2.02  2.34  2.12  1.40  0.40 06032001 00
 -0.75 -1.66 -2.23 -2.49 -2.22 -1.24  0.17  1.46  2.25  2.46  2.12  1.36 06032001 12
  0.32 -0.88 -1.72 -2.13 -2.07 -1.29  0.07  1.54  2.67  3.18  2.95  2.09 07032001 00
  0.92 -0.47 -1.60 -2.35 -2.74 -2.45 -1.22  0.52  2.07  3.01  3.22  2.61 07032001 12
  1.47  0.09 -1.32 -2.26 -2.75 -2.70 -1.70  0.04  1.82  3.06  3.60  3.28 08032001 00
  2.20  0.77 -0.87 -2.10 -2.84 -3.16 -2.65 -1.06  0.96  2.63  3.55  3.65 08032001 12
  2.79  1.45 -0.17 -1.68 -2.62 -3.10 -2.88 -1.55  0.55  2.48  3.72  4.13 09032001 00
  3.48  2.12  0.42 -1.35 -2.57 -3.31 -3.52 -2.70 -0.74  1.50  3.11  3.92 09032001 12
  3.77  2.59  1.06 -0.76 -2.21 -3.09 -3.45 -2.91 -1.13  1.21  3.12  4.19 10032001 00
  4.36  3.38  1.86 -0.03 -1.75 -2.87 -3.53 -3.55 -2.33 -0.10  2.09  3.57 10032001 12
  4.16  3.63  2.19  0.49 -1.38 -2.70 -3.47 -3.65 -2.75 -0.64  1.71  3.38 11032001 00
  4.22  4.07  2.81  1.20 -0.71 -2.22 -3.17 -3.63 -3.27 -1.61  0.72  2.67 11032001 12
  3.78  4.03  3.13  1.61 -0.17 -1.87 -2.95 -3.52 -3.43 -2.11  0.14  2.28 12032001 00
  3.69  4.25  3.70  2.30  0.64 -1.21 -2.50 -3.28 -3.53 -2.77 -0.83  1.43 12032001 12
  3.05  3.88  3.80  2.66  1.16 -0.62 -2.07 -2.95 -3.35 -2.96 -1.39  0.75 13032001 00
  2.56  3.58  3.78  2.94  1.55 -0.08 -1.66 -2.66 -3.20 -3.16 -2.07 -0.14 13032001 12
  1.74  3.00  3.50  3.02  1.79  0.36 -1.23 -2.35 -2.97 -3.09 -2.37 -0.71 14032001 00
  1.20  2.59  3.32  3.20  2.24  0.96 -0.56 -1.82 -2.56 -2.88 -2.56 -1.34 14032001 12
  0.38  1.85  2.76  2.93  2.28  1.17 -0.12 -1.41 -2.23 -2.62 -2.50 -1.62 15032001 00
 -0.14  1.36  2.39  2.79  2.46  1.56  0.42 -0.83 -1.76 -2.26 -2.37 -1.89 15032001 12
 -0.75  0.65  1.75  2.32  2.26  1.62  0.67 -0.41 -1.42 -2.01 -2.26 -2.06 16032001 00
 -1.27 -0.08  1.05  1.80  2.00  1.63  0.86 -0.03 -0.96 -1.63 -1.99 -2.02 16032001 12
 -1.62 -0.74  0.43  1.29  1.68  1.56  1.07  0.40 -0.37 -1.09 -1.53 -1.71 17032001 00
 -1.53 -0.92 -0.03  0.81  1.42  1.57  1.35  0.83  0.16 -0.55 -1.07 -1.36 17032001 12
 -1.46 -1.15 -0.50  0.28  0.96  1.32  1.36  1.12  0.66  0.01 -0.63 -1.07 18032001 00
 -1.32 -1.38 -1.06 -0.43  0.31  0.89  1.15  1.14  0.89  0.43 -0.13 -0.68 18032001 12
 -1.05 -1.25 -1.21 -0.79 -0.13  0.58  1.11  1.33  1.29  0.98  0.44 -0.22 19032001 00
 -0.82 -1.22 -1.42 -1.30 -0.79 -0.08  0.67  1.17  1.34  1.23  0.83  0.22 19032001 12
 -0.47 -1.04 -1.36 -1.44 -1.12 -0.46  0.34  1.06  1.43  1.45  1.12  0.50 20032001 00
 -0.29 -1.05 -1.60 -1.91 -1.87 -1.34 -0.40  0.58  1.26  1.51  1.35  0.88 20032001 12
  0.17 -0.68 -1.41 -1.80 -1.84 -1.38 -0.46  0.60  1.45  1.94  1.94  1.46 21032001 00
  0.63 -0.33 -1.21 -1.77 -2.00 -1.77 -0.96  0.22  1.30  1.99  2.20  1.88 21032001 12
  1.15  0.16 -0.96 -1.72 -2.01 -1.83 -1.05  0.17  1.42  2.31  2.62  2.33 22032001 00
  1.53  0.47 -0.74 -1.68 -2.22 -2.34 -1.78 -0.54  0.92  2.04  2.63  2.53 22032001 12
  1.79  0.73 -0.52 -1.61 -2.22 -2.41 -1.98 -0.80  0.76  2.07  2.82  2.87 23032001 00
  2.20  1.09 -0.24 -1.50 -2.29 -2.67 -2.49 -1.46  0.15  1.69  2.69  2.99 23032001 12
  2.50  1.40  0.08 -1.31 -2.24 -2.69 -2.62 -1.73 -0.12  1.55  2.70  3.16 24032001 00
  2.80  1.72  0.37 -1.13 -2.25 -2.87 -3.01 -2.37 -0.82  1.02  2.43  3.15 24032001 12
  3.04  2.07  0.75 -0.75 -2.04 -2.77 -3.02 -2.54 -1.10  0.79  2.34  3.23 25032001 00
  3.30  2.44  1.11 -0.45 -1.89 -2.79 -3.22 -3.01 -1.79  0.14  1.90  3.02 25032001 12
  3.36  2.74  1.45 -0.04 -1.60 -2.63 -3.14 -3.06 -2.03 -0.17  1.70  2.95 26032001 00
  3.48  3.04  1.80  0.32 -1.34 -2.55 -3.23 -3.37 -2.62 -0.86  1.17  2.60 26032001 12
  3.34  3.19  2.13  0.73 -0.90 -2.24 -3.02 -3.29 -2.78 -1.22  0.80  2.46 27032001 00
  3.34  3.41  2.52  1.15 -0.43 -1.90 -2.80 -3.22 -2.98 -1.71  0.26  2.04 27032001 12
  3.17  3.50  2.88  1.62  0.12 -1.44 -2.46 -2.96 -2.89 -1.88 -0.05  1.84 28032001 00
  3.10  3.64  3.24  2.05  0.62 -1.00 -2.17 -2.84 -3.03 -2.39 -0.77  1.14 28032001 12
  2.61  3.37  3.29  2.33  1.01 -0.54 -1.84 -2.59 -2.90 -2.51 -1.16  0.72 29032001 00
  2.29  3.22  3.35  2.60  1.37 -0.10 -1.50 -2.38 -2.84 -2.76 -1.77 -0.10 29032001 12
  1.57  2.68  3.12  2.70  1.60  0.30 -1.12 -2.13 -2.66 -2.74 -2.09 -0.62 30032001 00
  1.08  2.34  2.98  2.85  1.99  0.83 -0.55 -1.70 -2.36 -2.62 -2.27 -1.12 30032001 12
  0.44  1.79  2.61  2.76  2.22  1.24  0.06 -1.14 -1.86 -2.13 -1.93 -1.07 31032001 00
  0.27  1.57  2.47  2.79  2.47  1.61  0.50 -0.74 -1.63 -2.17 -2.40 -2.03 31032001 12
 -0.98  0.39  1.56  2.24  2.29  1.79  0.91 -0.14 -1.17 -1.84 -2.18 -2.14 01042001 00
 -1.50 -0.38  0.83  1.74  2.12  1.95  1.36  0.54 -0.42 -1.21 -1.67 -1.87 01042001 12
 -1.65 -0.86  0.25  1.25  1.87  2.01  1.70  1.05  0.21 -0.70 -1.34 -1.73 02042001 00
 -1.83 -1.43 -0.54  0.58  1.53  2.05  2.11  1.75  1.12  0.29 -0.55 -1.11 02042001 12
 -1.43 -1.45 -0.94 -0.01  0.98  1.78  2.10  2.01  1.48  0.69 -0.27 -1.10 03042001 00
 -1.68 -2.06 -2.05 -1.42 -0.37  0.78  1.68  2.10  2.03  1.51  0.70 -0.28 03042001 12
 -1.11 -1.61 -1.82 -1.58 -0.76  0.44  1.55  2.27  2.47  2.15  1.38  0.33 04042001 00
 -0.81 -1.63 -2.15 -2.32 -1.82 -0.66  0.78  1.95  2.56  2.58  1.99  1.02 04042001 12
 -0.17 -1.30 -2.03 -2.43 -2.31 -1.40  0.09  1.56  2.57  2.92  2.57  1.64 05042001 00
  0.43 -0.87 -1.82 -2.37 -2.51 -1.89 -0.48  1.20  2.49  3.20  3.20  2.48 05042001 12
  1.32 -0.16 -1.47 -2.27 -2.66 -2.44 -1.25  0.54  2.20  3.26  3.55  3.01 06042001 00
  1.84  0.35 -1.22 -2.32 -2.97 -3.08 -2.23 -0.45  1.54  2.97  3.70  3.55 06042001 12
  2.50  1.12 -0.56 -1.90 -2.70 -3.03 -2.56 -0.98  1.09  2.79  3.78  3.86 07042001 00
  2.93  1.48 -0.28 -1.85 -2.87 -3.49 -3.51 -2.40 -0.34  1.74  3.12  3.66 07042001 12
  3.18  1.81  0.23 -1.51 -2.77 -3.47 -3.60 -2.75 -0.77  1.45  3.03  3.83 08042001 00
  3.67  2.46  0.88 -0.95 -2.42 -3.33 -3.75 -3.31 -1.63  0.67  2.56  3.63 08042001 12
  3.87  2.97  1.43 -0.32 -2.01 -3.08 -3.65 -3.53 -2.23 -0.01  2.12  3.47 09042001 00
  3.98  3.44  2.03  0.38 -1.43 -2.67 -3.36 -3.51 -2.66 -0.69  1.59  3.20 09042001 12
  3.97  3.79  2.54  0.97 -0.87 -2.32 -3.21 -3.60 -3.16 -1.51  0.75  2.56 10042001 00
  3.55  3.69  2.74  1.24 -0.47 -2.08 -3.09 -3.62 -3.52 -2.30 -0.22  1.79 10042001 12
  3.03  3.48  2.92  1.51 -0.06 -1.73 -2.89 -3.54 -3.63 -2.76 -0.87  1.16 11042001 00
  2.61  3.31  3.10  1.97  0.52 -1.10 -2.42 -3.19 -3.44 -2.92 -1.42  0.58 11042001 12
  2.14  3.00  3.08  2.23  0.87 -0.63 -2.04 -2.90 -3.29 -3.07 -1.91 -0.10 12042001 00
  1.57  2.64  2.99  2.45  1.28 -0.06 -1.48 -2.46 -2.95 -2.94 -2.14 -0.62 12042001 12
  1.03  2.17  2.72  2.46  1.49  0.28 -1.07 -2.15 -2.74 -2.90 -2.46 -1.25 13042001 00
  0.32  1.60  2.34  2.37  1.69  0.64 -0.53 -1.63 -2.29 -2.55 -2.30 -1.40 13042001 12
 -0.03  1.25  2.08  2.32  1.91  1.05  0.02 -1.08 -1.84 -2.21 -2.22 -1.69 14042001 00
 -0.61  0.65  1.61  2.04  1.90  1.28  0.45 -0.49 -1.31 -1.75 -1.89 -1.61 14042001 12
 -0.83  0.25  1.22  1.81  1.88  1.51  0.82 -0.01 -0.85 -1.38 -1.65 -1.67 15042001 00
 -1.25 -0.44  0.50  1.26  1.58  1.47  1.00  0.34 -0.39 -1.00 -1.33 -1.46 15042001 12
 -1.29 -0.70  0.12  0.89  1.35  1.42  1.16  0.66  0.00 -0.70 -1.21 -1.50 16042001 00
 -1.60 -1.34 -0.74  0.01  0.67  1.02  1.06  0.85  0.42 -0.13 -0.69 -1.07 16042001 12
 -1.24 -1.20 -0.82 -0.21  0.48  1.03  1.27  1.22  0.93  0.43 -0.20 -0.80 17042001 00
 -1.19 -1.40 -1.35 -0.89 -0.20  0.55  1.07  1.29  1.25  0.97  0.46 -0.27 17042001 12
 -0.95 -1.32 -1.42 -1.23 -0.73 -0.03  0.70  1.15  1.23  1.00  0.48 -0.19 18042001 00
 -0.91 -1.45 -1.72 -1.69 -1.21 -0.38  0.56  1.31  1.68  1.62  1.18  0.48 18042001 12
 -0.37 -1.10 -1.55 -1.75 -1.57 -0.89  0.09  1.02  1.63  1.77  1.45  0.77 19042001 00
 -0.12 -1.05 -1.69 -2.01 -1.96 -1.37 -0.31  0.83  1.67  2.05  1.88  1.24 19042001 12
  0.32 -0.72 -1.56 -2.00 -2.09 -1.65 -0.66  0.58  1.61  2.17  2.10  1.48 20042001 00
  0.53 -0.58 -1.61 -2.23 -2.47 -2.19 -1.24  0.14  1.42  2.24  2.44  1.96 20042001 12
  1.00 -0.15 -1.33 -2.12 -2.47 -2.34 -1.50 -0.10  1.32  2.30  2.67  2.31 21042001 00
  1.35  0.14 -1.18 -2.15 -2.65 -2.67 -1.99 -0.57  1.08  2.32  2.94  2.80 21042001 12
  1.94  0.75 -0.63 -1.79 -2.44 -2.64 -2.14 -0.83  0.86  2.25  3.00  3.00 22042001 00
  2.19  0.94 -0.51 -1.83 -2.65 -3.03 -2.76 -1.56  0.27  1.93  2.98  3.28 22042001 12
  2.71  1.52  0.11 -1.36 -2.34 -2.83 -2.75 -1.78 -0.04  1.75  2.96  3.44 23042001 00
  3.01  1.82  0.37 -1.23 -2.38 -3.02 -3.16 -2.43 -0.74  1.23  2.68  3.44 23042001 12
  3.32  2.27  0.90 -0.71 -2.04 -2.81 -3.10 -2.63 -1.11  0.87  2.50  3.41 24042001 00
  3.49  2.62  1.26 -0.37 -1.86 -2.79 -3.23 -3.00 -1.70  0.33  2.17  3.34 24042001 12
  3.73  3.12  1.82  0.28 -1.36 -2.47 -3.07 -3.10 -2.13 -0.25  1.74  3.08 25042001 00
  3.68  3.32  2.10  0.61 -1.08 -2.33 -3.04 -3.27 -2.64 -0.97  1.08  2.65 25042001 12
  3.49  3.47  2.46  1.06 -0.59 -2.01 -2.86 -3.25 -2.93 -1.53  0.48  2.23 26042001 00
  3.27  3.52  2.77  1.43 -0.12 -1.68 -2.69 -3.22 -3.18 -2.16 -0.28  1.59 26042001 12
  2.86  3.40  2.97  1.77  0.35 -1.24 -2.40 -3.05 -3.20 -2.53 -0.91  1.04 27042001 00
  2.48  3.24  3.20  2.26  0.94 -0.58 -1.88 -2.63 -2.91 -2.52 -1.20  0.64 27042001 12
  2.21  3.16  3.30  2.60  1.42 -0.01 -1.41 -2.32 -2.83 -2.83 -1.95 -0.32 28042001 00
  1.40  2.59  3.12  2.86  1.91  0.71 -0.67 -1.75 -2.34 -2.51 -2.00 -0.70 28042001 12
  0.91  2.20  2.90  2.88  2.13  1.03 -0.28 -1.47 -2.22 -2.60 -2.47 -1.54 29042001 00
 -0.07  1.37  2.36  2.71  2.37  1.50  0.41 -0.80 -1.69 -2.14 -2.24 -1.76 29042001 12
 -0.63  0.76  1.86  2.44  2.38  1.73  0.77 -0.36 -1.39 -2.04 -2.41 -2.35 30042001 00
 -1.62 -0.39  0.88  1.77  2.14  1.92  1.25  0.36 -0.66 -1.46 -1.89 -2.03 30042001 12
 -1.73 -0.88  0.28  1.32  1.93  2.00  1.56  0.76 -0.20 -1.18 -1.88 -2.33 01052001 00
 -2.46 -2.03 -1.05  0.15  1.16  1.73  1.74  1.32  0.57 -0.33 -1.17 -1.71 01052001 12
 -1.97 -1.89 -1.32 -0.30  0.80  1.63  1.98  1.80  1.18  0.30 -0.71 -1.56 02052001 00
 -2.11 -2.41 -2.23 -1.45 -0.26  0.91  1.75  2.08  1.89  1.24  0.34 -0.66 02052001 12
 -1.44 -1.90 -2.03 -1.64 -0.68  0.56  1.64  2.26  2.28  1.74  0.79 -0.35 03052001 00
 -1.42 -2.15 -2.60 -2.61 -1.92 -0.62  0.82  1.90  2.44  2.30  1.61  0.59 03052001 12
 -0.60 -1.64 -2.22 -2.42 -2.06 -0.97  0.54  1.83  2.61  2.70  2.08  0.99 04052001 00
 -0.32 -1.60 -2.45 -2.93 -2.90 -2.07 -0.54  1.11  2.29  2.86  2.63  1.69 04052001 12
  0.47 -0.92 -2.03 -2.67 -2.87 -2.35 -0.98  0.78  2.19  2.99  3.00  2.19 05052001 00
  0.92 -0.57 -1.96 -2.84 -3.29 -3.13 -2.03 -0.22  1.51  2.67  3.11  2.63 05052001 12
  1.43  0.02 -1.50 -2.60 -3.19 -3.25 -2.43 -0.72  1.19  2.55  3.25  3.05 06052001 00
  1.96  0.56 -1.07 -2.40 -3.21 -3.55 -3.15 -1.71  0.33  2.04  3.02  3.23 06052001 12
  2.44  1.04 -0.51 -2.05 -3.04 -3.52 -3.36 -2.17 -0.18  1.73  2.96  3.42 07052001 00
  2.90  1.59  0.05 -1.62 -2.82 -3.51 -3.63 -2.85 -1.01  1.04  2.54  3.30 07052001 12
  3.15  2.03  0.54 -1.11 -2.50 -3.32 -3.62 -3.12 -1.56  0.57  2.26  3.22 08052001 00
  3.37  2.50  1.05 -0.56 -2.11 -3.09 -3.58 -3.42 -2.18 -0.17  1.75  2.95 08052001 12
  3.38  2.82  1.45 -0.09 -1.74 -2.88 -3.50 -3.57 -2.72 -0.85  1.16  2.58 09052001 00
  3.26  3.06  1.93  0.47 -1.15 -2.46 -3.21 -3.41 -2.81 -1.23  0.80  2.36 09052001 12
  3.21  3.25  2.33  0.94 -0.62 -2.06 -2.95 -3.37 -3.16 -1.93 -0.04  1.71 10052001 00
  2.82  3.17  2.56  1.31 -0.10 -1.58 -2.59 -3.08 -3.01 -2.06 -0.34  1.42 10052001 12
  2.61  3.15  2.81  1.70  0.35 -1.15 -2.29 -2.93 -3.11 -2.57 -1.17  0.58 11052001 00
  1.97  2.73  2.73  1.93  0.72 -0.64 -1.87 -2.58 -2.82 -2.47 -1.33  0.30 11052001 12
  1.73  2.62  2.82  2.22  1.13 -0.15 -1.43 -2.28 -2.72 -2.69 -1.96 -0.57 12052001 00
  0.92  1.99  2.43  2.15  1.28  0.19 -1.00 -1.92 -2.37 -2.40 -1.85 -0.68 12052001 12
  0.75  1.86  2.47  2.39  1.71  0.71 -0.45 -1.47 -2.08 -2.37 -2.19 -1.36 13052001 00
 -0.12  1.10  1.90  2.14  1.80  1.05  0.13 -0.86 -1.53 -1.80 -1.73 -1.13 13052001 12
 -0.10  1.02  1.84  2.19  2.01  1.36  0.50 -0.49 -1.26 -1.73 -1.94 -1.70 14052001 00
 -0.92  0.13  1.09  1.68  1.75  1.39  0.74 -0.05 -0.83 -1.34 -1.56 -1.46 14052001 12
 -0.93 -0.07  0.87  1.56  1.82  1.66  1.16  0.43 -0.39 -1.05 -1.47 -1.67 15052001 00
 -1.50 -0.84  0.05  0.87  1.38  1.50  1.28  0.80  0.16 -0.53 -0.98 -1.19 15052001 12
 -1.17 -0.80 -0.08  0.74  1.38  1.67  1.61  1.21  0.63 -0.10 -0.75 -1.20 16052001 00
 -1.44 -1.37 -0.83 -0.06  0.76  1.34  1.56  1.47  1.08  0.50 -0.18 -0.75 16052001 12
 -1.08 -1.19 -0.96 -0.35  0.39  1.09  1.47  1.53  1.27  0.71 -0.02 -0.77 17052001 00
 -1.32 -1.58 -1.57 -1.11 -0.28  0.67  1.39  1.72  1.71  1.34  0.70 -0.11 17052001 12
 -0.84 -1.31 -1.53 -1.40 -0.79  0.07  0.93  1.50  1.60  1.28  0.66 -0.16 18052001 00
 -1.02 -1.66 -1.96 -1.92 -1.36 -0.36  0.73  1.57  1.97  1.85  1.26  0.44 18052001 12
 -0.52 -1.35 -1.83 -2.00 -1.71 -0.86  0.31  1.34  1.93  1.96  1.46  0.59 19052001 00
 -0.43 -1.45 -2.12 -2.44 -2.27 -1.47 -0.19  1.09  1.98  2.31  2.02  1.22 19052001 12
  0.18 -0.96 -1.82 -2.27 -2.32 -1.78 -0.61  0.79  1.85  2.36  2.17  1.38 20052001 00
  0.29 -0.95 -2.01 -2.62 -2.83 -2.43 -1.27  0.30  1.63  2.46  2.58  1.97 20052001 12
  0.91 -0.34 -1.58 -2.38 -2.74 -2.56 -1.60 -0.06  1.46  2.44  2.76  2.28 21052001 00
  1.20 -0.13 -1.51 -2.50 -3.02 -3.04 -2.24 -0.69  1.02  2.30  2.93  2.73 21052001 12
  1.78  0.51 -0.94 -2.15 -2.82 -3.04 -2.54 -1.13  0.68  2.15  2.96  2.98 22052001 00
  2.13  0.82 -0.67 -2.05 -2.93 -3.34 -3.08 -1.85  0.03  1.78  2.88  3.23 22052001 12
  2.67  1.43 -0.03 -1.56 -2.62 -3.19 -3.21 -2.31 -0.51  1.40  2.70  3.30 23052001 00
  2.96  1.78  0.34 -1.29 -2.53 -3.25 -3.46 -2.85 -1.24  0.82  2.39  3.25 23052001 12
  3.27  2.34  0.93 -0.68 -2.14 -3.04 -3.46 -3.20 -1.88  0.12  1.95  3.05 24052001 00
  3.38  2.71  1.35 -0.19 -1.79 -2.87 -3.44 -3.43 -2.44 -0.51  1.45  2.81 24052001 12
  3.43  3.11  1.89  0.41 -1.26 -2.53 -3.26 -3.48 -2.89 -1.28  0.81  2.42 25052001 00
  3.29  3.33  2.39  0.99 -0.58 -2.01 -2.90 -3.31 -3.04 -1.71  0.29  2.07 25052001 12
  3.19  3.54  2.88  1.59  0.05 -1.53 -2.61 -3.21 -3.30 -2.46 -0.71  1.22 26052001 00
  2.58  3.24  3.01  1.94  0.59 -0.96 -2.20 -2.90 -3.13 -2.61 -1.14  0.75 26052001 12
  2.30  3.19  3.29  2.48  1.22 -0.28 -1.69 -2.58 -3.06 -3.00 -2.01 -0.28 27052001 00
  1.43  2.61  3.10  2.73  1.67  0.40 -1.02 -2.06 -2.63 -2.75 -2.11 -0.67 27052001 12
  1.03  2.36  3.06  2.99  2.14  0.94 -0.47 -1.68 -2.44 -2.85 -2.71 -1.72 28052001 00
 -0.15  1.38  2.41  2.78  2.43  1.53  0.40 -0.87 -1.77 -2.23 -2.27 -1.65 28052001 12
 -0.37  1.11  2.27  2.85  2.74  1.98  0.90 -0.39 -1.48 -2.18 -2.61 -2.56 29052001 00
 -1.77 -0.45  0.93  1.92  2.31  2.05  1.29  0.30 -0.81 -1.67 -2.11 -2.18 29052001 12
 -1.69 -0.62  0.71  1.81  2.43  2.44  1.87  0.93 -0.20 -1.27 -1.99 -2.42 30052001 00
 -2.46 -1.84 -0.65  0.69  1.72  2.22  2.12  1.54  0.67 -0.37 -1.28 -1.82 30052001 12
 -2.04 -1.81 -0.97  0.24  1.38  2.13  2.31  1.93  1.11  0.08 -1.02 -1.83 31052001 00
 -2.34 -2.53 -2.13 -1.11  0.22  1.35  2.03  2.12  1.69  0.87 -0.11 -1.10 31052001 12
 -1.76 -2.09 -2.01 -1.31 -0.11  1.15  2.07  2.42  2.18  1.41  0.37 -0.82 01062001 00
 -1.78 -2.37 -2.64 -2.36 -1.36  0.06  1.36  2.21  2.46  2.11  1.29  0.23 01062001 12
 -0.92 -1.73 -2.14 -2.12 -1.43 -0.18  1.19  2.23  2.63  2.37  1.49  0.34 02062001 00
 -0.94 -1.98 -2.63 -2.90 -2.59 -1.51  0.03  1.45  2.39  2.63  2.11  1.06 02062001 12
 -0.17 -1.41 -2.25 -2.66 -2.59 -1.81 -0.37  1.18  2.29  2.78  2.50  1.55 03062001 00
  0.31 -1.06 -2.12 -2.75 -2.96 -2.52 -1.21  0.48  1.88  2.71  2.80  2.10 03062001 12
  0.96 -0.39 -1.70 -2.52 -2.89 -2.69 -1.65 -0.00  1.58  2.61  2.97  2.49 04062001 00
  1.38  0.04 -1.40 -2.43 -2.99 -3.06 -2.33 -0.76  1.02  2.32  2.99  2.84 04062001 12
  1.88  0.61 -0.86 -2.10 -2.82 -3.09 -2.65 -1.29  0.51  2.04  2.93  3.06 05062001 00
  2.32  1.08 -0.37 -1.75 -2.63 -3.04 -2.85 -1.74  0.07  1.76  2.89  3.30 05062001 12
  2.82  1.65  0.26 -1.26 -2.34 -2.94 -3.03 -2.29 -0.67  1.16  2.51  3.17 06062001 00
  2.99  1.99  0.68 -0.82 -2.03 -2.70 -2.87 -2.27 -0.79  1.04  2.48  3.32 06062001 12
  3.35  2.49  1.22 -0.32 -1.71 -2.59 -3.05 -2.91 -1.80  0.01  1.69  2.78 07062001 00
  3.15  2.63  1.47  0.11 -1.36 -2.36 -2.86 -2.82 -1.94 -0.28  1.49  2.73 07062001 12
  3.29  2.98  1.92  0.59 -0.94 -2.12 -2.80 -3.05 -2.59 -1.19  0.58  2.02 08062001 00
  2.81  2.85  2.04  0.83 -0.55 -1.83 -2.59 -2.88 -2.53 -1.32  0.43  1.96 08062001 12
  2.91  3.14  2.53  1.38  0.01 -1.38 -2.30 -2.79 -2.79 -1.99 -0.46  1.16 09062001 00
  2.31  2.80  2.51  1.54  0.33 -1.01 -2.04 -2.55 -2.61 -1.98 -0.60  1.02 09062001 12
  2.23  2.88  2.77  1.94  0.77 -0.60 -1.77 -2.46 -2.78 -2.56 -1.55 -0.05 10062001 00
  1.33  2.21  2.44  1.93  0.93 -0.23 -1.40 -2.17 -2.49 -2.32 -1.49 -0.10 10062001 12
  1.30  2.26  2.63  2.31  1.42  0.31 -0.93 -1.85 -2.37 -2.51 -2.08 -0.99 11062001 00
  0.41  1.56  2.17  2.12  1.49  0.53 -0.53 -1.50 -2.06 -2.23 -1.91 -0.99 11062001 12
  0.29  1.46  2.18  2.31  1.85  0.98 -0.06 -1.12 -1.83 -2.22 -2.24 -1.70 12062001 00
 -0.62  0.61  1.54  1.95  1.77  1.14  0.29 -0.66 -1.44 -1.83 -1.89 -1.50 12062001 12
 -0.61  0.52  1.48  2.02  2.02  1.53  0.73 -0.22 -1.12 -1.71 -2.01 -1.96 13062001 00
 -1.36 -0.35  0.71  1.47  1.75  1.55  0.99  0.23 -0.62 -1.27 -1.59 -1.63 13062001 12
 -1.25 -0.45  0.55  1.39  1.80  1.75  1.29  0.56 -0.31 -1.11 -1.63 -1.90 14062001 00
 -1.82 -1.21 -0.25  0.74  1.44  1.70  1.57  1.08  0.39 -0.41 -1.02 -1.33 14062001 12
 -1.39 -1.08 -0.34  0.57  1.36  1.76  1.75  1.34  0.68 -0.13 -0.93 -1.48 15062001 00
 -1.77 -1.71 -1.12 -0.17  0.81  1.51  1.78  1.66  1.21  0.54 -0.29 -0.97 15062001 12
 -1.35 -1.47 -1.21 -0.47  0.47  1.32  1.77  1.76  1.35  0.66 -0.21 -1.06 16062001 00
 -1.63 -1.94 -1.90 -1.32 -0.31  0.76  1.56  1.90  1.76  1.24  0.48 -0.43 16062001 12
 -1.20 -1.66 -1.84 -1.57 -0.77  0.32  1.30  1.86  1.88  1.41  0.60 -0.36 17062001 00
 -1.33 -1.98 -2.31 -2.23 -1.55 -0.38  0.85  1.75  2.13  1.94  1.28  0.37 17062001 12
 -0.67 -1.53 -2.01 -2.15 -1.75 -0.74  0.55  1.61  2.19  2.16  1.55  0.57 18062001 00
 -0.58 -1.64 -2.30 -2.61 -2.42 -1.53 -0.12  1.26  2.18  2.51  2.18  1.33 18062001 12
  0.23 -1.01 -1.92 -2.39 -2.42 -1.78 -0.47  1.03  2.16  2.69  2.50  1.66 19062001 00
  0.51 -0.81 -1.91 -2.56 -2.81 -2.44 -1.22  0.43  1.85  2.76  2.96  2.36 19062001 12
  1.28 -0.03 -1.35 -2.21 -2.67 -2.59 -1.65 -0.04  1.59  2.69  3.09  2.69 20062001 00
  1.60  0.25 -1.23 -2.32 -2.95 -3.11 -2.49 -0.98  0.86  2.31  3.10  3.08 20062001 12
  2.19  0.90 -0.62 -1.96 -2.80 -3.19 -2.92 -1.66  0.23  1.93  2.98  3.26 21062001 00
  2.61  1.33 -0.15 -1.67 -2.70 -3.24 -3.22 -2.26 -0.41  1.50  2.84  3.47 21062001 12
  3.15  1.98  0.54 -1.12 -2.40 -3.16 -3.45 -2.91 -1.34  0.73  2.36  3.25 22062001 00
  3.33  2.44  1.04 -0.57 -2.05 -2.98 -3.44 -3.22 -1.91  0.12  2.00  3.20 22062001 12
  3.60  3.00  1.66  0.11 -1.56 -2.73 -3.39 -3.53 -2.73 -0.89  1.17  2.67 23062001 00
  3.43  3.28  2.19  0.74 -0.91 -2.28 -3.10 -3.41 -2.95 -1.41  0.68  2.43 23062001 12
  3.43  3.62  2.80  1.39 -0.24 -1.83 -2.87 -3.46 -3.48 -2.46 -0.52  1.43 24062001 00
  2.79  3.38  3.03  1.83  0.39 -1.23 -2.45 -3.14 -3.31 -2.63 -0.96  1.07 24062001 12
  2.59  3.43  3.42  2.44  1.05 -0.59 -2.04 -2.96 -3.47 -3.35 -2.21 -0.32 25062001 00
  1.51  2.70  3.14  2.67  1.46  0.07 -1.42 -2.50 -3.06 -3.10 -2.29 -0.63 25062001 12
  1.24  2.58  3.28  3.10  2.08  0.75 -0.80 -2.09 -2.88 -3.28 -3.07 -1.88 26062001 00
 -0.09  1.57  2.62  2.95  2.42  1.31  0.05 -1.29 -2.22 -2.67 -2.61 -1.76 26062001 12
 -0.19  1.47  2.66  3.20  2.96  2.03  0.81 -0.62 -1.77 -2.48 -2.86 -2.64 27062001 00
 -1.53  0.09  1.54  2.47  2.73  2.25  1.28  0.13 -1.11 -1.93 -2.32 -2.27 27062001 12
 -1.53 -0.17  1.30  2.38  2.87  2.67  1.86  0.75 -0.55 -1.61 -2.28 -2.66 28062001 00
 -2.49 -1.53 -0.10  1.25  2.13  2.41  2.06  1.26  0.24 -0.87 -1.68 -2.08 28062001 12
 -2.10 -1.52 -0.37  0.97  2.01  2.55  2.48  1.83  0.87 -0.29 -1.31 -1.96 29062001 00
 -2.32 -2.23 -1.44 -0.15  1.12  2.00  2.34  2.11  1.44  0.52 -0.56 -1.39 29062001 12
 -1.84 -1.99 -1.59 -0.59  0.68  1.78  2.40  2.44  1.90  1.02 -0.07 -1.13 30062001 00
 -1.85 -2.27 -2.29 -1.66 -0.50  0.79  1.78  2.23  2.09  1.45  0.54 -0.54 30062001 12
 -1.46 -2.00 -2.22 -1.93 -1.03  0.25  1.41  2.14  2.29  1.86  0.99 -0.08 01072001 00
 -1.19 -1.97 -2.42 -2.47 -1.89 -0.70  0.67  1.72  2.26  2.15  1.48  0.52 01072001 12
 -0.61 -1.60 -2.18 -2.42 -2.15 -1.22  0.14  1.36  2.14  2.32  1.86  0.94 02072001 00
 -0.17 -1.34 -2.13 -2.54 -2.51 -1.83 -0.54  0.89  1.95  2.46  2.30  1.53 02072001 12
  0.46 -0.76 -1.77 -2.33 -2.53 -2.16 -1.08  0.38  1.63  2.38  2.46  1.88 03072001 00
  0.86 -0.34 -1.52 -2.26 -2.60 -2.42 -1.53 -0.06  1.38  2.38  2.76  2.40 03072001 12
  1.45  0.26 -1.04 -1.98 -2.49 -2.62 -2.06 -0.75  0.79  1.96  2.59  2.45 04072001 00
  1.62  0.50 -0.81 -1.94 -2.59 -2.78 -2.38 -1.22  0.38  1.76  2.63  2.79 04072001 12
  2.18  1.06 -0.24 -1.54 -2.40 -2.83 -2.74 -1.87 -0.36  1.20  2.26  2.68 05072001 00
  2.30  1.28  0.04 -1.30 -2.28 -2.76 -2.76 -2.04 -0.55  1.12  2.35  2.98 05072001 12
  2.83  1.92  0.71 -0.69 -1.89 -2.59 -2.90 -2.56 -1.35  0.32  1.75  2.61 06072001 00
  2.75  2.06  0.91 -0.41 -1.69 -2.46 -2.79 -2.54 -1.45  0.22  1.80  2.81 06072001 12
  3.13  2.63  1.52  0.19 -1.24 -2.23 -2.78 -2.85 -2.16 -0.66  1.01  2.24 07072001 00
  2.82  2.60  1.65  0.43 -0.93 -2.03 -2.61 -2.72 -2.15 -0.75  0.97  2.32 07072001 12
  3.09  3.07  2.24  1.06 -0.35 -1.62 -2.40 -2.81 -2.63 -1.57  0.07  1.61 08072001 00
  2.57  2.83  2.30  1.20 -0.07 -1.39 -2.26 -2.66 -2.51 -1.61 -0.06  1.52 08072001 12
  2.62  3.06  2.71  1.70  0.42 -0.99 -2.04 -2.64 -2.81 -2.31 -0.98  0.66 09072001 00
  1.95  2.63  2.57  1.79  0.66 -0.62 -1.76 -2.39 -2.58 -2.14 -0.95  0.65 09072001 12
  2.01  2.82  2.96  2.36  1.28 -0.00 -1.27 -2.06 -2.47 -2.40 -1.58 -0.14 10072001 00
  1.35  2.38  2.78  2.45  1.55  0.43 -0.82 -1.71 -2.13 -2.07 -1.29  0.10 10072001 12
  1.56  2.62  3.03  2.78  1.96  0.91 -0.37 -1.38 -2.01 -2.30 -2.03 -1.03 11072001 00
  0.37  1.66  2.41  2.53  2.02  1.11 -0.00 -1.10 -1.76 -2.02 -1.86 -1.05 11072001 12
  0.23  1.48  2.31  2.54  2.14  1.29  0.24 -0.89 -1.68 -2.12 -2.23 -1.74 12072001 00
 -0.65  0.67  1.74  2.27  2.20  1.61  0.73 -0.28 -1.17 -1.64 -1.79 -1.53 12072001 12
 -0.68  0.51  1.57  2.17  2.21  1.70  0.87 -0.13 -1.13 -1.78 -2.11 -2.07 13072001 00
 -1.45 -0.37  0.80  1.67  2.04  1.86  1.25  0.43 -0.49 -1.23 -1.60 -1.68 13072001 12
 -1.32 -0.46  0.63  1.54  2.01  1.98  1.48  0.69 -0.26 -1.15 -1.72 -2.01 14072001 00
 -1.94 -1.31 -0.28  0.79  1.58  1.88  1.70  1.15  0.39 -0.47 -1.15 -1.50 14072001 12
 -1.58 -1.25 -0.44  0.58  1.45  1.87  1.83  1.35  0.61 -0.29 -1.15 -1.73 15072001 00
 -2.04 -1.98 -1.36 -0.34  0.73  1.53  1.85  1.71  1.18  0.43 -0.45 -1.18 15072001 12
 -1.59 -1.73 -1.45 -0.66  0.38  1.31  1.83  1.85  1.42  0.68 -0.23 -1.15 16072001 00
 -1.77 -2.13 -2.11 -1.53 -0.47  0.70  1.60  2.01  1.91  1.39  0.58 -0.40 16072001 12
 -1.26 -1.76 -1.95 -1.67 -0.82  0.38  1.48  2.14  2.24  1.81  0.97 -0.06 17072001 00
 -1.12 -1.86 -2.30 -2.34 -1.75 -0.57  0.76  1.77  2.30  2.20  1.58  0.63 17072001 12
 -0.50 -1.51 -2.12 -2.36 -2.10 -1.18  0.22  1.49  2.27  2.43  1.92  0.96 18072001 00
 -0.18 -1.36 -2.20 -2.66 -2.66 -1.96 -0.57  0.97  2.12  2.69  2.52  1.72 18072001 12
  0.59 -0.71 -1.82 -2.47 -2.72 -2.35 -1.15  0.49  1.91  2.78  2.90  2.24 19072001 00
  1.10 -0.25 -1.58 -2.47 -2.95 -2.87 -1.91 -0.22  1.51  2.70  3.23  2.90 19072001 12
  1.84  0.49 -1.05 -2.22 -2.90 -3.15 -2.63 -1.14  0.75  2.28  3.12  3.19 20072001 00
  2.35  1.06 -0.45 -1.84 -2.73 -3.16 -2.92 -1.62  0.35  2.12  3.27  3.62 20072001 12
  3.03  1.79  0.26 -1.37 -2.50 -3.17 -3.33 -2.55 -0.78  1.27  2.77  3.55 21072001 00
  3.42  2.34  0.91 -0.78 -2.18 -3.02 -3.37 -2.92 -1.33  0.80  2.60  3.62 21072001 12
  3.83  3.01  1.59 -0.11 -1.76 -2.85 -3.49 -3.54 -2.51 -0.49  1.58  3.03 22072001 00
  3.66  3.31  2.03  0.48 -1.26 -2.57 -3.33 -3.56 -2.86 -1.04  1.21  2.86 22072001 12
  3.76  3.76  2.71  1.20 -0.60 -2.16 -3.17 -3.73 -3.60 -2.30 -0.17  1.88 23072001 00
  3.15  3.62  3.08  1.70  0.13 -1.56 -2.74 -3.37 -3.42 -2.45 -0.45  1.69 23072001 12
  3.17  3.90  3.65  2.44  0.91 -0.90 -2.30 -3.20 -3.65 -3.32 -1.84  0.28 24072001 00
  2.12  3.19  3.46  2.72  1.31 -0.25 -1.83 -2.84 -3.34 -3.23 -2.07 -0.08 24072001 12
  1.86  3.15  3.69  3.25  2.00  0.51 -1.19 -2.43 -3.20 -3.52 -3.02 -1.46 25072001 00
  0.57  2.16  3.04  3.13  2.29  0.96 -0.52 -1.91 -2.76 -3.12 -2.85 -1.62 25072001 12
  0.25  1.93  3.02  3.38  2.83  1.65  0.23 -1.29 -2.36 -2.99 -3.18 -2.58 26072001 00
 -1.10  0.69  2.05  2.78  2.75  1.93  0.75 -0.59 -1.79 -2.48 -2.73 -2.38 26072001 12
 -1.24  0.38  1.82  2.73  2.96  2.42  1.36  0.09 -1.23 -2.13 -2.66 -2.80 27072001 00
 -2.23 -0.92  0.60  1.78  2.40  2.31  1.61  0.59 -0.57 -1.60 -2.19 -2.40 27072001 12
 -2.10 -1.14  0.23  1.47  2.27  2.47  2.05  1.16  0.07 -1.07 -1.88 -2.35 28072001 00
 -2.48 -2.01 -0.91  0.41  1.46  2.03  2.02  1.50  0.66 -0.33 -1.26 -1.82 28072001 12
 -2.05 -1.88 -1.16 -0.03  1.10  1.89  2.16  1.91  1.21  0.29 -0.74 -1.51 29072001 00
 -1.98 -2.18 -1.86 -0.98  0.18  1.20  1.82  1.90  1.53  0.83 -0.06 -0.96 29072001 12
 -1.56 -1.88 -1.89 -1.39 -0.43  0.66  1.51  1.90  1.77  1.22  0.41 -0.55 30072001 00
 -1.39 -1.90 -2.13 -1.93 -1.16 -0.02  1.06  1.79  2.01  1.74  1.07  0.22 30072001 12
 -0.73 -1.45 -1.86 -1.97 -1.57 -0.67  0.46  1.41  1.90  1.85  1.33  0.50 31072001 00
 -0.48 -1.39 -1.97 -2.24 -2.07 -1.32 -0.15  1.01  1.80  2.06  1.77  1.04 31072001 12
  0.09 -0.96 -1.75 -2.18 -2.28 -1.84 -0.83  0.43  1.43  1.98  1.93  1.37 01082001 00
  0.47 -0.56 -1.51 -2.08 -2.29 -2.00 -1.10  0.21  1.42  2.19  2.37  1.95 01082001 12
  1.06 -0.03 -1.17 -1.96 -2.37 -2.35 -1.72 -0.48  0.86  1.84  2.32  2.09 02082001 00
  1.32  0.30 -0.87 -1.81 -2.27 -2.32 -1.79 -0.62  0.84  2.02  2.67  2.64 02082001 12
  1.95  0.88 -0.36 -1.48 -2.18 -2.51 -2.31 -1.36  0.09  1.46  2.36  2.58 03082001 00
  2.09  1.08 -0.10 -1.33 -2.15 -2.50 -2.36 -1.50 -0.02  1.50  2.54  2.97 03082001 12
  2.64  1.67  0.44 -0.94 -1.99 -2.58 -2.76 -2.24 -0.92  0.71  1.99  2.66 04082001 00
  2.59  1.78  0.61 -0.70 -1.86 -2.52 -2.71 -2.24 -0.97  0.71  2.11  2.94 04082001 12
  3.03  2.33  1.16 -0.24 -1.58 -2.43 -2.87 -2.76 -1.79 -0.17  1.43  2.48 05082001 00
  2.84  2.38  1.28  0.00 -1.37 -2.34 -2.79 -2.71 -1.86 -0.26  1.43  2.63 05082001 12
  3.18  2.89  1.87  0.56 -0.92 -2.06 -2.71 -2.92 -2.42 -1.00  0.76  2.15 06082001 00
  2.89  2.87  2.04  0.82 -0.58 -1.83 -2.56 -2.82 -2.42 -1.14  0.63  2.14 06082001 12
  3.07  3.23  2.52  1.32 -0.11 -1.52 -2.43 -2.90 -2.82 -1.84 -0.16  1.53 07082001 00
  2.65  3.08  2.69  1.63  0.34 -1.06 -2.06 -2.54 -2.53 -1.77 -0.24  1.45 07082001 12
  2.68  3.24  2.99  2.02  0.76 -0.71 -1.87 -2.54 -2.81 -2.39 -1.06  0.66 08082001 00
  2.05  2.83  2.87  2.10  0.94 -0.41 -1.66 -2.38 -2.66 -2.34 -1.21  0.42 08082001 12
  1.89  2.79  2.98  2.36  1.24 -0.09 -1.42 -2.30 -2.76 -2.73 -1.93 -0.45 09082001 00
  1.13  2.25  2.73  2.44  1.49  0.33 -0.94 -1.92 -2.41 -2.45 -1.85 -0.56 09082001 12
  0.97  2.13  2.70  2.55  1.72  0.57 -0.73 -1.82 -2.46 -2.72 -2.42 -1.36 10082001 00
  0.13  1.45  2.25  2.41  1.86  0.87 -0.25 -1.38 -2.09 -2.37 -2.17 -1.33 10082001 12
  0.00  1.33  2.22  2.50  2.12  1.23  0.16 -1.01 -1.85 -2.28 -2.34 -1.81 11082001 00
 -0.67  0.69  1.76  2.31  2.23  1.62  0.71 -0.35 -1.27 -1.76 -1.90 -1.61 11082001 12
 -0.75  0.47  1.58  2.25  2.31  1.80  0.93 -0.10 -1.12 -1.78 -2.12 -2.10 12082001 00
 -1.50 -0.40  0.79  1.68  2.05  1.88  1.30  0.49 -0.44 -1.20 -1.58 -1.65 12082001 12
 -1.28 -0.41  0.67  1.64  2.17  2.20  1.71  0.95  0.01 -0.89 -1.51 -1.87 13082001 00
 -1.90 -1.36 -0.38  0.73  1.58  1.93  1.85  1.36  0.63 -0.24 -1.00 -1.43 13082001 12
 -1.60 -1.39 -0.66  0.34  1.28  1.89  2.00  1.66  1.01  0.17 -0.74 -1.38 14082001 00
 -1.75 -1.84 -1.43 -0.54  0.54  1.44  1.90  1.91  1.51  0.83 -0.05 -0.91 14082001 12
 -1.48 -1.78 -1.72 -1.11 -0.08  1.01  1.79  2.08  1.92  1.32  0.46 -0.54 15082001 00
 -1.37 -1.89 -2.12 -1.87 -1.00  0.20  1.31  2.04  2.24  1.91  1.14  0.17 15082001 12
 -0.88 -1.63 -2.04 -2.14 -1.65 -0.53  0.80  1.84  2.38  2.29  1.69  0.76 16082001 00
 -0.41 -1.46 -2.11 -2.43 -2.22 -1.27  0.16  1.53  2.45  2.73  2.36  1.44 16082001 12
  0.26 -1.03 -1.98 -2.55 -2.71 -2.15 -0.82  0.80  2.09  2.78  2.73  1.97 17082001 00
  0.82 -0.54 -1.77 -2.53 -2.87 -2.60 -1.44  0.28  1.86  2.88  3.19  2.65 17082001 12
  1.51  0.10 -1.39 -2.45 -3.06 -3.17 -2.43 -0.79  1.10  2.50  3.23  3.09 18082001 00
  2.10  0.74 -0.85 -2.18 -2.96 -3.26 -2.81 -1.32  0.71  2.43  3.44  3.66 18082001 12
  2.89  1.53 -0.11 -1.72 -2.82 -3.43 -3.44 -2.39 -0.36  1.66  3.07  3.72 19082001 00
  3.39  2.14  0.61 -1.12 -2.41 -3.16 -3.38 -2.66 -0.81  1.45  3.14  4.04 19082001 12
  4.02  2.91  1.40 -0.46 -2.03 -3.06 -3.66 -3.53 -2.15  0.07  2.15  3.42 20082001 00
  3.86  3.22  1.76  0.08 -1.69 -2.89 -3.56 -3.63 -2.59 -0.41  1.84  3.38 20082001 12
  4.10  3.82  2.49  0.85 -1.07 -2.54 -3.46 -3.88 -3.42 -1.68  0.69  2.59 21082001 00
  3.65  3.89  3.05  1.58 -0.14 -1.84 -2.90 -3.42 -3.22 -1.79  0.47  2.51 21082001 12
  3.79  4.23  3.54  2.09  0.34 -1.50 -2.78 -3.60 -3.92 -3.26 -1.35  0.90 22082001 00
  2.64  3.49  3.46  2.35  0.78 -0.93 -2.42 -3.30 -3.65 -3.19 -1.58  0.66 22082001 12
  2.50  3.57  3.83  2.98  1.54 -0.14 -1.80 -2.89 -3.51 -3.57 -2.59 -0.62 23082001 00
  1.39  2.78  3.38  3.06  1.85  0.39 -1.23 -2.46 -3.14 -3.29 -2.61 -0.97 23082001 12
  1.05  2.56  3.39  3.38  2.43  1.09 -0.49 -1.87 -2.75 -3.20 -3.05 -1.92 24082001 00
 -0.11  1.58  2.68  3.04  2.54  1.42  0.09 -1.32 -2.30 -2.80 -2.80 -2.03 24082001 12
 -0.51  1.17  2.39  2.99  2.80  1.90  0.71 -0.65 -1.76 -2.41 -2.71 -2.47 25082001 00
 -1.42  0.09  1.46  2.30  2.50  2.02  1.05 -0.09 -1.25 -2.01 -2.36 -2.30 25082001 12
 -1.62 -0.38  0.97  1.96  2.39  2.21  1.50  0.54 -0.57 -1.49 -2.03 -2.28 26082001 00
 -2.05 -1.20  0.02  1.13  1.82  1.96  1.58  0.84 -0.06 -0.99 -1.63 -1.93 26082001 12
 -1.93 -1.47 -0.57  0.53  1.39  1.80  1.71  1.21  0.46 -0.40 -1.20 -1.70 27082001 00
 -1.94 -1.83 -1.23 -0.24  0.71  1.38  1.61  1.43  0.93  0.23 -0.59 -1.25 27082001 12
 -1.64 -1.81 -1.58 -0.91  0.02  0.86  1.38  1.47  1.25  0.73 -0.00 -0.79 28082001 00
 -1.33 -1.63 -1.67 -1.26 -0.49  0.44  1.21  1.61  1.61  1.28  0.66 -0.15 28082001 12
 -0.93 -1.44 -1.68 -1.65 -1.15 -0.31  0.63  1.34  1.61  1.48  1.01  0.31 29082001 00
 -0.52 -1.23 -1.63 -1.73 -1.42 -0.63  0.39  1.31  1.87  1.96  1.62  0.91 29082001 12
  0.02 -0.86 -1.47 -1.84 -1.88 -1.36 -0.39  0.71  1.56  1.93  1.79  1.20 30082001 00
  0.38 -0.59 -1.43 -1.86 -1.94 -1.53 -0.61  0.58  1.60  2.19  2.22  1.72 30082001 12
  0.86 -0.18 -1.19 -1.85 -2.19 -2.11 -1.38 -0.17  1.06  1.92  2.20  1.86 31082001 00
  1.04  0.01 -1.09 -1.87 -2.22 -2.16 -1.53 -0.33  1.02  2.04  2.53  2.33 31082001 12
  1.54  0.48 -0.76 -1.79 -2.39 -2.59 -2.18 -1.07  0.37  1.61  2.33  2.39 01092001 00
  1.78  0.74 -0.43 -1.56 -2.23 -2.47 -2.15 -1.11  0.42  1.83  2.71  2.90 01092001 12
  2.35  1.32  0.04 -1.28 -2.16 -2.62 -2.59 -1.81 -0.35  1.23  2.34  2.78 02092001 00
  2.45  1.44  0.21 -1.13 -2.14 -2.65 -2.67 -1.97 -0.51  1.16  2.42  3.06 02092001 12
  2.88  1.94  0.68 -0.77 -1.98 -2.66 -2.92 -2.51 -1.21  0.55  2.02  2.86 03092001 00
  2.92  2.15  0.93 -0.46 -1.78 -2.59 -2.90 -2.57 -1.36  0.42  2.01  3.00 03092001 12
  3.26  2.62  1.39 -0.08 -1.60 -2.59 -3.10 -3.08 -2.19 -0.49  1.28  2.49 04092001 00
  3.00  2.62  1.48  0.12 -1.35 -2.44 -2.98 -2.99 -2.20 -0.56  1.28  2.59 04092001 12
  3.25  3.04  1.98  0.62 -0.94 -2.19 -2.90 -3.16 -2.70 -1.27  0.60  2.15 05092001 00
  3.03  3.09  2.24  0.94 -0.53 -1.89 -2.71 -3.04 -2.71 -1.43  0.43  2.04 05092001 12
  3.03  3.25  2.56  1.30 -0.18 -1.67 -2.63 -3.13 -3.09 -2.14 -0.39  1.36 06092001 00
  2.55  3.05  2.66  1.52  0.20 -1.27 -2.32 -2.84 -2.85 -2.08 -0.50  1.28 06092001 12
  2.56  3.19  2.97  1.92  0.58 -0.92 -2.12 -2.80 -3.05 -2.59 -1.22  0.56 07092001 00
  2.06  2.92  3.01  2.27  1.11 -0.23 -1.53 -2.31 -2.58 -2.24 -1.08  0.55 07092001 12
  1.97  2.86  3.03  2.37  1.21 -0.15 -1.48 -2.35 -2.82 -2.80 -1.98 -0.47 08092001 00
  1.12  2.24  2.75  2.44  1.48  0.30 -0.99 -1.97 -2.45 -2.50 -1.91 -0.59 08092001 12
  0.97  2.14  2.74  2.59  1.75  0.61 -0.68 -1.77 -2.41 -2.66 -2.37 -1.38 09092001 00
  0.08  1.40  2.23  2.40  1.88  0.91 -0.20 -1.31 -2.01 -2.32 -2.18 -1.43 09092001 12
 -0.18  1.13  2.05  2.40  2.09  1.25  0.22 -0.91 -1.76 -2.20 -2.29 -1.88 10092001 00
 -0.88  0.40  1.47  2.08  2.08  1.55  0.68 -0.32 -1.24 -1.77 -1.97 -1.78 10092001 12
 -1.06  0.05  1.14  1.88  2.09  1.79  1.10  0.22 -0.75 -1.45 -1.84 -1.96 11092001 00
 -1.61 -0.74  0.36  1.27  1.77  1.78  1.38  0.69 -0.17 -1.00 -1.52 -1.76 11092001 12
 -1.70 -1.17 -0.25  0.77  1.53  1.84  1.72  1.25  0.55 -0.28 -0.99 -1.40 12092001 00
 -1.54 -1.32 -0.59  0.39  1.37  1.97  2.13  1.91  1.35  0.54 -0.37 -1.07 12092001 12
 -1.53 -1.76 -1.57 -0.84  0.17  1.17  1.84  2.06  1.87  1.35  0.60 -0.26 13092001 00
 -0.89 -1.23 -1.35 -1.10 -0.35  0.67  1.57  2.00  1.93  1.37  0.54 -0.46 13092001 12
 -1.44 -2.11 -2.49 -2.42 -1.72 -0.47  0.85  1.83  2.29  2.17  1.56  0.63 14092001 00
 -0.47 -1.42 -1.99 -2.22 -1.90 -0.87  0.53  1.78  2.59  2.79  2.31  1.30 14092001 12
  0.04 -1.22 -2.09 -2.60 -2.64 -1.91 -0.49  1.10  2.28  2.84  2.66  1.79 15092001 00
  0.63 -0.73 -1.83 -2.45 -2.68 -2.28 -1.00  0.79  2.32  3.18  3.28  2.54 15092001 12
  1.31 -0.19 -1.65 -2.63 -3.21 -3.24 -2.31 -0.52  1.33  2.67  3.28  2.95 16092001 00
  1.80  0.39 -1.20 -2.42 -3.10 -3.26 -2.59 -0.94  1.12  2.69  3.54  3.51 16092001 12
  2.44  0.95 -0.80 -2.33 -3.32 -3.84 -3.66 -2.36 -0.22  1.82  3.06  3.51 17092001 00
  2.96  1.53 -0.10 -1.81 -3.01 -3.65 -3.67 -2.65 -0.54  1.67  3.19  3.88 17092001 12
  3.59  2.27  0.62 -1.25 -2.72 -3.64 -4.05 -3.60 -1.85  0.51  2.43  3.49 18092001 00
  3.69  2.75  1.14 -0.61 -2.29 -3.36 -3.89 -3.66 -2.20  0.14  2.31  3.60 18092001 12
  4.08  3.43  1.88  0.13 -1.73 -3.02 -3.81 -4.03 -3.20 -1.08  1.31  3.03 19092001 00
  3.82  3.68  2.41  0.76 -1.07 -2.60 -3.51 -3.84 -3.26 -1.43  1.00  2.89 19092001 12
  3.94  4.09  3.08  1.48 -0.37 -2.08 -3.18 -3.80 -3.76 -2.50 -0.31  1.88 20092001 00
  3.25  3.76  3.23  1.79  0.15 -1.63 -2.88 -3.57 -3.67 -2.77 -0.76  1.44 20092001 12
  3.00  3.76  3.58  2.38  0.83 -0.94 -2.36 -3.23 -3.62 -3.22 -1.70  0.45 21092001 00
  2.23  3.23  3.44  2.62  1.18 -0.39 -1.93 -2.90 -3.38 -3.25 -2.09 -0.14 21092001 12
  1.71  2.93  3.42  2.96  1.74  0.32 -1.25 -2.38 -3.00 -3.14 -2.48 -0.92 22092001 00
  0.92  2.28  2.99  2.88  1.94  0.67 -0.76 -1.98 -2.69 -2.97 -2.64 -1.46 22092001 12
  0.24  1.70  2.60  2.80  2.21  1.14 -0.12 -1.38 -2.21 -2.62 -2.56 -1.79 23092001 00
 -0.41  1.04  2.06  2.51  2.24  1.41  0.35 -0.83 -1.75 -2.25 -2.40 -2.01 23092001 12
 -0.99  0.35  1.47  2.11  2.15  1.63  0.77 -0.22 -1.19 -1.78 -2.05 -1.95 24092001 00
 -1.29 -0.20  0.91  1.69  1.96  1.72  1.08  0.26 -0.67 -1.39 -1.77 -1.90 24092001 12
 -1.63 -0.89  0.12  0.98  1.49  1.56  1.25  0.65 -0.08 -0.82 -1.31 -1.54 25092001 00
 -1.53 -1.10 -0.34  0.53  1.20  1.50  1.44  1.08  0.51 -0.21 -0.86 -1.29 25092001 12
 -1.51 -1.45 -0.99 -0.26  0.51  1.06  1.27  1.20  0.88  0.35 -0.29 -0.84 26092001 00
 -1.19 -1.32 -1.17 -0.61  0.13  0.86  1.32  1.47  1.31  0.90  0.27 -0.44 26092001 12
 -1.01 -1.38 -1.53 -1.30 -0.67  0.13  0.89  1.33  1.44  1.26  0.83  0.18 27092001 00
 -0.52 -1.00 -1.23 -1.21 -0.76  0.01  0.86  1.54  1.84  1.77  1.33  0.65 27092001 12
 -0.20 -0.96 -1.47 -1.71 -1.54 -0.84  0.12  1.05  1.67  1.84  1.58  0.99 28092001 00
  0.19 -0.69 -1.32 -1.61 -1.56 -0.99 -0.01  1.04  1.84  2.18  2.03  1.43 28092001 12
  0.57 -0.46 -1.32 -1.86 -2.07 -1.71 -0.74  0.49  1.56  2.19  2.23  1.74 29092001 00
  0.89 -0.13 -1.13 -1.75 -2.00 -1.78 -0.91  0.37  1.59  2.38  2.58  2.15 29092001 12
  1.27  0.16 -1.03 -1.85 -2.27 -2.24 -1.48 -0.14  1.29  2.35  2.82  2.62 30092001 00
  1.82  0.73 -0.53 -1.52 -2.07 -2.18 -1.57 -0.22  1.31  2.47  3.08  3.05 30092001 12
  2.34  1.22 -0.19 -1.35 -2.02 -2.27 -1.90 -0.70  0.91  2.30  3.10  3.18 01102001 00
  2.54  1.48  0.15 -1.14 -1.92 -2.23 -1.95 -0.82  0.82  2.33  3.29  3.49 01102001 12
  2.89  1.78  0.35 -1.07 -2.01 -2.53 -2.53 -1.61  0.01  1.70  2.90  3.40 02102001 00
  3.08  2.02  0.70 -0.78 -1.86 -2.44 -2.53 -1.78 -0.20  1.58  2.91  3.53 02102001 12
  3.33  2.30  0.92 -0.70 -1.94 -2.66 -2.95 -2.50 -1.08  0.83  2.42  3.33 03102001 00
  3.39  2.54  1.23 -0.30 -1.71 -2.56 -2.93 -2.63 -1.34  0.56  2.24  3.28 03102001 12
  3.52  2.82  1.54  0.01 -1.53 -2.54 -3.07 -3.03 -2.03 -0.19  1.69  2.93 04102001 00
  3.44  3.02  1.83  0.42 -1.17 -2.30 -2.89 -2.93 -2.09 -0.34  1.55  2.90 04102001 12
  3.55  3.34  2.30  0.96 -0.67 -1.96 -2.71 -2.98 -2.43 -0.87  1.08  2.64 05102001 00
  3.49  3.50  2.62  1.34 -0.25 -1.65 -2.47 -2.84 -2.54 -1.25  0.58  2.24 05102001 12
  3.29  3.56  2.91  1.66  0.15 -1.36 -2.33 -2.84 -2.76 -1.75  0.01  1.79 06102001 00
  2.97  3.44  3.06  2.00  0.68 -0.82 -1.89 -2.45 -2.54 -1.79 -0.22  1.54 06102001 12
  2.87  3.51  3.31  2.33  1.04 -0.48 -1.69 -2.40 -2.68 -2.26 -0.95  0.78 07102001 00
  2.22  3.03  3.07  2.35  1.22 -0.11 -1.38 -2.17 -2.54 -2.28 -1.14  0.53 07102001 12
  2.13  3.18  3.46  2.99  1.99  0.69 -0.73 -1.64 -2.11 -2.18 -1.56 -0.24 08102001 00
  1.22  2.35  2.85  2.65  1.82  0.76 -0.46 -1.43 -1.98 -2.17 -1.76 -0.64 08102001 12
  0.76  1.92  2.58  2.62  2.05  1.13  0.01 -1.08 -1.75 -2.07 -2.00 -1.35 09102001 00
 -0.19  1.07  2.01  2.33  2.05  1.29  0.33 -0.75 -1.57 -2.03 -2.17 -1.79 09102001 12
 -0.83  0.39  1.42  2.04  2.11  1.70  0.96  0.05 -0.85 -1.40 -1.65 -1.59 10102001 00
 -0.99  0.00  1.02  1.79  2.04  1.82  1.19  0.37 -0.58 -1.33 -1.81 -2.07 10102001 12
 -1.89 -1.19 -0.16  0.84  1.52  1.74  1.58  1.09  0.38 -0.43 -1.06 -1.40 11102001 00
 -1.48 -1.18 -0.42  0.54  1.42  1.89  1.94  1.57  0.92  0.08 -0.76 -1.39 11102001 12
 -1.82 -1.96 -1.55 -0.66  0.41  1.32  1.82  1.87  1.53  0.87 -0.00 -0.88 12102001 00
 -1.46 -1.80 -1.82 -1.27 -0.29  0.82  1.68  2.05  1.94  1.37  0.48 -0.57 12102001 12
 -1.48 -2.09 -2.42 -2.24 -1.41 -0.15  1.09  1.97  2.29  2.03  1.27  0.26 13102001 00
 -0.86 -1.72 -2.20 -2.31 -1.82 -0.66  0.78  1.94  2.57  2.52  1.84  0.75 13102001 12
 -0.53 -1.70 -2.47 -2.90 -2.77 -1.80 -0.22  1.35  2.41  2.85  2.52  1.54 14102001 00
  0.31 -1.05 -2.06 -2.60 -2.68 -2.01 -0.52  1.25  2.59  3.28  3.16  2.24 14102001 12
  0.94 -0.61 -1.93 -2.77 -3.18 -2.89 -1.55  0.38  2.09  3.19  3.51  2.93 15102001 00
  1.73  0.25 -1.30 -2.36 -2.90 -2.88 -1.86  0.05  1.99  3.31  3.90  3.51 15102001 12
  2.27  0.73 -1.05 -2.39 -3.24 -3.61 -3.09 -1.41  0.78  2.53  3.50  3.61 16102001 00
  2.70  1.25 -0.43 -2.00 -2.98 -3.45 -3.17 -1.72  0.47  2.43  3.64  4.01 16102001 12
  3.31  1.87  0.13 -1.68 -2.91 -3.64 -3.80 -2.88 -0.80  1.44  3.05  3.80 17102001 00
  3.56  2.27  0.63 -1.19 -2.64 -3.51 -3.82 -3.19 -1.29  1.12  2.95  3.96 17102001 12
  4.10  3.07  1.46 -0.42 -2.08 -3.09 -3.62 -3.43 -2.03  0.24  2.36  3.67 18102001 00
  4.13  3.50  2.05  0.33 -1.50 -2.73 -3.43 -3.56 -2.59 -0.47  1.76  3.31 18102001 12
  4.05  3.76  2.45  0.85 -1.01 -2.42 -3.28 -3.64 -3.12 -1.40  0.87  2.65 19102001 00
  3.61  3.71  2.72  1.19 -0.54 -2.13 -3.08 -3.50 -3.19 -1.78  0.31  2.23 19102001 12
  3.42  3.80  3.16  1.79  0.22 -1.43 -2.54 -3.17 -3.23 -2.28 -0.38  1.62 20102001 00
  3.02  3.68  3.38  2.22  0.78 -0.90 -2.16 -2.88 -3.15 -2.65 -1.12  0.82 20102001 12
  2.38  3.22  3.27  2.42  1.14 -0.34 -1.70 -2.52 -2.90 -2.66 -1.50  0.29 21102001 00
  1.90  2.92  3.23  2.68  1.57  0.22 -1.19 -2.14 -2.65 -2.71 -2.01 -0.53 21102001 12
  1.10  2.28  2.81  2.61  1.73  0.58 -0.71 -1.74 -2.29 -2.44 -2.00 -0.85 22102001 00
  0.64  1.86  2.56  2.60  1.99  1.00 -0.17 -1.27 -1.95 -2.28 -2.20 -1.44 22102001 12
 -0.18  1.08  1.95  2.27  1.99  1.27  0.38 -0.65 -1.42 -1.77 -1.81 -1.36 23102001 00
 -0.39  0.76  1.68  2.16  2.12  1.62  0.87 -0.05 -0.88 -1.39 -1.65 -1.58 23102001 12
 -0.99 -0.09  0.84  1.51  1.70  1.51  1.00  0.34 -0.40 -0.96 -1.26 -1.33 24102001 00
 -1.02 -0.29  0.56  1.32  1.71  1.72  1.36  0.79  0.05 -0.66 -1.18 -1.50 24102001 12
 -1.57 -1.20 -0.52  0.26  0.88  1.17  1.21  1.00  0.57 -0.00 -0.55 -0.87 25102001 00
 -0.96 -0.81 -0.30  0.42  1.12  1.62  1.80  1.63  1.18  0.56 -0.18 -0.83 25102001 12
 -1.28 -1.48 -1.35 -0.80 -0.06  0.66  1.14  1.35  1.30  0.97  0.44 -0.18 26102001 00
 -0.68 -0.99 -1.07 -0.78 -0.12  0.67  1.33  1.69  1.74  1.43  0.83  0.06 26102001 12
 -0.70 -1.25 -1.57 -1.58 -1.07 -0.21  0.71  1.40  1.65  1.58  1.14  0.44 27102001 00
 -0.40 -1.10 -1.49 -1.60 -1.29 -0.50  0.47  1.38  1.85  1.84  1.38  0.60 27102001 12
 -0.34 -1.25 -1.87 -2.18 -2.05 -1.34 -0.22  0.89  1.68  1.97  1.71  1.02 28102001 00
  0.11 -0.90 -1.65 -2.02 -2.01 -1.45 -0.40  0.83  1.79  2.23  2.04  1.34 28102001 12
  0.35 -0.77 -1.72 -2.25 -2.39 -1.97 -0.91  0.50  1.68  2.37  2.43  1.85 29102001 00
  0.87 -0.28 -1.38 -2.03 -2.26 -1.97 -0.97  0.47  1.81  2.66  2.84  2.33 29102001 12
  1.31  0.08 -1.15 -1.96 -2.39 -2.35 -1.53 -0.10  1.40  2.51  2.96  2.68 30102001 00
  1.77  0.53 -0.83 -1.80 -2.30 -2.33 -1.57 -0.08  1.54  2.78  3.35  3.13 30102001 12
  2.17  0.88 -0.60 -1.73 -2.42 -2.76 -2.45 -1.15  0.65  2.14  3.00  3.09 31102001 00
  2.31  1.04 -0.41 -1.78 -2.62 -3.00 -2.77 -1.63  0.13  1.73  2.74  3.00 31102001 12
  2.36  1.11 -0.32 -1.78 -2.77 -3.27 -3.19 -2.23 -0.44  1.38  2.64  3.20 01112001 00
  2.82  1.65  0.26 -1.29 -2.47 -3.10 -3.19 -2.45 -0.83  1.07  2.45  3.15 01112001 12
  2.98  1.90  0.49 -1.10 -2.41 -3.19 -3.47 -3.00 -1.53  0.46  2.09  3.01 02112001 00
  3.15  2.33  0.97 -0.55 -2.02 -2.92 -3.32 -3.08 -1.84  0.08  1.84  2.93 02112001 12
  3.25  2.61  1.28 -0.22 -1.77 -2.83 -3.39 -3.39 -2.44 -0.58  1.32  2.64 03112001 00
  3.23  2.91  1.73  0.30 -1.29 -2.49 -3.15 -3.30 -2.65 -1.05  0.93  2.39 03112001 12
  3.16  3.09  2.09  0.72 -0.83 -2.16 -2.95 -3.26 -2.87 -1.49  0.45  2.12 04112001 00
  3.11  3.32  2.58  1.28 -0.23 -1.67 -2.59 -3.05 -2.99 -2.01 -0.26  1.46 04112001 12
  2.63  3.09  2.62  1.42  0.05 -1.44 -2.51 -3.08 -3.14 -2.41 -0.82  1.00 05112001 00
  2.35  3.09  2.99  2.09  0.84 -0.61 -1.81 -2.51 -2.76 -2.32 -1.01  0.71 05112001 12
  2.12  2.95  3.09  2.42  1.29 -0.05 -1.34 -2.18 -2.62 -2.54 -1.66 -0.17 06112001 00
  1.35  2.39  2.78  2.45  1.48  0.30 -1.02 -2.00 -2.52 -2.64 -2.11 -0.86 06112001 12
  0.68  1.89  2.55  2.52  1.86  0.86 -0.32 -1.39 -1.98 -2.18 -1.90 -0.95 07112001 00
  0.37  1.58  2.40  2.62  2.21  1.38  0.35 -0.79 -1.61 -2.08 -2.22 -1.74 07112001 12
 -0.60  0.79  1.93  2.53  2.58  2.04  1.05 -0.08 -1.03 -1.63 -1.97 -1.99 08112001 00
 -1.49 -0.49  0.67  1.53  1.83  1.55  0.89  0.03 -0.89 -1.63 -2.07 -2.29 08112001 12
 -2.14 -1.40 -0.22  0.81  1.47  1.64  1.32  0.62 -0.22 -1.06 -1.65 -1.98 09112001 00
 -2.02 -1.59 -0.68  0.47  1.40  1.91  1.87  1.40  0.59 -0.37 -1.28 -1.88 09112001 12
 -2.25 -2.28 -1.75 -0.71  0.47  1.39  1.86  1.81  1.35  0.60 -0.33 -1.18 10112001 00
 -1.70 -1.93 -1.76 -1.02  0.10  1.20  1.96  2.17  1.85  1.09  0.10 -1.00 10112001 12
 -1.84 -2.38 -2.59 -2.21 -1.18  0.18  1.37  2.10  2.23  1.80  0.93 -0.15 11112001 00
 -1.22 -1.95 -2.31 -2.21 -1.47 -0.18  1.22  2.23  2.63  2.34  1.48  0.35 11112001 12
 -0.95 -1.99 -2.61 -2.85 -2.44 -1.21  0.43  1.83  2.70  2.86  2.30  1.23 12112001 00
 -0.06 -1.37 -2.22 -2.66 -2.60 -1.75 -0.21  1.40  2.50  2.91  2.52  1.43 12112001 12
  0.08 -1.40 -2.53 -3.17 -3.36 -2.80 -1.31  0.56  2.02  2.85  2.90  2.05 13112001 00
  0.74 -0.73 -2.10 -2.96 -3.33 -3.04 -1.79  0.09  1.82  2.90  3.25  2.64 13112001 12
  1.33 -0.19 -1.77 -2.86 -3.45 -3.50 -2.64 -0.83  1.13  2.57  3.25  3.02 14112001 00
  1.89  0.43 -1.20 -2.53 -3.32 -3.59 -3.03 -1.45  0.66  2.31  3.24  3.35 14112001 12
  2.44  0.96 -0.71 -2.25 -3.23 -3.73 -3.55 -2.27 -0.20  1.78  2.99  3.42 15112001 00
  2.85  1.45 -0.13 -1.81 -3.00 -3.65 -3.72 -2.83 -0.88  1.22  2.70  3.38 15112001 12
  3.16  1.95  0.40 -1.30 -2.69 -3.52 -3.81 -3.29 -1.64  0.54  2.26  3.22 16112001 00
  3.34  2.42  0.90 -0.75 -2.32 -3.32 -3.80 -3.60 -2.33 -0.25  1.72  2.90 16112001 12
  3.32  2.76  1.35 -0.21 -1.86 -3.00 -3.61 -3.64 -2.71 -0.79  1.24  2.66 17112001 00
  3.31  3.07  1.89  0.38 -1.27 -2.60 -3.36 -3.61 -3.07 -1.50  0.55  2.14 17112001 12
  3.03  3.12  2.24  0.85 -0.68 -2.12 -2.99 -3.37 -3.08 -1.79  0.14  1.87 18112001 00
  2.93  3.26  2.64  1.37 -0.08 -1.61 -2.64 -3.19 -3.22 -2.39 -0.72  1.07 18112001 12
  2.32  2.92  2.65  1.60  0.31 -1.13 -2.26 -2.87 -2.99 -2.40 -0.98  0.75 19112001 00
  2.12  2.87  2.85  2.03  0.83 -0.56 -1.81 -2.57 -2.93 -2.75 -1.75 -0.18 19112001 12
  1.29  2.24  2.54  2.06  1.04 -0.14 -1.36 -2.19 -2.56 -2.45 -1.68 -0.31 20112001 00
  1.15  2.18  2.65  2.42  1.59  0.51 -0.70 -1.66 -2.19 -2.39 -2.02 -1.02 20112001 12
  0.31  1.45  2.11  2.15  1.62  0.74 -0.27 -1.23 -1.80 -2.00 -1.76 -0.95 21112001 00
  0.24  1.41  2.22  2.48  2.16  1.43  0.48 -0.55 -1.29 -1.77 -1.97 -1.63 21112001 12
 -0.77  0.26  1.16  1.64  1.60  1.13  0.42 -0.40 -1.16 -1.58 -1.70 -1.53 22112001 00
 -0.90  0.06  1.00  1.62  1.76  1.45  0.80  0.01 -0.82 -1.43 -1.80 -1.93 22112001 12
 -1.63 -0.89  0.08  0.86  1.30  1.33  1.02  0.47 -0.19 -0.83 -1.22 -1.36 23112001 00
 -1.25 -0.75  0.02  0.82  1.36  1.54  1.37  0.92  0.29 -0.43 -1.05 -1.45 23112001 12
 -1.63 -1.46 -0.86 -0.06  0.69  1.16  1.29  1.13  0.69  0.08 -0.58 -1.05 24112001 00
 -1.28 -1.30 -0.95 -0.28  0.51  1.18  1.50  1.48  1.11  0.51 -0.23 -0.91 24112001 12
 -1.37 -1.59 -1.50 -0.95 -0.13  0.76  1.43  1.72  1.68  1.31  0.67 -0.12 25112001 00
 -0.79 -1.17 -1.28 -1.02 -0.33  0.52  1.31  1.68  1.63  1.18  0.46 -0.38 25112001 12
 -1.15 -1.70 -2.00 -1.89 -1.25 -0.26  0.76  1.51  1.82  1.70  1.17  0.36 26112001 00
 -0.55 -1.27 -1.65 -1.72 -1.34 -0.46  0.65  1.58  2.05  1.99  1.43  0.59 26112001 12
 -0.41 -1.33 -1.90 -2.12 -1.83 -0.89  0.42  1.62  2.43  2.70  2.48  1.78 27112001 00
  0.77 -0.36 -1.17 -1.63 -1.66 -1.04  0.11  1.27  2.14  2.40  2.09  1.25 27112001 12
  0.22 -0.94 -1.83 -2.33 -2.40 -1.82 -0.63  0.80  1.92  2.53  2.50  1.85 28112001 00
  0.81 -0.40 -1.49 -2.12 -2.36 -2.03 -0.93  0.60  1.96  2.75  2.86  2.25 28112001 12
  1.18 -0.12 -1.41 -2.21 -2.59 -2.42 -1.42  0.16  1.71  2.78  3.17  2.78 29112001 00
  1.77  0.49 -0.94 -1.96 -2.54 -2.66 -2.01 -0.56  1.12  2.38  2.99  2.82 29112001 12
  1.90  0.65 -0.78 -1.98 -2.67 -2.89 -2.38 -0.95  0.89  2.40  3.30  3.44 30112001 00
  2.73  1.52  0.04 -1.36 -2.25 -2.68 -2.50 -1.34  0.46  2.15  3.21  3.47 30112001 12
  2.85  1.62  0.13 -1.41 -2.44 -3.01 -3.02 -2.10 -0.33  1.58  2.91  3.52 01122001 00
  3.22  2.08  0.66 -0.97 -2.20 -2.90 -3.16 -2.65 -1.13  0.80  2.35  3.17 01122001 12
  3.17  2.22  0.84 -0.73 -2.14 -3.01 -3.40 -3.11 -1.78  0.19  1.96  3.05 02122001 00
  3.39  2.76  1.46 -0.04 -1.61 -2.65 -3.20 -3.20 -2.26 -0.43  1.49  2.79 02122001 12
  3.38  3.03  1.83  0.42 -1.19 -2.41 -3.09 -3.27 -2.62 -0.99  1.00  2.52 03122001 00
  3.35  3.36  2.50  1.20 -0.40 -1.82 -2.62 -2.88 -2.40 -1.01  0.89  2.56 03122001 12
  3.60  3.83  3.12  1.91  0.41 -1.06 -2.04 -2.65 -2.75 -1.87 -0.16  1.67 04122001 00
  2.96  3.48  3.14  2.04  0.66 -0.93 -2.12 -2.83 -3.13 -2.72 -1.36  0.44 04122001 12
  1.94  2.79  2.90  2.16  0.95 -0.42 -1.68 -2.43 -2.68 -2.24 -0.95  0.80 05122001 00
  2.37  3.40  3.60  2.91  1.74  0.28 -1.19 -2.20 -2.84 -3.12 -2.64 -1.27 05122001 12
  0.42  1.75  2.48  2.49  1.75  0.64 -0.63 -1.79 -2.47 -2.71 -2.39 -1.33 06122001 00
  0.22  1.63  2.51  2.75  2.24  1.23 -0.01 -1.34 -2.26 -2.75 -2.83 -2.27 06122001 12
 -1.02  0.47  1.69  2.35  2.31  1.66  0.68 -0.43 -1.45 -2.05 -2.27 -2.01 07122001 00
 -1.10  0.25  1.50  2.30  2.48  2.07  1.20  0.11 -1.06 -1.89 -2.41 -2.60 07122001 12
 -2.22 -1.17  0.16  1.27  1.91  1.97  1.50  0.67 -0.32 -1.28 -1.89 -2.15 08122001 00
 -2.00 -1.29 -0.12  1.08  1.95  2.28  2.03  1.29  0.29 -0.84 -1.75 -2.35 08122001 12
 -2.66 -2.48 -1.64 -0.39  0.79  1.59  1.86  1.58  0.89 -0.02 -1.00 -1.76 09122001 00
 -2.13 -2.15 -1.66 -0.66  0.58  1.56  2.09  2.02  1.44  0.50 -0.61 -1.64 09122001 12
 -2.32 -2.71 -2.65 -1.93 -0.70  0.62  1.61  2.06  1.88  1.22  0.26 -0.83 10122001 00
 -1.75 -2.26 -2.40 -2.02 -1.02  0.33  1.49  2.20  2.28  1.75  0.77 -0.41 10122001 12
 -1.59 -2.39 -2.85 -2.85 -2.16 -0.84  0.64  1.76  2.32  2.17  1.42  0.35 11122001 00
 -0.87 -1.91 -2.52 -2.70 -2.31 -1.20  0.32  1.64  2.43  2.55  1.95  0.85 11122001 12
 -0.44 -1.72 -2.59 -3.06 -3.04 -2.23 -0.71  0.90  2.06  2.62  2.37  1.43 12122001 00
  0.22 -1.14 -2.23 -2.85 -3.02 -2.51 -1.18  0.51  1.89  2.68  2.71  1.93 12122001 12
  0.70 -0.72 -2.04 -2.88 -3.27 -3.08 -1.99 -0.24  1.40  2.49  2.91  2.43 13122001 00
  1.29 -0.07 -1.53 -2.59 -3.17 -3.24 -2.50 -0.91  0.89  2.19  2.89  2.74 13122001 12
  1.75  0.41 -1.10 -2.36 -3.10 -3.35 -2.88 -1.49  0.38  1.94  2.84  3.01 14122001 00
  2.26  0.94 -0.54 -1.98 -2.92 -3.40 -3.28 -2.24 -0.42  1.35  2.53  3.00 14122001 12
  2.55  1.33 -0.08 -1.60 -2.72 -3.32 -3.37 -2.61 -0.93  0.97  2.34  3.04 15122001 00
  2.88  1.84  0.46 -1.09 -2.40 -3.18 -3.48 -3.08 -1.72  0.20  1.81  2.73 15122001 12
  2.90  2.13  0.79 -0.68 -2.12 -3.02 -3.42 -3.21 -2.07 -0.23  1.52  2.64 16122001 00
  3.07  2.57  1.33 -0.10 -1.64 -2.74 -3.34 -3.43 -2.71 -1.08  0.75  2.08 16122001 12
  2.75  2.60  1.60  0.24 -1.23 -2.45 -3.14 -3.30 -2.74 -1.31  0.54  2.00 17122001 00
  2.85  2.94  2.13  0.84 -0.62 -2.00 -2.86 -3.29 -3.15 -2.13 -0.43  1.20 17122001 12
  2.26  2.64  2.14  0.98 -0.33 -1.70 -2.67 -3.13 -3.03 -2.15 -0.56  1.11 18122001 00
  2.29  2.87  2.59  1.59  0.33 -1.10 -2.23 -2.87 -3.09 -2.69 -1.47  0.16 18122001 12
  1.53  2.29  2.36  1.66  0.52 -0.72 -1.90 -2.59 -2.81 -2.45 -1.40  0.15 19122001 00
  1.56  2.45  2.72  2.22  1.20 -0.00 -1.26 -2.15 -2.65 -2.72 -2.14 -0.89 19122001 12
  0.55  1.64  2.14  1.91  1.07 -0.01 -1.15 -2.08 -2.52 -2.52 -1.99 -0.86 20122001 00
  0.54  1.68  2.36  2.38  1.78  0.78 -0.34 -1.38 -2.01 -2.32 -2.21 -1.49 20122001 12
 -0.24  1.01  1.84  2.10  1.78  1.03  0.14 -0.87 -1.61 -1.88 -1.78 -1.16 21122001 00
 -0.09  1.09  2.05  2.51  2.28  1.43  0.41 -0.62 -1.42 -1.93 -2.21 -2.05 21122001 12
 -1.29 -0.17  0.85  1.52  1.68  1.37  0.70 -0.12 -0.97 -1.49 -1.67 -1.55 22122001 00
 -0.95  0.03  1.03  1.69  1.88  1.59  0.95  0.13 -0.80 -1.51 -1.93 -2.09 22122001 12
 -1.83 -1.07 -0.03  0.88  1.46  1.58  1.32  0.74  0.02 -0.72 -1.21 -1.39 23122001 00
 -1.29 -0.80  0.00  0.90  1.54  1.76  1.58  1.06  0.35 -0.44 -1.08 -1.47 23122001 12
 -1.65 -1.44 -0.74  0.18  1.02  1.53  1.67  1.45  0.95  0.26 -0.48 -1.01 24122001 00
 -1.24 -1.20 -0.79  0.01  0.91  1.62  1.95  1.83  1.34  0.66 -0.16 -0.86 24122001 12
 -1.32 -1.56 -1.41 -0.75  0.10  0.96  1.57  1.75  1.54  0.99  0.23 -0.60 25122001 00
 -1.21 -1.55 -1.62 -1.21 -0.38  0.59  1.40  1.74  1.67  1.20  0.47 -0.43 25122001 12
 -1.22 -1.70 -1.91 -1.71 -0.98  0.09  1.10  1.78  1.99  1.72  1.07  0.24 26122001 00
 -0.67 -1.33 -1.68 -1.71 -1.22 -0.24  0.88  1.76  2.12  1.99  1.38  0.51 26122001 12
 -0.54 -1.42 -1.90 -2.01 -1.61 -0.68  0.57  1.75  2.48  2.64  2.21  1.38 27122001 00
  0.33 -0.74 -1.49 -1.88 -1.89 -1.23 -0.05  1.24  2.21  2.56  2.33  1.55 27122001 12
  0.51 -0.68 -1.56 -2.02 -2.05 -1.35 -0.01  1.49  2.61  3.12  3.03  2.27 28122001 00
  1.15 -0.21 -1.31 -2.04 -2.50 -2.47 -1.53  0.02  1.50  2.47  2.77  2.32 28122001 12
  1.30  0.06 -1.27 -2.19 -2.64 -2.57 -1.72 -0.16  1.48  2.65  3.17  2.91 29122001 00
  1.96  0.71 -0.73 -1.87 -2.49 -2.70 -2.26 -0.94  0.81  2.27  3.11  3.16 29122001 12
  2.35  1.09 -0.34 -1.65 -2.46 -2.89 -2.72 -1.57  0.26  1.94  3.01  3.33 30122001 00
  2.75  1.54  0.08 -1.46 -2.53 -3.14 -3.26 -2.50 -0.81  1.08  2.45  3.12 30122001 12
  2.90  1.81  0.40 -1.19 -2.47 -3.21 -3.45 -2.90 -1.37  0.67  2.28  3.19 31122001 00
  3.32  2.47  1.07 -0.53 -2.05 -3.03 -3.55 -3.45 -2.31 -0.36  1.55  2.78 31122001 12
