Parameter Z: CS3 Location ( 52, 86) Lat 53.500 Lon -3.417
  1.73  0.29 -1.26 -2.31 -2.90 -2.98 -2.13 -0.37  1.57  2.98  3.69  3.51 01011999 00
  2.49  1.13 -0.53 -1.86 -2.68 -3.07 -2.68 -1.20  0.82  2.54  3.60  3.84 01011999 12
  3.17  1.93  0.34 -1.23 -2.24 -2.81 -2.81 -1.72  0.23  2.21  3.57  4.12 02011999 00
  3.71  2.55  1.05 -0.69 -1.95 -2.74 -3.08 -2.52 -0.81  1.29  2.93  3.77 02011999 12
  3.73  2.72  1.31 -0.42 -1.89 -2.79 -3.21 -2.84 -1.28  0.88  2.69  3.75 03011999 00
  3.98  3.20  1.84  0.14 -1.56 -2.73 -3.44 -3.57 -2.62 -0.59  1.55  3.11 03011999 12
  3.91  3.75  2.63  1.21 -0.48 -1.80 -2.57 -2.81 -2.19 -0.47  1.67  3.37 04011999 00
  4.31  4.36  3.41  2.00  0.18 -1.35 -2.36 -2.99 -3.02 -1.97 -0.14  1.74 04011999 12
  2.95  3.40  2.94  1.73  0.31 -1.25 -2.32 -2.83 -2.74 -1.69  0.14  2.00 05011999 00
  3.33  3.96  3.70  2.63  1.18 -0.54 -1.84 -2.65 -3.06 -2.69 -1.27  0.63 05011999 12
  2.24  3.19  3.34  2.58  1.34 -0.13 -1.55 -2.43 -2.84 -2.65 -1.52  0.26 06011999 00
  1.95  3.04  3.42  2.93  1.79  0.40 -1.12 -2.17 -2.78 -2.94 -2.34 -0.87 06011999 12
  0.84  2.16  2.84  2.76  1.90  0.70 -0.64 -1.79 -2.41 -2.61 -2.17 -0.93 07011999 00
  0.73  2.13  2.98  3.14  2.57  1.52  0.21 -1.09 -1.94 -2.41 -2.46 -1.75 07011999 12
 -0.39  1.08  2.14  2.59  2.33  1.48  0.42 -0.76 -1.65 -2.09 -2.14 -1.61 08011999 00
 -0.47  0.89  1.97  2.54  2.45  1.76  0.76 -0.42 -1.45 -2.08 -2.42 -2.30 08011999 12
 -1.50 -0.23  1.02  1.86  2.11  1.77  1.02  0.11 -0.86 -1.57 -1.89 -1.89 09011999 00
 -1.40 -0.42  0.73  1.61  2.00  1.85  1.25  0.41 -0.55 -1.38 -1.88 -2.12 09011999 12
 -1.93 -1.20 -0.11  0.90  1.55  1.71  1.42  0.81  0.04 -0.78 -1.36 -1.62 10011999 00
 -1.60 -1.14 -0.32  0.63  1.37  1.69  1.58  1.11  0.40 -0.45 -1.19 -1.65 10011999 12
 -1.87 -1.72 -1.08 -0.14  0.75  1.34  1.52  1.33  0.83  0.16 -0.60 -1.17 11011999 00
 -1.47 -1.53 -1.20 -0.50  0.37  1.12  1.49  1.46  1.08  0.45 -0.30 -1.01 11011999 12
 -1.46 -1.68 -1.56 -0.96 -0.01  0.97  1.67  1.98  1.93  1.53  0.90  0.11 12011999 00
 -0.58 -1.04 -1.29 -1.18 -0.57  0.25  1.02  1.46  1.51  1.19  0.58 -0.18 12011999 12
 -0.94 -1.48 -1.72 -1.63 -1.11 -0.24  0.72  1.46  1.78  1.69  1.23  0.52 13011999 00
 -0.30 -0.98 -1.32 -1.35 -0.94 -0.07  0.94  1.83  2.29  2.29  1.79  1.00 13011999 12
 -0.00 -0.92 -1.56 -1.94 -1.93 -1.27 -0.18  0.96  1.80  2.13  1.96  1.33 14011999 00
  0.46 -0.53 -1.26 -1.56 -1.52 -1.02 -0.01  1.14  2.09  2.55  2.45  1.78 14011999 12
  0.84 -0.30 -1.27 -1.90 -2.21 -1.94 -0.91  0.52  1.84  2.74  3.05  2.76 15011999 00
  2.00  0.94 -0.22 -0.97 -1.32 -1.27 -0.61  0.60  1.82  2.67  2.94  2.56 15011999 12
  1.67  0.48 -0.80 -1.73 -2.27 -2.40 -1.80 -0.47  1.12  2.39  3.07  3.06 16011999 00
  2.36  1.29 -0.02 -1.16 -1.87 -2.20 -1.94 -0.82  0.75  2.14  3.00  3.13 16011999 12
  2.51  1.43  0.11 -1.18 -2.00 -2.42 -2.31 -1.31  0.34  1.96  3.06  3.45 17011999 00
  3.04  2.00  0.67 -0.82 -1.89 -2.55 -2.74 -2.10 -0.58  1.18  2.49  3.11 17011999 12
  2.94  1.99  0.69 -0.79 -2.03 -2.74 -3.00 -2.49 -1.03  0.87  2.45  3.38 18011999 00
  3.54  2.84  1.69  0.28 -1.08 -1.97 -2.46 -2.40 -1.37  0.35  2.00  3.09 18011999 12
  3.41  2.86  1.65  0.21 -1.31 -2.32 -2.85 -2.81 -1.80  0.05  1.96  3.27 19011999 00
  3.84  3.52  2.42  0.99 -0.70 -1.98 -2.78 -3.14 -2.72 -1.24  0.70  2.33 19011999 12
  3.23  3.32  2.47  1.13 -0.42 -1.84 -2.70 -3.05 -2.70 -1.31  0.68  2.40 20011999 00
  3.48  3.76  3.08  1.80  0.21 -1.41 -2.49 -3.13 -3.24 -2.39 -0.62  1.31 20011999 12
  2.68  3.33  3.05  1.91  0.50 -1.10 -2.33 -3.01 -3.17 -2.53 -0.93  1.02 21011999 00
  2.55  3.38  3.38  2.41  1.03 -0.60 -2.02 -2.91 -3.37 -3.21 -2.02 -0.15 21011999 12
  1.62  2.74  3.11  2.54  1.29 -0.12 -1.61 -2.61 -3.10 -3.03 -2.09 -0.34 22011999 00
  1.49  2.74  3.34  3.04  1.95  0.62 -0.94 -2.13 -2.84 -3.13 -2.73 -1.35 22011999 12
  0.48  2.00  2.86  2.98  2.27  1.08 -0.28 -1.58 -2.37 -2.70 -2.42 -1.29 23011999 00
  0.43  2.02  3.06  3.42  3.00  1.96  0.61 -0.84 -1.84 -2.46 -2.71 -2.22 23011999 12
 -0.90  0.70  1.99  2.67  2.61  1.84  0.73 -0.52 -1.63 -2.26 -2.50 -2.19 24011999 00
 -1.13  0.39  1.78  2.66  2.86  2.37  1.42  0.28 -0.91 -1.73 -2.18 -2.25 24011999 12
 -1.63 -0.36  1.08  2.22  2.78  2.66  1.96  0.99 -0.21 -1.24 -1.89 -2.21 25011999 00
 -2.01 -1.09  0.25  1.53  2.39  2.65  2.31  1.52  0.50 -0.64 -1.48 -2.00 25011999 12
 -2.21 -1.84 -0.82  0.46  1.56  2.18  2.24  1.78  0.96 -0.03 -0.99 -1.61 26011999 00
 -1.92 -1.86 -1.18 -0.03  1.19  2.09  2.44  2.24  1.56  0.60 -0.54 -1.48 26011999 12
 -2.08 -2.41 -2.23 -1.39 -0.13  1.08  1.91  2.21  1.97  1.29  0.35 -0.70 27011999 00
 -1.50 -1.95 -2.08 -1.64 -0.59  0.74  1.83  2.42  2.43  1.89  1.00 -0.11 27011999 12
 -1.16 -1.87 -2.29 -2.28 -1.58 -0.33  1.02  2.03  2.49  2.34  1.64  0.61 28011999 00
 -0.60 -1.61 -2.23 -2.54 -2.32 -1.36  0.08  1.42  2.29  2.51  2.05  1.08 28011999 12
 -0.08 -1.29 -2.15 -2.62 -2.66 -2.00 -0.63  0.94  2.12  2.72  2.57  1.75 29011999 00
  0.59 -0.75 -1.92 -2.64 -2.99 -2.74 -1.63  0.03  1.52  2.47  2.72  2.17 29011999 12
  1.08 -0.22 -1.58 -2.52 -3.02 -2.99 -2.16 -0.55  1.18  2.39  2.98  2.73 30011999 00
  1.72  0.41 -1.09 -2.32 -3.06 -3.36 -2.96 -1.60  0.26  1.82  2.72  2.89 30011999 12
  2.15  0.86 -0.58 -2.00 -2.93 -3.37 -3.19 -2.04 -0.15  1.64  2.82  3.27 31011999 00
  2.78  1.54  0.09 -1.52 -2.70 -3.39 -3.58 -2.92 -1.23  0.76  2.24  3.02 31011999 12
  2.94  1.96  0.53 -1.04 -2.42 -3.24 -3.54 -3.08 -1.58  0.48  2.18  3.16 01021999 00
  3.37  2.59  1.19 -0.41 -2.00 -3.04 -3.60 -3.58 -2.55 -0.63  1.32  2.63 01021999 12
  3.16  2.77  1.51  0.00 -1.61 -2.82 -3.47 -3.51 -2.64 -0.80  1.26  2.75 02021999 00
  3.52  3.37  2.27  0.78 -0.93 -2.33 -3.20 -3.60 -3.27 -1.87  0.15  1.92 02021999 12
  2.94  3.17  2.41  1.01 -0.49 -2.00 -2.96 -3.38 -3.14 -1.88  0.14  2.00 03021999 00
  3.19  3.64  3.11  1.82  0.30 -1.34 -2.48 -3.13 -3.30 -2.60 -0.92  1.05 03021999 12
  2.48  3.19  3.02  1.97  0.63 -0.88 -2.10 -2.77 -2.94 -2.29 -0.71  1.23 04021999 00
  2.73  3.55  3.55  2.63  1.32 -0.26 -1.62 -2.50 -2.99 -2.90 -1.85 -0.08 04021999 12
  1.65  2.77  3.15  2.65  1.45  0.06 -1.38 -2.34 -2.79 -2.70 -1.81 -0.15 05021999 00
  1.53  2.68  3.18  2.84  1.78  0.52 -0.92 -2.01 -2.66 -2.87 -2.37 -1.04 05021999 12
  0.63  1.98  2.73  2.74  1.99  0.83 -0.47 -1.62 -2.27 -2.51 -2.20 -1.16 06021999 00
  0.37  1.78  2.65  2.84  2.32  1.31  0.12 -1.10 -1.90 -2.32 -2.33 -1.66 06021999 12
 -0.37  1.03  2.03  2.42  2.11  1.25  0.20 -0.95 -1.83 -2.24 -2.25 -1.73 07021999 00
 -0.65  0.69  1.75  2.32  2.25  1.61  0.68 -0.38 -1.34 -1.92 -2.17 -1.99 07021999 12
 -1.20 -0.00  1.13  1.87  2.07  1.73  1.03  0.16 -0.77 -1.39 -1.64 -1.57 08021999 00
 -1.03 -0.10  0.93  1.70  1.97  1.77  1.16  0.37 -0.57 -1.34 -1.79 -1.97 08021999 12
 -1.71 -0.99  0.02  0.95  1.53  1.64  1.36  0.79  0.07 -0.68 -1.19 -1.42 09021999 00
 -1.40 -0.98 -0.20  0.67  1.30  1.52  1.37  0.92  0.30 -0.46 -1.08 -1.46 09021999 12
 -1.62 -1.45 -0.85 -0.02  0.78  1.31  1.46  1.27  0.80  0.16 -0.53 -1.03 10021999 00
 -1.31 -1.37 -1.08 -0.46  0.31  0.97  1.29  1.30  0.99  0.45 -0.24 -0.91 10021999 12
 -1.35 -1.57 -1.51 -1.05 -0.29  0.54  1.18  1.46  1.40  1.05  0.47 -0.25 11021999 00
 -0.88 -1.28 -1.48 -1.37 -0.81 -0.01  0.78  1.29  1.40  1.17  0.64 -0.08 11021999 12
 -0.86 -1.43 -1.74 -1.75 -1.31 -0.47  0.52  1.33  1.76  1.75  1.37  0.69 12021999 00
 -0.18 -0.99 -1.53 -1.80 -1.70 -1.07 -0.10  0.88  1.56  1.73  1.44  0.77 12021999 12
 -0.12 -1.09 -1.79 -2.15 -2.15 -1.63 -0.60  0.61  1.56  2.03  1.94  1.36 13021999 00
  0.44 -0.63 -1.59 -2.17 -2.41 -2.13 -1.22  0.10  1.28  2.02  2.16  1.70 13021999 12
  0.80 -0.27 -1.37 -2.11 -2.43 -2.27 -1.42 -0.05  1.35  2.35  2.72  2.38 14021999 00
  1.47  0.28 -1.02 -1.98 -2.54 -2.70 -2.19 -0.93  0.64  1.90  2.55  2.46 14021999 12
  1.67  0.50 -0.83 -2.02 -2.72 -2.97 -2.58 -1.32  0.43  1.93  2.86  3.05 15021999 00
  2.41  1.25 -0.16 -1.58 -2.49 -2.92 -2.80 -1.81 -0.09  1.68  2.87  3.35 15021999 12
  2.95  1.77  0.35 -1.17 -2.26 -2.86 -2.97 -2.23 -0.58  1.31  2.72  3.43 16021999 00
  3.25  2.16  0.78 -0.83 -2.15 -2.95 -3.26 -2.80 -1.27  0.75  2.44  3.42 16021999 12
  3.56  2.70  1.30 -0.36 -1.91 -2.90 -3.36 -3.17 -1.91  0.12  2.01  3.23 17021999 00
  3.68  3.10  1.76  0.19 -1.47 -2.62 -3.25 -3.35 -2.47 -0.55  1.57  3.04 17021999 12
  3.75  3.52  2.27  0.74 -1.03 -2.38 -3.19 -3.48 -2.91 -1.23  1.00  2.76 18021999 00
  3.72  3.81  2.82  1.32 -0.44 -2.03 -3.04 -3.56 -3.39 -2.03  0.13  2.15 18021999 12
  3.43  3.88  3.27  1.91  0.32 -1.38 -2.52 -3.14 -3.20 -2.21 -0.25  1.87 19021999 00
  3.30  3.95  3.60  2.31  0.76 -1.05 -2.41 -3.24 -3.61 -3.14 -1.51  0.66 19021999 12
  2.41  3.39  3.52  2.62  1.20 -0.41 -1.93 -2.86 -3.30 -3.05 -1.70  0.39 20021999 00
  2.26  3.45  3.84  3.21  1.91  0.33 -1.32 -2.42 -3.04 -3.17 -2.39 -0.65 20021999 12
  1.32  2.74  3.45  3.27  2.21  0.85 -0.75 -2.01 -2.68 -2.83 -2.25 -0.79 21021999 00
  1.11  2.71  3.66  3.77  2.91  1.68  0.17 -1.21 -2.09 -2.63 -2.69 -1.81 21021999 12
 -0.16  1.58  2.77  3.21  2.86  1.83  0.59 -0.82 -1.83 -2.40 -2.58 -2.06 22021999 00
 -0.69  0.98  2.27  2.96  2.93  2.15  1.03 -0.32 -1.51 -2.25 -2.63 -2.53 22021999 12
 -1.65 -0.21  1.22  2.20  2.56  2.20  1.31  0.23 -0.97 -1.85 -2.31 -2.39 23021999 00
 -1.86 -0.71  0.69  1.80  2.42  2.40  1.83  0.94 -0.16 -1.18 -1.82 -2.17 23021999 12
 -2.09 -1.37 -0.19  1.02  1.90  2.23  2.02  1.36  0.46 -0.59 -1.43 -1.93 24021999 00
 -2.13 -1.88 -1.09  0.05  1.14  1.84  1.99  1.69  1.03  0.15 -0.80 -1.50 24021999 12
 -1.90 -2.00 -1.59 -0.67  0.47  1.44  1.97  2.00  1.61  0.89 -0.01 -0.91 25021999 00
 -1.51 -1.85 -1.88 -1.33 -0.31  0.83  1.76  2.22  2.20  1.74  0.98  0.01 25021999 12
 -0.88 -1.47 -1.79 -1.72 -1.04  0.03  1.15  1.96  2.22  2.02  1.36  0.45 26021999 00
 -0.61 -1.47 -2.00 -2.20 -1.83 -0.83  0.51  1.68  2.38  2.51  2.06  1.18 26021999 12
  0.10 -1.00 -1.74 -2.14 -2.12 -1.40 -0.13  1.24  2.28  2.75  2.60  1.88 27021999 00
  0.84 -0.42 -1.43 -2.03 -2.28 -1.96 -0.88  0.60  1.94  2.76  2.88  2.31 27021999 12
  1.29  0.03 -1.22 -2.03 -2.44 -2.35 -1.43  0.12  1.69  2.80  3.25  3.01 28021999 00
  2.14  0.95 -0.45 -1.47 -2.10 -2.38 -1.94 -0.62  1.02  2.33  3.01  2.94 28021999 12
  2.08  0.85 -0.59 -1.86 -2.58 -2.83 -2.35 -0.98  0.86  2.45  3.41  3.59 01031999 00
  2.94  1.74  0.19 -1.34 -2.36 -2.97 -3.07 -2.24 -0.57  1.28  2.58  3.18 01031999 12
  2.91  1.83  0.47 -1.05 -2.20 -2.75 -2.76 -1.94 -0.26  1.66  3.08  3.79 02031999 00
  3.64  2.61  1.21 -0.51 -1.91 -2.82 -3.29 -3.09 -1.77  0.19  1.96  3.03 02031999 12
  3.32  2.63  1.31 -0.17 -1.68 -2.65 -3.07 -2.84 -1.61  0.36  2.24  3.49 03031999 00
  4.00  3.51  2.28  0.74 -0.94 -2.10 -2.77 -2.95 -2.19 -0.44  1.57  3.09 03031999 12
  3.81  3.65  2.60  1.20 -0.47 -1.78 -2.55 -2.81 -2.21 -0.56  1.47  3.05 04031999 00
  3.88  3.87  2.92  1.55 -0.16 -1.63 -2.56 -3.06 -2.91 -1.68  0.26  2.05 04031999 12
  3.18  3.51  2.86  1.54  0.03 -1.53 -2.55 -3.07 -2.99 -1.97 -0.13  1.74 05031999 00
  2.99  3.53  3.12  1.90  0.48 -1.11 -2.26 -2.91 -3.10 -2.50 -0.93  0.99 05031999 12
  2.44  3.17  3.06  2.06  0.73 -0.77 -2.03 -2.75 -2.99 -2.52 -1.11  0.76 06031999 00
  2.29  3.16  3.23  2.42  1.17 -0.29 -1.66 -2.51 -2.91 -2.75 -1.69  0.02 06031999 12
  1.65  2.70  3.04  2.53  1.40  0.09 -1.29 -2.22 -2.66 -2.62 -1.84 -0.32 07031999 00
  1.31  2.46  2.94  2.63  1.65  0.44 -0.92 -1.96 -2.51 -2.65 -2.14 -0.86 07031999 12
  0.73  1.99  2.68  2.64  1.90  0.82 -0.41 -1.50 -2.11 -2.33 -2.03 -1.04 08031999 00
  0.40  1.69  2.47  2.58  2.01  1.03 -0.10 -1.23 -1.96 -2.31 -2.23 -1.51 08031999 12
 -0.26  1.03  1.94  2.29  2.01  1.25  0.28 -0.79 -1.58 -1.98 -2.02 -1.55 09031999 00
 -0.55  0.66  1.62  2.10  2.00  1.39  0.52 -0.46 -1.32 -1.82 -2.01 -1.78 09031999 12
 -1.03  0.07  1.09  1.75  1.90  1.56  0.90  0.10 -0.74 -1.32 -1.58 -1.57 10031999 00
 -1.11 -0.27  0.68  1.41  1.68  1.52  1.00  0.31 -0.49 -1.14 -1.50 -1.65 10031999 12
 -1.45 -0.81  0.09  0.90  1.38  1.47  1.23  0.74  0.10 -0.61 -1.11 -1.38 11031999 00
 -1.42 -1.08 -0.42  0.35  1.01  1.30  1.28  0.95  0.41 -0.24 -0.84 -1.24 11031999 12
 -1.42 -1.32 -0.86 -0.16  0.60  1.16  1.40  1.35  1.03  0.48 -0.20 -0.75 12031999 00
 -1.11 -1.30 -1.18 -0.65  0.07  0.78  1.26  1.41  1.26  0.84  0.21 -0.48 12031999 12
 -1.02 -1.33 -1.41 -1.10 -0.39  0.45  1.21  1.63  1.72  1.45  0.90  0.15 13031999 00
 -0.63 -1.21 -1.54 -1.58 -1.11 -0.26  0.70  1.45  1.76  1.66  1.19  0.48 13031999 12
 -0.40 -1.15 -1.61 -1.79 -1.54 -0.72  0.38  1.39  2.03  2.15  1.79  1.05 14031999 00
  0.08 -0.93 -1.64 -2.02 -2.02 -1.41 -0.28  0.97  1.93  2.35  2.18  1.48 14031999 12
  0.48 -0.67 -1.61 -2.15 -2.33 -1.91 -0.79  0.65  1.85  2.53  2.55  1.91 15031999 00
  0.87 -0.39 -1.58 -2.36 -2.76 -2.62 -1.67 -0.15  1.37  2.38  2.73  2.33 15031999 12
  1.32  0.06 -1.31 -2.29 -2.78 -2.78 -2.02 -0.47  1.25  2.53  3.14  2.93 16031999 00
  1.93  0.61 -0.92 -2.17 -2.91 -3.19 -2.76 -1.36  0.52  2.12  3.04  3.19 16031999 12
  2.42  1.10 -0.41 -1.87 -2.80 -3.25 -3.04 -1.83  0.13  1.96  3.14  3.53 17031999 00
  2.93  1.60  0.02 -1.64 -2.80 -3.48 -3.61 -2.78 -0.87  1.22  2.73  3.46 17031999 12
  3.26  2.08  0.55 -1.18 -2.58 -3.42 -3.71 -3.13 -1.40  0.87  2.62  3.58 18031999 00
  3.68  2.68  1.12 -0.65 -2.28 -3.33 -3.89 -3.73 -2.38 -0.13  2.01  3.31 18031999 12
  3.78  3.22  1.75  0.07 -1.70 -2.91 -3.57 -3.65 -2.66 -0.53  1.73  3.28 19031999 00
  3.98  3.65  2.28  0.60 -1.28 -2.72 -3.64 -4.06 -3.57 -1.76  0.61  2.51 19031999 12
  3.56  3.72  2.73  1.12 -0.65 -2.30 -3.34 -3.86 -3.63 -2.18  0.13  2.25 20031999 00
  3.51  3.95  3.27  1.75  0.03 -1.79 -3.04 -3.77 -3.95 -3.09 -1.04  1.22 20031999 12
  2.84  3.59  3.41  2.16  0.56 -1.20 -2.63 -3.47 -3.76 -3.19 -1.47  0.81 21031999 00
  2.59  3.58  3.72  2.78  1.30 -0.39 -1.98 -2.99 -3.53 -3.43 -2.20 -0.13 21031999 12
  1.83  3.12  3.64  3.16  1.90  0.46 -1.11 -2.22 -2.82 -2.91 -2.09 -0.36 22031999 00
  1.60  3.04  3.69  3.41  2.26  0.86 -0.75 -2.02 -2.82 -3.23 -2.98 -1.72 22031999 12
  0.11  1.75  2.77  3.03  2.38  1.16 -0.21 -1.59 -2.51 -2.98 -2.95 -2.10 23031999 00
 -0.51  1.19  2.39  3.01  2.84  1.97  0.84 -0.50 -1.57 -2.19 -2.45 -2.11 23031999 12
 -0.96  0.59  1.92  2.69  2.75  2.14  1.14 -0.05 -1.22 -1.97 -2.38 -2.37 24031999 00
 -1.68 -0.42  0.93  1.95  2.42  2.29  1.64  0.72 -0.37 -1.27 -1.78 -1.99 24031999 12
 -1.76 -0.90  0.32  1.44  2.17  2.34  2.01  1.30  0.37 -0.61 -1.29 -1.71 25031999 00
 -1.87 -1.48 -0.57  0.54  1.51  2.05  2.10  1.70  1.01  0.12 -0.75 -1.33 25031999 12
 -1.67 -1.72 -1.23 -0.29  0.77  1.62  2.00  1.95  1.49  0.76 -0.14 -0.96 26031999 00
 -1.52 -1.84 -1.80 -1.20 -0.21  0.86  1.66  1.99  1.90  1.41  0.65 -0.25 26031999 12
 -1.02 -1.50 -1.72 -1.51 -0.74  0.35  1.39  2.06  2.24  1.95  1.27  0.34 27031999 00
 -0.67 -1.44 -1.90 -2.04 -1.62 -0.62  0.61  1.65  2.23  2.26  1.78  0.96 27031999 12
 -0.06 -1.05 -1.69 -2.01 -1.88 -1.09  0.14  1.39  2.27  2.56  2.25  1.43 28031999 00
  0.36 -0.84 -1.74 -2.28 -2.45 -1.99 -0.85  0.60  1.80  2.47  2.47  1.84 28031999 12
  0.83 -0.37 -1.49 -2.18 -2.48 -2.22 -1.20  0.30  1.70  2.63  2.90  2.45 29031999 00
  1.48  0.24 -1.08 -1.96 -2.39 -2.35 -1.53 -0.02  1.53  2.64  3.14  2.90 29031999 12
  2.03  0.86 -0.57 -1.65 -2.27 -2.46 -1.90 -0.51  1.17  2.54  3.28  3.23 30031999 00
  2.40  1.17 -0.32 -1.62 -2.44 -2.84 -2.60 -1.42  0.32  1.92  2.91  3.20 30031999 12
  2.65  1.49  0.08 -1.35 -2.29 -2.76 -2.69 -1.73 -0.03  1.72  2.92  3.38 31031999 00
  2.97  1.81  0.38 -1.19 -2.34 -2.99 -3.15 -2.50 -0.92  0.98  2.41  3.16 31031999 12
  3.08  2.09  0.72 -0.82 -2.14 -2.90 -3.15 -2.64 -1.13  0.82  2.42  3.32 01041999 00
  3.44  2.63  1.32 -0.25 -1.73 -2.66 -3.13 -2.96 -1.76  0.14  1.90  3.03 01041999 12
  3.39  2.80  1.52  0.03 -1.54 -2.60 -3.14 -3.09 -2.10 -0.26  1.63  2.90 02041999 00
  3.46  3.07  1.87  0.44 -1.18 -2.38 -3.04 -3.18 -2.48 -0.83  1.13  2.57 02041999 12
  3.32  3.22  2.20  0.81 -0.77 -2.09 -2.85 -3.12 -2.65 -1.19  0.75  2.35 03041999 00
  3.25  3.35  2.51  1.19 -0.36 -1.81 -2.72 -3.14 -2.94 -1.76  0.10  1.82 03041999 12
  2.92  3.25  2.67  1.41 -0.02 -1.52 -2.52 -3.02 -2.97 -2.05 -0.34  1.45 04041999 00
  2.66  3.19  2.83  1.71  0.36 -1.15 -2.28 -2.88 -3.01 -2.37 -0.85  0.94 04041999 12
  2.29  2.98  2.89  1.98  0.73 -0.71 -1.93 -2.61 -2.86 -2.47 -1.23  0.48 05041999 00
  1.91  2.77  2.87  2.17  1.02 -0.30 -1.58 -2.36 -2.70 -2.48 -1.46  0.13 05041999 12
  1.64  2.61  2.89  2.42  1.41  0.19 -1.12 -2.01 -2.45 -2.44 -1.75 -0.41 06041999 00
  1.09  2.18  2.63  2.39  1.57  0.51 -0.70 -1.64 -2.12 -2.22 -1.74 -0.61 06041999 12
  0.79  1.92  2.53  2.52  1.91  0.96 -0.19 -1.20 -1.78 -2.02 -1.82 -0.99 07041999 00
  0.28  1.50  2.25  2.37  1.93  1.10  0.12 -0.90 -1.57 -1.90 -1.91 -1.38 07041999 12
 -0.34  0.81  1.68  2.03  1.84  1.19  0.33 -0.62 -1.37 -1.76 -1.87 -1.55 08041999 00
 -0.73  0.33  1.26  1.77  1.78  1.33  0.60 -0.26 -1.07 -1.58 -1.81 -1.74 08041999 12
 -1.18 -0.26  0.69  1.38  1.63  1.46  0.96  0.27 -0.53 -1.18 -1.53 -1.65 09041999 00
 -1.41 -0.74  0.15  0.95  1.39  1.42  1.12  0.57 -0.11 -0.80 -1.26 -1.50 09041999 12
 -1.50 -1.09 -0.36  0.48  1.15  1.43  1.38  1.02  0.42 -0.30 -0.94 -1.36 10041999 00
 -1.55 -1.45 -0.93 -0.13  0.70  1.28  1.51  1.42  1.04  0.45 -0.24 -0.81 10041999 12
 -1.16 -1.30 -1.08 -0.42  0.42  1.23  1.73  1.86  1.58  1.01  0.22 -0.61 11041999 00
 -1.25 -1.65 -1.76 -1.38 -0.54  0.45  1.31  1.75  1.79  1.43  0.78 -0.09 11041999 12
 -0.95 -1.51 -1.79 -1.72 -1.11 -0.11  0.96  1.74  2.00  1.78  1.11  0.19 12041999 00
 -0.83 -1.65 -2.13 -2.25 -1.79 -0.72  0.68  1.89  2.61  2.75  2.31  1.44 12041999 12
  0.33 -0.75 -1.47 -1.86 -1.83 -1.04  0.25  1.51  2.40  2.65  2.29  1.39 13041999 00
  0.25 -0.99 -1.88 -2.39 -2.50 -1.93 -0.66  0.91  2.16  2.74  2.60  1.78 13041999 12
  0.57 -0.78 -1.94 -2.63 -2.91 -2.52 -1.19  0.67  2.24  3.23  3.48  2.87 14041999 00
  1.69  0.17 -1.45 -2.58 -3.16 -3.13 -2.21 -0.48  1.38  2.73  3.36  3.07 14041999 12
  1.93  0.51 -1.10 -2.33 -3.01 -3.17 -2.48 -0.78  1.28  2.83  3.66  3.60 15041999 00
  2.53  1.06 -0.68 -2.17 -3.11 -3.59 -3.32 -1.91  0.25  2.24  3.43  3.79 15041999 12
  3.10  1.67  0.01 -1.70 -2.84 -3.45 -3.47 -2.43 -0.35  1.80  3.30  3.98 16041999 00
  3.62  2.27  0.64 -1.22 -2.61 -3.46 -3.80 -3.20 -1.33  1.05  2.88  3.87 16041999 12
  3.94  2.87  1.29 -0.54 -2.19 -3.22 -3.74 -3.49 -1.96  0.39  2.52  3.78 17041999 00
  4.19  3.46  1.92  0.14 -1.71 -2.95 -3.69 -3.85 -2.88 -0.71  1.63  3.26 17041999 12
  3.99  3.73  2.38  0.70 -1.18 -2.65 -3.54 -3.91 -3.35 -1.49  0.93  2.82 18041999 00
  3.84  3.98  2.96  1.38 -0.44 -2.12 -3.20 -3.77 -3.64 -2.27 -0.02  2.14 18041999 12
  3.46  3.94  3.35  1.88  0.20 -1.61 -2.86 -3.58 -3.75 -2.91 -0.90  1.33 19041999 00
  2.94  3.73  3.59  2.43  0.90 -0.86 -2.30 -3.18 -3.57 -3.18 -1.65  0.51 19041999 12
  2.32  3.35  3.57  2.76  1.33 -0.28 -1.87 -2.89 -3.45 -3.43 -2.39 -0.45 20041999 00
  1.49  2.82  3.41  3.07  1.91  0.51 -1.08 -2.28 -2.95 -3.13 -2.54 -1.00 20041999 12
  0.86  2.30  3.07  3.08  2.24  0.99 -0.47 -1.81 -2.63 -3.00 -2.78 -1.69 21041999 00
  0.02  1.62  2.73  3.17  2.79  1.84  0.69 -0.61 -1.57 -2.08 -2.17 -1.53 21041999 12
 -0.15  1.39  2.57  3.19  3.14  2.47  1.47  0.18 -0.92 -1.63 -2.02 -1.91 22041999 00
 -1.03  0.29  1.51  2.33  2.60  2.33  1.64  0.70 -0.39 -1.20 -1.66 -1.78 22041999 12
 -1.33 -0.29  0.93  1.96  2.50  2.54  2.03  1.24  0.21 -0.76 -1.45 -1.90 23041999 00
 -2.00 -1.47 -0.44  0.70  1.61  2.05  2.03  1.58  0.86 -0.02 -0.82 -1.33 23041999 12
 -1.58 -1.48 -0.83  0.13  1.12  1.82  2.03  1.81  1.20  0.36 -0.57 -1.32 24041999 00
 -1.81 -2.06 -1.81 -1.01  0.07  1.08  1.75  1.94  1.72  1.11  0.30 -0.60 24041999 12
 -1.26 -1.64 -1.73 -1.32 -0.43  0.65  1.56  2.02  1.99  1.50  0.70 -0.28 25041999 00
 -1.20 -1.82 -2.17 -2.11 -1.45 -0.32  0.85  1.72  2.08  1.91  1.33  0.48 25041999 12
 -0.52 -1.34 -1.80 -1.92 -1.52 -0.56  0.66  1.69  2.28  2.32  1.81  0.91 26041999 00
 -0.20 -1.26 -1.97 -2.36 -2.28 -1.52 -0.27  1.04  1.99  2.38  2.15  1.39 26041999 12
  0.37 -0.78 -1.69 -2.16 -2.26 -1.76 -0.63  0.77  1.88  2.47  2.38  1.66 27041999 00
  0.59 -0.66 -1.77 -2.45 -2.74 -2.50 -1.51 -0.03  1.36  2.26  2.51  2.00 27041999 12
  0.97 -0.24 -1.47 -2.32 -2.73 -2.65 -1.85 -0.42  1.09  2.15  2.60  2.28 28041999 00
  1.30  0.06 -1.28 -2.33 -2.91 -3.02 -2.44 -1.08  0.57  1.86  2.56  2.51 28041999 12
  1.68  0.47 -0.89 -2.09 -2.78 -2.99 -2.58 -1.35  0.34  1.77  2.63  2.76 29041999 00
  2.06  0.85 -0.55 -1.89 -2.76 -3.16 -2.99 -1.95 -0.22  1.41  2.49  2.88 29041999 12
  2.38  1.21 -0.13 -1.57 -2.58 -3.09 -3.04 -2.19 -0.57  1.18  2.39  2.96 30041999 00
  2.68  1.60  0.25 -1.25 -2.41 -3.03 -3.15 -2.52 -1.02  0.84  2.25  3.01 30041999 12
  2.97  2.03  0.71 -0.78 -2.09 -2.86 -3.15 -2.75 -1.43  0.41  1.97  2.88 01051999 00
  3.04  2.30  1.03 -0.43 -1.85 -2.74 -3.14 -2.94 -1.81  0.03  1.74  2.86 01051999 12
  3.25  2.72  1.50  0.10 -1.42 -2.46 -3.00 -3.01 -2.18 -0.53  1.27  2.51 02051999 00
  3.08  2.76  1.66  0.31 -1.20 -2.37 -3.00 -3.14 -2.50 -0.97  0.88  2.28 02051999 12
  3.03  2.98  2.05  0.74 -0.74 -2.03 -2.79 -3.10 -2.76 -1.50  0.30  1.84 03051999 00
  2.77  2.94  2.23  1.00 -0.40 -1.76 -2.62 -3.00 -2.80 -1.75 -0.03  1.59 03051999 12
  2.66  3.03  2.55  1.43  0.11 -1.31 -2.30 -2.82 -2.85 -2.13 -0.64  1.02 04051999 00
  2.23  2.79  2.55  1.59  0.35 -1.01 -2.10 -2.67 -2.80 -2.28 -0.97  0.68 04051999 12
  1.99  2.72  2.69  1.93  0.79 -0.53 -1.72 -2.44 -2.74 -2.48 -1.46  0.06 05051999 00
  1.46  2.34  2.54  2.01  0.98 -0.20 -1.41 -2.20 -2.57 -2.44 -1.65 -0.28 05051999 12
  1.14  2.12  2.52  2.23  1.36  0.26 -0.95 -1.87 -2.36 -2.45 -1.98 -0.86 06051999 00
  0.54  1.64  2.24  2.18  1.55  0.60 -0.48 -1.47 -2.02 -2.19 -1.88 -0.99 06051999 12
  0.28  1.43  2.15  2.27  1.82  0.98 -0.02 -1.05 -1.74 -2.08 -2.06 -1.48 07051999 00
 -0.40  0.80  1.69  2.08  1.91  1.29  0.44 -0.52 -1.31 -1.73 -1.85 -1.53 07051999 12
 -0.68  0.43  1.38  1.92  1.93  1.49  0.75 -0.15 -1.03 -1.59 -1.87 -1.82 08051999 00
 -1.25 -0.27  0.78  1.56  1.86  1.70  1.19  0.49 -0.34 -1.01 -1.37 -1.49 08051999 12
 -1.22 -0.45  0.54  1.43  1.94  2.00  1.62  0.97  0.14 -0.72 -1.32 -1.68 09051999 00
 -1.75 -1.29 -0.38  0.66  1.48  1.89  1.92  1.60  1.04  0.27 -0.48 -0.98 09051999 12
 -1.22 -1.14 -0.55  0.37  1.26  1.89  2.10  1.89  1.29  0.45 -0.48 -1.21 10051999 00
 -1.68 -1.85 -1.49 -0.59  0.54  1.53  2.07  2.17  1.83  1.17  0.30 -0.62 10051999 12
 -1.24 -1.55 -1.57 -0.99  0.08  1.24  2.12  2.46  2.32  1.69  0.79 -0.33 11051999 00
 -1.25 -1.84 -2.14 -1.88 -0.93  0.38  1.62  2.42  2.65  2.32  1.55  0.51 11051999 12
 -0.64 -1.47 -1.93 -1.99 -1.34 -0.05  1.34  2.41  2.89  2.73  1.96  0.86 12051999 00
 -0.47 -1.57 -2.27 -2.61 -2.31 -1.17  0.44  1.89  2.81  3.06  2.57  1.56 12051999 12
  0.29 -1.07 -2.01 -2.51 -2.51 -1.67 -0.10  1.59  2.81  3.34  3.05  2.02 13051999 00
  0.68 -0.87 -2.07 -2.80 -3.10 -2.64 -1.18  0.72  2.33  3.27  3.43  2.68 13051999 12
  1.42 -0.13 -1.62 -2.57 -3.06 -2.94 -1.77  0.17  2.03  3.26  3.73  3.22 14051999 00
  1.96  0.42 -1.29 -2.50 -3.22 -3.43 -2.70 -0.90  1.26  2.85  3.70  3.63 14051999 12
  2.56  1.09 -0.66 -2.15 -3.08 -3.54 -3.23 -1.73  0.47  2.42  3.56  3.85 15051999 00
  3.07  1.60 -0.11 -1.84 -2.99 -3.65 -3.72 -2.68 -0.56  1.66  3.19  3.86 15051999 12
  3.55  2.20  0.56 -1.28 -2.69 -3.55 -3.88 -3.30 -1.47  0.87  2.69  3.69 16051999 00
  3.79  2.75  1.15 -0.64 -2.29 -3.34 -3.89 -3.72 -2.32 -0.04  2.12  3.42 16051999 12
  3.89  3.29  1.78  0.08 -1.75 -3.01 -3.75 -3.93 -3.07 -1.02  1.27  2.93 17051999 00
  3.72  3.58  2.35  0.73 -1.08 -2.57 -3.48 -3.86 -3.42 -1.79  0.51  2.41 17051999 12
  3.48  3.71  2.85  1.30 -0.43 -2.12 -3.22 -3.83 -3.82 -2.72 -0.64  1.52 18051999 00
  2.92  3.49  3.12  1.81  0.25 -1.45 -2.75 -3.50 -3.72 -3.08 -1.33  0.82 18051999 12
  2.44  3.32  3.33  2.32  0.83 -0.81 -2.29 -3.23 -3.72 -3.55 -2.36 -0.37 19051999 00
  1.53  2.69  3.13  2.66  1.39 -0.03 -1.52 -2.57 -3.11 -3.12 -2.29 -0.61 19051999 12
  1.25  2.56  3.25  3.07  2.05  0.75 -0.79 -2.04 -2.79 -3.15 -2.88 -1.68 20051999 00
  0.08  1.64  2.62  2.90  2.36  1.29  0.03 -1.28 -2.16 -2.59 -2.55 -1.78 20051999 12
 -0.32  1.23  2.35  2.86  2.63  1.77  0.63 -0.68 -1.75 -2.39 -2.71 -2.47 21051999 00
 -1.46  0.00  1.34  2.18  2.40  1.98  1.11  0.07 -1.02 -1.77 -2.12 -2.09 21051999 12
 -1.45 -0.28  1.02  2.01  2.49  2.37  1.74  0.82 -0.27 -1.17 -1.70 -1.93 22051999 00
 -1.72 -0.90  0.26  1.39  2.14  2.31  1.98  1.27  0.37 -0.61 -1.30 -1.66 22051999 12
 -1.73 -1.32 -0.40  0.71  1.70  2.24  2.29  1.80  1.02  0.02 -0.94 -1.59 23051999 00
 -1.96 -1.99 -1.46 -0.49  0.60  1.48  1.90  1.85  1.37  0.64 -0.21 -0.95 23051999 12
 -1.38 -1.55 -1.37 -0.65  0.35  1.34  1.98  2.13  1.79  1.07  0.14 -0.84 24051999 00
 -1.54 -1.96 -2.06 -1.60 -0.63  0.51  1.47  1.99  2.00  1.57  0.82 -0.12 24051999 12
 -1.00 -1.56 -1.80 -1.67 -0.97  0.10  1.18  1.94  2.17  1.90  1.17  0.23 25051999 00
 -0.80 -1.55 -1.96 -2.04 -1.59 -0.60  0.63  1.64  2.18  2.16  1.61  0.75 25051999 12
 -0.28 -1.23 -1.83 -2.09 -1.91 -1.11  0.10  1.27  2.05  2.24  1.85  1.02 26051999 00
 -0.01 -1.12 -1.90 -2.29 -2.28 -1.64 -0.43  0.93  1.95  2.44  2.27  1.57 26051999 12
  0.59 -0.56 -1.51 -2.03 -2.17 -1.73 -0.65  0.73  1.87  2.51  2.50  1.86 27051999 00
  0.84 -0.37 -1.48 -2.17 -2.49 -2.29 -1.35  0.09  1.45  2.35  2.61  2.18 27051999 12
  1.22  0.05 -1.20 -2.07 -2.51 -2.48 -1.77 -0.42  1.06  2.12  2.58  2.31 28051999 00
  1.41  0.24 -1.05 -2.06 -2.60 -2.70 -2.14 -0.81  0.82  2.09  2.79  2.73 28051999 12
  1.97  0.82 -0.53 -1.74 -2.39 -2.65 -2.30 -1.10  0.47  1.84  2.72  2.88 29051999 00
  2.27  1.17 -0.14 -1.43 -2.26 -2.65 -2.49 -1.50  0.08  1.62  2.64  2.99 29051999 12
  2.57  1.52  0.19 -1.26 -2.27 -2.80 -2.84 -2.15 -0.67  1.00  2.22  2.78 30051999 00
  2.55  1.55  0.28 -1.15 -2.29 -2.93 -3.08 -2.54 -1.11  0.64  2.02  2.79 30051999 12
  2.80  1.99  0.77 -0.64 -1.93 -2.73 -3.06 -2.80 -1.68  0.04  1.60  2.57 31051999 00
  2.81  2.19  0.99 -0.35 -1.70 -2.60 -3.02 -2.88 -1.89 -0.21  1.45  2.56 31051999 12
  3.04  2.66  1.58  0.27 -1.20 -2.28 -2.87 -2.98 -2.35 -0.88  0.83  2.13 01061999 00
  2.78  2.64  1.71  0.46 -0.94 -2.12 -2.78 -2.96 -2.48 -1.16  0.58  2.01 01061999 12
  2.84  2.93  2.19  1.00 -0.39 -1.70 -2.52 -2.92 -2.76 -1.75 -0.11  1.45 02061999 00
  2.45  2.78  2.29  1.19 -0.08 -1.41 -2.33 -2.77 -2.70 -1.89 -0.38  1.23 02061999 12
  2.36  2.87  2.62  1.66  0.42 -0.95 -2.03 -2.62 -2.80 -2.35 -1.12  0.48 03061999 00
  1.81  2.59  2.62  1.89  0.78 -0.44 -1.57 -2.22 -2.44 -2.09 -1.01  0.54 03061999 12
  1.91  2.76  2.94  2.38  1.35  0.10 -1.17 -2.02 -2.47 -2.48 -1.78 -0.41 04061999 00
  1.06  2.12  2.57  2.32  1.49  0.44 -0.75 -1.67 -2.12 -2.19 -1.66 -0.48 04061999 12
  0.95  2.09  2.69  2.63  1.96  0.98 -0.21 -1.26 -1.90 -2.20 -2.04 -1.18 05061999 00
  0.15  1.45  2.31  2.55  2.19  1.37  0.35 -0.75 -1.49 -1.86 -1.87 -1.26 05061999 12
 -0.11  1.16  2.12  2.53  2.36  1.64  0.68 -0.46 -1.38 -1.95 -2.21 -1.96 06061999 00
 -1.06  0.19  1.33  2.05  2.17  1.77  1.00  0.07 -0.90 -1.55 -1.84 -1.79 06061999 12
 -1.17 -0.09  1.10  1.98  2.34  2.15  1.48  0.56 -0.51 -1.38 -1.93 -2.22 07061999 00
 -2.03 -1.20  0.00  1.11  1.84  2.03  1.72  1.03  0.17 -0.78 -1.45 -1.79 07061999 12
 -1.80 -1.28 -0.27  0.88  1.79  2.21  2.07  1.45  0.57 -0.48 -1.40 -2.00 08061999 00
 -2.33 -2.20 -1.43 -0.22  0.98  1.84  2.16  1.95  1.30  0.42 -0.59 -1.38 08061999 12
 -1.82 -1.95 -1.56 -0.59  0.65  1.70  2.27  2.25  1.69  0.78 -0.32 -1.37 09061999 00
 -2.08 -2.50 -2.49 -1.79 -0.51  0.86  1.87  2.33  2.16  1.47  0.50 -0.64 09061999 12
 -1.61 -2.18 -2.41 -2.08 -1.05  0.38  1.64  2.40  2.51  1.96  0.94 -0.27 10061999 00
 -1.48 -2.32 -2.80 -2.83 -2.10 -0.67  0.91  2.08  2.66  2.50  1.69  0.56 10061999 12
 -0.76 -1.88 -2.55 -2.81 -2.46 -1.27  0.39  1.83  2.72  2.87  2.24  1.08 11061999 00
 -0.30 -1.69 -2.62 -3.15 -3.15 -2.30 -0.64  1.13  2.41  3.03  2.79  1.78 11061999 12
  0.47 -1.03 -2.26 -2.98 -3.25 -2.78 -1.35  0.55  2.13  3.03  3.17  2.38 12061999 00
  1.05 -0.48 -1.97 -2.94 -3.46 -3.38 -2.29 -0.35  1.55  2.85  3.40  3.01 12061999 12
  1.79  0.31 -1.34 -2.59 -3.31 -3.53 -2.89 -1.18  0.94  2.52  3.38  3.39 13061999 00
  2.41  0.95 -0.73 -2.23 -3.17 -3.64 -3.38 -2.01  0.11  2.07  3.28  3.69 13061999 12
  3.07  1.66  0.04 -1.69 -2.89 -3.58 -3.72 -2.87 -0.89  1.27  2.83  3.58 14061999 00
  3.41  2.24  0.71 -1.03 -2.47 -3.34 -3.70 -3.22 -1.58  0.67  2.51  3.56 14061999 12
  3.78  2.91  1.41 -0.32 -1.99 -3.09 -3.71 -3.70 -2.56 -0.45  1.68  3.10 15061999 00
  3.70  3.32  2.01  0.43 -1.32 -2.63 -3.38 -3.59 -2.88 -1.06  1.17  2.80 15061999 12
  3.68  3.66  2.58  1.06 -0.72 -2.26 -3.24 -3.77 -3.60 -2.28 -0.17  1.82 16061999 00
  3.03  3.45  2.89  1.52 -0.03 -1.67 -2.80 -3.40 -3.44 -2.50 -0.57  1.46 16061999 12
  2.89  3.60  3.36  2.20  0.73 -0.97 -2.33 -3.16 -3.55 -3.20 -1.77  0.26 17061999 00
  2.02  3.02  3.25  2.55  1.25 -0.21 -1.70 -2.64 -3.08 -2.94 -1.86 -0.02 17061999 12
  1.77  2.96  3.44  3.02  1.87  0.47 -1.12 -2.28 -2.99 -3.26 -2.79 -1.38 18061999 00
  0.41  1.87  2.68  2.76  1.99  0.77 -0.58 -1.84 -2.60 -2.92 -2.65 -1.55 18061999 12
  0.11  1.63  2.62  2.94  2.47  1.41  0.13 -1.24 -2.22 -2.77 -2.92 -2.38 19061999 00
 -1.05  0.52  1.77  2.43  2.39  1.69  0.64 -0.56 -1.63 -2.23 -2.45 -2.14 19061999 12
 -1.16  0.26  1.55  2.37  2.55  2.09  1.17  0.05 -1.13 -1.96 -2.43 -2.53 20061999 00
 -2.02 -0.86  0.52  1.62  2.23  2.22  1.67  0.80 -0.21 -1.11 -1.60 -1.74 20061999 12
 -1.46 -0.62  0.52  1.58  2.26  2.41  2.00  1.23  0.23 -0.83 -1.60 -2.09 21061999 00
 -2.26 -1.85 -0.89  0.29  1.27  1.81  1.83  1.40  0.66 -0.23 -1.07 -1.56 21061999 12
 -1.74 -1.58 -0.94  0.06  1.08  1.77  1.96  1.68  1.01  0.16 -0.80 -1.53 22061999 00
 -1.97 -2.14 -1.79 -0.93  0.18  1.13  1.69  1.75  1.38  0.69 -0.15 -0.99 22061999 12
 -1.53 -1.76 -1.69 -1.14 -0.21  0.79  1.52  1.79  1.59  1.00  0.19 -0.74 23061999 00
 -1.49 -1.92 -2.06 -1.74 -0.90  0.22  1.18  1.77  1.85  1.51  0.83 -0.03 23061999 12
 -0.92 -1.52 -1.79 -1.73 -1.17 -0.22  0.81  1.56  1.84  1.62  0.98  0.11 24061999 00
 -0.87 -1.65 -2.09 -2.19 -1.79 -0.86  0.34  1.33  1.92  1.95  1.50  0.69 24061999 12
 -0.27 -1.21 -1.81 -2.09 -1.98 -1.30 -0.19  0.94  1.71  1.94  1.61  0.85 25061999 00
 -0.11 -1.15 -1.91 -2.30 -2.28 -1.70 -0.59  0.70  1.68  2.18  2.07  1.44 25061999 12
  0.50 -0.60 -1.56 -2.11 -2.32 -2.01 -1.08  0.24  1.38  2.07  2.15  1.62 26061999 00
  0.69 -0.40 -1.48 -2.17 -2.46 -2.25 -1.39 -0.02  1.31  2.22  2.55  2.20 26061999 12
  1.33  0.23 -0.98 -1.87 -2.33 -2.38 -1.79 -0.55  0.90  1.99  2.50  2.33 27061999 00
  1.54  0.44 -0.78 -1.78 -2.33 -2.47 -1.98 -0.77  0.80  2.09  2.82  2.86 27061999 12
  2.23  1.17 -0.11 -1.34 -2.09 -2.45 -2.28 -1.34  0.16  1.62  2.57  2.82 28061999 00
  2.33  1.28  0.05 -1.25 -2.13 -2.55 -2.47 -1.60 -0.08  1.52  2.64  3.13 28061999 12
  2.85  1.90  0.67 -0.75 -1.82 -2.43 -2.63 -2.12 -0.79  0.89  2.21  2.89 29061999 00
  2.82  2.00  0.82 -0.54 -1.74 -2.44 -2.70 -2.32 -1.10  0.60  2.08  2.97 29061999 12
  3.13  2.48  1.31 -0.08 -1.45 -2.34 -2.81 -2.75 -1.83 -0.23  1.42  2.53 30061999 00
  2.96  2.58  1.52  0.22 -1.18 -2.21 -2.73 -2.75 -2.02 -0.48  1.24  2.51 30061999 12
  3.14  2.97  2.01  0.74 -0.73 -1.93 -2.62 -2.91 -2.54 -1.28  0.45  1.93 01071999 00
  2.79  2.89  2.17  1.00 -0.37 -1.68 -2.50 -2.85 -2.58 -1.44  0.26  1.85 01071999 12
  2.88  3.22  2.70  1.59  0.21 -1.24 -2.22 -2.75 -2.81 -2.09 -0.58  1.09 02071999 00
  2.32  2.88  2.66  1.70  0.47 -0.92 -2.04 -2.64 -2.77 -2.22 -0.84  0.88 02071999 12
  2.23  3.00  2.99  2.19  0.98 -0.45 -1.72 -2.51 -2.90 -2.72 -1.67 -0.04 03071999 00
  1.50  2.50  2.82  2.33  1.28  0.05 -1.26 -2.15 -2.56 -2.48 -1.66 -0.17 03071999 12
  1.44  2.56  3.05  2.77  1.83  0.62 -0.77 -1.84 -2.46 -2.69 -2.27 -1.05 04071999 00
  0.55  1.90  2.67  2.74  2.11  1.06 -0.16 -1.34 -2.05 -2.34 -2.10 -1.12 04071999 12
  0.36  1.76  2.67  2.91  2.45  1.47  0.26 -1.03 -1.93 -2.45 -2.58 -2.02 05071999 00
 -0.75  0.76  1.93  2.54  2.46  1.76  0.75 -0.41 -1.44 -2.02 -2.24 -1.92 05071999 12
 -0.90  0.52  1.77  2.55  2.69  2.17  1.21  0.04 -1.14 -1.95 -2.41 -2.48 06071999 00
 -1.90 -0.68  0.72  1.80  2.34  2.23  1.58  0.64 -0.45 -1.40 -1.93 -2.12 06071999 12
 -1.82 -0.89  0.43  1.62  2.36  2.49  2.03  1.13  0.05 -1.08 -1.88 -2.36 07071999 00
 -2.47 -1.95 -0.82  0.54  1.62  2.19  2.16  1.60  0.71 -0.34 -1.31 -1.89 07071999 12
 -2.14 -1.95 -1.14  0.12  1.33  2.14  2.37  2.02  1.20  0.17 -0.98 -1.84 08071999 00
 -2.37 -2.57 -2.19 -1.13  0.24  1.41  2.11  2.20  1.74  0.87 -0.18 -1.24 08071999 12
 -1.95 -2.32 -2.26 -1.56 -0.31  1.04  2.01  2.41  2.17  1.39  0.33 -0.88 09071999 00
 -1.88 -2.50 -2.78 -2.52 -1.50 -0.04  1.31  2.18  2.42  1.99  1.06 -0.08 09071999 12
 -1.29 -2.15 -2.62 -2.65 -2.02 -0.69  0.84  1.99  2.58  2.44  1.64  0.50 10071999 00
 -0.81 -1.95 -2.66 -2.98 -2.73 -1.63  0.01  1.51  2.50  2.82  2.34  1.29 10071999 12
  0.01 -1.36 -2.35 -2.90 -2.99 -2.31 -0.82  0.91  2.22  2.89  2.77  1.88 11071999 00
  0.62 -0.84 -2.11 -2.88 -3.23 -2.93 -1.68  0.15  1.80  2.83  3.14  2.54 11071999 12
  1.30 -0.15 -1.66 -2.72 -3.31 -3.41 -2.64 -0.90  1.00  2.39  3.07  2.89 12071999 00
  1.85  0.46 -1.11 -2.42 -3.21 -3.50 -3.05 -1.57  0.48  2.18  3.16  3.37 12071999 12
  2.59  1.21 -0.38 -1.94 -2.98 -3.56 -3.55 -2.52 -0.56  1.43  2.79  3.38 13071999 00
  3.04  1.82  0.33 -1.33 -2.60 -3.32 -3.51 -2.82 -1.06  1.10  2.70  3.57 13071999 12
  3.59  2.58  1.13 -0.59 -2.11 -3.08 -3.60 -3.42 -2.08 -0.00  1.97  3.18 14071999 00
  3.63  3.07  1.71  0.18 -1.49 -2.62 -3.21 -3.21 -2.20 -0.25  1.82  3.26 14071999 12
  3.99  3.70  2.47  0.96 -0.83 -2.21 -3.09 -3.53 -3.18 -1.64  0.50  2.31 15071999 00
  3.34  3.54  2.72  1.32 -0.27 -1.83 -2.81 -3.27 -3.09 -1.83  0.22  2.13 15071999 12
  3.38  3.85  3.31  2.03  0.48 -1.23 -2.43 -3.15 -3.38 -2.72 -1.04  1.00 16071999 00
  2.53  3.33  3.27  2.26  0.88 -0.70 -2.05 -2.84 -3.15 -2.72 -1.25  0.72 16071999 12
  2.39  3.38  3.59  2.84  1.56 -0.01 -1.52 -2.51 -3.07 -3.12 -2.25 -0.55 17071999 00
  1.26  2.52  3.08  2.78  1.73  0.43 -1.05 -2.16 -2.75 -2.85 -2.21 -0.71 17071999 12
  1.07  2.44  3.18  3.13  2.27  1.04 -0.43 -1.70 -2.48 -2.87 -2.68 -1.58 18071999 00
  0.06  1.59  2.56  2.86  2.40  1.37  0.14 -1.15 -2.01 -2.44 -2.43 -1.69 18071999 12
 -0.31  1.21  2.31  2.81  2.60  1.75  0.62 -0.67 -1.71 -2.31 -2.56 -2.23 19071999 00
 -1.17  0.26  1.50  2.25  2.38  1.88  0.97 -0.11 -1.18 -1.85 -2.13 -1.97 19071999 12
 -1.18  0.07  1.31  2.18  2.48  2.18  1.42  0.44 -0.69 -1.51 -1.97 -2.13 20071999 00
 -1.73 -0.74  0.50  1.53  2.12  2.14  1.68  0.91 -0.01 -0.89 -1.41 -1.63 20071999 12
 -1.49 -0.80  0.23  1.25  1.94  2.13  1.86  1.21  0.36 -0.59 -1.28 -1.68 21071999 00
 -1.81 -1.44 -0.58  0.47  1.37  1.86  1.89  1.52  0.89  0.11 -0.65 -1.14 21071999 12
 -1.38 -1.32 -0.79  0.10  1.00  1.64  1.85  1.64  1.09  0.37 -0.44 -1.07 22071999 00
 -1.44 -1.57 -1.30 -0.52  0.41  1.29  1.79  1.86  1.51  0.91  0.12 -0.67 22071999 12
 -1.22 -1.51 -1.53 -1.12 -0.33  0.55  1.25  1.51  1.40  0.90  0.18 -0.64 23071999 00
 -1.35 -1.77 -1.92 -1.69 -1.00 -0.01  0.93  1.54  1.69  1.44  0.83  0.05 23071999 12
 -0.78 -1.37 -1.68 -1.72 -1.29 -0.44  0.56  1.34  1.69  1.57  1.06  0.30 24071999 00
 -0.59 -1.36 -1.81 -1.95 -1.66 -0.87  0.22  1.22  1.85  1.99  1.66  0.95 24071999 12
  0.05 -0.90 -1.56 -1.91 -1.91 -1.38 -0.39  0.71  1.55  1.88  1.69  1.03 25071999 00
  0.14 -0.86 -1.66 -2.09 -2.16 -1.73 -0.74  0.53  1.59  2.20  2.22  1.68 25071999 12
  0.78 -0.30 -1.33 -1.99 -2.31 -2.18 -1.40 -0.17  1.06  1.88  2.11  1.71 26071999 00
  0.84 -0.22 -1.35 -2.16 -2.55 -2.48 -1.78 -0.50  0.91  1.94  2.42  2.21 26071999 12
  1.40  0.30 -0.95 -1.98 -2.57 -2.75 -2.35 -1.21  0.31  1.58  2.32  2.35 27071999 00
  1.68  0.58 -0.65 -1.81 -2.53 -2.81 -2.51 -1.46  0.10  1.53  2.44  2.70 27071999 12
  2.18  1.11 -0.17 -1.50 -2.42 -2.90 -2.88 -2.09 -0.58  1.04  2.18  2.68 28071999 00
  2.38  1.38  0.14 -1.23 -2.31 -2.87 -2.94 -2.30 -0.84  0.88  2.21  2.92 28071999 12
  2.84  1.96  0.70 -0.75 -2.03 -2.80 -3.14 -2.84 -1.62  0.15  1.72  2.66 29071999 00
  2.88  2.24  1.02 -0.38 -1.78 -2.70 -3.12 -2.94 -1.88 -0.10  1.61  2.74 29071999 12
  3.18  2.72  1.53  0.13 -1.41 -2.52 -3.14 -3.25 -2.54 -0.93  0.94  2.31 30071999 00
  3.02  2.89  1.88  0.55 -0.96 -2.22 -2.94 -3.15 -2.62 -1.14  0.76  2.31 30071999 12
  3.17  3.25  2.39  1.06 -0.48 -1.91 -2.83 -3.29 -3.14 -2.00 -0.14  1.62 31071999 00
  2.77  3.18  2.65  1.43  0.01 -1.49 -2.53 -3.05 -3.01 -2.09 -0.34  1.52 31071999 12
  2.79  3.40  3.08  1.95  0.55 -1.06 -2.29 -3.02 -3.29 -2.81 -1.35  0.56 01081999 00
  2.11  2.98  3.07  2.25  0.95 -0.50 -1.86 -2.68 -3.01 -2.70 -1.46  0.39 01081999 12
  2.02  3.06  3.34  2.71  1.48  0.02 -1.48 -2.50 -3.07 -3.14 -2.35 -0.72 02081999 00
  1.07  2.36  2.98  2.76  1.76  0.48 -0.97 -2.08 -2.72 -2.85 -2.28 -0.91 02081999 12
  0.86  2.29  3.08  3.07  2.26  1.06 -0.38 -1.68 -2.51 -2.94 -2.80 -1.81 03081999 00
 -0.19  1.38  2.45  2.84  2.45  1.43  0.21 -1.12 -2.08 -2.58 -2.56 -1.87 03081999 12
 -0.48  1.12  2.31  2.95  2.80  1.96  0.80 -0.55 -1.68 -2.37 -2.72 -2.50 04081999 00
 -1.49  0.01  1.40  2.30  2.57  2.13  1.21  0.09 -1.10 -1.91 -2.31 -2.29 04081999 12
 -1.63 -0.37  1.05  2.12  2.63  2.47  1.72  0.69 -0.52 -1.54 -2.17 -2.49 05081999 00
 -2.30 -1.41 -0.06  1.23  2.10  2.37  2.03  1.23  0.24 -0.84 -1.63 -2.04 05081999 12
 -2.11 -1.62 -0.55  0.76  1.81  2.36  2.31  1.76  0.88 -0.20 -1.20 -1.85 06081999 00
 -2.22 -2.17 -1.46 -0.27  0.99  1.91  2.29  2.09  1.44  0.54 -0.52 -1.40 06081999 12
 -1.92 -2.16 -1.88 -0.97  0.31  1.46  2.18  2.35  1.97  1.17  0.16 -0.93 07081999 00
 -1.71 -2.17 -2.29 -1.80 -0.68  0.67  1.75  2.34  2.34  1.80  0.89 -0.22 07081999 12
 -1.27 -1.96 -2.32 -2.20 -1.42 -0.17  1.17  2.15  2.53  2.32  1.52  0.46 08081999 00
 -0.74 -1.70 -2.27 -2.51 -2.13 -1.00  0.52  1.82  2.60  2.71  2.16  1.16 08081999 12
 -0.08 -1.34 -2.19 -2.69 -2.68 -1.91 -0.46  1.10  2.25  2.78  2.55  1.67 09081999 00
  0.50 -0.85 -1.95 -2.58 -2.81 -2.39 -1.11  0.61  2.07  2.97  3.12  2.46 09081999 12
  1.31 -0.09 -1.48 -2.42 -2.93 -2.94 -2.07 -0.40  1.37  2.60  3.15  2.82 10081999 00
  1.74  0.40 -1.11 -2.27 -2.93 -3.11 -2.53 -1.00  0.92  2.43  3.28  3.33 10081999 12
  2.44  1.10 -0.48 -1.92 -2.84 -3.33 -3.20 -2.05 -0.13  1.70  2.91  3.35 11081999 00
  2.84  1.59  0.12 -1.48 -2.61 -3.21 -3.26 -2.39 -0.56  1.46  2.88  3.60 11081999 12
  3.39  2.24  0.78 -0.95 -2.33 -3.18 -3.58 -3.22 -1.75  0.35  2.13  3.16 12081999 00
  3.40  2.61  1.20 -0.39 -1.96 -2.95 -3.43 -3.26 -2.01  0.05  1.99  3.25 12081999 12
  3.74  3.21  1.87  0.29 -1.44 -2.68 -3.41 -3.63 -2.94 -1.14  0.96  2.52 13081999 00
  3.33  3.24  2.16  0.69 -0.95 -2.35 -3.18 -3.47 -2.95 -1.35  0.78  2.52 13081999 12
  3.50  3.68  2.84  1.44 -0.21 -1.79 -2.81 -3.36 -3.32 -2.21 -0.22  1.68 14081999 00
  2.95  3.46  2.99  1.73  0.26 -1.35 -2.49 -3.07 -3.09 -2.21 -0.44  1.52 14081999 12
  2.91  3.64  3.43  2.33  0.93 -0.72 -2.03 -2.82 -3.18 -2.81 -1.38  0.56 15081999 00
  2.20  3.14  3.30  2.53  1.25 -0.22 -1.62 -2.49 -2.87 -2.64 -1.49  0.30 15081999 12
  2.00  3.10  3.45  2.92  1.76  0.36 -1.14 -2.16 -2.74 -2.88 -2.19 -0.64 16081999 00
  1.11  2.40  3.00  2.80  1.86  0.64 -0.75 -1.86 -2.46 -2.64 -2.15 -0.87 16081999 12
  0.77  2.12  2.89  2.91  2.19  1.06 -0.26 -1.48 -2.22 -2.59 -2.44 -1.52 17081999 00
 -0.05  1.39  2.34  2.65  2.26  1.33  0.21 -0.99 -1.82 -2.20 -2.18 -1.53 17081999 12
 -0.29  1.08  2.10  2.56  2.37  1.61  0.61 -0.53 -1.44 -1.95 -2.13 -1.78 18081999 00
 -0.81  0.49  1.59  2.24  2.30  1.82  1.00  0.03 -0.93 -1.52 -1.77 -1.64 18081999 12
 -0.95  0.14  1.24  1.99  2.22  1.94  1.26  0.40 -0.57 -1.28 -1.69 -1.81 19081999 00
 -1.45 -0.58  0.49  1.37  1.81  1.78  1.38  0.75 -0.05 -0.81 -1.27 -1.46 19081999 12
 -1.36 -0.78  0.08  0.96  1.53  1.68  1.43  0.89  0.18 -0.61 -1.21 -1.54 20081999 00
 -1.65 -1.33 -0.60  0.28  1.04  1.45  1.50  1.22  0.70  0.01 -0.69 -1.16 20081999 12
 -1.41 -1.44 -1.05 -0.34  0.46  1.07  1.30  1.20  0.81  0.23 -0.46 -1.07 21081999 00
 -1.43 -1.58 -1.41 -0.84 -0.04  0.74  1.25  1.40  1.23  0.79  0.16 -0.57 21081999 12
 -1.15 -1.49 -1.61 -1.35 -0.70  0.14  0.87  1.24  1.26  0.95  0.40 -0.31 22081999 00
 -1.02 -1.49 -1.71 -1.62 -1.10 -0.25  0.66  1.34  1.62  1.52  1.05  0.34 22081999 12
 -0.50 -1.21 -1.66 -1.84 -1.59 -0.86  0.14  1.04  1.57  1.62  1.28  0.60 23081999 00
 -0.25 -1.12 -1.70 -1.97 -1.85 -1.21 -0.18  0.91  1.72  2.05  1.85  1.22 23081999 12
  0.32 -0.70 -1.51 -1.97 -2.11 -1.73 -0.79  0.43  1.45  2.02  1.99  1.43 24081999 00
  0.52 -0.53 -1.52 -2.13 -2.35 -2.06 -1.14  0.20  1.44  2.25  2.46  2.03 24081999 12
  1.11 -0.03 -1.24 -2.08 -2.52 -2.50 -1.78 -0.46  0.97  2.00  2.46  2.20 25081999 00
  1.33  0.19 -1.08 -2.08 -2.61 -2.67 -2.06 -0.74  0.86  2.09  2.79  2.74 25081999 12
  1.95  0.78 -0.60 -1.84 -2.60 -2.92 -2.63 -1.48  0.23  1.76  2.71  2.93 26081999 00
  2.33  1.20 -0.14 -1.50 -2.41 -2.83 -2.66 -1.60  0.12  1.81  2.93  3.36 26081999 12
  2.93  1.81  0.40 -1.16 -2.29 -2.92 -3.06 -2.36 -0.72  1.18  2.61  3.33 27081999 00
  3.20  2.19  0.83 -0.75 -2.06 -2.81 -3.09 -2.59 -1.05  0.92  2.53  3.45 27081999 12
  3.53  2.65  1.29 -0.37 -1.89 -2.87 -3.39 -3.28 -2.09 -0.12  1.77  3.01 28081999 00
  3.45  2.90  1.59  0.08 -1.55 -2.68 -3.26 -3.27 -2.31 -0.41  1.61  3.00 28081999 12
  3.67  3.35  2.11  0.58 -1.17 -2.51 -3.32 -3.65 -3.15 -1.53  0.62  2.32 29081999 00
  3.26  3.37  2.44  0.97 -0.65 -2.16 -3.10 -3.51 -3.21 -1.80  0.30  2.19 29081999 12
  3.33  3.66  2.96  1.54 -0.08 -1.75 -2.87 -3.50 -3.56 -2.61 -0.65  1.39 30081999 00
  2.84  3.51  3.25  2.05  0.56 -1.11 -2.40 -3.14 -3.35 -2.70 -1.02  1.07 30081999 12
  2.64  3.48  3.46  2.44  1.01 -0.64 -2.08 -2.98 -3.43 -3.21 -1.93  0.03 31081999 00
  1.85  2.99  3.36  2.74  1.45 -0.03 -1.58 -2.62 -3.14 -3.12 -2.19 -0.40 31081999 12
  1.48  2.79  3.39  3.09  1.96  0.59 -0.99 -2.20 -2.91 -3.20 -2.78 -1.38 01091999 00
  0.45  1.98  2.83  2.94  2.20  0.96 -0.43 -1.75 -2.56 -2.92 -2.73 -1.68 01091999 12
  0.01  1.61  2.64  3.03  2.61  1.55  0.27 -1.13 -2.12 -2.68 -2.83 -2.31 02091999 00
 -0.97  0.65  1.92  2.60  2.55  1.82  0.74 -0.49 -1.59 -2.26 -2.57 -2.36 02091999 12
 -1.42  0.02  1.39  2.29  2.58  2.20  1.31  0.21 -0.98 -1.83 -2.30 -2.43 03091999 00
 -1.99 -0.89  0.48  1.59  2.21  2.21  1.66  0.76 -0.29 -1.28 -1.90 -2.22 03091999 12
 -2.15 -1.45 -0.27  0.94  1.83  2.20  2.00  1.35  0.46 -0.57 -1.40 -1.90 04091999 00
 -2.14 -1.91 -1.09  0.07  1.14  1.85  2.03  1.73  1.02  0.11 -0.88 -1.60 04091999 12
 -2.05 -2.20 -1.83 -0.91  0.29  1.30  1.90  1.95  1.56  0.81 -0.13 -1.07 05091999 00
 -1.71 -2.08 -2.08 -1.52 -0.47  0.72  1.66  2.12  2.02  1.47  0.61 -0.43 05091999 12
 -1.37 -1.98 -2.31 -2.20 -1.44 -0.22  1.02  1.90  2.22  1.98  1.27  0.31 06091999 00
 -0.78 -1.64 -2.14 -2.29 -1.86 -0.78  0.61  1.79  2.48  2.53  1.98  1.02 06091999 12
 -0.15 -1.30 -2.08 -2.52 -2.50 -1.74 -0.36  1.11  2.18  2.65  2.42  1.60 07091999 00
  0.49 -0.79 -1.81 -2.38 -2.52 -2.01 -0.74  0.87  2.20  2.96  3.01  2.32 07091999 12
  1.18 -0.21 -1.49 -2.32 -2.77 -2.68 -1.69 -0.05  1.58  2.67  3.08  2.70 08091999 00
  1.65  0.33 -1.13 -2.20 -2.78 -2.86 -2.13 -0.54  1.27  2.63  3.32  3.17 08091999 12
  2.20  0.86 -0.73 -2.05 -2.87 -3.26 -2.94 -1.60  0.30  2.03  3.06  3.32 09091999 00
  2.70  1.53  0.15 -1.31 -2.24 -2.63 -2.38 -1.22  0.57  2.24  3.36  3.77 09091999 12
  3.26  2.03  0.47 -1.21 -2.40 -3.13 -3.38 -2.73 -1.05  1.01  2.56  3.35 10091999 00
  3.28  2.23  0.79 -0.85 -2.25 -3.08 -3.39 -2.94 -1.42  0.64  2.36  3.34 10091999 12
  3.54  2.70  1.28 -0.36 -1.94 -2.97 -3.52 -3.46 -2.33 -0.32  1.63  2.92 11091999 00
  3.43  2.97  1.67  0.16 -1.49 -2.67 -3.28 -3.30 -2.38 -0.51  1.52  2.93 11091999 12
  3.63  3.39  2.23  0.77 -0.94 -2.29 -3.09 -3.39 -2.90 -1.33  0.76  2.44 12091999 00
  3.33  3.42  2.51  1.11 -0.49 -1.96 -2.87 -3.27 -2.99 -1.65  0.36  2.15 12091999 12
  3.24  3.54  2.85  1.51 -0.03 -1.61 -2.65 -3.21 -3.22 -2.27 -0.44  1.45 13091999 00
  2.75  3.32  2.97  1.81  0.44 -1.12 -2.29 -2.92 -3.03 -2.32 -0.71  1.15 13091999 12
  2.54  3.27  3.15  2.18  0.87 -0.66 -1.95 -2.69 -2.98 -2.59 -1.28  0.53 14091999 00
  2.05  2.95  3.07  2.34  1.14 -0.26 -1.61 -2.45 -2.84 -2.66 -1.64 -0.00 14091999 12
  1.58  2.60  2.94  2.47  1.40  0.13 -1.24 -2.20 -2.67 -2.69 -2.00 -0.58 15091999 00
  1.00  2.16  2.70  2.50  1.63  0.50 -0.77 -1.79 -2.33 -2.48 -2.04 -0.90 15091999 12
  0.58  1.79  2.46  2.45  1.80  0.80 -0.35 -1.43 -2.06 -2.32 -2.08 -1.19 16091999 00
  0.15  1.41  2.24  2.46  2.08  1.24  0.24 -0.84 -1.57 -1.91 -1.89 -1.29 16091999 12
 -0.19  1.01  1.88  2.23  2.03  1.37  0.51 -0.51 -1.29 -1.69 -1.82 -1.48 17091999 00
 -0.61  0.47  1.42  1.97  2.03  1.64  0.97  0.10 -0.72 -1.24 -1.47 -1.42 17091999 12
 -0.88  0.01  0.94  1.60  1.80  1.61  1.08  0.38 -0.41 -1.00 -1.31 -1.41 18091999 00
 -1.12 -0.39  0.49  1.26  1.67  1.72  1.42  0.90  0.21 -0.46 -0.94 -1.21 18091999 12
 -1.21 -0.80 -0.09  0.67  1.29  1.53  1.47  1.13  0.62  0.00 -0.54 -0.86 19091999 00
 -1.00 -0.87 -0.34  0.38  1.02  1.43  1.59  1.52  1.16  0.61 -0.03 -0.54 19091999 12
 -0.87 -1.01 -0.83 -0.26  0.47  1.07  1.40  1.46  1.22  0.79  0.20 -0.46 20091999 00
 -0.96 -1.27 -1.29 -0.88 -0.18  0.65  1.37  1.70  1.72  1.40  0.80  0.02 20091999 12
 -0.70 -1.18 -1.45 -1.38 -0.82  0.02  0.91  1.55  1.78  1.63  1.13  0.42 21091999 00
 -0.41 -1.07 -1.44 -1.52 -1.13 -0.25  0.80  1.70  2.17  2.18  1.73  0.97 21091999 12
 -0.03 -0.94 -1.52 -1.81 -1.66 -0.88  0.20  1.28  2.03  2.27  2.02  1.28 22091999 00
  0.30 -0.78 -1.57 -1.98 -2.00 -1.36 -0.13  1.21  2.21  2.66  2.50  1.77 22091999 12
  0.75 -0.48 -1.51 -2.15 -2.42 -2.09 -1.02  0.48  1.81  2.61  2.74  2.18 23091999 00
  1.15 -0.08 -1.31 -2.09 -2.46 -2.26 -1.26  0.30  1.83  2.86  3.21  2.78 23091999 12
  1.73  0.41 -1.02 -2.04 -2.61 -2.70 -1.98 -0.45  1.30  2.62  3.29  3.11 24091999 00
  2.16  0.87 -0.65 -1.89 -2.59 -2.83 -2.31 -0.81  1.10  2.63  3.50  3.53 24091999 12
  2.65  1.33 -0.29 -1.75 -2.68 -3.18 -3.02 -1.77  0.21  2.02  3.21  3.61 25091999 00
  3.04  1.77  0.23 -1.42 -2.54 -3.13 -3.15 -2.16 -0.23  1.81  3.21  3.85 25091999 12
  3.49  2.23  0.68 -1.10 -2.44 -3.26 -3.59 -3.03 -1.30  0.94  2.66  3.60 26091999 00
  3.68  2.69  1.19 -0.54 -2.09 -3.05 -3.50 -3.19 -1.70  0.52  2.50  3.68 26091999 12
  4.01  3.24  1.76  0.03 -1.72 -2.89 -3.55 -3.63 -2.60 -0.47  1.72  3.23 27091999 00
  3.91  3.57  2.24  0.64 -1.17 -2.52 -3.31 -3.54 -2.80 -0.90  1.41  3.10 27091999 12
  3.99  3.95  2.82  1.28 -0.55 -2.08 -3.04 -3.53 -3.25 -1.74  0.49  2.49 28091999 00
  3.66  4.00  3.26  1.81  0.14 -1.58 -2.69 -3.29 -3.30 -2.20 -0.11  1.99 28091999 12
  3.41  4.02  3.60  2.30  0.73 -1.06 -2.36 -3.15 -3.46 -2.89 -1.18  1.00 29091999 00
  2.68  3.57  3.60  2.63  1.21 -0.43 -1.89 -2.77 -3.17 -2.87 -1.48  0.56 29091999 12
  2.35  3.48  3.81  3.19  1.96  0.43 -1.15 -2.19 -2.77 -2.85 -2.00 -0.26 30091999 00
  1.62  2.97  3.60  3.37  2.35  1.04 -0.52 -1.74 -2.45 -2.76 -2.38 -1.06 30091999 12
  0.70  2.20  3.09  3.23  2.55  1.41  0.06 -1.28 -2.13 -2.56 -2.51 -1.67 01101999 00
 -0.17  1.40  2.53  3.00  2.73  1.85  0.74 -0.52 -1.46 -1.98 -2.17 -1.82 01101999 12
 -0.71  0.74  2.00  2.73  2.80  2.23  1.31  0.17 -0.93 -1.62 -1.99 -1.98 02101999 00
 -1.27  0.01  1.34  2.33  2.75  2.63  2.00  1.11 -0.04 -0.95 -1.52 -1.83 02101999 12
 -1.67 -0.84  0.32  1.44  2.19  2.40  2.11  1.45  0.56 -0.42 -1.15 -1.58 03101999 00
 -1.72 -1.31 -0.36  0.78  1.79  2.32  2.41  2.01  1.31  0.38 -0.57 -1.27 03101999 12
 -1.74 -1.90 -1.50 -0.58  0.52  1.46  1.97  2.04  1.68  0.97  0.07 -0.79 04101999 00
 -1.34 -1.65 -1.67 -1.10 -0.09  1.01  1.84  2.15  1.97  1.33  0.46 -0.58 04101999 12
 -1.45 -2.02 -2.31 -2.11 -1.29 -0.08  1.09  1.89  2.16  1.89  1.17  0.23 05101999 00
 -0.83 -1.63 -2.07 -2.16 -1.68 -0.62  0.71  1.78  2.36  2.30  1.67  0.68 05101999 12
 -0.49 -1.58 -2.28 -2.65 -2.52 -1.66 -0.27  1.12  2.09  2.45  2.14  1.28 06101999 00
  0.18 -1.04 -1.99 -2.47 -2.52 -1.92 -0.63  0.90  2.07  2.68  2.57  1.76 06101999 12
  0.59 -0.76 -1.95 -2.68 -3.01 -2.74 -1.63  0.02  1.51  2.48  2.75  2.22 07101999 00
  1.13 -0.16 -1.50 -2.42 -2.86 -2.73 -1.80 -0.18  1.49  2.64  3.15  2.82 07101999 12
  1.77  0.43 -1.08 -2.22 -2.87 -3.07 -2.54 -1.08  0.73  2.17  2.93  2.92 08101999 00
  2.04  0.75 -0.72 -2.03 -2.81 -3.09 -2.66 -1.28  0.61  2.20  3.16  3.34 08101999 12
  2.61  1.34 -0.19 -1.68 -2.64 -3.14 -3.10 -2.11 -0.29  1.52  2.76  3.28 09101999 00
  2.87  1.67  0.25 -1.32 -2.44 -3.01 -3.04 -2.22 -0.48  1.47  2.85  3.51 09101999 12
  3.28  2.15  0.72 -0.95 -2.26 -3.05 -3.37 -2.92 -1.41  0.59  2.25  3.16 10101999 00
  3.28  2.41  1.03 -0.54 -2.01 -2.91 -3.30 -3.02 -1.70  0.29  2.04  3.13 10101999 12
  3.44  2.78  1.46 -0.08 -1.64 -2.67 -3.21 -3.16 -2.16 -0.29  1.62  2.91 11101999 00
  3.48  3.10  1.89  0.45 -1.18 -2.36 -3.01 -3.15 -2.44 -0.75  1.21  2.63 11101999 12
  3.32  3.16  2.08  0.68 -0.92 -2.23 -2.99 -3.28 -2.83 -1.36  0.58  2.19 12101999 00
  3.10  3.23  2.40  1.07 -0.44 -1.86 -2.74 -3.15 -2.96 -1.81  0.03  1.71 12101999 12
  2.78  3.10  2.49  1.25 -0.17 -1.64 -2.64 -3.13 -3.09 -2.20 -0.51  1.24 13101999 00
  2.44  3.00  2.68  1.61  0.31 -1.16 -2.27 -2.86 -2.98 -2.39 -0.97  0.74 13101999 12
  2.07  2.75  2.65  1.76  0.54 -0.82 -2.01 -2.69 -2.91 -2.53 -1.35  0.30 14101999 00
  1.70  2.55  2.68  2.05  0.95 -0.32 -1.56 -2.35 -2.70 -2.55 -1.71 -0.28 14101999 12
  1.16  2.11  2.43  2.02  1.06 -0.09 -1.29 -2.15 -2.55 -2.52 -1.89 -0.65 15101999 00
  0.77  1.82  2.33  2.16  1.41  0.40 -0.73 -1.69 -2.21 -2.37 -2.03 -1.09 15101999 12
  0.19  1.28  1.93  1.98  1.45  0.57 -0.43 -1.40 -1.97 -2.19 -1.99 -1.28 16101999 00
 -0.15  0.97  1.72  1.97  1.69  0.99  0.11 -0.85 -1.54 -1.89 -1.93 -1.51 16101999 12
 -0.64  0.42  1.26  1.68  1.59  1.10  0.38 -0.45 -1.19 -1.60 -1.75 -1.55 17101999 00
 -0.91  0.03  0.92  1.49  1.61  1.34  0.77  0.04 -0.74 -1.31 -1.60 -1.65 17101999 12
 -1.32 -0.62  0.25  0.96  1.30  1.29  0.96  0.38 -0.29 -0.92 -1.32 -1.50 18101999 00
 -1.42 -0.95 -0.20  0.58  1.12  1.29  1.17  0.78  0.18 -0.52 -1.10 -1.46 18101999 12
 -1.61 -1.42 -0.87 -0.11  0.61  1.06  1.16  0.97  0.53 -0.07 -0.72 -1.21 19101999 00
 -1.48 -1.52 -1.18 -0.52  0.28  0.96  1.32  1.34  1.06  0.52 -0.20 -0.93 19101999 12
 -1.46 -1.76 -1.74 -1.26 -0.45  0.45  1.16  1.47  1.41  1.04  0.37 -0.43 20101999 00
 -1.14 -1.58 -1.75 -1.52 -0.84  0.15  1.07  1.63  1.74  1.44  0.75 -0.14 20101999 12
 -1.10 -1.80 -2.19 -2.20 -1.67 -0.65  0.55  1.48  1.95  1.86  1.29  0.42 21101999 00
 -0.61 -1.54 -2.08 -2.25 -1.91 -0.96  0.37  1.54  2.26  2.35  1.82  0.87 21101999 12
 -0.29 -1.45 -2.22 -2.64 -2.57 -1.73 -0.31  1.14  2.17  2.61  2.34  1.48 22101999 00
  0.34 -0.95 -1.97 -2.51 -2.58 -1.94 -0.59  1.04  2.34  3.04  2.95  2.11 22101999 12
  0.89 -0.53 -1.76 -2.51 -2.83 -2.47 -1.21  0.57  2.15  3.13  3.37  2.77 23101999 00
  1.60  0.17 -1.31 -2.28 -2.78 -2.71 -1.67  0.14  1.97  3.21  3.69  3.26 23101999 12
  2.08  0.60 -1.07 -2.28 -3.00 -3.22 -2.55 -0.82  1.25  2.84  3.71  3.69 24101999 00
  2.70  1.30 -0.38 -1.83 -2.69 -3.08 -2.71 -1.16  0.99  2.80  3.90  4.11 24101999 12
  3.26  1.86  0.10 -1.59 -2.70 -3.35 -3.39 -2.28 -0.13  2.01  3.49  4.12 25101999 00
  3.71  2.39  0.79 -1.03 -2.35 -3.12 -3.35 -2.59 -0.65  1.66  3.37  4.27 25101999 12
  4.21  3.04  1.48 -0.42 -1.97 -2.95 -3.47 -3.23 -1.68  0.63  2.68  3.89 26101999 00
  4.21  3.39  1.89  0.13 -1.65 -2.82 -3.48 -3.52 -2.39 -0.19  2.03  3.54 26101999 12
  4.18  3.74  2.33  0.66 -1.22 -2.59 -3.43 -3.77 -3.14 -1.26  1.08  2.86 27101999 00
  3.81  3.86  2.77  1.20 -0.62 -2.24 -3.24 -3.74 -3.50 -2.05  0.20  2.25 27101999 12
  3.46  3.86  3.18  1.73  0.08 -1.65 -2.81 -3.44 -3.51 -2.54 -0.51  1.61 28101999 00
  3.09  3.79  3.53  2.33  0.85 -0.89 -2.25 -3.05 -3.35 -2.80 -1.17  0.89 28101999 12
  2.61  3.57  3.67  2.76  1.38 -0.24 -1.73 -2.70 -3.24 -3.21 -2.14 -0.24 29101999 00
  1.58  2.80  3.29  2.84  1.66  0.27 -1.28 -2.41 -3.05 -3.23 -2.65 -1.17 29101999 12
  0.66  2.08  2.87  2.88  2.07  0.86 -0.52 -1.77 -2.53 -2.86 -2.61 -1.53 30101999 00
  0.10  1.60  2.59  2.93  2.48  1.47  0.23 -1.10 -2.05 -2.60 -2.75 -2.22 30101999 12
 -0.93  0.64  1.86  2.54  2.55  1.97  1.08  0.01 -1.05 -1.70 -1.95 -1.71 31101999 00
 -0.77  0.57  1.81  2.65  2.93  2.64  1.90  0.91 -0.20 -1.01 -1.54 -1.75 31101999 12
 -1.42 -0.48  0.68  1.78  2.37  2.46  1.99  1.17  0.23 -0.68 -1.32 -1.68 01111999 00
 -1.66 -1.05 -0.05  0.99  1.85  2.31  2.33  1.85  1.02  0.01 -0.87 -1.49 01111999 12
 -1.87 -1.89 -1.31 -0.32  0.78  1.64  2.01  1.94  1.47  0.73 -0.16 -0.94 02111999 00
 -1.44 -1.67 -1.52 -0.77  0.29  1.32  2.02  2.22  1.92  1.19  0.23 -0.79 02111999 12
 -1.57 -2.06 -2.25 -1.91 -0.98  0.25  1.32  1.94  2.04  1.66  0.91 -0.03 03111999 00
 -0.99 -1.61 -1.93 -1.86 -1.19 -0.05  1.16  2.07  2.43  2.23  1.50  0.51 03111999 12
 -0.64 -1.57 -2.15 -2.41 -2.06 -1.01  0.37  1.59  2.33  2.48  2.07  1.21 04111999 00
  0.13 -0.98 -1.68 -1.99 -1.87 -1.05  0.30  1.64  2.57  2.91  2.60  1.73 04111999 12
  0.57 -0.73 -1.69 -2.29 -2.45 -1.82 -0.45  1.13  2.38  3.12  3.14  2.45 05111999 00
  1.39  0.03 -1.18 -1.89 -2.19 -1.93 -0.85  0.65  2.06  2.93  3.08  2.43 05111999 12
  1.28 -0.03 -1.29 -2.11 -2.62 -2.66 -1.86 -0.38  1.25  2.41  2.89  2.58 06111999 00
  1.62  0.36 -1.04 -2.11 -2.67 -2.76 -2.13 -0.69  1.03  2.37  3.05  2.90 06111999 12
  1.95  0.67 -0.80 -2.05 -2.78 -3.05 -2.65 -1.31  0.51  2.05  2.97  3.13 07111999 00
  2.40  1.16 -0.28 -1.67 -2.55 -2.96 -2.76 -1.66  0.09  1.76  2.81  3.15 07111999 12
  2.60  1.40 -0.01 -1.52 -2.56 -3.11 -3.11 -2.26 -0.58  1.23  2.49  3.09 08111999 00
  2.81  1.69  0.32 -1.21 -2.40 -3.06 -3.22 -2.62 -1.11  0.77  2.19  2.92 08111999 12
  2.87  1.90  0.53 -0.98 -2.31 -3.09 -3.38 -2.98 -1.61  0.27  1.88  2.81 09111999 00
  3.01  2.26  0.94 -0.52 -1.97 -2.90 -3.34 -3.20 -2.12 -0.31  1.41  2.52 09111999 12
  2.92  2.39  1.15 -0.25 -1.74 -2.79 -3.32 -3.29 -2.41 -0.72  1.08  2.35 10111999 00
  2.95  2.67  1.58  0.24 -1.26 -2.46 -3.13 -3.31 -2.76 -1.32  0.50  1.89 10111999 12
  2.64  2.63  1.73  0.41 -1.01 -2.29 -3.03 -3.27 -2.89 -1.63  0.13  1.67 11111999 00
  2.58  2.79  2.11  0.87 -0.50 -1.86 -2.74 -3.17 -3.05 -2.11 -0.48  1.10 11111999 12
  2.17  2.58  2.14  1.06 -0.21 -1.55 -2.52 -3.00 -2.96 -2.21 -0.77  0.86 12111999 00
  2.03  2.62  2.42  1.52  0.33 -1.00 -2.10 -2.70 -2.88 -2.47 -1.31  0.24 12111999 12
  1.54  2.29  2.31  1.61  0.52 -0.69 -1.82 -2.49 -2.73 -2.44 -1.48 -0.03 13111999 00
  1.32  2.17  2.40  1.94  0.97 -0.17 -1.35 -2.17 -2.58 -2.54 -1.91 -0.72 13111999 12
  0.64  1.64  2.09  1.87  1.11  0.10 -0.98 -1.84 -2.26 -2.30 -1.83 -0.82 14111999 00
  0.47  1.51  2.10  2.08  1.50  0.59 -0.44 -1.40 -1.98 -2.24 -2.08 -1.38 14111999 12
 -0.23  0.89  1.65  1.86  1.56  0.85 -0.01 -0.93 -1.58 -1.87 -1.82 -1.31 15111999 00
 -0.39  0.69  1.53  1.91  1.76  1.20  0.42 -0.51 -1.31 -1.78 -1.99 -1.82 15111999 12
 -1.16 -0.14  0.83  1.47  1.60  1.32  0.75  0.04 -0.72 -1.27 -1.50 -1.48 16111999 00
 -1.08 -0.29  0.66  1.40  1.73  1.65  1.17  0.49 -0.30 -1.04 -1.51 -1.76 16111999 12
 -1.70 -1.19 -0.33  0.57  1.17  1.36  1.20  0.73  0.06 -0.66 -1.25 -1.58 17111999 00
 -1.67 -1.37 -0.68  0.24  1.05  1.52  1.57  1.26  0.62 -0.19 -0.98 -1.54 17111999 12
 -1.86 -1.89 -1.45 -0.58  0.46  1.28  1.69  1.67  1.29  0.63 -0.18 -0.94 18111999 00
 -1.42 -1.65 -1.53 -0.94 -0.00  0.95  1.63  1.79  1.49  0.84 -0.02 -0.98 18111999 12
 -1.73 -2.18 -2.30 -1.92 -0.96  0.28  1.31  1.91  1.94  1.50  0.69 -0.30 19111999 00
 -1.28 -1.92 -2.23 -2.09 -1.36 -0.17  1.04  1.88  2.17  1.83  0.99 -0.09 19111999 12
 -1.25 -2.15 -2.67 -2.78 -2.29 -1.09  0.41  1.62  2.33  2.34  1.69  0.66 20111999 00
 -0.55 -1.70 -2.42 -2.72 -2.46 -1.44  0.11  1.56  2.48  2.75  2.23  1.13 20111999 12
 -0.19 -1.57 -2.55 -3.09 -3.13 -2.37 -0.80  0.97  2.27  2.94  2.81  1.87 21111999 00
  0.61 -0.87 -2.11 -2.83 -3.08 -2.61 -1.21  0.67  2.24  3.15  3.28  2.48 21111999 12
  1.15 -0.42 -1.90 -2.87 -3.38 -3.29 -2.17 -0.21  1.72  3.02  3.52  3.07 22111999 00
  1.83  0.35 -1.31 -2.52 -3.20 -3.34 -2.57 -0.77  1.34  2.87  3.68  3.57 22111999 12
  2.45  0.95 -0.82 -2.29 -3.21 -3.65 -3.33 -1.83  0.40  2.35  3.50  3.83 23111999 00
  3.08  1.64 -0.03 -1.73 -2.85 -3.46 -3.46 -2.32 -0.15  1.99  3.44  4.07 23111999 12
  3.65  2.33  0.70 -1.16 -2.52 -3.33 -3.61 -2.90 -1.00  1.34  3.12  4.09 24111999 00
  4.12  3.06  1.52 -0.39 -1.99 -3.01 -3.59 -3.43 -1.99  0.26  2.34  3.60 24111999 12
  3.99  3.29  1.82  0.11 -1.68 -2.88 -3.57 -3.69 -2.74 -0.64  1.60  3.17 25111999 00
  3.89  3.66  2.39  0.81 -1.02 -2.46 -3.35 -3.72 -3.21 -1.49  0.84  2.71 25111999 12
  3.75  3.96  3.10  1.69 -0.02 -1.63 -2.62 -3.10 -2.90 -1.54  0.58  2.60 26111999 00
  3.99  4.58  4.13  2.80  1.01 -0.83 -2.08 -2.93 -3.30 -2.75 -1.09  0.97 26111999 12
  2.60  3.40  3.38  2.42  1.08 -0.51 -1.92 -2.78 -3.19 -2.90 -1.55  0.44 27111999 00
  2.16  3.25  3.57  2.94  1.69  0.18 -1.37 -2.38 -2.93 -2.95 -2.08 -0.40 27111999 12
  1.43  2.78  3.46  3.36  2.52  1.32 -0.15 -1.32 -1.99 -2.22 -1.78 -0.46 28111999 00
  1.19  2.61  3.46  3.59  3.06  2.10  0.77 -0.55 -1.43 -2.06 -2.42 -1.91 28111999 12
 -0.56  0.94  2.02  2.48  2.28  1.51  0.47 -0.74 -1.74 -2.29 -2.47 -2.06 29111999 00
 -0.96  0.50  1.72  2.48  2.60  2.06  1.11 -0.04 -1.21 -2.00 -2.49 -2.61 29111999 12
 -2.08 -0.90  0.49  1.61  2.24  2.28  1.80  1.02  0.05 -0.87 -1.38 -1.59 30111999 00
 -1.46 -0.68  0.51  1.62  2.36  2.60  2.29  1.55  0.55 -0.47 -1.23 -1.77 30111999 12
 -2.05 -1.81 -0.99  0.08  1.12  1.76  1.90  1.64  0.99  0.10 -0.80 -1.38 01121999 00
 -1.64 -1.60 -1.07 -0.08  1.04  1.92  2.29  2.17  1.60  0.76 -0.26 -1.11 01121999 12
 -1.68 -1.98 -1.87 -1.16 -0.07  1.03  1.81  2.06  1.82  1.19  0.37 -0.58 02121999 00
 -1.31 -1.71 -1.82 -1.42 -0.42  0.77  1.78  2.32  2.35  1.83  1.01 -0.06 02121999 12
 -1.05 -1.70 -2.05 -1.99 -1.21  0.09  1.39  2.37  2.83  2.85  2.39  1.42 03121999 00
  0.27 -0.62 -1.18 -1.49 -1.26 -0.40  0.74  1.68  2.12  2.03  1.50  0.67 03121999 12
 -0.38 -1.33 -1.91 -2.14 -1.90 -1.04  0.28  1.57  2.44  2.75  2.44  1.59 04121999 00
  0.54 -0.60 -1.41 -1.89 -2.04 -1.61 -0.44  0.89  1.95  2.48  2.30  1.50 04121999 12
  0.46 -0.76 -1.84 -2.50 -2.75 -2.39 -1.27  0.24  1.55  2.36  2.52  1.98 05121999 00
  0.98 -0.20 -1.39 -2.15 -2.48 -2.30 -1.39  0.09  1.56  2.54  2.88  2.51 05121999 12
  1.58  0.40 -0.89 -1.76 -2.19 -2.20 -1.48 -0.05  1.49  2.62  3.11  2.91 06121999 00
  2.04  0.89 -0.49 -1.53 -2.12 -2.32 -1.87 -0.61  0.96  2.26  2.93  2.89 06121999 12
  2.11  0.97 -0.39 -1.61 -2.35 -2.64 -2.30 -1.12  0.56  2.09  3.06  3.29 07121999 00
  2.75  1.68  0.36 -1.00 -1.88 -2.33 -2.36 -1.51  0.05  1.66  2.78  3.17 07121999 12
  2.79  1.74  0.43 -1.03 -2.05 -2.59 -2.67 -1.91 -0.34  1.43  2.78  3.51 08121999 00
  3.47  2.65  1.44 -0.05 -1.25 -1.96 -2.23 -1.74 -0.32  1.40  2.81  3.59 08121999 12
  3.63  2.91  1.72  0.18 -1.07 -1.86 -2.22 -1.99 -0.86  0.83  2.39  3.35 09121999 00
  3.56  3.01  1.93  0.52 -0.90 -1.87 -2.45 -2.52 -1.69 -0.11  1.52  2.67 09121999 12
  3.11  2.74  1.64  0.35 -1.08 -2.14 -2.71 -2.82 -2.14 -0.63  1.13  2.48 10121999 00
  3.18  3.11  2.24  0.99 -0.47 -1.70 -2.42 -2.73 -2.37 -1.13  0.55  2.05 10121999 12
  2.99  3.14  2.46  1.30 -0.02 -1.32 -2.09 -2.40 -2.15 -1.07  0.58  2.13 11121999 00
  3.13  3.44  3.00  2.01  0.72 -0.70 -1.65 -2.17 -2.26 -1.55 -0.07  1.51 11121999 12
  2.64  3.10  2.85  1.91  0.74 -0.62 -1.66 -2.25 -2.43 -1.92 -0.65  0.90 12121999 00
  2.17  2.89  2.90  2.21  1.13 -0.16 -1.33 -2.02 -2.32 -2.14 -1.21  0.23 12121999 12
  1.60  2.51  2.73  2.23  1.27  0.15 -1.03 -1.80 -2.18 -2.13 -1.38 -0.02 13121999 00
  1.40  2.42  2.83  2.55  1.67  0.56 -0.70 -1.66 -2.20 -2.40 -1.99 -0.89 13121999 12
  0.51  1.68  2.33  2.35  1.78  0.87 -0.20 -1.20 -1.78 -1.99 -1.77 -0.93 14121999 00
  0.33  1.55  2.34  2.51  2.06  1.18  0.11 -1.03 -1.81 -2.25 -2.36 -1.91 14121999 12
 -0.88  0.36  1.34  1.83  1.72  1.12  0.23 -0.72 -1.58 -2.05 -2.16 -1.83 15121999 00
 -0.98  0.25  1.31  1.95  2.04  1.61  0.80 -0.18 -1.17 -1.81 -2.12 -2.12 15121999 12
 -1.67 -0.72  0.42  1.35  1.82  1.71  1.19  0.41 -0.47 -1.24 -1.67 -1.85 16121999 00
 -1.62 -0.85  0.26  1.27  1.89  2.01  1.67  0.97  0.07 -0.89 -1.54 -1.86 16121999 12
 -1.87 -1.35 -0.33  0.92  2.02  2.60  2.65  2.24  1.48  0.51 -0.39 -1.03 17121999 00
 -1.41 -1.42 -0.88 -0.00  0.88  1.60  1.83  1.60  0.93  0.05 -0.93 -1.72 17121999 12
 -2.21 -2.38 -2.03 -1.11  0.17  1.29  1.97  2.11  1.77  1.03  0.10 -0.88 18121999 00
 -1.55 -1.88 -1.84 -1.21 -0.09  1.12  2.02  2.37  2.13  1.40  0.42 -0.76 18121999 12
 -1.73 -2.35 -2.66 -2.43 -1.49 -0.11  1.20  2.06  2.34  2.01  1.19  0.14 19121999 00
 -1.01 -1.86 -2.30 -2.32 -1.72 -0.47  1.00  2.09  2.58  2.36  1.52  0.36 19121999 12
 -0.95 -2.06 -2.74 -3.03 -2.70 -1.52  0.15  1.64  2.60  2.87  2.35  1.29 20121999 00
 -0.01 -1.37 -2.31 -2.79 -2.74 -1.88 -0.28  1.43  2.66  3.23  3.01  2.05 20121999 12
  0.76 -0.76 -1.98 -2.70 -2.99 -2.54 -1.03  0.84  2.43  3.39  3.39  2.65 21121999 00
  1.41 -0.18 -1.68 -2.67 -3.23 -3.16 -2.06 -0.18  1.67  2.94  3.45  3.06 21121999 12
  1.91  0.46 -1.19 -2.41 -3.10 -3.25 -2.49 -0.75  1.31  2.88  3.76  3.74 22121999 00
  2.81  1.42 -0.32 -1.78 -2.69 -3.21 -3.04 -1.70  0.39  2.30  3.53  3.90 22121999 12
  3.25  1.92  0.29 -1.44 -2.60 -3.27 -3.36 -2.39 -0.39  1.78  3.29  4.03 23121999 00
  3.79  2.61  1.10 -0.74 -2.17 -3.06 -3.42 -2.82 -1.00  1.25  3.15  4.29 23121999 12
  4.55  3.74  2.31  0.42 -1.26 -2.34 -3.00 -2.98 -1.73  0.40  2.52  3.86 24121999 00
  4.35  3.81  2.46  0.76 -1.05 -2.29 -3.12 -3.43 -2.53 -0.44  1.89  3.53 24121999 12
  4.36  4.28  3.35  2.01  0.19 -1.27 -2.20 -2.75 -2.58 -1.14  1.05  2.97 25121999 00
  4.14  4.49  3.77  2.39  0.63 -1.05 -2.20 -2.97 -3.24 -2.38 -0.47  1.66 25121999 12
  3.22  3.98  3.81  2.71  1.30 -0.43 -1.78 -2.54 -2.84 -2.31 -0.68  1.40 26121999 00
  3.07  4.04  4.14  3.24  1.91  0.23 -1.26 -2.25 -2.88 -2.95 -1.91 -0.06 26121999 12
  1.83  3.10  3.60  3.20  2.05  0.66 -0.91 -2.03 -2.67 -2.85 -2.19 -0.56 27121999 00
  1.34  2.80  3.58  3.52  2.61  1.34 -0.21 -1.54 -2.37 -2.85 -2.77 -1.75 27121999 12
 -0.09  1.52  2.59  2.97  2.55  1.52  0.30 -1.03 -1.95 -2.40 -2.41 -1.72 28121999 00
 -0.32  1.26  2.44  3.02  2.87  2.04  0.90 -0.46 -1.58 -2.27 -2.64 -2.48 28121999 12
 -1.54 -0.09  1.30  2.20  2.48  2.09  1.21  0.16 -0.98 -1.78 -2.16 -2.17 29121999 00
 -1.58 -0.42  0.90  1.92  2.42  2.28  1.60  0.64 -0.49 -1.46 -2.05 -2.36 29121999 12
 -2.24 -1.46 -0.23  0.95  1.74  2.02  1.76  1.10  0.28 -0.64 -1.32 -1.64 30121999 00
 -1.66 -1.18 -0.18  0.97  1.88  2.33  2.26  1.70  0.86 -0.20 -1.15 -1.80 30121999 12
 -2.19 -2.20 -1.64 -0.65  0.44  1.28  1.66  1.57  1.10  0.39 -0.42 -1.15 31121999 00
 -1.51 -1.58 -1.25 -0.46  0.55  1.44  1.97  2.06  1.67  0.98  0.10 -0.77 31121999 12
