Parameter Z: CS3 Location ( 52, 86) Lat 53.500 Lon -3.417
  3.25  2.79  1.50  0.00 -1.61 -2.77 -3.40 -3.46 -2.61 -0.78  1.24  2.68 01012002 00
  3.43  3.28  2.19  0.74 -0.95 -2.34 -3.21 -3.60 -3.24 -1.80  0.26  2.00 01012002 12
  3.01  3.28  2.57  1.21 -0.32 -1.87 -2.87 -3.35 -3.21 -2.06 -0.10  1.81 02012002 00
  3.10  3.62  3.15  1.90  0.39 -1.30 -2.53 -3.24 -3.48 -2.93 -1.34  0.68 02012002 12
  2.23  3.07  3.11  2.24  0.87 -0.68 -2.08 -2.92 -3.27 -2.91 -1.54  0.41 03012002 00
  2.14  3.18  3.47  2.83  1.56  0.03 -1.54 -2.61 -3.23 -3.37 -2.65 -1.01 03012002 12
  0.85  2.22  2.91  2.78  1.84  0.57 -0.88 -2.10 -2.80 -3.01 -2.53 -1.16 04012002 00
  0.66  2.18  3.09  3.24  2.52  1.31 -0.14 -1.54 -2.47 -3.02 -3.07 -2.26 04012002 12
 -0.69  0.98  2.17  2.74  2.51  1.61  0.45 -0.87 -1.93 -2.50 -2.65 -2.14 05012002 00
 -0.89  0.71  2.01  2.75  2.79  2.08  0.93 -0.38 -1.62 -2.44 -2.93 -2.96 05012002 12
 -2.24 -0.83  0.69  1.76  2.28  2.09  1.29  0.27 -0.89 -1.85 -2.35 -2.45 06012002 00
 -2.02 -0.96  0.48  1.69  2.42  2.49  1.94  0.98 -0.19 -1.34 -2.11 -2.55 06012002 12
 -2.61 -2.02 -0.83  0.54  1.58  2.09  1.98  1.38  0.48 -0.55 -1.47 -1.98 07012002 00
 -2.16 -1.90 -1.04  0.23  1.37  2.11  2.28  1.88  1.05  0.03 -1.06 -1.86 07012002 12
 -2.38 -2.56 -2.15 -1.12  0.18  1.26  1.90  1.96  1.52  0.71 -0.28 -1.24 08012002 00
 -1.84 -2.13 -2.04 -1.39 -0.26  0.93  1.80  2.14  1.89  1.18  0.24 -0.85 08012002 12
 -1.73 -2.28 -2.52 -2.25 -1.35 -0.06  1.10  1.85  2.05  1.68  0.89 -0.10 09012002 00
 -1.14 -1.88 -2.27 -2.26 -1.69 -0.59  0.70  1.70  2.19  2.04  1.37  0.39 09012002 12
 -0.74 -1.74 -2.32 -2.57 -2.33 -1.42 -0.06  1.21  2.04  2.27  1.88  1.03 10012002 00
 -0.04 -1.19 -2.02 -2.45 -2.47 -1.87 -0.64  0.78  1.85  2.38  2.24  1.51 10012002 12
  0.45 -0.75 -1.79 -2.39 -2.61 -2.26 -1.20  0.30  1.62  2.44  2.61  2.09 11012002 00
  1.09 -0.10 -1.31 -2.13 -2.55 -2.48 -1.66 -0.26  1.20  2.25  2.70  2.42 11012002 12
  1.54  0.37 -0.96 -1.99 -2.55 -2.68 -2.12 -0.79  0.82  2.10  2.82  2.80 12012002 00
  2.07  0.95 -0.39 -1.62 -2.36 -2.69 -2.42 -1.31  0.31  1.79  2.72  3.01 12012002 12
  2.58  1.58  0.29 -1.10 -2.06 -2.52 -2.46 -1.60 -0.05  1.59  2.74  3.21 13012002 00
  2.89  1.89  0.61 -0.87 -2.00 -2.69 -2.96 -2.51 -1.16  0.58  1.97  2.72 13012002 12
  2.71  1.88  0.66 -0.71 -1.94 -2.66 -2.91 -2.46 -1.15  0.63  2.15  3.12 14012002 00
  3.35  2.75  1.63  0.22 -1.21 -2.15 -2.69 -2.72 -1.87 -0.28  1.39  2.54 14012002 12
  2.97  2.57  1.48  0.16 -1.27 -2.32 -2.84 -2.81 -1.96 -0.33  1.45  2.74 15012002 00
  3.37  3.19  2.19  0.89 -0.62 -1.86 -2.62 -2.99 -2.72 -1.48  0.29  1.82 15012002 12
  2.75  2.89  2.20  0.99 -0.39 -1.72 -2.54 -2.87 -2.58 -1.43  0.30  1.90 16012002 00
  2.93  3.26  2.75  1.64  0.28 -1.18 -2.16 -2.70 -2.78 -2.08 -0.57  1.12 16012002 12
  2.38  2.95  2.73  1.77  0.53 -0.85 -1.93 -2.49 -2.59 -1.97 -0.56  1.12 17012002 00
  2.41  3.11  3.04  2.21  1.03 -0.37 -1.61 -2.37 -2.75 -2.55 -1.49  0.09 17012002 12
  1.56  2.47  2.69  2.13  1.03 -0.22 -1.48 -2.30 -2.66 -2.48 -1.54  0.00 18012002 00
  1.52  2.58  3.00  2.71  1.82  0.70 -0.56 -1.48 -1.98 -2.13 -1.61 -0.37 18012002 12
  1.09  2.26  2.84  2.72  2.00  0.98 -0.25 -1.28 -1.83 -2.00 -1.64 -0.55 19012002 00
  0.89  2.14  2.85  2.86  2.19  1.20 -0.03 -1.17 -1.90 -2.28 -2.24 -1.51 19012002 12
 -0.24  1.08  2.02  2.38  2.14  1.42  0.52 -0.49 -1.20 -1.43 -1.26 -0.59 20012002 00
  0.53  1.73  2.62  3.01  2.75  1.97  0.91 -0.26 -1.19 -1.84 -2.20 -2.03 20012002 12
 -1.17  0.05  1.20  1.92  2.09  1.77  1.12  0.29 -0.60 -1.14 -1.31 -1.14 21012002 00
 -0.45  0.60  1.61  2.35  2.60  2.35  1.70  0.78 -0.19 -0.90 -1.40 -1.63 21012002 12
 -1.32 -0.42  0.65  1.59  2.09  2.14  1.73  1.04  0.18 -0.61 -1.02 -1.13 22012002 00
 -0.98 -0.39  0.55  1.42  1.96  2.11  1.83  1.18  0.34 -0.53 -1.16 -1.56 22012002 12
 -1.69 -1.33 -0.51  0.48  1.34  1.83  1.97  1.77  1.29  0.57 -0.22 -0.73 23012002 00
 -0.93 -0.84 -0.32  0.54  1.40  1.98  2.16  1.92  1.43  0.74 -0.09 -0.79 23012002 12
 -1.29 -1.48 -1.20 -0.45  0.45  1.34  1.92  2.14  1.85  1.18  0.33 -0.47 24012002 00
 -1.05 -1.42 -1.52 -1.15 -0.36  0.58  1.38  1.69  1.61  1.15  0.47 -0.41 24012002 12
 -1.22 -1.73 -1.96 -1.79 -1.06  0.00  1.04  1.77  1.99  1.81  1.28  0.48 25012002 00
 -0.47 -1.15 -1.47 -1.52 -1.05  0.01  1.23  2.21  2.68  2.62  2.02  1.13 25012002 12
 -0.00 -0.98 -1.61 -1.94 -1.83 -1.02  0.22  1.49  2.43  2.81  2.69  2.06 26012002 00
  1.02 -0.24 -1.12 -1.62 -1.76 -1.29 -0.15  1.16  2.27  2.84  2.81  2.12 26012002 12
  1.06 -0.20 -1.30 -2.04 -2.40 -2.18 -1.15  0.37  1.82  2.74  2.99  2.54 27012002 00
  1.59  0.36 -0.98 -1.91 -2.40 -2.42 -1.62 -0.10  1.54  2.80  3.44  3.33 27012002 12
  2.51  1.32 -0.16 -1.34 -2.04 -2.31 -1.85 -0.40  1.44  3.00  3.95  4.11 28012002 00
  3.34  2.14  0.59 -0.79 -1.67 -2.21 -2.30 -1.42  0.21  1.83  2.99  3.37 28012002 12
  2.94  1.76  0.29 -1.31 -2.47 -3.14 -3.28 -2.49 -0.70  1.39  2.96  3.81 29012002 00
  3.79  2.77  1.35 -0.39 -1.83 -2.70 -3.15 -2.92 -1.59  0.45  2.27  3.41 29012002 12
  3.71  2.99  1.61 -0.04 -1.70 -2.80 -3.38 -3.30 -2.07  0.08  2.15  3.56 30012002 00
  4.19  3.78  2.50  0.89 -0.97 -2.32 -3.17 -3.56 -3.04 -1.32  0.95  2.77 30012002 12
  3.74  3.85  2.91  1.45 -0.31 -1.91 -2.91 -3.42 -3.21 -1.77  0.47  2.46 31012002 00
  3.72  4.18  3.63  2.38  0.80 -0.92 -2.12 -2.85 -3.09 -2.30 -0.41  1.65 31012002 12
  3.12  3.77  3.51  2.34  0.82 -0.95 -2.30 -3.11 -3.33 -2.52 -0.56  1.76 01022002 00
  3.59  4.65  4.84  3.96  2.56  0.66 -0.94 -2.05 -2.80 -2.91 -1.86  0.07 01022002 12
  2.09  3.45  3.93  3.50  2.37  0.97 -0.62 -1.73 -2.32 -2.42 -1.61  0.10 02022002 00
  1.95  3.34  4.04  3.88  2.85  1.40 -0.36 -1.73 -2.62 -3.12 -2.91 -1.61 02022002 12
  0.31  2.01  3.05  3.34  2.74  1.55  0.14 -1.30 -2.21 -2.59 -2.39 -1.35 03022002 00
  0.37  2.11  3.35  3.85  3.56  2.54  1.11 -0.50 -1.68 -2.48 -2.92 -2.61 03022002 12
 -1.38  0.29  1.75  2.62  2.78  2.19  1.17 -0.05 -1.29 -2.10 -2.47 -2.28 04022002 00
 -1.33  0.22  1.75  2.79  3.17  2.87  2.07  1.07 -0.17 -1.11 -1.70 -1.99 04022002 12
 -1.72 -0.70  0.61  1.80  2.53  2.66  2.21  1.35  0.25 -0.80 -1.44 -1.76 05022002 00
 -1.71 -0.99  0.23  1.48  2.40  2.78  2.68  2.05  1.12 -0.01 -0.91 -1.50 05022002 12
 -1.81 -1.65 -0.86  0.24  1.35  2.07  2.21  1.86  1.21  0.45 -0.40 -1.03 06022002 00
 -1.46 -1.64 -1.33 -0.45  0.52  1.39  1.86  1.87  1.43  0.71 -0.21 -1.08 06022002 12
 -1.66 -1.98 -1.96 -1.39 -0.39  0.71  1.54  1.92  1.88  1.50  0.91  0.13 07022002 00
 -0.61 -1.04 -1.20 -1.09 -0.53  0.37  1.28  1.93  2.11  1.84  1.19  0.32 07022002 12
 -0.63 -1.37 -1.82 -1.97 -1.58 -0.67  0.45  1.41  1.94  1.98  1.57  0.80 08022002 00
 -0.12 -0.99 -1.52 -1.75 -1.64 -0.99  0.08  1.24  2.11  2.51  2.42  1.84 08022002 12
  0.98 -0.09 -0.94 -1.42 -1.51 -1.05 -0.07  1.10  2.07  2.61  2.64  2.12 09022002 00
  1.21  0.07 -0.95 -1.65 -2.03 -1.97 -1.22  0.02  1.27  2.19  2.57  2.38 09022002 12
  1.64  0.63 -0.52 -1.38 -1.84 -1.92 -1.39 -0.22  1.12  2.21  2.72  2.60 10022002 00
  1.85  0.80 -0.43 -1.44 -2.02 -2.21 -1.86 -0.79  0.69  2.04  2.86  3.03 10022002 12
  2.53  1.56  0.33 -0.88 -1.63 -1.93 -1.71 -0.70  0.79  2.17  3.10  3.38 11022002 00
  2.96  1.97  0.62 -0.78 -1.75 -2.32 -2.47 -1.83 -0.42  1.21  2.49  3.09 11022002 12
  2.95  2.13  1.01 -0.34 -1.45 -2.05 -2.22 -1.73 -0.42  1.22  2.58  3.31 12022002 00
  3.28  2.43  1.19 -0.30 -1.60 -2.43 -2.86 -2.69 -1.59  0.09  1.69  2.71 12022002 12
  3.01  2.49  1.34 -0.03 -1.45 -2.39 -2.79 -2.66 -1.73 -0.11  1.58  2.75 13022002 00
  3.19  2.72  1.53  0.13 -1.39 -2.54 -3.21 -3.42 -2.85 -1.33  0.52  1.89 13022002 12
  2.60  2.52  1.57  0.23 -1.19 -2.41 -3.09 -3.21 -2.62 -1.16  0.69  2.16 14022002 00
  3.00  3.07  2.23  0.93 -0.58 -1.99 -2.86 -3.28 -3.10 -1.98 -0.16  1.52 14022002 12
  2.59  2.93  2.35  1.11 -0.29 -1.73 -2.71 -3.16 -3.03 -2.05 -0.33  1.39 15022002 00
  2.55  3.04  2.65  1.51  0.14 -1.38 -2.50 -3.12 -3.24 -2.60 -1.10  0.71 15022002 12
  2.06  2.76  2.66  1.71  0.42 -1.00 -2.21 -2.89 -3.07 -2.55 -1.19  0.59 16022002 00
  2.04  2.86  2.92  2.12  0.89 -0.53 -1.84 -2.65 -3.03 -2.84 -1.79 -0.10 16022002 12
  1.48  2.49  2.80  2.28  1.15 -0.13 -1.45 -2.33 -2.71 -2.57 -1.69 -0.15 17022002 00
  1.43  2.53  2.95  2.59  1.58  0.33 -1.04 -2.06 -2.62 -2.75 -2.20 -0.88 17022002 12
  0.72  1.96  2.61  2.52  1.73  0.62 -0.63 -1.72 -2.31 -2.47 -2.05 -0.97 18022002 00
  0.51  1.75  2.47  2.54  1.89  0.84 -0.31 -1.40 -2.07 -2.34 -2.12 -1.23 18022002 12
  0.16  1.54  2.45  2.71  2.36  1.48  0.37 -0.82 -1.64 -2.07 -2.14 -1.60 19022002 00
 -0.47  0.81  1.79  2.24  2.10  1.46  0.59 -0.41 -1.19 -1.52 -1.53 -1.14 19022002 12
 -0.18  0.95  1.93  2.50  2.55  2.04  1.23  0.20 -0.75 -1.39 -1.68 -1.55 20022002 00
 -0.80  0.24  1.24  1.98  2.26  1.98  1.21  0.25 -0.72 -1.49 -1.98 -2.26 20022002 12
 -2.10 -1.43 -0.40  0.55  1.14  1.28  1.05  0.52 -0.16 -0.82 -1.23 -1.33 21022002 00
 -1.17 -0.61  0.29  1.20  1.81  2.09  1.92  1.38  0.62 -0.25 -0.94 -1.38 21022002 12
 -1.56 -1.31 -0.52  0.45  1.31  1.80  1.95  1.74  1.26  0.55 -0.18 -0.66 22022002 00
 -1.00 -1.11 -0.85 -0.22  0.56  1.23  1.60  1.67  1.42  0.84  0.14 -0.50 22022002 12
 -1.00 -1.22 -1.10 -0.56  0.36  1.33  2.02  2.33  2.16  1.65  0.96  0.10 23022002 00
 -0.65 -1.23 -1.59 -1.53 -0.85  0.23  1.36  2.03  2.13  1.85  1.18  0.28 23022002 12
 -0.70 -1.45 -1.93 -2.11 -1.71 -0.74  0.47  1.53  2.17  2.25  1.80  0.99 24022002 00
 -0.04 -1.09 -1.78 -2.14 -2.06 -1.32 -0.04  1.29  2.24  2.60  2.36  1.60 24022002 12
  0.56 -0.66 -1.62 -2.19 -2.39 -1.94 -0.73  0.83  2.13  2.90  2.99  2.43 25022002 00
  1.47  0.24 -0.98 -1.77 -2.14 -2.03 -1.09  0.49  2.05  3.08  3.40  2.94 25022002 12
  1.87  0.53 -0.93 -1.93 -2.41 -2.27 -1.24  0.44  2.12  3.30  3.89  3.72 26022002 00
  2.80  1.38 -0.32 -1.64 -2.53 -3.02 -2.73 -1.30  0.71  2.49  3.63  3.97 26022002 12
  3.33  2.12  0.61 -0.96 -2.01 -2.62 -2.69 -1.67  0.30  2.32  3.74  4.32 27022002 00
  3.91  2.64  1.01 -0.82 -2.14 -2.99 -3.32 -2.66 -0.81  1.43  3.24  4.20 27022002 12
  4.25  3.27  1.78 -0.10 -1.70 -2.71 -3.27 -3.10 -1.66  0.58  2.63  3.93 28022002 00
  4.33  3.60  2.15  0.37 -1.48 -2.75 -3.54 -3.76 -2.87 -0.77  1.53  3.20 28022002 12
  3.97  3.73  2.42  0.77 -1.10 -2.58 -3.48 -3.86 -3.31 -1.45  0.99  2.88 01032002 00
  3.91  4.03  2.95  1.30 -0.58 -2.33 -3.45 -4.08 -4.02 -2.74 -0.46  1.81 01032002 12
  3.22  3.76  3.26  1.76  0.07 -1.71 -2.98 -3.67 -3.76 -2.79 -0.64  1.68 02032002 00
  3.29  4.03  3.82  2.54  0.94 -0.94 -2.44 -3.39 -3.85 -3.51 -1.95  0.33 02032002 12
  2.26  3.37  3.64  2.81  1.30 -0.35 -1.98 -3.02 -3.55 -3.42 -2.18 -0.05 03032002 00
  2.00  3.32  3.85  3.35  2.01  0.46 -1.27 -2.51 -3.25 -3.51 -2.89 -1.20 03032002 12
  0.87  2.41  3.20  3.16  2.18  0.80 -0.76 -2.11 -2.91 -3.24 -2.88 -1.52 04032002 00
  0.41  2.08  3.12  3.40  2.76  1.56  0.14 -1.31 -2.28 -2.81 -2.89 -2.13 04032002 12
 -0.57  1.12  2.32  2.85  2.60  1.65  0.45 -0.89 -1.95 -2.52 -2.68 -2.22 05032002 00
 -0.98  0.63  1.96  2.74  2.84  2.25  1.25  0.05 -1.10 -1.80 -2.16 -2.10 05032002 12
 -1.31 -0.00  1.32  2.29  2.65  2.44  1.72  0.75 -0.35 -1.14 -1.57 -1.72 06032002 00
 -1.39 -0.46  0.71  1.75  2.32  2.38  1.91  1.12  0.14 -0.74 -1.30 -1.60 06032002 12
 -1.60 -1.06 -0.09  0.90  1.70  2.04  1.95  1.44  0.70 -0.19 -0.93 -1.39 07032002 00
 -1.66 -1.61 -1.04 -0.14  0.77  1.40  1.57  1.37  0.86  0.18 -0.58 -1.17 07032002 12
 -1.50 -1.64 -1.39 -0.72  0.16  0.98  1.49  1.64  1.45  0.97  0.28 -0.48 08032002 00
 -1.03 -1.36 -1.47 -1.16 -0.43  0.43  1.20  1.63  1.79  1.55  0.88  0.14 08032002 12
 -0.50 -1.03 -1.43 -1.55 -1.18 -0.33  0.59  1.32  1.63  1.61  1.39  1.09 09032002 00
  0.54 -0.39 -1.26 -1.57 -1.39 -0.83  0.03  0.96  1.67  1.87  1.59  0.88 09032002 12
  0.05 -0.79 -1.39 -1.75 -1.80 -1.21 -0.07  1.11  2.03  2.53  2.48  2.06 10032002 00
  1.44  0.46 -0.49 -1.12 -1.44 -1.27 -0.51  0.59  1.73  2.48  2.61  2.13 10032002 12
  1.26  0.21 -0.82 -1.51 -1.86 -1.81 -1.12  0.05  1.28  2.20  2.56  2.34 11032002 00
  1.57  0.52 -0.66 -1.56 -2.09 -2.29 -1.87 -0.73  0.70  1.87  2.51  2.48 11032002 12
  1.78  0.70 -0.50 -1.56 -2.16 -2.39 -2.05 -0.97  0.53  1.85  2.64  2.76 12032002 00
  2.15  1.04 -0.28 -1.55 -2.37 -2.80 -2.73 -1.87 -0.38  1.16  2.19  2.55 12032002 12
  2.14  1.09 -0.17 -1.50 -2.47 -2.95 -2.88 -2.07 -0.54  1.12  2.29  2.86 13032002 00
  2.61  1.60  0.32 -1.11 -2.26 -2.90 -3.07 -2.56 -1.16  0.61  2.01  2.76 13032002 12
  2.75  1.86  0.56 -0.88 -2.18 -2.94 -3.18 -2.75 -1.43  0.38  1.94  2.87 14032002 00
  3.06  2.34  1.05 -0.40 -1.82 -2.76 -3.21 -3.06 -2.00 -0.18  1.52  2.61 14032002 12
  2.97  2.40  1.14 -0.27 -1.76 -2.81 -3.32 -3.20 -2.21 -0.42  1.36  2.62 15032002 00
  3.24  2.94  1.80  0.40 -1.16 -2.36 -3.03 -3.18 -2.51 -0.90  1.01  2.42 15032002 12
  3.16  3.08  2.10  0.76 -0.77 -2.08 -2.82 -3.05 -2.52 -1.04  0.87  2.43 16032002 00
  3.32  3.39  2.54  1.24 -0.32 -1.76 -2.65 -3.09 -2.89 -1.71  0.16  1.87 16032002 12
  2.95  3.26  2.66  1.42 -0.00 -1.48 -2.46 -2.93 -2.83 -1.83 -0.05  1.75 17032002 00
  2.94  3.44  3.04  1.89  0.49 -1.04 -2.11 -2.68 -2.77 -2.09 -0.52  1.29 17032002 12
  2.65  3.32  3.15  2.20  0.92 -0.60 -1.84 -2.51 -2.73 -2.22 -0.82  0.97 18032002 00
  2.41  3.22  3.23  2.43  1.21 -0.22 -1.52 -2.30 -2.65 -2.40 -1.28  0.40 18032002 12
  1.91  2.84  3.06  2.51  1.41  0.11 -1.23 -2.10 -2.51 -2.43 -1.59 -0.07 19032002 00
  1.51  2.58  2.99  2.63  1.64  0.45 -0.88 -1.85 -2.34 -2.41 -1.80 -0.49 19032002 12
  1.04  2.21  2.79  2.64  1.83  0.75 -0.51 -1.57 -2.15 -2.34 -1.98 -0.89 20032002 00
  0.57  1.81  2.55  2.63  2.05  1.09 -0.05 -1.17 -1.86 -2.18 -2.06 -1.31 20032002 12
 -0.08  1.18  2.07  2.36  2.05  1.27  0.29 -0.80 -1.57 -1.95 -1.99 -1.51 21032002 00
 -0.50  0.72  1.70  2.18  2.08  1.46  0.59 -0.41 -1.26 -1.76 -1.97 -1.78 21032002 12
 -1.02  0.05  1.09  1.78  1.92  1.58  0.89  0.04 -0.85 -1.47 -1.81 -1.87 22032002 00
 -1.48 -0.65  0.37  1.21  1.64  1.59  1.16  0.46 -0.35 -1.10 -1.55 -1.80 22032002 12
 -1.74 -1.22 -0.36  0.54  1.21  1.44  1.28  0.83  0.17 -0.59 -1.24 -1.65 23032002 00
 -1.84 -1.63 -0.99 -0.07  0.81  1.38  1.51  1.32  0.84  0.16 -0.62 -1.22 23032002 12
 -1.60 -1.77 -1.52 -0.81  0.16  1.03  1.55  1.66  1.42  0.83  0.03 -0.82 24032002 00
 -1.46 -1.85 -1.96 -1.59 -0.76  0.29  1.17  1.68  1.74  1.39  0.71 -0.16 24032002 12
 -1.04 -1.66 -2.00 -1.98 -1.38 -0.31  0.87  1.75  2.11  1.94  1.30  0.35 25032002 00
 -0.75 -1.69 -2.29 -2.57 -2.31 -1.37  0.01  1.29  2.11  2.31  1.90  0.98 25032002 12
 -0.13 -1.31 -2.16 -2.64 -2.66 -1.98 -0.61  0.93  2.06  2.61  2.42  1.56 26032002 00
  0.36 -1.03 -2.19 -2.89 -3.18 -2.82 -1.56  0.18  1.73  2.68  2.92  2.32 26032002 12
  1.15 -0.21 -1.62 -2.59 -3.09 -3.00 -2.00 -0.22  1.60  2.83  3.36  2.98 27032002 00
  1.80  0.34 -1.31 -2.55 -3.30 -3.56 -2.99 -1.35  0.74  2.36  3.26  3.35 27032002 12
  2.45  1.01 -0.63 -2.14 -3.08 -3.53 -3.24 -1.82  0.33  2.30  3.48  3.85 28032002 00
  3.13  1.66 -0.03 -1.80 -3.02 -3.74 -3.90 -3.01 -0.94  1.33  2.96  3.71 28032002 12
  3.51  2.24  0.61 -1.20 -2.67 -3.54 -3.85 -3.23 -1.38  1.02  2.86  3.88 29032002 00
  3.99  2.93  1.31 -0.57 -2.27 -3.37 -3.98 -3.87 -2.50 -0.17  2.10  3.47 29032002 12
  3.97  3.38  1.83  0.09 -1.78 -3.07 -3.80 -3.91 -2.90 -0.66  1.73  3.38 30032002 00
  4.14  3.91  2.57  0.87 -1.07 -2.59 -3.53 -3.97 -3.50 -1.72  0.73  2.71 30032002 12
  3.80  3.99  3.03  1.45 -0.35 -2.05 -3.12 -3.67 -3.50 -2.08  0.22  2.38 31032002 00
  3.72  4.19  3.56  2.10  0.38 -1.47 -2.75 -3.49 -3.68 -2.81 -0.77  1.48 31032002 12
  3.09  3.87  3.69  2.50  0.96 -0.83 -2.25 -3.09 -3.44 -2.95 -1.30  0.88 01042002 00
  2.67  3.67  3.83  2.96  1.56 -0.11 -1.71 -2.74 -3.29 -3.24 -2.12 -0.16 01042002 12
  1.73  2.98  3.45  2.95  1.69  0.24 -1.34 -2.46 -3.06 -3.18 -2.45 -0.80 02042002 00
  1.12  2.52  3.26  3.17  2.23  0.97 -0.51 -1.77 -2.51 -2.81 -2.44 -1.19 02042002 12
  0.53  1.99  2.88  3.05  2.44  1.36  0.07 -1.22 -2.06 -2.51 -2.49 -1.72 03042002 00
 -0.29  1.22  2.30  2.75  2.50  1.68  0.62 -0.62 -1.57 -2.08 -2.25 -1.88 03042002 12
 -0.84  0.53  1.68  2.32  2.33  1.77  0.86 -0.18 -1.17 -1.81 -2.16 -2.12 04042002 00
 -1.50 -0.41  0.75  1.60  1.95  1.78  1.19  0.39 -0.51 -1.23 -1.61 -1.73 04042002 12
 -1.45 -0.71  0.30  1.19  1.73  1.80  1.46  0.84  0.07 -0.74 -1.29 -1.61 05042002 00
 -1.69 -1.31 -0.55  0.36  1.10  1.44  1.40  1.08  0.57 -0.12 -0.78 -1.19 05042002 12
 -1.42 -1.40 -0.99 -0.31  0.47  1.07  1.31  1.23  0.86  0.27 -0.42 -1.06 06042002 00
 -1.51 -1.75 -1.64 -1.13 -0.36  0.43  0.99  1.21  1.13  0.76  0.20 -0.46 06042002 12
 -1.03 -1.39 -1.55 -1.38 -0.80  0.03  0.80  1.27  1.40  1.20  0.68 -0.04 07042002 00
 -0.82 -1.41 -1.78 -1.89 -1.59 -0.90  0.03  0.85  1.33  1.38  1.08  0.44 07042002 12
 -0.32 -1.08 -1.55 -1.73 -1.58 -0.99 -0.05  0.90  1.56  1.77  1.53  0.88 08042002 00
  0.01 -0.95 -1.68 -2.08 -2.14 -1.72 -0.79  0.36  1.29  1.80  1.75  1.22 08042002 12
  0.36 -0.62 -1.50 -2.02 -2.17 -1.84 -0.96  0.27  1.37  2.05  2.13  1.64 09042002 00
  0.72 -0.37 -1.44 -2.15 -2.50 -2.38 -1.63 -0.36  0.95  1.86  2.20  1.88 09042002 12
  1.03 -0.04 -1.20 -2.07 -2.48 -2.44 -1.77 -0.51  0.92  1.98  2.50  2.27 10042002 00
  1.41  0.27 -1.00 -2.05 -2.64 -2.79 -2.33 -1.12  0.45  1.75  2.49  2.48 10042002 12
  1.75  0.62 -0.66 -1.83 -2.53 -2.77 -2.39 -1.24  0.37  1.78  2.65  2.83 11042002 00
  2.20  1.04 -0.31 -1.66 -2.52 -2.93 -2.77 -1.79 -0.16  1.46  2.54  2.95 11042002 12
  2.51  1.40  0.08 -1.35 -2.38 -2.89 -2.86 -2.03 -0.44  1.29  2.50  3.04 12042002 00
  2.74  1.65  0.30 -1.19 -2.36 -3.01 -3.18 -2.60 -1.11  0.76  2.21  2.98 12042002 12
  2.95  2.04  0.73 -0.76 -2.08 -2.85 -3.11 -2.67 -1.30  0.58  2.15  3.07 13042002 00
  3.21  2.42  1.11 -0.41 -1.85 -2.76 -3.18 -2.99 -1.83  0.07  1.82  2.95 13042002 12
  3.33  2.77  1.54  0.11 -1.43 -2.47 -2.99 -2.94 -2.01 -0.26  1.58  2.82 14042002 00
  3.36  2.97  1.78  0.35 -1.24 -2.42 -3.07 -3.22 -2.54 -0.93  0.99  2.42 14042002 12
  3.18  3.09  2.08  0.73 -0.80 -2.10 -2.86 -3.13 -2.68 -1.27  0.62  2.19 15042002 00
  3.07  3.17  2.34  1.03 -0.48 -1.88 -2.74 -3.13 -2.91 -1.73  0.12  1.80 15042002 12
  2.88  3.21  2.64  1.43  0.04 -1.44 -2.41 -2.89 -2.82 -1.91 -0.24  1.51 16042002 00
  2.69  3.19  2.83  1.74  0.42 -1.07 -2.16 -2.73 -2.85 -2.23 -0.75  0.98 16042002 12
  2.32  3.01  2.91  2.02  0.80 -0.62 -1.82 -2.50 -2.75 -2.37 -1.14  0.54 17042002 00
  1.96  2.79  2.91  2.24  1.12 -0.19 -1.48 -2.29 -2.68 -2.52 -1.58 -0.06 17042002 12
  1.44  2.46  2.83  2.45  1.47  0.26 -1.04 -1.94 -2.39 -2.39 -1.76 -0.50 18042002 00
  0.98  2.10  2.63  2.48  1.67  0.59 -0.63 -1.62 -2.17 -2.37 -2.02 -1.01 18042002 12
  0.37  1.57  2.29  2.36  1.82  0.88 -0.21 -1.30 -1.99 -2.32 -2.25 -1.55 19042002 00
 -0.35  0.92  1.82  2.18  1.93  1.22  0.31 -0.72 -1.52 -1.92 -2.03 -1.67 19042002 12
 -0.77  0.43  1.41  1.97  2.00  1.54  0.77 -0.18 -1.11 -1.71 -1.99 -1.92 20042002 00
 -1.31 -0.30  0.77  1.55  1.87  1.72  1.19  0.47 -0.39 -1.10 -1.54 -1.74 20042002 12
 -1.53 -0.80  0.21  1.14  1.72  1.83  1.55  0.97  0.17 -0.71 -1.37 -1.78 21042002 00
 -1.90 -1.54 -0.75  0.24  1.09  1.60  1.70  1.44  0.89  0.15 -0.64 -1.20 21042002 12
 -1.53 -1.56 -1.11 -0.23  0.76  1.58  1.93  1.86  1.39  0.65 -0.29 -1.16 22042002 00
 -1.78 -2.14 -2.12 -1.50 -0.45  0.70  1.55  1.92  1.82  1.30  0.49 -0.49 22042002 12
 -1.34 -1.85 -2.07 -1.86 -1.03  0.20  1.34  2.06  2.21  1.81  0.95 -0.14 23042002 00
 -1.28 -2.10 -2.58 -2.67 -2.12 -0.90  0.58  1.75  2.39  2.37  1.75  0.73 23042002 12
 -0.48 -1.59 -2.27 -2.57 -2.32 -1.33  0.18  1.61  2.54  2.79  2.29  1.22 24042002 00
 -0.09 -1.47 -2.45 -3.02 -3.12 -2.40 -0.85  0.94  2.29  3.03  2.95  2.11 24042002 12
  0.87 -0.59 -1.86 -2.61 -2.93 -2.58 -1.28  0.58  2.16  3.11  3.27  2.49 25042002 00
  1.17 -0.39 -1.91 -2.92 -3.50 -3.50 -2.49 -0.56  1.40  2.80  3.45  3.20 25042002 12
  2.03  0.57 -1.07 -2.32 -2.99 -3.08 -2.24 -0.41  1.72  3.33  4.17  4.07 26042002 00
  2.95  1.43 -0.42 -1.93 -2.94 -3.51 -3.37 -2.04  0.12  2.17  3.45  3.91 26042002 12
  3.30  1.86  0.20 -1.54 -2.72 -3.37 -3.43 -2.42 -0.32  1.91  3.40  4.08 27042002 00
  3.74  2.41  0.79 -1.10 -2.50 -3.37 -3.75 -3.20 -1.37  1.04  2.96  4.00 27042002 12
  4.15  3.20  1.66 -0.18 -1.85 -2.91 -3.46 -3.26 -1.77  0.53  2.61  3.90 28042002 00
  4.33  3.67  2.32  0.63 -1.21 -2.44 -3.14 -3.28 -2.29 -0.26  1.98  3.55 28042002 12
  4.31  4.10  2.88  1.31 -0.59 -2.02 -2.91 -3.29 -2.70 -0.90  1.27  2.93 29042002 00
  3.84  3.90  2.89  1.48 -0.26 -1.79 -2.78 -3.32 -3.18 -1.88  0.22  2.16 29042002 12
  3.43  3.86  3.22  1.86  0.28 -1.38 -2.48 -3.09 -3.11 -2.14 -0.25  1.74 30042002 00
  3.12  3.79  3.53  2.44  1.05 -0.63 -1.89 -2.64 -2.95 -2.48 -0.95  1.03 30042002 12
  2.62  3.52  3.61  2.78  1.50 -0.04 -1.47 -2.39 -2.90 -2.85 -1.83 -0.09 01052002 00
  1.61  2.73  3.17  2.77  1.71  0.44 -0.97 -1.96 -2.48 -2.55 -1.90 -0.49 01052002 12
  1.13  2.34  2.95  2.81  1.96  0.79 -0.55 -1.68 -2.34 -2.66 -2.42 -1.40 02052002 00
  0.09  1.43  2.27  2.48  2.01  1.08  0.00 -1.11 -1.84 -2.15 -2.08 -1.41 02052002 12
 -0.21  1.07  1.99  2.38  2.15  1.41  0.44 -0.66 -1.54 -2.06 -2.28 -2.04 03052002 00
 -1.20 -0.01  1.06  1.72  1.82  1.44  0.74 -0.10 -0.96 -1.53 -1.76 -1.69 03052002 12
 -1.17 -0.28  0.73  1.48  1.79  1.64  1.13  0.38 -0.49 -1.22 -1.66 -1.89 04052002 00
 -1.75 -1.14 -0.23  0.64  1.23  1.39  1.19  0.72  0.09 -0.61 -1.14 -1.39 04052002 12
 -1.42 -1.10 -0.46  0.35  1.06  1.43  1.46  1.15  0.59 -0.15 -0.87 -1.38 05052002 00
 -1.70 -1.75 -1.37 -0.67  0.16  0.83  1.17  1.17  0.90  0.36 -0.29 -0.90 05052002 12
 -1.27 -1.42 -1.30 -0.80 -0.05  0.72  1.25  1.40  1.22  0.73  0.03 -0.76 06052002 00
 -1.40 -1.81 -1.96 -1.69 -1.04 -0.13  0.71  1.24  1.37  1.16  0.61 -0.11 06052002 12
 -0.86 -1.38 -1.61 -1.56 -1.09 -0.27  0.67  1.38  1.64  1.45  0.90  0.11 07052002 00
 -0.79 -1.53 -1.98 -2.13 -1.81 -0.99  0.12  1.08  1.68  1.75  1.40  0.68 07052002 12
 -0.22 -1.11 -1.68 -1.92 -1.80 -1.13 -0.07  1.02  1.77  2.00  1.66  0.91 08052002 00
 -0.04 -1.08 -1.84 -2.25 -2.27 -1.73 -0.63  0.65  1.65  2.16  2.04  1.40 08052002 12
  0.46 -0.62 -1.57 -2.10 -2.25 -1.85 -0.84  0.50  1.63  2.28  2.29  1.69 09052002 00
  0.69 -0.46 -1.57 -2.26 -2.55 -2.31 -1.38  0.06  1.43  2.33  2.61  2.18 09052002 12
  1.23  0.07 -1.15 -2.01 -2.41 -2.35 -1.59 -0.22  1.26  2.31  2.74  2.41 10052002 00
  1.46  0.27 -1.05 -2.06 -2.60 -2.69 -2.08 -0.71  0.93  2.20  2.87  2.79 10052002 12
  1.97  0.80 -0.57 -1.76 -2.43 -2.68 -2.31 -1.12  0.53  1.93  2.72  2.79 11052002 00
  2.06  0.87 -0.48 -1.79 -2.62 -2.99 -2.76 -1.65  0.08  1.69  2.74  3.10 11052002 12
  2.60  1.46  0.10 -1.34 -2.34 -2.85 -2.83 -1.98 -0.36  1.37  2.56  3.07 12052002 00
  2.75  1.67  0.33 -1.16 -2.30 -2.91 -3.01 -2.34 -0.79  1.04  2.45  3.22 12052002 12
  3.15  2.23  0.94 -0.56 -1.87 -2.64 -2.94 -2.55 -1.22  0.62  2.19  3.14 13052002 00
  3.29  2.55  1.30 -0.15 -1.56 -2.44 -2.83 -2.57 -1.38  0.43  2.12  3.19 13052002 12
  3.54  3.04  1.89  0.45 -1.08 -2.10 -2.65 -2.68 -1.82 -0.14  1.65  2.91 14052002 00
  3.45  3.13  2.08  0.77 -0.77 -1.91 -2.57 -2.80 -2.25 -0.79  1.01  2.45 14052002 12
  3.23  3.20  2.31  1.02 -0.48 -1.78 -2.53 -2.88 -2.61 -1.40  0.34  1.92 15052002 00
  2.89  3.13  2.51  1.33 -0.07 -1.50 -2.41 -2.88 -2.82 -1.88 -0.23  1.45 15052002 12
  2.58  3.07  2.73  1.66  0.38 -1.07 -2.16 -2.76 -2.89 -2.31 -0.92  0.75 16052002 00
  2.10  2.81  2.75  1.93  0.72 -0.62 -1.81 -2.50 -2.76 -2.43 -1.29  0.36 16052002 12
  1.82  2.71  2.88  2.30  1.20 -0.10 -1.41 -2.25 -2.67 -2.64 -1.94 -0.56 17052002 00
  0.97  2.08  2.58  2.35  1.49  0.38 -0.84 -1.86 -2.36 -2.47 -1.99 -0.80 17052002 12
  0.70  1.90  2.56  2.53  1.89  0.90 -0.33 -1.46 -2.11 -2.44 -2.32 -1.54 18052002 00
 -0.22  1.13  2.07  2.46  2.19  1.40  0.41 -0.69 -1.51 -1.93 -2.02 -1.55 18052002 12
 -0.47  0.82  1.85  2.40  2.33  1.72  0.82 -0.26 -1.25 -1.86 -2.18 -2.09 19052002 00
 -1.40 -0.26  0.95  1.83  2.18  2.02  1.44  0.62 -0.34 -1.11 -1.55 -1.71 19052002 12
 -1.42 -0.54  0.63  1.67  2.24  2.28  1.85  1.12  0.16 -0.81 -1.51 -1.94 20052002 00
 -1.98 -1.42 -0.41  0.73  1.66  2.15  2.13  1.65  0.89 -0.06 -0.91 -1.42 20052002 12
 -1.63 -1.44 -0.69  0.41  1.53  2.29  2.54  2.25  1.53  0.55 -0.56 -1.44 21052002 00
 -2.00 -2.28 -1.97 -0.98  0.33  1.50  2.25  2.51  2.23  1.49  0.50 -0.57 21052002 12
 -1.31 -1.68 -1.66 -1.00  0.20  1.48  2.46  2.86  2.68  1.98  1.00 -0.22 22052002 00
 -1.24 -1.90 -2.24 -2.00 -1.02  0.39  1.74  2.63  2.90  2.56  1.74  0.66 22052002 12
 -0.57 -1.46 -2.00 -2.14 -1.49 -0.12  1.41  2.57  3.12  2.97  2.16  1.02 23052002 00
 -0.39 -1.57 -2.36 -2.80 -2.59 -1.46  0.23  1.77  2.80  3.14  2.70  1.66 23052002 12
  0.36 -1.01 -1.96 -2.44 -2.41 -1.56  0.00  1.70  2.96  3.58  3.46  2.60 24052002 00
  1.31 -0.27 -1.51 -2.30 -2.69 -2.34 -0.95  0.92  2.54  3.51  3.67  2.97 24052002 12
  1.76  0.19 -1.29 -2.25 -2.81 -2.78 -1.68  0.16  2.00  3.25  3.73  3.32 25052002 00
  2.18  0.69 -1.00 -2.21 -2.95 -3.21 -2.57 -0.87  1.17  2.80  3.63  3.61 25052002 12
  2.64  1.24 -0.44 -1.91 -2.83 -3.29 -3.06 -1.69  0.36  2.22  3.40  3.77 26052002 00
  3.09  1.75  0.18 -1.46 -2.58 -3.22 -3.29 -2.34 -0.40  1.65  3.06  3.75 26052002 12
  3.48  2.27  0.77 -0.97 -2.30 -3.10 -3.42 -2.89 -1.25  0.88  2.59  3.52 27052002 00
  3.62  2.68  1.27 -0.38 -1.91 -2.86 -3.32 -3.11 -1.80  0.26  2.16  3.35 27052002 12
  3.76  3.16  1.84  0.27 -1.40 -2.55 -3.20 -3.31 -2.45 -0.61  1.41  2.81 28052002 00
  3.52  3.34  2.26  0.90 -0.70 -1.99 -2.74 -3.02 -2.48 -0.90  1.07  2.65 28052002 12
  3.56  3.62  2.79  1.50 -0.12 -1.60 -2.53 -3.04 -2.96 -1.85  0.01  1.79 29052002 00
  2.93  3.33  2.86  1.73  0.34 -1.18 -2.23 -2.77 -2.81 -2.03 -0.41  1.37 29052002 12
  2.67  3.29  3.11  2.14  0.84 -0.67 -1.89 -2.61 -2.94 -2.63 -1.42  0.31 30052002 00
  1.80  2.70  2.86  2.24  1.13 -0.16 -1.44 -2.25 -2.61 -2.44 -1.49  0.06 30052002 12
  1.59  2.65  3.04  2.64  1.64  0.40 -0.96 -1.94 -2.53 -2.75 -2.32 -1.15 31052002 00
  0.34  1.55  2.20  2.20  1.55  0.54 -0.58 -1.61 -2.20 -2.38 -2.06 -1.12 31052002 12
  0.23  1.46  2.26  2.46  2.01  1.12  0.02 -1.11 -1.87 -2.29 -2.38 -1.88 01062002 00
 -0.80  0.48  1.48  1.97  1.86  1.28  0.42 -0.55 -1.38 -1.80 -1.89 -1.55 01062002 12
 -0.69  0.45  1.41  2.02  2.08  1.67  0.90 -0.06 -1.01 -1.65 -2.01 -2.09 02062002 00
 -1.64 -0.70  0.41  1.30  1.71  1.63  1.18  0.49 -0.30 -1.00 -1.36 -1.44 02062002 12
 -1.17 -0.46  0.46  1.34  1.85  1.95  1.61  0.97  0.17 -0.67 -1.30 -1.69 03062002 00
 -1.79 -1.40 -0.60  0.35  1.14  1.52  1.51  1.19  0.61 -0.09 -0.74 -1.13 03062002 12
 -1.26 -1.10 -0.49  0.33  1.16  1.69  1.81  1.53  0.97  0.22 -0.58 -1.22 04062002 00
 -1.61 -1.76 -1.41 -0.62  0.32  1.14  1.60  1.67  1.40  0.86  0.12 -0.64 04062002 12
 -1.11 -1.31 -1.25 -0.74  0.06  0.92  1.54  1.70  1.47  0.91  0.16 -0.70 05062002 00
 -1.37 -1.76 -1.87 -1.49 -0.64  0.40  1.30  1.83  1.88  1.53  0.90  0.09 05062002 12
 -0.76 -1.32 -1.57 -1.49 -0.91  0.01  1.00  1.71  1.93  1.67  0.98  0.11 06062002 00
 -0.83 -1.55 -1.95 -2.01 -1.54 -0.56  0.62  1.58  2.09  2.06  1.57  0.76 06062002 12
 -0.21 -1.11 -1.66 -1.88 -1.66 -0.86  0.29  1.37  2.05  2.15  1.69  0.86 07062002 00
 -0.15 -1.19 -1.88 -2.21 -2.11 -1.37 -0.13  1.17  2.11  2.51  2.30  1.57 07062002 12
  0.59 -0.57 -1.48 -1.99 -2.13 -1.68 -0.59  0.77  1.86  2.42  2.32  1.63 08062002 00
  0.62 -0.57 -1.63 -2.27 -2.52 -2.19 -1.14  0.33  1.65  2.48  2.68  2.20 08062002 12
  1.24  0.07 -1.14 -1.94 -2.33 -2.24 -1.38  0.09  1.56  2.55  2.88  2.49 09062002 00
  1.52  0.33 -0.97 -1.90 -2.40 -2.47 -1.80 -0.37  1.27  2.53  3.16  3.06 09062002 12
  2.26  1.12 -0.26 -1.43 -2.14 -2.42 -2.06 -0.87  0.74  2.14  2.96  3.04 10062002 00
  2.37  1.24 -0.10 -1.41 -2.26 -2.68 -2.53 -1.47  0.21  1.82  2.87  3.21 10062002 12
  2.77  1.70  0.38 -1.08 -2.11 -2.68 -2.77 -2.05 -0.51  1.24  2.53  3.12 11062002 00
  2.90  1.90  0.61 -0.85 -2.02 -2.68 -2.91 -2.42 -1.02  0.79  2.27  3.13 11062002 12
  3.20  2.41  1.16 -0.32 -1.70 -2.56 -2.99 -2.82 -1.73  0.04  1.72  2.81 12062002 00
  3.16  2.65  1.49  0.13 -1.33 -2.32 -2.82 -2.78 -1.90 -0.24  1.54  2.82 12062002 12
  3.40  3.16  2.13  0.76 -0.80 -2.02 -2.75 -3.04 -2.60 -1.19  0.65  2.15 13062002 00
  2.99  3.07  2.28  1.05 -0.39 -1.73 -2.57 -2.94 -2.70 -1.56  0.21  1.87 13062002 12
  2.94  3.28  2.73  1.57  0.17 -1.32 -2.35 -2.91 -2.98 -2.24 -0.66  1.10 14062002 00
  2.41  3.10  2.94  2.04  0.84 -0.59 -1.77 -2.42 -2.64 -2.16 -0.81  0.92 14062002 12
  2.35  3.17  3.25  2.52  1.33 -0.11 -1.46 -2.32 -2.79 -2.75 -1.88 -0.31 15062002 00
  1.33  2.45  2.90  2.59  1.62  0.42 -0.93 -1.94 -2.47 -2.55 -1.92 -0.51 15062002 12
  1.12  2.40  3.08  2.99  2.19  1.03 -0.35 -1.56 -2.31 -2.73 -2.63 -1.69 16062002 00
 -0.16  1.32  2.31  2.69  2.37  1.49  0.39 -0.83 -1.71 -2.12 -2.12 -1.46 16062002 12
 -0.14  1.34  2.46  3.01  2.89  2.17  1.14 -0.17 -1.27 -1.96 -2.33 -2.21 17062002 00
 -1.32  0.04  1.38  2.31  2.61  2.25  1.42  0.40 -0.73 -1.54 -1.96 -2.02 17062002 12
 -1.44 -0.27  1.08  2.14  2.67  2.59  1.90  0.89 -0.29 -1.31 -2.01 -2.44 18062002 00
 -2.40 -1.61 -0.31  1.03  1.98  2.36  2.17  1.48  0.54 -0.52 -1.36 -1.81 18062002 12
 -1.93 -1.52 -0.50  0.77  1.85  2.46  2.48  1.89  0.95 -0.21 -1.30 -2.05 19062002 00
 -2.52 -2.57 -1.94 -0.73  0.64  1.69  2.21  2.12  1.52  0.60 -0.48 -1.42 19062002 12
 -1.96 -2.18 -1.90 -0.99  0.31  1.52  2.30  2.45  2.02  1.13  0.02 -1.15 20062002 00
 -1.99 -2.51 -2.63 -2.09 -0.89  0.55  1.72  2.37  2.36  1.78  0.82 -0.31 20062002 12
 -1.38 -2.04 -2.34 -2.12 -1.18  0.22  1.57  2.46  2.73  2.36  1.45  0.28 21062002 00
 -1.00 -1.94 -2.50 -2.66 -2.13 -0.86  0.70  1.95  2.65  2.67  2.00  0.95 21062002 12
 -0.30 -1.47 -2.17 -2.50 -2.29 -1.29  0.25  1.70  2.66  2.95  2.52  1.50 22062002 00
  0.22 -1.17 -2.15 -2.70 -2.80 -2.13 -0.69  0.97  2.27  2.95  2.88  2.07 22062002 12
  0.90 -0.48 -1.71 -2.47 -2.83 -2.58 -1.43  0.25  1.78  2.74  2.98  2.41 23062002 00
  1.27 -0.08 -1.49 -2.44 -2.94 -2.92 -2.07 -0.46  1.29  2.53  3.14  2.89 23062002 12
  1.87  0.56 -0.95 -2.16 -2.87 -3.15 -2.73 -1.35  0.47  2.01  2.89  3.01 24062002 00
  2.27  1.02 -0.41 -1.80 -2.68 -3.09 -2.89 -1.79  0.02  1.73  2.85  3.24 24062002 12
  2.75  1.56  0.15 -1.39 -2.49 -3.13 -3.28 -2.61 -1.02  0.87  2.26  2.99 25062002 00
  2.89  1.92  0.60 -0.89 -2.18 -2.93 -3.20 -2.76 -1.37  0.51  2.11  3.06 25062002 12
  3.25  2.51  1.24 -0.25 -1.71 -2.67 -3.17 -3.11 -2.13 -0.36  1.41  2.62 26062002 00
  3.11  2.71  1.58  0.24 -1.25 -2.33 -2.89 -2.96 -2.22 -0.60  1.22  2.57 26062002 12
  3.26  3.13  2.17  0.85 -0.70 -2.00 -2.79 -3.18 -2.94 -1.72  0.07  1.67 27062002 00
  2.65  2.91  2.31  1.12 -0.24 -1.59 -2.48 -2.87 -2.70 -1.68  0.01  1.67 27062002 12
  2.77  3.20  2.78  1.67  0.32 -1.18 -2.27 -2.91 -3.10 -2.59 -1.22  0.48 28062002 00
  1.83  2.58  2.59  1.80  0.60 -0.72 -1.89 -2.54 -2.73 -2.31 -1.12  0.52 28062002 12
  1.93  2.78  2.92  2.29  1.18 -0.13 -1.44 -2.31 -2.78 -2.77 -2.00 -0.54 29062002 00
  0.99  2.07  2.54  2.28  1.37  0.23 -1.00 -1.94 -2.38 -2.40 -1.80 -0.55 29062002 12
  0.94  2.09  2.68  2.58  1.82  0.75 -0.51 -1.60 -2.26 -2.57 -2.37 -1.45 30062002 00
 -0.04  1.27  2.13  2.37  1.96  1.11  0.13 -0.89 -1.57 -1.82 -1.64 -0.88 30062002 12
  0.32  1.55  2.42  2.72  2.42  1.61  0.54 -0.65 -1.53 -2.06 -2.28 -1.91 01072002 00
 -0.88  0.44  1.56  2.19  2.25  1.80  1.01  0.06 -0.87 -1.41 -1.60 -1.44 01072002 12
 -0.74  0.34  1.41  2.12  2.32  2.00  1.26  0.34 -0.64 -1.34 -1.75 -1.89 02072002 00
 -1.47 -0.49  0.63  1.56  2.00  1.98  1.52  0.80 -0.08 -0.86 -1.32 -1.48 02072002 12
 -1.28 -0.55  0.41  1.33  1.91  2.01  1.65  0.99  0.13 -0.77 -1.40 -1.76 03072002 00
 -1.84 -1.38 -0.46  0.59  1.44  1.85  1.83  1.40  0.72 -0.09 -0.81 -1.23 03072002 12
 -1.42 -1.31 -0.70  0.19  1.05  1.59  1.66  1.35  0.73 -0.05 -0.88 -1.49 04072002 00
 -1.82 -1.84 -1.38 -0.51  0.50  1.31  1.72  1.70  1.33  0.69 -0.09 -0.81 04072002 12
 -1.22 -1.39 -1.27 -0.67  0.21  1.08  1.63  1.72  1.41  0.81  0.01 -0.86 05072002 00
 -1.51 -1.86 -1.90 -1.44 -0.56  0.46  1.29  1.73  1.70  1.29  0.59 -0.25 05072002 12
 -1.04 -1.52 -1.73 -1.57 -0.92  0.08  1.06  1.67  1.79  1.48  0.80 -0.05 06072002 00
 -0.97 -1.64 -1.98 -1.97 -1.44 -0.42  0.75  1.66  2.11  2.05  1.54  0.74 06072002 12
 -0.24 -1.13 -1.68 -1.90 -1.70 -0.92  0.22  1.28  1.93  2.03  1.60  0.77 07072002 00
 -0.22 -1.24 -1.92 -2.25 -2.15 -1.45 -0.24  1.06  2.01  2.42  2.24  1.58 07072002 12
  0.64 -0.48 -1.39 -1.89 -2.04 -1.60 -0.50  0.87  1.99  2.57  2.50  1.85 08072002 00
  0.87 -0.33 -1.43 -2.11 -2.42 -2.17 -1.18  0.26  1.63  2.54  2.79  2.37 08072002 12
  1.45  0.27 -1.01 -1.91 -2.42 -2.49 -1.84 -0.49  1.05  2.20  2.75  2.57 09072002 00
  1.71  0.55 -0.77 -1.86 -2.47 -2.65 -2.16 -0.88  0.78  2.17  2.98  3.07 09072002 12
  2.38  1.22 -0.17 -1.49 -2.33 -2.77 -2.66 -1.66 -0.01  1.63  2.71  3.08 10072002 00
  2.63  1.54  0.21 -1.23 -2.26 -2.79 -2.83 -2.06 -0.44  1.34  2.65  3.31 10072002 12
  3.14  2.17  0.85 -0.70 -1.98 -2.76 -3.10 -2.76 -1.43  0.43  2.04  2.99 11072002 00
  3.16  2.43  1.17 -0.29 -1.72 -2.64 -3.09 -2.95 -1.85  0.01  1.79  2.97 11072002 12
  3.44  2.97  1.76  0.30 -1.32 -2.48 -3.16 -3.35 -2.70 -1.07  0.90  2.38 12072002 00
  3.16  3.10  2.13  0.78 -0.76 -2.11 -2.90 -3.22 -2.81 -1.38  0.58  2.27 12072002 12
  3.26  3.48  2.73  1.40 -0.17 -1.73 -2.76 -3.34 -3.38 -2.47 -0.64  1.25 13072002 00
  2.58  3.18  2.88  1.75  0.35 -1.20 -2.40 -3.07 -3.21 -2.55 -0.95  1.01 13072002 12
  2.51  3.32  3.30  2.35  0.98 -0.62 -2.04 -2.94 -3.42 -3.27 -2.13 -0.27 14072002 00
  1.51  2.65  3.07  2.56  1.35 -0.03 -1.52 -2.56 -3.08 -3.06 -2.19 -0.50 14072002 12
  1.34  2.62  3.26  3.02  1.97  0.63 -0.93 -2.19 -2.96 -3.32 -3.03 -1.77 15072002 00
  0.02  1.62  2.59  2.86  2.25  1.06 -0.27 -1.63 -2.52 -2.92 -2.78 -1.81 15072002 12
 -0.16  1.49  2.60  3.08  2.73  1.69  0.40 -1.05 -2.16 -2.83 -3.11 -2.75 16072002 00
 -1.50  0.17  1.60  2.44  2.59  1.98  0.92 -0.31 -1.53 -2.28 -2.60 -2.41 16072002 12
 -1.50 -0.00  1.46  2.45  2.81  2.46  1.53  0.33 -1.00 -1.99 -2.58 -2.83 17072002 00
 -2.49 -1.36  0.16  1.45  2.24  2.35  1.80  0.85 -0.26 -1.35 -2.05 -2.36 17072002 12
 -2.22 -1.45 -0.16  1.17  2.12  2.50  2.23  1.43  0.38 -0.82 -1.76 -2.34 18072002 00
 -2.61 -2.35 -1.38 -0.02  1.21  1.98  2.16  1.77  0.94 -0.07 -1.09 -1.80 18072002 12
 -2.15 -2.14 -1.55 -0.42  0.88  1.86  2.32  2.18  1.53  0.60 -0.51 -1.46 19072002 00
 -2.07 -2.42 -2.28 -1.46 -0.20  1.01  1.86  2.17  1.90  1.19  0.26 -0.80 19072002 12
 -1.62 -2.07 -2.18 -1.75 -0.75  0.54  1.61  2.22  2.23  1.68  0.76 -0.32 20072002 00
 -1.35 -2.03 -2.41 -2.36 -1.63 -0.38  0.93  1.90  2.33  2.13  1.42  0.43 20072002 12
 -0.70 -1.64 -2.19 -2.40 -2.10 -1.13  0.22  1.43  2.18  2.31  1.82  0.89 21072002 00
 -0.22 -1.33 -2.08 -2.47 -2.42 -1.70 -0.39  1.03  2.07  2.54  2.34  1.57 21072002 12
  0.50 -0.74 -1.77 -2.37 -2.60 -2.23 -1.14  0.35  1.66  2.46  2.58  2.02 22072002 00
  1.01 -0.20 -1.40 -2.19 -2.57 -2.45 -1.56 -0.10  1.37  2.41  2.83  2.50 22072002 12
  1.58  0.39 -0.96 -1.98 -2.54 -2.66 -2.11 -0.79  0.84  2.16  2.88  2.85 23072002 00
  2.12  0.99 -0.34 -1.55 -2.27 -2.58 -2.30 -1.19  0.42  1.89  2.81  3.01 23072002 12
  2.46  1.34 -0.01 -1.41 -2.36 -2.89 -2.94 -2.19 -0.66  1.04  2.24  2.82 24072002 00
  2.61  1.64  0.42 -0.97 -2.09 -2.68 -2.80 -2.23 -0.81  0.96  2.34  3.11 24072002 12
  3.10  2.26  1.02 -0.46 -1.79 -2.62 -3.02 -2.83 -1.71  0.02  1.62  2.67 25072002 00
  2.99  2.46  1.30 -0.05 -1.44 -2.36 -2.80 -2.69 -1.75 -0.09  1.63  2.81 25072002 12
  3.31  2.99  1.93  0.58 -0.96 -2.12 -2.79 -3.04 -2.56 -1.15  0.62  2.06 26072002 00
  2.82  2.81  1.96  0.71 -0.68 -1.95 -2.68 -2.92 -2.51 -1.21  0.59  2.12 26072002 12
  3.06  3.24  2.56  1.35 -0.10 -1.54 -2.47 -2.98 -2.97 -2.08 -0.44  1.25 27072002 00
  2.41  2.90  2.54  1.49  0.22 -1.20 -2.24 -2.75 -2.75 -1.98 -0.44  1.28 27072002 12
  2.55  3.18  3.01  2.07  0.80 -0.66 -1.87 -2.59 -2.89 -2.54 -1.33  0.34 28072002 00
  1.78  2.65  2.78  2.10  0.96 -0.35 -1.62 -2.40 -2.73 -2.48 -1.42  0.18 28072002 12
  1.68  2.63  2.93  2.43  1.37  0.09 -1.27 -2.22 -2.73 -2.78 -2.11 -0.72 29072002 00
  0.85  2.01  2.55  2.37  1.51  0.37 -0.88 -1.90 -2.43 -2.52 -1.99 -0.78 29072002 12
  0.75  1.96  2.63  2.60  1.89  0.81 -0.44 -1.57 -2.26 -2.59 -2.39 -1.47 30072002 00
 -0.08  1.25  2.11  2.35  1.93  1.02 -0.05 -1.18 -1.92 -2.22 -2.10 -1.43 30072002 12
 -0.23  1.11  2.07  2.44  2.15  1.32  0.29 -0.86 -1.76 -2.23 -2.35 -1.96 31072002 00
 -0.97  0.33  1.42  2.04  2.04  1.51  0.64 -0.34 -1.24 -1.76 -1.96 -1.74 31072002 12
 -0.95  0.20  1.27  1.95  2.08  1.67  0.90 -0.05 -1.05 -1.73 -2.08 -2.09 01082002 00
 -1.58 -0.58  0.56  1.43  1.84  1.72  1.21  0.47 -0.39 -1.14 -1.53 -1.64 01082002 12
 -1.36 -0.62  0.38  1.26  1.77  1.80  1.39  0.69 -0.15 -0.98 -1.53 -1.82 02082002 00
 -1.81 -1.28 -0.36  0.64  1.38  1.68  1.58  1.12  0.46 -0.33 -0.99 -1.36 02082002 12
 -1.48 -1.25 -0.60  0.26  1.07  1.54  1.58  1.24  0.63 -0.14 -0.92 -1.45 03082002 00
 -1.73 -1.72 -1.28 -0.46  0.49  1.23  1.58  1.54  1.17  0.57 -0.18 -0.86 03082002 12
 -1.28 -1.46 -1.34 -0.76  0.08  0.92  1.47  1.59  1.32  0.76  0.02 -0.79 04082002 00
 -1.41 -1.77 -1.84 -1.46 -0.65  0.36  1.21  1.68  1.72  1.40  0.75 -0.07 04082002 12
 -0.88 -1.42 -1.70 -1.65 -1.11 -0.18  0.82  1.54  1.78  1.58  0.99  0.17 05082002 00
 -0.76 -1.52 -1.95 -2.07 -1.71 -0.82  0.35  1.36  1.97  2.04  1.64  0.86 05082002 12
 -0.10 -1.08 -1.74 -2.09 -2.05 -1.41 -0.27  0.96  1.85  2.18  1.93  1.20 06082002 00
  0.22 -0.90 -1.79 -2.28 -2.40 -1.93 -0.83  0.59  1.75  2.42  2.45  1.86 06082002 12
  0.85 -0.33 -1.47 -2.20 -2.57 -2.43 -1.53 -0.07  1.37  2.34  2.66  2.26 07082002 00
  1.28  0.09 -1.22 -2.18 -2.69 -2.74 -2.06 -0.61  1.05  2.30  2.91  2.76 07082002 12
  1.87  0.65 -0.77 -2.00 -2.76 -3.08 -2.74 -1.48  0.29  1.84  2.81  3.03 08082002 00
  2.40  1.21 -0.20 -1.61 -2.52 -2.94 -2.78 -1.74  0.05  1.81  2.98  3.45 08082002 12
  3.01  1.81  0.35 -1.28 -2.48 -3.21 -3.46 -2.88 -1.25  0.80  2.37  3.22 09082002 00
  3.23  2.27  0.87 -0.70 -2.10 -2.95 -3.29 -2.90 -1.45  0.63  2.43  3.49 09082002 12
  3.76  2.97  1.57 -0.07 -1.71 -2.82 -3.46 -3.56 -2.62 -0.63  1.45  2.91 10082002 00
  3.56  3.26  2.02  0.50 -1.19 -2.51 -3.26 -3.44 -2.74 -0.93  1.29  2.93 10082002 12
  3.81  3.80  2.73  1.23 -0.55 -2.09 -3.08 -3.61 -3.44 -2.07  0.08  2.09 11082002 00
  3.34  3.77  3.17  1.78  0.19 -1.51 -2.66 -3.27 -3.27 -2.22 -0.21  1.89 11082002 12
  3.33  4.00  3.66  2.38  0.80 -1.03 -2.42 -3.29 -3.72 -3.32 -1.74  0.47 12082002 00
  2.26  3.27  3.47  2.62  1.18 -0.41 -1.95 -2.90 -3.34 -3.10 -1.79  0.29 12082002 12
  2.20  3.41  3.83  3.25  1.95  0.38 -1.32 -2.50 -3.22 -3.46 -2.79 -1.09 13082002 00
  0.94  2.44  3.24  3.17  2.19  0.84 -0.71 -2.04 -2.82 -3.11 -2.68 -1.27 13082002 12
  0.64  2.26  3.24  3.44  2.72  1.50 -0.00 -1.49 -2.48 -3.06 -3.13 -2.31 14082002 00
 -0.68  1.08  2.33  2.93  2.70  1.73  0.51 -0.88 -1.97 -2.56 -2.72 -2.19 14082002 12
 -0.84  0.87  2.22  3.02  3.10  2.42  1.34 -0.01 -1.30 -2.12 -2.59 -2.60 15082002 00
 -1.84 -0.44  1.05  2.11  2.56  2.29  1.44  0.38 -0.81 -1.73 -2.23 -2.37 15082002 12
 -1.96 -0.89  0.51  1.67  2.36  2.41  1.86  0.91 -0.19 -1.25 -1.95 -2.35 16082002 00
 -2.36 -1.74 -0.58  0.70  1.67  2.12  1.97  1.36  0.51 -0.49 -1.36 -1.85 16082002 12
 -2.04 -1.77 -0.97  0.18  1.27  1.98  2.15  1.84  1.15  0.29 -0.67 -1.38 17082002 00
 -1.78 -1.88 -1.45 -0.54  0.58  1.52  2.03  2.06  1.65  0.94  0.05 -0.82 17082002 12
 -1.38 -1.69 -1.69 -1.17 -0.22  0.84  1.64  1.97  1.88  1.35  0.57 -0.39 18082002 00
 -1.21 -1.73 -1.99 -1.81 -1.05  0.02  1.06  1.78  2.02  1.79  1.15  0.29 18082002 12
 -0.67 -1.42 -1.87 -2.02 -1.66 -0.76  0.39  1.39  1.96  2.01  1.57  0.78 19082002 00
 -0.19 -1.14 -1.76 -2.07 -1.98 -1.28 -0.12  1.09  1.97  2.30  2.06  1.36 19082002 12
  0.38 -0.74 -1.63 -2.15 -2.35 -2.00 -1.01  0.31  1.45  2.15  2.22  1.70 20082002 00
  0.80 -0.28 -1.34 -2.01 -2.31 -2.13 -1.27  0.09  1.40  2.29  2.59  2.23 20082002 12
  1.32  0.19 -1.06 -1.98 -2.51 -2.63 -2.12 -0.90  0.61  1.79  2.42  2.34 21082002 00
  1.61  0.53 -0.68 -1.78 -2.41 -2.61 -2.18 -1.02  0.55  1.89  2.71  2.84 21082002 12
  2.21  1.09 -0.25 -1.55 -2.39 -2.83 -2.76 -1.89 -0.37  1.20  2.28  2.70 22082002 00
  2.33  1.31  0.07 -1.27 -2.28 -2.77 -2.73 -1.95 -0.42  1.25  2.46  3.06 22082002 12
  2.88  1.92  0.64 -0.84 -2.05 -2.75 -3.03 -2.63 -1.34  0.40  1.87  2.72 23082002 00
  2.82  2.08  0.84 -0.56 -1.88 -2.68 -2.97 -2.61 -1.38  0.40  1.96  2.95 23082002 12
  3.21  2.59  1.38 -0.05 -1.51 -2.50 -3.06 -3.09 -2.23 -0.56  1.22  2.43 24082002 00
  2.98  2.63  1.51  0.16 -1.32 -2.43 -2.99 -3.03 -2.28 -0.68  1.15  2.48 24082002 12
  3.16  3.01  1.98  0.62 -0.94 -2.21 -2.97 -3.27 -2.90 -1.58  0.25  1.82 25082002 00
  2.71  2.85  2.09  0.78 -0.65 -2.02 -2.86 -3.20 -2.90 -1.70  0.12  1.76 25082002 12
  2.80  3.11  2.52  1.28 -0.14 -1.62 -2.63 -3.16 -3.16 -2.32 -0.65  1.12 26082002 00
  2.35  2.90  2.57  1.48  0.17 -1.28 -2.39 -2.96 -3.00 -2.28 -0.76  1.00 26082002 12
  2.31  2.99  2.85  1.91  0.64 -0.84 -2.07 -2.78 -3.06 -2.70 -1.45  0.28 27082002 00
  1.76  2.63  2.75  2.04  0.87 -0.45 -1.72 -2.51 -2.84 -2.59 -1.53  0.09 27082002 12
  1.61  2.56  2.85  2.34  1.24 -0.06 -1.40 -2.30 -2.76 -2.75 -2.00 -0.55 28082002 00
  1.03  2.15  2.65  2.40  1.50  0.36 -0.91 -1.90 -2.40 -2.45 -1.86 -0.61 28082002 12
  0.89  2.07  2.67  2.58  1.82  0.70 -0.56 -1.62 -2.21 -2.45 -2.16 -1.19 29082002 00
  0.20  1.46  2.24  2.37  1.85  0.92 -0.15 -1.22 -1.90 -2.18 -2.04 -1.28 29082002 12
 -0.05  1.20  2.04  2.32  1.97  1.14  0.14 -0.94 -1.69 -2.05 -2.04 -1.50 30082002 00
 -0.44  0.80  1.77  2.26  2.19  1.65  0.83 -0.13 -0.92 -1.37 -1.58 -1.45 30082002 12
 -0.71  0.29  1.26  1.85  1.90  1.45  0.68 -0.22 -1.10 -1.71 -2.03 -2.01 31082002 00
 -1.48 -0.52  0.53  1.30  1.61  1.45  0.95  0.26 -0.53 -1.19 -1.55 -1.69 31082002 12
 -1.47 -0.81  0.11  0.94  1.42  1.44  1.11  0.51 -0.22 -0.97 -1.49 -1.79 01092002 00
 -1.80 -1.38 -0.60  0.29  1.00  1.35  1.32  0.99  0.41 -0.28 -0.91 -1.30 01092002 12
 -1.49 -1.42 -0.94 -0.19  0.61  1.16  1.32  1.14  0.70  0.08 -0.64 -1.24 02092002 00
 -1.61 -1.75 -1.51 -0.88  0.00  0.83  1.35  1.47  1.29  0.80  0.11 -0.66 02092002 12
 -1.26 -1.63 -1.75 -1.43 -0.70  0.25  1.08  1.53  1.54  1.20  0.58 -0.21 03092002 00
 -1.02 -1.58 -1.88 -1.81 -1.23 -0.25  0.81  1.61  1.94  1.81  1.27  0.44 03092002 12
 -0.54 -1.39 -1.93 -2.14 -1.86 -1.00  0.22  1.34  2.02  2.16  1.77  0.96 04092002 00
 -0.05 -1.10 -1.85 -2.24 -2.20 -1.51 -0.25  1.13  2.14  2.58  2.36  1.57 04092002 12
  0.49 -0.76 -1.79 -2.41 -2.65 -2.27 -1.10  0.48  1.83  2.65  2.81  2.25 05092002 00
  1.20 -0.06 -1.32 -2.15 -2.56 -2.43 -1.45  0.18  1.78  2.86  3.23  2.79 05092002 12
  1.68  0.30 -1.21 -2.32 -2.98 -3.18 -2.53 -0.93  0.98  2.45  3.26  3.25 06092002 00
  2.35  1.05 -0.49 -1.85 -2.67 -3.02 -2.66 -1.24  0.78  2.51  3.57  3.77 06092002 12
  2.98  1.64 -0.01 -1.62 -2.70 -3.32 -3.37 -2.37 -0.37  1.70  3.13  3.77 07092002 00
  3.40  2.16  0.63 -1.15 -2.47 -3.24 -3.47 -2.71 -0.83  1.44  3.08  3.93 07092002 12
  3.87  2.75  1.20 -0.68 -2.27 -3.29 -3.85 -3.65 -2.21  0.07  2.18  3.45 08092002 00
  3.87  3.20  1.69 -0.00 -1.78 -2.96 -3.60 -3.61 -2.45 -0.22  2.01  3.50 08092002 12
  4.15  3.76  2.36  0.68 -1.26 -2.69 -3.59 -3.98 -3.43 -1.55  0.83  2.69 09092002 00
  3.71  3.81  2.78  1.20 -0.58 -2.24 -3.25 -3.71 -3.38 -1.78  0.59  2.66 09092002 12
  3.87  4.26  3.50  2.00  0.23 -1.60 -2.82 -3.55 -3.76 -2.89 -0.84  1.41 10092002 00
  3.01  3.74  3.50  2.24  0.64 -1.16 -2.57 -3.40 -3.69 -3.08 -1.31  0.95 10092002 12
  2.69  3.66  3.76  2.80  1.33 -0.41 -2.01 -3.03 -3.60 -3.51 -2.32 -0.31 11092002 00
  1.66  2.93  3.42  2.92  1.59  0.09 -1.55 -2.70 -3.33 -3.41 -2.60 -0.81 11092002 12
  1.18  2.59  3.33  3.21  2.17  0.79 -0.81 -2.13 -2.93 -3.31 -3.04 -1.77 12092002 00
  0.07  1.72  2.70  2.96  2.32  1.09 -0.26 -1.65 -2.56 -3.00 -2.92 -2.05 12092002 12
 -0.48  1.16  2.29  2.82  2.55  1.61  0.43 -0.91 -1.96 -2.55 -2.77 -2.42 13092002 00
 -1.32  0.19  1.48  2.27  2.37  1.78  0.79 -0.34 -1.45 -2.16 -2.52 -2.42 13092002 12
 -1.70 -0.46  0.83  1.76  2.18  1.96  1.26  0.32 -0.72 -1.57 -2.05 -2.24 14092002 00
 -1.97 -1.13  0.05  1.09  1.75  1.86  1.49  0.76 -0.12 -1.04 -1.67 -2.01 14092002 12
 -2.06 -1.65 -0.81  0.24  1.10  1.58  1.58  1.21  0.55 -0.25 -1.02 -1.52 15092002 00
 -1.77 -1.74 -1.25 -0.38  0.56  1.27  1.55  1.45  1.01  0.33 -0.47 -1.18 15092002 12
 -1.65 -1.89 -1.79 -1.23 -0.33  0.59  1.26  1.51  1.37  0.93  0.26 -0.54 16092002 00
 -1.20 -1.61 -1.77 -1.53 -0.85  0.09  0.98  1.55  1.69  1.44  0.84  0.02 16092002 12
 -0.86 -1.53 -1.94 -2.05 -1.67 -0.82  0.26  1.16  1.66  1.69  1.32  0.61 17092002 00
 -0.27 -1.12 -1.67 -1.92 -1.77 -1.08 -0.01  1.07  1.83  2.07  1.78  1.07 17092002 12
  0.13 -0.93 -1.73 -2.20 -2.32 -1.89 -0.88  0.39  1.44  2.03  2.02  1.48 18092002 00
  0.58 -0.46 -1.44 -2.01 -2.20 -1.89 -1.00  0.30  1.50  2.28  2.44  1.98 18092002 12
  1.04 -0.11 -1.29 -2.11 -2.54 -2.53 -1.85 -0.55  0.88  1.93  2.41  2.17 19092002 00
  1.35  0.25 -0.97 -1.95 -2.43 -2.47 -1.86 -0.61  0.91  2.08  2.71  2.62 19092002 12
  1.82  0.65 -0.69 -1.87 -2.57 -2.87 -2.57 -1.47  0.14  1.58  2.47  2.65 20092002 00
  2.04  0.93 -0.35 -1.64 -2.48 -2.82 -2.58 -1.52  0.11  1.66  2.65  2.99 20092002 12
  2.50  1.37  0.01 -1.43 -2.44 -2.97 -3.01 -2.24 -0.68  1.05  2.29  2.90 21092002 00
  2.65  1.61  0.30 -1.15 -2.29 -2.89 -2.98 -2.32 -0.79  1.02  2.40  3.11 21092002 12
  3.02  2.06  0.73 -0.80 -2.10 -2.88 -3.20 -2.85 -1.54  0.30  1.90  2.82 22092002 00
  2.98  2.23  0.93 -0.51 -1.92 -2.82 -3.21 -2.96 -1.77  0.09  1.78  2.85 22092002 12
  3.19  2.59  1.33 -0.12 -1.65 -2.68 -3.22 -3.20 -2.29 -0.53  1.31  2.58 23092002 00
  3.16  2.80  1.64  0.25 -1.30 -2.47 -3.09 -3.17 -2.45 -0.84  1.05  2.42 23092002 12
  3.12  2.98  1.94  0.57 -0.99 -2.29 -3.05 -3.31 -2.86 -1.44  0.46  2.04 24092002 00
  2.91  3.03  2.21  0.89 -0.58 -1.97 -2.82 -3.17 -2.89 -1.69  0.15  1.78 24092002 12
  2.80  3.08  2.45  1.19 -0.23 -1.69 -2.66 -3.14 -3.06 -2.10 -0.39  1.34 25092002 00
  2.52  3.02  2.64  1.54  0.23 -1.22 -2.27 -2.81 -2.85 -2.13 -0.58  1.17 25092002 12
  2.44  3.05  2.86  1.89  0.61 -0.85 -2.02 -2.70 -2.95 -2.52 -1.22  0.47 26092002 00
  1.88  2.68  2.73  1.98  0.80 -0.52 -1.74 -2.45 -2.71 -2.43 -1.39  0.15 26092002 12
  1.59  2.50  2.72  2.15  1.05 -0.20 -1.47 -2.30 -2.70 -2.61 -1.84 -0.45 27092002 00
  1.02  2.04  2.46  2.15  1.26  0.16 -1.04 -1.95 -2.39 -2.42 -1.88 -0.73 27092002 12
  0.66  1.73  2.28  2.16  1.44  0.41 -0.72 -1.69 -2.22 -2.39 -2.08 -1.17 28092002 00
  0.12  1.27  1.98  2.10  1.63  0.77 -0.21 -1.20 -1.83 -2.10 -1.98 -1.33 28092002 12
 -0.23  0.91  1.70  1.99  1.72  1.03  0.16 -0.78 -1.49 -1.85 -1.93 -1.56 29092002 00
 -0.68  0.41  1.30  1.79  1.77  1.34  0.62 -0.22 -1.01 -1.50 -1.72 -1.61 29092002 12
 -1.03 -0.11  0.83  1.47  1.67  1.46  0.90  0.19 -0.58 -1.15 -1.46 -1.58 30092002 00
 -1.33 -0.65  0.24  1.03  1.46  1.52  1.28  0.75  0.06 -0.65 -1.18 -1.50 30092002 12
 -1.57 -1.20 -0.45  0.42  1.12  1.43  1.42  1.09  0.52 -0.17 -0.80 -1.24 01102002 00
 -1.48 -1.44 -0.97 -0.19  0.67  1.31  1.56  1.48  1.10  0.49 -0.30 -1.03 01102002 12
 -1.51 -1.74 -1.63 -1.06 -0.18  0.76  1.45  1.70  1.58  1.10  0.41 -0.42 02102002 00
 -1.12 -1.55 -1.68 -1.36 -0.57  0.45  1.37  1.94  2.09  1.81  1.14  0.17 02102002 12
 -0.86 -1.61 -2.07 -2.19 -1.71 -0.66  0.61  1.62  2.11  2.06  1.48  0.58 03102002 00
 -0.50 -1.49 -2.08 -2.32 -2.04 -1.08  0.31  1.59  2.40  2.58  2.10  1.09 03102002 12
 -0.14 -1.42 -2.31 -2.83 -2.91 -2.25 -0.82  0.82  2.06  2.69  2.58  1.75 04102002 00
  0.57 -0.78 -1.95 -2.63 -2.86 -2.41 -1.08  0.72  2.23  3.12  3.20  2.42 04102002 12
  1.15 -0.37 -1.80 -2.75 -3.30 -3.27 -2.28 -0.43  1.44  2.74  3.30  2.94 05102002 00
  1.75  0.30 -1.31 -2.52 -3.20 -3.33 -2.58 -0.83  1.27  2.82  3.63  3.50 05102002 12
  2.35  0.85 -0.92 -2.42 -3.38 -3.86 -3.57 -2.11  0.12  2.10  3.28  3.64 06102002 00
  2.92  1.42 -0.25 -1.96 -3.09 -3.68 -3.62 -2.43 -0.23  1.96  3.41  4.03 06102002 12
  3.60  2.18  0.48 -1.43 -2.83 -3.69 -4.03 -3.40 -1.45  0.95  2.80  3.76 07102002 00
  3.82  2.72  1.08 -0.76 -2.40 -3.41 -3.88 -3.51 -1.86  0.57  2.68  3.89 07102002 12
  4.25  3.43  1.83 -0.00 -1.84 -3.06 -3.78 -3.89 -2.81 -0.56  1.80  3.39 08102002 00
  4.06  3.72  2.30  0.58 -1.35 -2.77 -3.59 -3.81 -3.08 -1.10  1.26  3.05 08102002 12
  4.02  4.02  2.86  1.25 -0.64 -2.30 -3.35 -3.91 -3.69 -2.19  0.12  2.20 09102002 00
  3.42  3.83  3.19  1.68 -0.02 -1.82 -3.03 -3.67 -3.71 -2.68 -0.58  1.61 09102002 12
  3.12  3.80  3.53  2.25  0.69 -1.07 -2.45 -3.28 -3.61 -3.07 -1.40  0.77 10102002 00
  2.45  3.37  3.47  2.56  1.12 -0.51 -2.00 -2.93 -3.39 -3.21 -2.00 -0.05 10102002 12
  1.78  2.97  3.40  2.88  1.65  0.23 -1.32 -2.41 -3.01 -3.10 -2.32 -0.71 11102002 00
  1.09  2.39  3.04  2.88  1.95  0.71 -0.72 -1.90 -2.59 -2.88 -2.55 -1.38 11102002 12
  0.30  1.75  2.62  2.82  2.28  1.26  0.06 -1.15 -1.92 -2.31 -2.31 -1.65 12102002 00
 -0.34  1.11  2.14  2.57  2.32  1.53  0.50 -0.68 -1.62 -2.15 -2.39 -2.11 12102002 12
 -1.18  0.11  1.26  1.96  2.10  1.71  0.96  0.04 -0.91 -1.54 -1.86 -1.86 13102002 00
 -1.34 -0.39  0.67  1.49  1.84  1.68  1.12  0.32 -0.57 -1.29 -1.70 -1.90 13102002 12
 -1.80 -1.24 -0.27  0.73  1.43  1.65  1.53  1.08  0.39 -0.42 -1.06 -1.40 14102002 00
 -1.50 -1.30 -0.69  0.15  0.96  1.43  1.55  1.35  0.86  0.16 -0.63 -1.26 14102002 12
 -1.65 -1.81 -1.54 -0.90 -0.05  0.75  1.22  1.34  1.16  0.68  0.00 -0.74 15102002 00
 -1.28 -1.57 -1.60 -1.23 -0.50  0.39  1.11  1.48  1.50  1.20  0.57 -0.25 15102002 12
 -1.06 -1.61 -1.87 -1.79 -1.25 -0.33  0.65  1.39  1.70  1.57  1.09  0.38 16102002 00
 -0.45 -1.17 -1.59 -1.71 -1.39 -0.58  0.46  1.39  1.91  1.94  1.51  0.75 16102002 12
 -0.19 -1.11 -1.74 -2.08 -2.00 -1.33 -0.21  0.97  1.84  2.16  1.94  1.26 17102002 00
  0.35 -0.68 -1.48 -1.88 -1.91 -1.40 -0.34  0.92  1.93  2.44  2.33  1.64 17102002 12
  0.65 -0.53 -1.55 -2.17 -2.43 -2.17 -1.20  0.18  1.44  2.23  2.37  1.87 18102002 00
  0.91 -0.22 -1.36 -2.09 -2.38 -2.17 -1.28  0.11  1.47  2.40  2.70  2.27 18102002 12
  1.28  0.09 -1.20 -2.12 -2.61 -2.67 -2.00 -0.61  0.97  2.14  2.71  2.51 19102002 00
  1.62  0.45 -0.87 -1.96 -2.54 -2.65 -2.09 -0.77  0.86  2.13  2.81  2.75 19102002 12
  1.91  0.70 -0.70 -1.95 -2.71 -3.03 -2.72 -1.50  0.24  1.75  2.67  2.88 20102002 00
  2.25  1.05 -0.35 -1.73 -2.65 -3.06 -2.83 -1.70  0.10  1.74  2.72  3.03 20102002 12
  2.57  1.51  0.17 -1.35 -2.41 -2.95 -2.92 -2.01 -0.33  1.47  2.74  3.32 21102002 00
  3.03  1.95  0.60 -0.91 -2.01 -2.57 -2.67 -2.01 -0.45  1.40  2.75  3.39 21102002 12
  3.22  2.26  0.95 -0.63 -1.92 -2.67 -2.96 -2.52 -1.06  0.88  2.51  3.44 22102002 00
  3.52  2.69  1.44 -0.05 -1.45 -2.30 -2.71 -2.52 -1.37  0.44  2.13  3.18 22102002 12
  3.45  2.78  1.54  0.11 -1.35 -2.31 -2.82 -2.80 -1.87 -0.12  1.71  2.97 23102002 00
  3.51  3.13  1.98  0.63 -0.91 -2.06 -2.66 -2.76 -2.03 -0.44  1.30  2.60 23102002 12
  3.27  3.09  2.05  0.69 -0.86 -2.08 -2.78 -3.03 -2.57 -1.14  0.70  2.24 24102002 00
  3.13  3.24  2.47  1.21 -0.24 -1.59 -2.43 -2.73 -2.31 -1.08  0.59  2.12 24102002 12
  3.13  3.40  2.86  1.70  0.28 -1.14 -2.03 -2.45 -2.30 -1.31  0.29  1.92 25102002 00
  3.03  3.42  3.07  2.09  0.84 -0.56 -1.53 -2.03 -2.11 -1.44  0.03  1.63 25102002 12
  2.86  3.42  3.20  2.32  1.10 -0.36 -1.50 -2.19 -2.49 -2.15 -1.01  0.52 26102002 00
  1.86  2.67  2.76  2.12  1.06 -0.17 -1.38 -2.12 -2.43 -2.21 -1.27  0.19 26102002 12
  1.65  2.68  3.00  2.64  1.80  0.80 -0.24 -0.93 -1.23 -1.03 -0.32  0.73 27102002 00
  1.66  2.40  2.59  2.28  1.61  0.55 -0.69 -1.63 -2.21 -2.39 -2.01 -1.10 27102002 12
  0.14  1.32  2.06  2.18  1.73  0.92 -0.02 -0.99 -1.61 -1.86 -1.81 -1.22 28102002 00
 -0.17  0.96  1.76  2.04  1.81  1.15  0.30 -0.66 -1.41 -1.85 -2.06 -1.81 28102002 12
 -1.01  0.08  1.03  1.62  1.70  1.36  0.74 -0.01 -0.79 -1.29 -1.52 -1.47 29102002 00
 -1.00 -0.18  0.77  1.51  1.83  1.71  1.21  0.50 -0.35 -1.10 -1.60 -1.89 29102002 12
 -1.79 -1.19 -0.27  0.64  1.29  1.52  1.38  0.94  0.30 -0.46 -1.07 -1.42 30102002 00
 -1.56 -1.34 -0.66  0.26  1.13  1.65  1.74  1.45  0.86  0.06 -0.81 -1.48 30102002 12
 -1.91 -2.07 -1.71 -0.87  0.22  1.14  1.66  1.75  1.47  0.83 -0.00 -0.87 31102002 00
 -1.45 -1.76 -1.75 -1.21 -0.21  0.91  1.78  2.14  1.99  1.39  0.51 -0.56 31102002 12
 -1.49 -2.09 -2.39 -2.19 -1.30  0.02  1.27  2.14  2.44  2.14  1.40  0.42 01112002 00
 -0.70 -1.54 -2.02 -2.07 -1.41 -0.12  1.32  2.43  2.93  2.74  1.95  0.80 01112002 12
 -0.55 -1.68 -2.43 -2.85 -2.69 -1.63 -0.00  1.53  2.53  2.87  2.42  1.38 02112002 00
  0.12 -1.24 -2.20 -2.69 -2.59 -1.69 -0.12  1.54  2.78  3.44  3.31  2.40 02112002 12
  1.05 -0.55 -1.83 -2.61 -2.93 -2.48 -1.00  0.96  2.65  3.61  3.72  2.96 03112002 00
  1.70  0.10 -1.43 -2.43 -2.95 -2.82 -1.62  0.35  2.25  3.48  3.95  3.38 03112002 12
  2.04  0.42 -1.31 -2.54 -3.33 -3.61 -2.92 -1.09  1.13  2.78  3.63  3.59 04112002 00
  2.50  0.98 -0.78 -2.28 -3.20 -3.62 -3.23 -1.62  0.67  2.61  3.74  4.04 04112002 12
  3.23  1.72 -0.06 -1.83 -3.00 -3.69 -3.77 -2.67 -0.49  1.74  3.22  3.85 05112002 00
  3.45  2.06  0.42 -1.42 -2.78 -3.59 -3.85 -3.08 -1.05  1.32  3.06  4.02 05112002 12
  4.03  2.96  1.39 -0.51 -2.11 -3.05 -3.53 -3.34 -1.91  0.37  2.48  3.74 06112002 00
  4.10  3.31  1.77  0.04 -1.73 -2.89 -3.55 -3.64 -2.59 -0.43  1.80  3.31 06112002 12
  3.98  3.63  2.27  0.66 -1.17 -2.52 -3.32 -3.65 -3.08 -1.28  1.04  2.79 07112002 00
  3.76  3.84  2.81  1.30 -0.45 -2.03 -3.02 -3.55 -3.42 -2.11  0.03  2.03 07112002 12
  3.27  3.69  3.07  1.67  0.11 -1.55 -2.66 -3.24 -3.27 -2.30 -0.39  1.67 08112002 00
  3.10  3.81  3.61  2.55  1.20 -0.52 -1.84 -2.63 -3.02 -2.72 -1.36  0.55 08112002 12
  2.16  3.08  3.19  2.41  1.16 -0.26 -1.64 -2.51 -2.93 -2.76 -1.69  0.04 09112002 00
  1.69  2.79  3.21  2.78  1.71  0.41 -1.03 -2.06 -2.64 -2.82 -2.30 -0.96 09112002 12
  0.68  1.98  2.67  2.63  1.91  0.86 -0.35 -1.44 -2.02 -2.15 -1.75 -0.73 10112002 00
  0.65  1.89  2.66  2.82  2.35  1.47  0.36 -0.80 -1.60 -2.09 -2.24 -1.70 10112002 12
 -0.53  0.79  1.82  2.32  2.26  1.71  0.88 -0.11 -0.99 -1.49 -1.65 -1.37 11112002 00
 -0.54  0.58  1.64  2.29  2.46  2.10  1.38  0.46 -0.46 -1.07 -1.44 -1.61 11112002 12
 -1.32 -0.46  0.51  1.31  1.71  1.74  1.38  0.85  0.14 -0.53 -0.92 -1.12 12112002 00
 -1.04 -0.50  0.36  1.20  1.79  2.05  1.91  1.39  0.67 -0.14 -0.81 -1.30 12112002 12
 -1.59 -1.48 -0.89 -0.08  0.79  1.41  1.63  1.57  1.19  0.59 -0.12 -0.69 13112002 00
 -1.00 -1.07 -0.80 -0.12  0.72  1.46  1.86  1.86  1.48  0.87  0.08 -0.68 13112002 12
 -1.25 -1.62 -1.68 -1.23 -0.39  0.58  1.37  1.76  1.79  1.51  0.92  0.15 14112002 00
 -0.57 -0.95 -1.05 -0.87 -0.24  0.67  1.54  2.11  2.20  1.87  1.22  0.32 14112002 12
 -0.61 -1.28 -1.68 -1.77 -1.29 -0.35  0.72  1.58  2.01  2.00  1.56  0.82 15112002 00
 -0.11 -0.95 -1.42 -1.56 -1.27 -0.44  0.61  1.57  2.15  2.19  1.68  0.82 15112002 12
 -0.24 -1.24 -1.90 -2.25 -2.19 -1.51 -0.31  0.94  1.85  2.23  2.00  1.28 16112002 00
  0.34 -0.73 -1.57 -1.99 -2.05 -1.54 -0.45  0.87  1.90  2.41  2.27  1.52 16112002 12
  0.47 -0.73 -1.75 -2.33 -2.53 -2.15 -1.07  0.40  1.68  2.46  2.58  2.04 17112002 00
  1.05 -0.13 -1.30 -2.04 -2.36 -2.17 -1.26  0.15  1.52  2.42  2.68  2.21 17112002 12
  1.21 -0.02 -1.31 -2.20 -2.63 -2.59 -1.80 -0.33  1.25  2.39  2.91  2.66 18112002 00
  1.74  0.56 -0.80 -1.86 -2.44 -2.57 -2.00 -0.68  0.93  2.17  2.80  2.70 18112002 12
  1.85  0.62 -0.78 -1.98 -2.67 -2.94 -2.56 -1.29  0.47  1.95  2.84  2.99 19112002 00
  2.34  1.21 -0.17 -1.54 -2.41 -2.83 -2.64 -1.56  0.11  1.70  2.71  3.03 19112002 12
  2.47  1.29 -0.07 -1.50 -2.45 -2.93 -2.88 -1.96 -0.29  1.43  2.62  3.20 20112002 00
  2.96  1.94  0.62 -0.88 -2.01 -2.63 -2.77 -2.12 -0.61  1.19  2.58  3.30 20112002 12
  3.21  2.31  1.02 -0.50 -1.77 -2.48 -2.73 -2.32 -1.03  0.71  2.23  3.17 21112002 00
  3.34  2.66  1.43 -0.00 -1.39 -2.24 -2.64 -2.43 -1.29  0.48  2.13  3.15 21112002 12
  3.43  2.90  1.76  0.36 -1.12 -2.13 -2.67 -2.69 -1.83 -0.19  1.56  2.80 22112002 00
  3.37  3.13  2.15  0.87 -0.63 -1.80 -2.45 -2.63 -2.06 -0.66  1.06  2.44 22112002 12
  3.18  3.13  2.29  1.05 -0.38 -1.63 -2.37 -2.69 -2.37 -1.15  0.60  2.15 23112002 00
  3.09  3.32  2.73  1.59  0.22 -1.18 -2.10 -2.57 -2.52 -1.63 -0.07  1.52 23112002 12
  2.61  3.01  2.64  1.68  0.47 -0.90 -1.90 -2.41 -2.46 -1.80 -0.42  1.17 24112002 00
  2.39  3.02  2.90  2.09  0.96 -0.41 -1.59 -2.27 -2.58 -2.29 -1.21  0.33 24112002 12
  1.70  2.54  2.70  2.15  1.13 -0.03 -1.20 -1.94 -2.26 -2.16 -1.35  0.03 25112002 00
  1.44  2.42  2.79  2.48  1.63  0.53 -0.73 -1.67 -2.20 -2.38 -1.95 -0.84 25112002 12
  0.56  1.74  2.42  2.44  1.88  0.95 -0.14 -1.16 -1.75 -1.98 -1.77 -0.92 26112002 00
  0.36  1.58  2.39  2.60  2.23  1.46  0.48 -0.63 -1.41 -1.87 -2.00 -1.52 26112002 12
 -0.50  0.68  1.63  2.17  2.22  1.82  1.06  0.05 -0.87 -1.42 -1.64 -1.43 27112002 00
 -0.61  0.51  1.58  2.31  2.51  2.26  1.66  0.74 -0.32 -1.13 -1.65 -1.85 27112002 12
 -1.52 -0.63  0.47  1.45  2.02  2.15  1.87  1.25  0.38 -0.54 -1.14 -1.45 28112002 00
 -1.46 -0.95  0.00  1.07  1.94  2.30  2.18  1.59  0.74 -0.28 -1.18 -1.79 28112002 12
 -2.16 -2.06 -1.34 -0.24  0.89  1.72  2.07  1.92  1.35  0.55 -0.40 -1.20 29112002 00
 -1.67 -1.82 -1.49 -0.58  0.61  1.66  2.26  2.31  1.81  0.95 -0.14 -1.25 29112002 12
 -2.02 -2.50 -2.57 -1.98 -0.79  0.58  1.67  2.24  2.20  1.62  0.72 -0.34 30112002 00
 -1.29 -1.84 -2.04 -1.73 -0.77  0.59  1.85  2.60  2.70  2.18  1.18 -0.05 30112002 12
 -1.33 -2.23 -2.82 -2.96 -2.30 -0.86  0.80  2.14  2.88  2.92  2.31  1.22 01122002 00
 -0.11 -1.27 -1.95 -2.26 -1.93 -0.65  1.09  2.56  3.49  3.72  3.18  2.11 01122002 12
  0.63 -0.77 -1.69 -2.26 -2.44 -1.83 -0.32  1.44  2.77  3.41  3.20  2.17 02122002 00
  0.89 -0.60 -1.79 -2.54 -2.88 -2.47 -0.96  1.08  2.66  3.57  3.65  2.71 02122002 12
  1.34 -0.28 -1.72 -2.66 -3.26 -3.31 -2.32 -0.41  1.53  2.89  3.48  3.12 03122002 00
  1.91  0.43 -1.22 -2.46 -3.15 -3.32 -2.61 -0.86  1.24  2.76  3.57  3.52 03122002 12
  2.48  1.08 -0.63 -2.09 -2.98 -3.39 -3.04 -1.60  0.46  2.32  3.49  3.82 04122002 00
  3.09  1.69  0.08 -1.57 -2.70 -3.38 -3.48 -2.51 -0.50  1.58  2.98  3.62 04122002 12
  3.32  2.06  0.51 -1.23 -2.57 -3.39 -3.70 -3.15 -1.44  0.77  2.46  3.40 05122002 00
  3.49  2.53  1.03 -0.66 -2.23 -3.23 -3.75 -3.60 -2.32 -0.23  1.76  2.97 05122002 12
  3.42  2.88  1.49 -0.08 -1.74 -2.91 -3.55 -3.62 -2.74 -0.83  1.22  2.69 06122002 00
  3.39  3.18  2.02  0.52 -1.15 -2.53 -3.38 -3.73 -3.31 -1.83  0.24  1.95 06122002 12
  2.94  3.14  2.36  0.96 -0.56 -2.05 -3.00 -3.45 -3.26 -2.10 -0.18  1.64 07122002 00
  2.81  3.27  2.78  1.54  0.08 -1.51 -2.66 -3.32 -3.50 -2.88 -1.28  0.60 07122002 12
  2.01  2.75  2.71  1.81  0.50 -0.92 -2.18 -2.92 -3.16 -2.75 -1.44  0.34 08122002 00
  1.85  2.74  2.94  2.30  1.12 -0.26 -1.64 -2.55 -3.05 -3.07 -2.32 -0.82 08122002 12
  0.79  1.93  2.46  2.19  1.26  0.09 -1.18 -2.20 -2.73 -2.79 -2.21 -0.93 09122002 00
  0.59  1.78  2.46  2.44  1.74  0.65 -0.60 -1.75 -2.48 -2.84 -2.74 -1.95 09122002 12
 -0.61  0.72  1.59  1.93  1.61  0.80 -0.20 -1.25 -2.05 -2.44 -2.40 -1.84 10122002 00
 -0.75  0.52  1.49  2.02  1.93  1.29  0.33 -0.74 -1.68 -2.24 -2.48 -2.34 10122002 12
 -1.66 -0.53  0.58  1.33  1.58  1.28  0.62 -0.20 -1.05 -1.69 -1.97 -1.90 11122002 00
 -1.40 -0.49  0.54  1.32  1.73  1.62  1.13  0.37 -0.55 -1.38 -1.89 -2.15 11122002 12
 -2.02 -1.42 -0.45  0.53  1.22  1.45  1.26  0.76  0.08 -0.67 -1.25 -1.52 12122002 00
 -1.51 -1.12 -0.41  0.50  1.26  1.64  1.61  1.22  0.56 -0.24 -1.01 -1.55 12122002 12
 -1.85 -1.82 -1.30 -0.45  0.45  1.14  1.43  1.35  0.96  0.34 -0.40 -1.03 13122002 00
 -1.39 -1.50 -1.27 -0.61  0.27  1.07  1.53  1.57  1.22  0.60 -0.20 -1.01 13122002 12
 -1.58 -1.90 -1.91 -1.45 -0.60  0.37  1.15  1.52  1.46  1.06  0.38 -0.41 14122002 00
 -1.12 -1.55 -1.72 -1.53 -0.86  0.10  0.99  1.53  1.60  1.24  0.54 -0.32 14122002 12
 -1.19 -1.81 -2.14 -2.12 -1.60 -0.59  0.51  1.35  1.76  1.66  1.17  0.39 15122002 00
 -0.50 -1.28 -1.69 -1.80 -1.48 -0.69  0.39  1.36  1.90  1.90  1.42  0.60 15122002 12
 -0.38 -1.33 -1.94 -2.23 -2.07 -1.33 -0.14  1.05  1.89  2.19  1.91  1.17 16122002 00
  0.20 -0.87 -1.67 -2.08 -2.11 -1.60 -0.54  0.72  1.68  2.14  1.96  1.22 16122002 12
  0.22 -0.91 -1.87 -2.41 -2.58 -2.21 -1.18  0.25  1.48  2.21  2.31  1.78 17122002 00
  0.80 -0.35 -1.48 -2.20 -2.52 -2.35 -1.52 -0.17  1.17  2.06  2.33  1.90 17122002 12
  0.91 -0.26 -1.49 -2.36 -2.79 -2.74 -2.00 -0.61  0.91  2.03  2.58  2.40 18122002 00
  1.55  0.39 -0.92 -2.00 -2.58 -2.72 -2.24 -1.02  0.54  1.79  2.47  2.43 18122002 12
  1.67  0.51 -0.80 -2.01 -2.73 -3.01 -2.68 -1.55  0.11  1.60  2.56  2.84 19122002 00
  2.30  1.20 -0.11 -1.45 -2.36 -2.81 -2.75 -1.90 -0.34  1.29  2.41  2.86 19122002 12
  2.52  1.47  0.18 -1.21 -2.25 -2.80 -2.86 -2.20 -0.71  1.04  2.39  3.10 20122002 00
  3.01  2.11  0.85 -0.62 -1.87 -2.62 -2.94 -2.60 -1.35  0.41  1.92  2.83 20122002 12
  2.97  2.26  1.04 -0.38 -1.76 -2.64 -3.05 -2.86 -1.77 -0.00  1.66  2.76 21122002 00
  3.18  2.72  1.57  0.19 -1.31 -2.38 -2.99 -3.08 -2.35 -0.75  1.07  2.41 21122002 12
  3.07  2.89  1.95  0.73 -0.70 -1.89 -2.57 -2.79 -2.26 -0.84  0.99  2.46 22122002 00
  3.30  3.33  2.50  1.25 -0.27 -1.66 -2.52 -2.98 -2.88 -1.87 -0.14  1.54 22122002 12
  2.65  3.06  2.61  1.48  0.18 -1.24 -2.22 -2.66 -2.62 -1.80 -0.19  1.55 23122002 00
  2.80  3.38  3.16  2.24  0.96 -0.55 -1.76 -2.46 -2.77 -2.37 -1.04  0.70 23122002 12
  2.15  2.99  3.08  2.41  1.29 -0.05 -1.31 -2.07 -2.38 -2.10 -0.97  0.69 24122002 00
  2.22  3.20  3.45  2.97  1.95  0.62 -0.83 -1.84 -2.46 -2.69 -2.16 -0.82 24122002 12
  0.78  2.05  2.71  2.65  1.91  0.82 -0.45 -1.56 -2.20 -2.44 -2.09 -0.97 25122002 00
  0.57  1.94  2.78  2.94  2.39  1.35  0.09 -1.18 -2.03 -2.54 -2.63 -1.98 25122002 12
 -0.65  0.85  1.99  2.54  2.39  1.67  0.67 -0.46 -1.41 -1.91 -2.07 -1.68 26122002 00
 -0.60  0.84  2.09  2.83  2.93  2.39  1.44  0.25 -0.93 -1.73 -2.20 -2.32 26122002 12
 -1.73 -0.53  0.83  1.91  2.45  2.40  1.81  0.96 -0.07 -0.99 -1.49 -1.68 27122002 00
 -1.42 -0.52  0.72  1.89  2.62  2.74  2.28  1.45  0.36 -0.76 -1.56 -2.08 27122002 12
 -2.28 -1.83 -0.74  0.60  1.71  2.30  2.31  1.81  1.00 -0.01 -0.98 -1.58 28122002 00
 -1.86 -1.71 -0.95  0.24  1.45  2.29  2.57  2.30  1.53  0.50 -0.67 -1.56 28122002 12
 -2.13 -2.39 -2.06 -1.07  0.25  1.42  2.17  2.35  2.02  1.29  0.28 -0.81 29122002 00
 -1.58 -1.94 -1.88 -1.22 -0.05  1.24  2.25  2.77  2.69  1.97  0.90 -0.33 29122002 12
 -1.32 -1.94 -2.33 -2.21 -1.29  0.13  1.47  2.33  2.60  2.25  1.39  0.29 30122002 00
 -0.92 -1.81 -2.31 -2.40 -1.82 -0.57  0.93  2.11  2.73  2.64  1.88  0.77 30122002 12
 -0.52 -1.66 -2.40 -2.81 -2.64 -1.65 -0.09  1.42  2.43  2.80  2.41  1.43 31122002 00
  0.21 -1.14 -2.13 -2.67 -2.76 -2.12 -0.67  1.01  2.28  2.94  2.83  2.03 31122002 12
