Parameter Z: CS3X Location (100, 86) Lat 53.500 Lon -3.417
  1.87  2.66  2.73  1.93  0.65 -0.72 -1.80 -2.49 -2.80 -2.45 -1.22  0.44 01012009 00
  1.87  2.78  2.99  2.32  1.08 -0.35 -1.56 -2.38 -2.90 -2.89 -2.05 -0.55 01012009 12
  1.00  2.14  2.64  2.35  1.31  0.01 -1.23 -2.08 -2.58 -2.66 -2.00 -0.61 02012009 00
  0.93  2.11  2.74  2.62  1.71  0.43 -0.89 -1.91 -2.59 -2.93 -2.66 -1.58 02012009 12
 -0.07  1.29  2.20  2.45  1.92  0.84 -0.39 -1.44 -2.12 -2.46 -2.30 -1.42 03012009 00
 -0.02  1.32  2.27  2.66  2.30  1.32  0.08 -1.09 -1.94 -2.50 -2.68 -2.21 03012009 12
 -1.05  0.35  1.53  2.23  2.26  1.61  0.57 -0.55 -1.44 -2.00 -2.26 -2.00 04012009 00
 -1.05  0.26  1.46  2.26  2.48  2.01  1.05 -0.09 -1.12 -1.87 -2.36 -2.46 04012009 12
 -1.92 -0.78  0.49  1.53  2.09  2.03  1.38  0.40 -0.64 -1.45 -2.00 -2.26 05012009 00
 -2.02 -1.13  0.09  1.20  1.95  2.15  1.73  0.86 -0.20 -1.15 -1.85 -2.30 05012009 12
 -2.40 -1.90 -0.85  0.33  1.35  1.93  1.94  1.38  0.49 -0.50 -1.30 -1.86 06012009 00
 -2.16 -2.03 -1.28 -0.14  0.98  1.80  2.12  1.87  1.13  0.14 -0.82 -1.58 06012009 12
 -2.10 -2.33 -2.01 -1.06  0.15  1.25  1.97  2.14  1.71  0.86 -0.17 -1.08 07012009 00
 -1.76 -2.19 -2.23 -1.63 -0.50  0.73  1.73  2.25  2.17  1.48  0.45 -0.64 07012009 12
 -1.53 -2.16 -2.52 -2.37 -1.48 -0.16  1.16  2.10  2.45  2.11  1.20  0.04 08012009 00
 -1.06 -1.90 -2.47 -2.65 -2.17 -0.97  0.48  1.73  2.47  2.53  1.85  0.72 08012009 12
 -0.53 -1.58 -2.33 -2.78 -2.71 -1.78 -0.24  1.32  2.45  2.93  2.62  1.58 09012009 00
  0.22 -1.09 -2.07 -2.75 -3.03 -2.55 -1.16  0.54  2.01  2.88  3.00  2.26 09012009 12
  0.99 -0.46 -1.68 -2.53 -3.01 -2.85 -1.66  0.16  1.86  3.06  3.54  3.11 10012009 00
  1.90  0.41 -1.00 -2.07 -2.82 -3.07 -2.39 -0.72  1.21  2.78  3.65  3.68 10012009 12
  2.73  1.27 -0.33 -1.62 -2.53 -3.05 -2.73 -1.24  0.76  2.59  3.80  4.22 11012009 00
  3.59  2.23  0.52 -1.00 -2.13 -2.96 -3.16 -2.22 -0.34  1.70  3.29  4.08 11012009 12
  3.93  2.83  1.28 -0.32 -1.56 -2.46 -2.89 -2.38 -0.75  1.33  3.12  4.11 12012009 00
  4.19  3.15  1.50 -0.28 -1.75 -2.87 -3.64 -3.69 -2.51 -0.40  1.75  3.27 12012009 12
  3.90  3.57  2.16  0.45 -1.20 -2.38 -3.21 -3.51 -2.70 -0.73  1.53  3.19 13012009 00
  4.08  4.03  2.81  1.10 -0.70 -2.10 -3.14 -3.80 -3.63 -2.22 -0.04  1.99 13012009 12
  3.28  3.71  3.12  1.54 -0.19 -1.75 -2.79 -3.47 -3.50 -2.34 -0.20  1.90 14012009 00
  3.35  4.02  3.72  2.35  0.64 -1.08 -2.36 -3.29 -3.73 -3.18 -1.46  0.73 14012009 12
  2.49  3.56  3.79  2.95  1.44 -0.20 -1.58 -2.49 -3.01 -2.70 -1.20  0.85 15012009 00
  2.62  3.77  4.15  3.45  2.06  0.39 -1.09 -2.19 -2.99 -3.21 -2.42 -0.70 15012009 12
  1.22  2.69  3.40  3.24  2.13  0.65 -0.83 -1.92 -2.65 -2.97 -2.46 -0.93 16012009 00
  0.93  2.46  3.41  3.58  2.82  1.53  0.05 -1.20 -2.11 -2.71 -2.74 -1.79 16012009 12
 -0.19  1.43  2.61  3.09  2.77  1.74  0.46 -0.72 -1.56 -2.09 -2.21 -1.62 17012009 00
 -0.27  1.23  2.41  3.03  2.98  2.26  1.20  0.12 -0.77 -1.40 -1.67 -1.32 17012009 12
 -0.31  0.99  2.24  3.00  3.04  2.40  1.33  0.16 -0.75 -1.43 -1.92 -1.99 18012009 00
 -1.34 -0.20  1.08  2.17  2.75  2.69  1.97  0.89 -0.19 -1.03 -1.64 -1.99 18012009 12
 -1.80 -0.95  0.23  1.33  2.06  2.24  1.87  1.14  0.30 -0.38 -0.82 -1.05 19012009 00
 -1.00 -0.50  0.43  1.41  2.18  2.47  2.18  1.45  0.57 -0.24 -0.87 -1.32 19012009 12
 -1.55 -1.33 -0.58  0.42  1.32  1.87  2.00  1.75  1.19  0.43 -0.27 -0.82 20012009 00
 -1.23 -1.36 -1.00 -0.19  0.73  1.47  1.84  1.80  1.42  0.79  0.08 -0.52 20012009 12
 -1.01 -1.36 -1.34 -0.83 -0.07  0.74  1.40  1.67  1.54  1.10  0.42 -0.29 21012009 00
 -0.91 -1.35 -1.53 -1.27 -0.52  0.39  1.19  1.71  1.85  1.57  0.97  0.21 21012009 12
 -0.50 -1.03 -1.35 -1.32 -0.74  0.24  1.28  2.12  2.56  2.49  1.99  1.19 22012009 00
  0.29 -0.51 -1.14 -1.51 -1.41 -0.74  0.24  1.22  1.86  2.05  1.78  1.13 22012009 12
  0.31 -0.43 -1.01 -1.41 -1.49 -0.99  0.02  1.13  2.02  2.44  2.31  1.68 23012009 00
  0.74 -0.24 -1.01 -1.55 -1.80 -1.55 -0.66  0.54  1.68  2.43  2.54  1.99 23012009 12
  1.05 -0.00 -0.89 -1.53 -1.93 -1.87 -1.07  0.24  1.54  2.50  2.89  2.58 24012009 00
  1.68  0.50 -0.64 -1.52 -2.10 -2.28 -1.76 -0.51  0.93  2.11  2.76  2.74 24012009 12
  2.05  1.00 -0.16 -1.13 -1.80 -2.05 -1.56 -0.27  1.22  2.42  3.17  3.23 25012009 00
  2.57  1.45  0.16 -0.95 -1.75 -2.21 -2.08 -1.09  0.40  1.87  2.87  3.13 25012009 12
  2.56  1.41  0.07 -1.15 -2.05 -2.63 -2.66 -1.80 -0.24  1.39  2.60  3.16 26012009 00
  2.86  1.79  0.39 -0.99 -2.06 -2.80 -3.15 -2.71 -1.27  0.51  2.00  2.85 26012009 12
  2.94  2.12  0.78 -0.65 -1.79 -2.52 -2.85 -2.47 -1.11  0.70  2.24  3.21 27012009 00
  3.43  2.70  1.36 -0.20 -1.55 -2.51 -3.13 -3.15 -2.17 -0.40  1.38  2.67 27012009 12
  3.22  2.83  1.58  0.08 -1.35 -2.34 -2.95 -3.04 -2.17 -0.42  1.46  2.80 28012009 00
  3.49  3.28  2.12  0.59 -0.97 -2.15 -2.95 -3.34 -2.91 -1.41  0.52  2.14 28012009 12
  3.08  3.23  2.36  0.89 -0.66 -1.93 -2.74 -3.13 -2.80 -1.40  0.55  2.22 29012009 00
  3.29  3.61  2.90  1.50 -0.09 -1.49 -2.48 -3.13 -3.17 -2.16 -0.34  1.48 29012009 12
  2.79  3.41  3.07  1.85  0.34 -1.13 -2.15 -2.79 -2.91 -2.08 -0.35  1.52 30012009 00
  2.94  3.63  3.45  2.36  0.86 -0.67 -1.87 -2.72 -3.14 -2.77 -1.37  0.46 30012009 12
  2.06  3.05  3.23  2.43  1.05 -0.47 -1.74 -2.59 -3.03 -2.79 -1.54  0.26 31012009 00
  1.87  2.95  3.31  2.72  1.44 -0.07 -1.44 -2.40 -3.05 -3.18 -2.38 -0.74 31012009 12
  1.00  2.29  2.91  2.70  1.64  0.26 -1.14 -2.15 -2.80 -3.02 -2.43 -0.96 01022009 00
  0.73  2.09  2.87  2.93  2.11  0.82 -0.61 -1.75 -2.52 -2.94 -2.76 -1.70 01022009 12
 -0.12  1.32  2.34  2.68  2.23  1.14 -0.16 -1.33 -2.10 -2.53 -2.50 -1.75 02022009 00
 -0.37  1.09  2.22  2.78  2.60  1.69  0.46 -0.74 -1.64 -2.27 -2.58 -2.32 02022009 12
 -1.29  0.10  1.38  2.19  2.37  1.87  0.87 -0.25 -1.19 -1.85 -2.22 -2.14 03022009 00
 -1.39 -0.15  1.06  1.96  2.37  2.19  1.48  0.49 -0.53 -1.33 -1.86 -2.08 03022009 12
 -1.74 -0.76  0.43  1.48  2.15  2.29  1.88  1.12  0.18 -0.68 -1.33 -1.74 04022009 00
 -1.79 -1.26 -0.24  0.87  1.76  2.22  2.14  1.59  0.78 -0.11 -0.88 -1.47 04022009 12
 -1.85 -1.79 -1.12 -0.09  0.96  1.76  2.11  1.95  1.35  0.50 -0.36 -1.08 05022009 00
 -1.61 -1.88 -1.69 -0.90  0.17  1.19  1.91  2.16  1.87  1.18  0.27 -0.61 05022009 12
 -1.36 -1.91 -2.15 -1.82 -0.89  0.28  1.35  1.99  2.12  1.69  0.83 -0.17 06022009 00
 -1.08 -1.80 -2.27 -2.34 -1.75 -0.58  0.73  1.83  2.42  2.39  1.73  0.70 06022009 12
 -0.42 -1.35 -2.03 -2.40 -2.23 -1.28  0.13  1.49  2.47  2.82  2.40  1.35 07022009 00
  0.04 -1.17 -2.10 -2.74 -2.98 -2.49 -1.17  0.43  1.83  2.66  2.75  2.01 07022009 12
  0.77 -0.58 -1.69 -2.45 -2.85 -2.61 -1.41  0.35  1.96  3.06  3.45  2.91 08022009 00
  1.67  0.14 -1.26 -2.31 -3.04 -3.24 -2.51 -0.85  1.06  2.60  3.46  3.44 08022009 12
  2.42  0.94 -0.62 -1.84 -2.69 -3.13 -2.75 -1.23  0.80  2.54  3.62  3.88 09022009 00
  3.05  1.56 -0.15 -1.62 -2.70 -3.43 -3.53 -2.51 -0.52  1.51  3.01  3.69 09022009 12
  3.43  2.09  0.40 -1.25 -2.43 -3.24 -3.56 -2.83 -0.90  1.38  3.07  3.99 10022009 00
  3.98  2.79  1.06 -0.72 -2.14 -3.19 -3.89 -3.79 -2.44 -0.23  1.90  3.26 10022009 12
  3.71  3.14  1.53 -0.25 -1.85 -2.91 -3.59 -3.64 -2.44 -0.23  1.97  3.46 11022009 00
  4.12  3.76  2.28  0.47 -1.32 -2.65 -3.62 -4.11 -3.58 -1.77  0.51  2.38 11022009 12
  3.45  3.59  2.62  0.87 -0.90 -2.37 -3.31 -3.83 -3.48 -1.85  0.48  2.46 12022009 00
  3.67  4.08  3.39  1.77 -0.01 -1.64 -2.78 -3.58 -3.76 -2.76 -0.71  1.42 12022009 12
  2.95  3.63  3.35  1.99  0.26 -1.41 -2.62 -3.41 -3.68 -2.93 -1.04  1.10 13022009 00
  2.72  3.62  3.64  2.56  0.93 -0.77 -2.12 -3.06 -3.61 -3.40 -2.05 -0.04 13022009 12
  1.80  2.96  3.30  2.66  1.19 -0.40 -1.82 -2.75 -3.31 -3.28 -2.16 -0.26 14022009 00
  1.56  2.82  3.37  3.01  1.77  0.25 -1.23 -2.28 -2.99 -3.25 -2.64 -1.11 14022009 12
  0.67  2.07  2.85  2.84  1.93  0.57 -0.84 -1.91 -2.61 -2.94 -2.58 -1.32 15022009 00
  0.36  1.77  2.67  2.87  2.23  1.04 -0.30 -1.43 -2.21 -2.68 -2.65 -1.82 15022009 12
 -0.41  1.01  2.06  2.50  2.19  1.23  0.04 -1.07 -1.84 -2.31 -2.41 -1.86 16022009 00
 -0.68  0.64  1.71  2.30  2.23  1.52  0.48 -0.58 -1.39 -1.92 -2.18 -1.98 16022009 12
 -1.16  0.00  1.07  1.80  1.97  1.56  0.74 -0.21 -1.04 -1.60 -1.93 -1.94 17022009 00
 -1.44 -0.50  0.51  1.29  1.66  1.52  0.94  0.15 -0.63 -1.22 -1.59 -1.75 17022009 12
 -1.53 -0.86  0.01  0.81  1.33  1.44  1.14  0.54 -0.18 -0.82 -1.27 -1.54 18022009 00
 -1.58 -1.24 -0.58  0.17  0.80  1.14  1.12  0.78  0.23 -0.36 -0.84 -1.17 18022009 12
 -1.36 -1.29 -0.86 -0.21  0.46  0.98  1.21  1.12  0.75  0.21 -0.37 -0.87 19022009 00
 -1.25 -1.46 -1.39 -0.97 -0.35  0.28  0.77  0.99  0.91  0.54  0.01 -0.55 19022009 12
 -1.02 -1.32 -1.43 -1.23 -0.65  0.07  0.75  1.22  1.36  1.15  0.63 -0.06 20022009 00
 -0.74 -1.29 -1.66 -1.77 -1.47 -0.75  0.11  0.88  1.33  1.36  0.98  0.34 20022009 12
 -0.42 -1.06 -1.51 -1.76 -1.64 -1.00 -0.02  0.92  1.59  1.83  1.58  0.89 21022009 00
 -0.03 -0.91 -1.60 -2.04 -2.16 -1.75 -0.79  0.34  1.32  1.87  1.85  1.27 21022009 12
  0.36 -0.62 -1.41 -1.93 -2.16 -1.88 -0.96  0.32  1.48  2.22  2.35  1.81 22022009 00
  0.79 -0.39 -1.42 -2.16 -2.61 -2.60 -1.87 -0.56  0.82  1.86  2.32  2.05 22022009 12
  1.12 -0.07 -1.20 -2.02 -2.51 -2.56 -1.90 -0.53  1.00  2.17  2.76  2.59 23022009 00
  1.66  0.35 -0.97 -2.01 -2.72 -3.05 -2.71 -1.46  0.19  1.63  2.53  2.69 23022009 12
  1.98  0.71 -0.68 -1.84 -2.61 -3.00 -2.75 -1.55  0.21  1.76  2.79  3.13 24022009 00
  2.52  1.22 -0.28 -1.65 -2.61 -3.22 -3.29 -2.39 -0.65  1.13  2.45  3.06 24022009 12
  2.78  1.60  0.11 -1.35 -2.39 -3.04 -3.19 -2.41 -0.70  1.22  2.64  3.40 25022009 00
  3.29  2.17  0.63 -0.97 -2.20 -3.05 -3.48 -3.10 -1.62  0.36  2.08  3.11 25022009 12
  3.33  2.51  0.99 -0.61 -1.98 -2.88 -3.38 -3.16 -1.77  0.28  2.12  3.30 26022009 00
  3.68  3.02  1.53 -0.14 -1.66 -2.73 -3.44 -3.56 -2.57 -0.61  1.40  2.87 26022009 12
  3.55  3.29  1.99  0.35 -1.25 -2.39 -3.14 -3.36 -2.59 -0.77  1.32  2.86 27022009 00
  3.68  3.59  2.40  0.75 -0.95 -2.25 -3.14 -3.61 -3.23 -1.70  0.41  2.22 27022009 12
  3.31  3.57  2.76  1.20 -0.47 -1.90 -2.83 -3.36 -3.19 -1.83  0.25  2.15 28022009 00
  3.38  3.80  3.19  1.72  0.05 -1.49 -2.55 -3.26 -3.42 -2.51 -0.63  1.36 28022009 12
  2.82  3.53  3.32  2.09  0.51 -1.08 -2.21 -2.95 -3.23 -2.58 -0.87  1.13 01032009 00
  2.68  3.53  3.55  2.53  1.01 -0.61 -1.88 -2.75 -3.25 -3.03 -1.73  0.14 01032009 12
  1.83  2.95  3.27  2.63  1.26 -0.27 -1.61 -2.51 -3.05 -3.01 -1.99 -0.22 02032009 00
  1.51  2.74  3.31  3.00  1.86  0.43 -0.97 -1.97 -2.61 -2.81 -2.22 -0.79 02032009 12
  0.88  2.21  2.97  2.96  2.09  0.80 -0.57 -1.64 -2.35 -2.71 -2.44 -1.27 03032009 00
  0.34  1.79  2.77  3.09  2.62  1.59  0.33 -0.76 -1.49 -1.92 -1.92 -1.28 03032009 12
 -0.11  1.14  2.17  2.73  2.56  1.77  0.66 -0.47 -1.32 -1.90 -2.18 -1.87 04032009 00
 -0.85  0.43  1.57  2.30  2.43  1.95  1.08  0.06 -0.84 -1.50 -1.92 -1.95 04032009 12
 -1.40 -0.36  0.77  1.68  2.11  1.97  1.33  0.42 -0.50 -1.24 -1.80 -2.15 05032009 00
 -2.07 -1.38 -0.30  0.79  1.59  1.90  1.70  1.10  0.32 -0.44 -1.08 -1.57 05032009 12
 -1.84 -1.69 -0.99 -0.02  0.91  1.57  1.79  1.54  0.93  0.14 -0.65 -1.29 06032009 00
 -1.77 -1.97 -1.69 -0.87  0.16  1.12  1.77  1.97  1.70  1.07  0.25 -0.56 06032009 12
 -1.22 -1.69 -1.86 -1.47 -0.54  0.57  1.54  2.12  2.16  1.68  0.83 -0.17 07032009 00
 -1.06 -1.74 -2.19 -2.20 -1.52 -0.30  1.00  2.02  2.57  2.54  1.97  1.09 07032009 12
  0.13 -0.79 -1.45 -1.75 -1.51 -0.59  0.70  1.98  2.83  2.98  2.45  1.43 08032009 00
  0.19 -0.90 -1.77 -2.38 -2.53 -1.88 -0.47  1.14  2.41  3.02  2.93  2.11 08032009 12
  0.90 -0.41 -1.50 -2.24 -2.59 -2.25 -1.00  0.73  2.31  3.32  3.54  2.79 09032009 00
  1.41 -0.16 -1.50 -2.50 -3.20 -3.34 -2.44 -0.69  1.17  2.59  3.29  3.12 09032009 12
  1.99  0.52 -0.97 -2.05 -2.75 -2.98 -2.28 -0.56  1.41  2.95  3.77  3.70 10032009 00
  2.60  1.02 -0.67 -2.05 -3.08 -3.72 -3.57 -2.24 -0.17  1.80  3.09  3.53 10032009 12
  2.99  1.48 -0.21 -1.76 -2.82 -3.51 -3.58 -2.48 -0.37  1.74  3.22  3.90 11032009 00
  3.62  2.23  0.50 -1.22 -2.49 -3.41 -3.84 -3.26 -1.46  0.81  2.63  3.68 11032009 12
  3.82  2.81  1.11 -0.65 -2.05 -3.00 -3.54 -3.24 -1.62  0.63  2.59  3.78 12032009 00
  4.12  3.31  1.65 -0.16 -1.75 -2.89 -3.69 -3.83 -2.78 -0.69  1.47  3.00 12032009 12
  3.65  3.36  1.95  0.18 -1.50 -2.71 -3.51 -3.77 -2.95 -0.94  1.31  2.98 13032009 00
  3.85  3.83  2.66  0.96 -0.80 -2.16 -3.11 -3.62 -3.25 -1.63  0.55  2.41 13032009 12
  3.54  3.82  3.02  1.47 -0.21 -1.65 -2.61 -3.19 -3.05 -1.71  0.39  2.32 14032009 00
  3.57  4.00  3.36  1.87  0.18 -1.34 -2.44 -3.24 -3.50 -2.75 -1.01  0.96 14032009 12
  2.44  3.18  3.05  1.91  0.33 -1.23 -2.38 -3.12 -3.41 -2.84 -1.25  0.70 15032009 00
  2.22  3.09  3.19  2.29  0.85 -0.67 -1.90 -2.71 -3.15 -2.95 -1.75  0.02 15032009 12
  1.62  2.67  3.00  2.41  1.12 -0.32 -1.60 -2.45 -2.96 -2.94 -2.03 -0.45 16032009 00
  1.13  2.24  2.77  2.48  1.43  0.12 -1.15 -2.04 -2.59 -2.75 -2.20 -0.90 16032009 12
  0.58  1.76  2.42  2.37  1.57  0.39 -0.84 -1.79 -2.39 -2.67 -2.39 -1.40 17032009 00
 -0.07  1.12  1.90  2.09  1.59  0.63 -0.47 -1.39 -1.98 -2.28 -2.16 -1.44 17032009 12
 -0.27  0.88  1.71  2.06  1.80  1.04  0.06 -0.85 -1.52 -1.94 -2.07 -1.71 18032009 00
 -0.84  0.19  1.07  1.58  1.55  1.05  0.28 -0.54 -1.18 -1.57 -1.72 -1.54 18032009 12
 -0.92 -0.04  0.78  1.36  1.53  1.27  0.68 -0.05 -0.73 -1.24 -1.57 -1.68 19032009 00
 -1.43 -0.79 -0.01  0.67  1.06  1.08  0.78  0.27 -0.32 -0.80 -1.12 -1.29 19032009 12
 -1.23 -0.84 -0.21  0.44  0.95  1.19  1.13  0.79  0.27 -0.29 -0.78 -1.16 20032009 00
 -1.37 -1.34 -0.97 -0.38  0.25  0.73  0.95  0.91  0.62  0.17 -0.31 -0.72 20032009 12
 -1.03 -1.18 -1.06 -0.58  0.06  0.69  1.14  1.31  1.16  0.71  0.09 -0.56 21032009 00
 -1.11 -1.54 -1.75 -1.59 -1.03 -0.26  0.50  1.02  1.21  1.04  0.54 -0.14 21032009 12
 -0.81 -1.33 -1.63 -1.65 -1.24 -0.42  0.50  1.25  1.64  1.58  1.05  0.22 22032009 00
 -0.68 -1.40 -1.91 -2.16 -1.98 -1.23 -0.14  0.92  1.66  1.89  1.55  0.77 22032009 12
 -0.21 -1.09 -1.70 -2.01 -1.93 -1.23 -0.04  1.19  2.11  2.52  2.31  1.51 23032009 00
  0.35 -0.76 -1.56 -2.10 -2.30 -1.92 -0.83  0.54  1.72  2.42  2.43  1.70 23032009 12
  0.53 -0.75 -1.75 -2.42 -2.73 -2.46 -1.35  0.21  1.59  2.48  2.70  2.11 24032009 00
  0.94 -0.40 -1.57 -2.38 -2.85 -2.78 -1.82 -0.18  1.48  2.69  3.23  2.92 24032009 12
  1.86  0.44 -0.88 -1.77 -2.31 -2.42 -1.74 -0.25  1.45  2.77  3.41  3.16 25032009 00
  2.00  0.48 -0.99 -2.10 -2.88 -3.28 -2.89 -1.44  0.45  2.07  3.03  3.21 25032009 12
  2.38  0.95 -0.58 -1.84 -2.64 -3.02 -2.65 -1.25  0.72  2.51  3.73  4.03 26032009 00
  3.24  1.82  0.18 -1.26 -2.32 -3.04 -3.17 -2.28 -0.44  1.59  3.10  3.80 26032009 12
  3.49  2.15  0.53 -1.02 -2.10 -2.83 -3.06 -2.31 -0.49  1.58  3.15  3.95 27032009 00
  3.81  2.58  0.92 -0.76 -2.05 -2.95 -3.43 -3.03 -1.44  0.67  2.53  3.69 27032009 12
  3.93  3.01  1.36 -0.39 -1.84 -2.87 -3.52 -3.48 -2.24 -0.17  1.82  3.09 28032009 00
  3.55  2.99  1.43 -0.31 -1.89 -2.97 -3.68 -3.84 -2.89 -0.89  1.28  2.83 28032009 12
  3.57  3.40  2.13  0.41 -1.27 -2.51 -3.32 -3.65 -3.01 -1.21  0.99  2.68 29032009 00
  3.64  3.75  2.72  1.09 -0.61 -1.98 -2.92 -3.47 -3.25 -1.80  0.30  2.17 29032009 12
  3.37  3.75  3.07  1.56 -0.12 -1.64 -2.69 -3.36 -3.41 -2.36 -0.41  1.54 30032009 00
  2.93  3.56  3.24  1.95  0.36 -1.21 -2.34 -3.10 -3.39 -2.78 -1.15  0.82 30032009 12
  2.35  3.22  3.27  2.31  0.82 -0.75 -1.97 -2.80 -3.27 -3.03 -1.75  0.10 31032009 00
  1.77  2.86  3.20  2.62  1.33 -0.14 -1.46 -2.37 -2.95 -3.02 -2.19 -0.59 31032009 12
  1.09  2.31  2.92  2.71  1.67  0.31 -1.05 -2.04 -2.71 -3.02 -2.62 -1.34 01042009 00
  0.25  1.62  2.48  2.64  2.01  0.87 -0.39 -1.44 -2.16 -2.58 -2.51 -1.68 01042009 12
 -0.30  1.06  2.06  2.49  2.20  1.31  0.16 -0.94 -1.76 -2.32 -2.56 -2.22 02042009 00
 -1.19  0.10  1.26  2.00  2.16  1.69  0.81 -0.20 -1.07 -1.67 -2.03 -2.01 02042009 12
 -1.40 -0.32  0.79  1.68  2.11  1.98  1.37  0.47 -0.48 -1.26 -1.82 -2.14 03042009 00
 -2.04 -1.34 -0.28  0.80  1.60  1.93  1.77  1.19  0.40 -0.38 -1.00 -1.45 03042009 12
 -1.65 -1.43 -0.65  0.35  1.28  1.91  2.09  1.76  1.04  0.13 -0.71 -1.40 04042009 00
 -1.92 -2.15 -1.84 -0.99  0.09  1.10  1.76  1.94  1.59  0.86 -0.04 -0.87 04042009 12
 -1.52 -1.95 -2.02 -1.49 -0.44  0.70  1.65  2.16  2.12  1.51  0.55 -0.52 05042009 00
 -1.43 -2.11 -2.52 -2.46 -1.67 -0.38  0.95  1.96  2.41  2.21  1.42  0.33 05042009 12
 -0.74 -1.58 -2.15 -2.33 -1.87 -0.65  0.82  2.06  2.80  2.85  2.14  0.99 06042009 00
 -0.31 -1.43 -2.26 -2.77 -2.74 -1.83 -0.30  1.27  2.44  2.98  2.74  1.75 06042009 12
  0.45 -0.81 -1.75 -2.35 -2.51 -1.86 -0.33  1.38  2.72  3.42  3.31  2.33 07042009 00
  0.91 -0.59 -1.79 -2.65 -3.13 -2.91 -1.65  0.18  1.87  3.05  3.45  2.93 07042009 12
  1.72  0.30 -1.00 -1.91 -2.45 -2.39 -1.40  0.29  2.04  3.32  3.86  3.46 08042009 00
  2.20  0.60 -0.94 -2.13 -3.00 -3.40 -2.88 -1.27  0.72  2.38  3.30  3.39 08042009 12
  2.43  0.89 -0.73 -2.03 -2.90 -3.33 -2.92 -1.33  0.74  2.52  3.64  3.97 09042009 00
  3.23  1.80  0.14 -1.33 -2.39 -3.09 -3.11 -1.99 -0.04  1.89  3.23  3.83 09042009 12
  3.40  2.04  0.41 -1.18 -2.34 -3.13 -3.36 -2.51 -0.62  1.48  3.03  3.84 10042009 00
  3.74  2.55  0.93 -0.75 -2.04 -2.95 -3.44 -3.06 -1.47  0.63  2.43  3.49 10042009 12
  3.72  2.87  1.31 -0.38 -1.81 -2.77 -3.36 -3.25 -1.96  0.09  2.00  3.27 11042009 00
  3.73  3.18  1.74  0.10 -1.43 -2.50 -3.21 -3.37 -2.47 -0.61  1.36  2.79 11042009 12
  3.50  3.27  2.02  0.43 -1.17 -2.33 -3.11 -3.43 -2.84 -1.20  0.81  2.37 12042009 00
  3.26  3.34  2.38  0.89 -0.68 -1.94 -2.78 -3.23 -2.93 -1.56  0.35  2.01 12042009 12
  3.07  3.37  2.68  1.31 -0.23 -1.58 -2.50 -3.06 -3.03 -2.00 -0.23  1.48 13042009 00
  2.70  3.22  2.84  1.67  0.24 -1.13 -2.07 -2.66 -2.77 -2.03 -0.47  1.20 13042009 12
  2.48  3.12  2.97  1.98  0.62 -0.77 -1.82 -2.50 -2.81 -2.43 -1.19  0.41 14042009 00
  1.80  2.66  2.80  2.11  0.93 -0.36 -1.42 -2.11 -2.47 -2.27 -1.27  0.19 14042009 12
  1.54  2.46  2.76  2.29  1.25  0.00 -1.10 -1.88 -2.36 -2.44 -1.84 -0.62 15042009 00
  0.71  1.75  2.27  2.11  1.33  0.28 -0.78 -1.55 -2.02 -2.16 -1.76 -0.75 15042009 12
  0.49  1.53  2.16  2.19  1.61  0.66 -0.37 -1.21 -1.78 -2.10 -2.01 -1.32 16042009 00
 -0.24  0.81  1.59  1.88  1.61  0.93  0.06 -0.74 -1.28 -1.58 -1.58 -1.14 16042009 12
 -0.26  0.71  1.47  1.87  1.81  1.32  0.55 -0.27 -0.95 -1.43 -1.70 -1.60 17042009 00
 -1.01 -0.16  0.68  1.28  1.47  1.26  0.74  0.07 -0.56 -1.02 -1.30 -1.34 17042009 12
 -1.02 -0.32  0.47  1.12  1.49  1.50  1.15  0.56 -0.13 -0.75 -1.23 -1.55 18042009 00
 -1.59 -1.21 -0.53  0.23  0.87  1.18  1.16  0.84  0.31 -0.27 -0.77 -1.12 18042009 12
 -1.30 -1.19 -0.68  0.04  0.74  1.25  1.45  1.28  0.79  0.12 -0.57 -1.15 19042009 00
 -1.57 -1.78 -1.60 -0.98 -0.15  0.66  1.22  1.40  1.18  0.64 -0.07 -0.72 19042009 12
 -1.23 -1.54 -1.57 -1.16 -0.34  0.57  1.32  1.70  1.62  1.09  0.27 -0.60 20042009 00
 -1.34 -1.87 -2.15 -2.02 -1.31 -0.26  0.79  1.55  1.82  1.55  0.84 -0.07 20042009 12
 -0.94 -1.58 -1.94 -1.95 -1.41 -0.34  0.84  1.77  2.22  2.08  1.34  0.30 21042009 00
 -0.79 -1.65 -2.24 -2.52 -2.24 -1.23  0.11  1.34  2.13  2.28  1.75  0.74 21042009 12
 -0.43 -1.45 -2.16 -2.55 -2.43 -1.56 -0.15  1.24  2.22  2.59  2.20  1.17 22042009 00
 -0.12 -1.32 -2.21 -2.77 -2.89 -2.23 -0.79  0.82  2.11  2.82  2.76  1.89 22042009 12
  0.61 -0.74 -1.79 -2.48 -2.77 -2.36 -1.03  0.68  2.12  3.00  3.11  2.31 23042009 00
  0.97 -0.53 -1.78 -2.67 -3.20 -3.10 -1.99 -0.19  1.52  2.75  3.24  2.82 23042009 12
  1.58  0.07 -1.38 -2.40 -3.05 -3.16 -2.30 -0.53  1.37  2.75  3.46  3.26 24042009 00
  2.09  0.54 -1.05 -2.24 -3.06 -3.44 -2.95 -1.36  0.67  2.35  3.34  3.51 24042009 12
  2.60  1.04 -0.61 -1.99 -2.93 -3.47 -3.29 -1.94  0.14  2.05  3.28  3.70 25042009 00
  3.09  1.58 -0.10 -1.64 -2.71 -3.42 -3.57 -2.62 -0.64  1.42  2.91  3.62 25042009 12
  3.40  2.11  0.42 -1.25 -2.48 -3.32 -3.69 -3.10 -1.33  0.85  2.56  3.55 26042009 00
  3.65  2.66  1.02 -0.70 -2.10 -3.05 -3.61 -3.37 -1.90  0.26  2.22  3.47 26042009 12
  3.91  3.29  1.79  0.10 -1.45 -2.50 -3.21 -3.34 -2.34 -0.35  1.73  3.20 27042009 00
  3.88  3.56  2.22  0.57 -1.07 -2.26 -3.10 -3.47 -2.86 -1.14  0.97  2.63 27042009 12
  3.58  3.67  2.67  1.08 -0.60 -1.96 -2.92 -3.51 -3.38 -2.09 -0.10  1.77 28042009 00
  3.02  3.48  2.97  1.57 -0.02 -1.49 -2.49 -3.15 -3.28 -2.40 -0.61  1.30 28042009 12
  2.71  3.43  3.25  2.10  0.60 -0.97 -2.13 -2.93 -3.34 -2.98 -1.59  0.27 29042009 00
  1.92  2.97  3.25  2.58  1.27 -0.19 -1.46 -2.30 -2.82 -2.76 -1.72 -0.03 29042009 12
  1.61  2.77  3.29  2.97  1.90  0.51 -0.86 -1.88 -2.60 -2.91 -2.48 -1.17 30042009 00
  0.45  1.83  2.68  2.81  2.12  0.95 -0.33 -1.38 -2.11 -2.54 -2.45 -1.53 30042009 12
 -0.08  1.32  2.34  2.75  2.42  1.48  0.27 -0.89 -1.78 -2.39 -2.64 -2.21 01052009 00
 -1.06  0.35  1.58  2.34  2.50  1.99  1.05 -0.02 -0.92 -1.61 -2.07 -2.12 01052009 12
 -1.50 -0.34  0.88  1.86  2.32  2.15  1.42  0.38 -0.68 -1.53 -2.18 -2.57 02052009 00
 -2.47 -1.69 -0.49  0.70  1.60  1.97  1.78  1.10  0.19 -0.70 -1.37 -1.80 02052009 12
 -1.92 -1.52 -0.52  0.66  1.68  2.30  2.32  1.74  0.80 -0.26 -1.20 -1.94 03052009 00
 -2.48 -2.63 -2.12 -1.05  0.20  1.28  1.90  1.97  1.44  0.55 -0.45 -1.27 03052009 12
 -1.85 -2.16 -2.02 -1.21  0.02  1.20  2.05  2.36  2.04  1.20  0.12 -0.92 04052009 00
 -1.73 -2.30 -2.54 -2.17 -1.09  0.30  1.56  2.35  2.48  1.93  0.94 -0.20 04052009 12
 -1.20 -1.94 -2.38 -2.33 -1.53 -0.18  1.19  2.21  2.65  2.38  1.45  0.22 05052009 00
 -0.99 -1.94 -2.58 -2.84 -2.41 -1.16  0.45  1.87  2.73  2.92  2.31  1.15 05052009 12
 -0.16 -1.25 -1.99 -2.44 -2.35 -1.40  0.11  1.56  2.59  2.96  2.53  1.43 06052009 00
  0.07 -1.22 -2.17 -2.78 -2.92 -2.22 -0.72  0.99  2.37  3.13  3.13  2.30 06052009 12
  1.03 -0.37 -1.49 -2.24 -2.60 -2.27 -1.00  0.70  2.22  3.18  3.34  2.59 07052009 00
  1.25 -0.24 -1.47 -2.37 -2.96 -2.94 -1.91 -0.16  1.60  2.87  3.45  3.17 07052009 12
  2.07  0.61 -0.79 -1.77 -2.39 -2.57 -1.88 -0.30  1.49  2.91  3.66  3.51 08052009 00
  2.46  0.98 -0.54 -1.71 -2.56 -3.02 -2.69 -1.32  0.49  2.09  3.08  3.29 08052009 12
  2.54  1.17 -0.37 -1.66 -2.56 -3.09 -2.97 -1.80  0.03  1.78  2.97  3.44 09052009 00
  3.00  1.78  0.29 -1.16 -2.21 -2.89 -3.03 -2.20 -0.50  1.30  2.65  3.32 09052009 12
  3.10  1.96  0.46 -1.04 -2.16 -2.93 -3.27 -2.78 -1.29  0.56  2.10  2.98 10052009 00
  3.08  2.22  0.80 -0.70 -1.93 -2.74 -3.18 -2.95 -1.69  0.15  1.78  2.85 10052009 12
  3.17  2.55  1.20 -0.31 -1.68 -2.62 -3.21 -3.25 -2.33 -0.62  1.10  2.36 11052009 00
  2.95  2.66  1.51  0.07 -1.33 -2.31 -2.93 -3.09 -2.41 -0.87  0.89  2.23 11052009 12
  2.97  2.92  1.96  0.56 -0.90 -2.03 -2.78 -3.17 -2.88 -1.64  0.05  1.55 12052009 00
  2.50  2.75  2.13  0.88 -0.48 -1.67 -2.44 -2.83 -2.67 -1.66 -0.07  1.45 12052009 12
  2.49  2.92  2.50  1.38  0.01 -1.27 -2.18 -2.76 -2.90 -2.29 -0.90  0.65 13052009 00
  1.86  2.50  2.39  1.52  0.30 -0.92 -1.83 -2.37 -2.55 -2.07 -0.83  0.68 13052009 12
  1.92  2.67  2.72  2.03  0.88 -0.38 -1.42 -2.13 -2.55 -2.47 -1.62 -0.28 14052009 00
  1.04  1.98  2.24  1.79  0.87 -0.23 -1.17 -1.78 -2.16 -2.17 -1.55 -0.34 14052009 12
  0.97  1.98  2.48  2.31  1.53  0.44 -0.66 -1.47 -1.94 -2.18 -1.95 -1.12 15052009 00
  0.01  1.11  1.87  2.07  1.62  0.76 -0.22 -1.04 -1.55 -1.78 -1.63 -0.89 15052009 12
  0.25  1.29  2.03  2.32  2.05  1.31  0.34 -0.58 -1.27 -1.72 -1.80 -1.37 16052009 00
 -0.51  0.54  1.46  2.00  2.05  1.63  0.89  0.03 -0.71 -1.22 -1.45 -1.26 16052009 12
 -0.55  0.41  1.28  1.88  2.05  1.75  1.11  0.29 -0.53 -1.17 -1.63 -1.78 17052009 00
 -1.40 -0.53  0.45  1.27  1.70  1.71  1.35  0.71 -0.00 -0.58 -1.00 -1.23 17052009 12
 -1.13 -0.52  0.41  1.32  1.95  2.16  1.91  1.29  0.45 -0.39 -1.08 -1.58 18052009 00
 -1.82 -1.56 -0.80  0.19  1.12  1.71  1.87  1.60  0.97  0.17 -0.54 -1.06 18052009 12
 -1.39 -1.39 -0.89  0.01  0.93  1.64  1.95  1.77  1.16  0.30 -0.59 -1.30 19052009 00
 -1.81 -2.07 -1.83 -1.00  0.11  1.16  1.88  2.10  1.78  1.04  0.11 -0.73 19052009 12
 -1.36 -1.74 -1.75 -1.19 -0.13  0.99  1.86  2.26  2.08  1.36  0.35 -0.67 20052009 00
 -1.50 -2.10 -2.40 -2.13 -1.17  0.12  1.34  2.16  2.37  1.93  1.02 -0.08 20052009 12
 -1.05 -1.75 -2.18 -2.15 -1.42 -0.13  1.20  2.19  2.62  2.35  1.45  0.25 21052009 00
 -0.94 -1.85 -2.46 -2.71 -2.28 -1.06  0.49  1.83  2.64  2.75  2.09  0.93 21052009 12
 -0.36 -1.44 -2.21 -2.64 -2.50 -1.50  0.06  1.56  2.61  2.99  2.55  1.43 22052009 00
  0.04 -1.25 -2.19 -2.80 -2.95 -2.25 -0.70  1.00  2.35  3.05  2.97  2.02 22052009 12
  0.66 -0.78 -1.92 -2.70 -3.08 -2.72 -1.34  0.48  2.05  3.05  3.28  2.57 23052009 00
  1.22 -0.31 -1.62 -2.55 -3.12 -3.12 -2.08 -0.27  1.52  2.81  3.40  3.04 23052009 12
  1.79  0.25 -1.26 -2.38 -3.14 -3.43 -2.79 -1.13  0.87  2.43  3.32  3.37 24052009 00
  2.36  0.82 -0.79 -2.07 -2.96 -3.48 -3.23 -1.82  0.22  2.06  3.25  3.64 24052009 12
  3.00  1.52 -0.13 -1.64 -2.69 -3.41 -3.55 -2.62 -0.69  1.34  2.84  3.55 25052009 00
  3.35  2.11  0.48 -1.15 -2.35 -3.18 -3.55 -2.98 -1.29  0.85  2.57  3.60 25052009 12
  3.78  2.85  1.26 -0.46 -1.87 -2.86 -3.51 -3.49 -2.28 -0.23  1.76  3.12 26052009 00
  3.66  3.22  1.81  0.17 -1.40 -2.49 -3.24 -3.45 -2.62 -0.77  1.31  2.86 26052009 12
  3.68  3.60  2.43  0.82 -0.86 -2.15 -3.07 -3.57 -3.24 -1.71  0.37  2.22 27052009 00
  3.39  3.72  3.04  1.60 -0.02 -1.47 -2.48 -3.16 -3.25 -2.27 -0.40  1.52 27052009 12
  2.91  3.55  3.28  2.04  0.47 -1.11 -2.30 -3.15 -3.60 -3.21 -1.77  0.17 28052009 00
  1.83  2.86  3.11  2.40  1.00 -0.49 -1.78 -2.63 -3.14 -3.05 -1.94 -0.12 28052009 12
  1.59  2.79  3.29  2.87  1.65  0.16 -1.29 -2.36 -3.13 -3.48 -3.02 -1.61 29052009 00
  0.19  1.68  2.59  2.78  2.08  0.80 -0.55 -1.69 -2.44 -2.86 -2.69 -1.59 29052009 12
  0.06  1.58  2.62  3.03  2.59  1.48  0.10 -1.20 -2.17 -2.86 -3.16 -2.70 30052009 00
 -1.42  0.16  1.53  2.36  2.51  1.89  0.78 -0.45 -1.46 -2.16 -2.55 -2.41 30052009 12
 -1.48 -0.03  1.35  2.32  2.69  2.34  1.37  0.13 -1.06 -1.98 -2.64 -2.94 31052009 00
 -2.62 -1.53 -0.11  1.17  2.03  2.25  1.78  0.82 -0.30 -1.26 -1.94 -2.33 31052009 12
 -2.27 -1.53 -0.26  1.02  1.98  2.44  2.23  1.41  0.28 -0.85 -1.75 -2.39 01062009 00
 -2.73 -2.54 -1.62 -0.32  0.95  1.85  2.16  1.82  0.97 -0.10 -1.08 -1.78 01062009 12
 -2.20 -2.24 -1.67 -0.50  0.77  1.79  2.34  2.25  1.54  0.48 -0.64 -1.56 02062009 00
 -2.24 -2.64 -2.54 -1.72 -0.44  0.85  1.82  2.22  1.96  1.15  0.09 -0.93 02062009 12
 -1.68 -2.15 -2.28 -1.80 -0.68  0.62  1.71  2.33  2.32  1.64  0.57 -0.59 03062009 00
 -1.56 -2.25 -2.65 -2.57 -1.76 -0.43  0.92  1.94  2.35  2.08  1.19  0.04 03062009 12
 -1.05 -1.85 -2.34 -2.46 -1.95 -0.75  0.64  1.80  2.46  2.44  1.73  0.61 04062009 00
 -0.60 -1.59 -2.28 -2.65 -2.47 -1.51 -0.07  1.31  2.27  2.61  2.19  1.19 04062009 12
 -0.03 -1.16 -1.97 -2.46 -2.51 -1.84 -0.48  0.98  2.12  2.70  2.55  1.69 05062009 00
  0.47 -0.77 -1.73 -2.38 -2.65 -2.28 -1.11  0.42  1.76  2.59  2.72  2.06 05062009 12
  0.89 -0.43 -1.53 -2.30 -2.74 -2.64 -1.71 -0.21  1.26  2.29  2.68  2.28 06062009 00
  1.21 -0.07 -1.30 -2.16 -2.69 -2.78 -2.09 -0.61  0.98  2.19  2.80  2.67 06062009 12
  1.77  0.50 -0.83 -1.87 -2.58 -2.90 -2.54 -1.30  0.33  1.73  2.60  2.75 07062009 00
  2.05  0.84 -0.50 -1.63 -2.39 -2.79 -2.60 -1.53  0.08  1.60  2.63  3.00 07062009 12
  2.51  1.36 -0.02 -1.29 -2.20 -2.79 -2.91 -2.20 -0.69  0.95  2.21  2.84 08062009 00
  2.68  1.71  0.40 -0.91 -1.89 -2.51 -2.70 -2.14 -0.71  0.95  2.27  3.04 08062009 12
  3.05  2.21  0.92 -0.49 -1.64 -2.44 -2.90 -2.73 -1.64 -0.00  1.52  2.56 09062009 00
  2.89  2.37  1.21 -0.14 -1.35 -2.18 -2.66 -2.61 -1.69 -0.09  1.50  2.63 09062009 12
  3.12  2.79  1.71  0.32 -1.02 -2.02 -2.69 -2.94 -2.43 -1.07  0.56  1.93 10062009 00
  2.69  2.70  1.87  0.62 -0.71 -1.73 -2.38 -2.65 -2.24 -0.96  0.69  2.09 10062009 12
  2.96  3.11  2.43  1.22 -0.17 -1.37 -2.24 -2.79 -2.81 -1.97 -0.48  1.06 11062009 00
  2.19  2.66  2.35  1.31  0.02 -1.20 -2.05 -2.54 -2.59 -1.88 -0.44  1.10 11062009 12
  2.26  2.87  2.72  1.83  0.56 -0.75 -1.78 -2.47 -2.82 -2.54 -1.42  0.09 12062009 00
  1.44  2.31  2.49  1.89  0.79 -0.45 -1.49 -2.15 -2.47 -2.27 -1.29  0.19 12062009 12
  1.56  2.48  2.82  2.38  1.36  0.11 -1.05 -1.91 -2.47 -2.62 -2.07 -0.83 13062009 00
  0.58  1.73  2.35  2.27  1.50  0.39 -0.73 -1.58 -2.11 -2.29 -1.87 -0.75 13062009 12
  0.63  1.79  2.50  2.57  1.95  0.88 -0.31 -1.31 -2.02 -2.45 -2.41 -1.66 14062009 00
 -0.42  0.86  1.83  2.23  1.96  1.14  0.09 -0.91 -1.62 -2.03 -2.08 -1.52 14062009 12
 -0.38  0.86  1.84  2.36  2.25  1.54  0.50 -0.59 -1.46 -2.05 -2.35 -2.16 15062009 00
 -1.31 -0.11  1.05  1.86  2.11  1.74  0.92 -0.08 -0.98 -1.60 -1.94 -1.91 15062009 12
 -1.30 -0.20  0.93  1.79  2.18  1.98  1.25  0.25 -0.75 -1.55 -2.10 -2.35 16062009 00
 -2.10 -1.22 -0.05  1.04  1.77  1.96  1.57  0.79 -0.16 -1.00 -1.58 -1.88 16062009 12
 -1.82 -1.18 -0.08  1.03  1.87  2.24  2.04  1.37  0.42 -0.55 -1.30 -1.79 17062009 00
 -1.97 -1.61 -0.70  0.40  1.42  2.07  2.18  1.76  0.95 -0.02 -0.88 -1.53 17062009 12
 -1.93 -1.94 -1.34 -0.24  0.94  1.85  2.26  2.10  1.40  0.43 -0.56 -1.35 18062009 00
 -1.91 -2.20 -1.98 -1.08  0.17  1.34  2.13  2.37  2.00  1.18  0.17 -0.75 18062009 12
 -1.45 -1.92 -2.02 -1.46 -0.34  0.91  1.93  2.42  2.26  1.50  0.41 -0.71 19062009 00
 -1.60 -2.22 -2.54 -2.33 -1.37 -0.00  1.29  2.19  2.48  2.08  1.11 -0.08 19062009 12
 -1.16 -1.95 -2.44 -2.51 -1.90 -0.62  0.84  2.00  2.59  2.49  1.64  0.43 20062009 00
 -0.82 -1.82 -2.52 -2.89 -2.65 -1.55  0.01  1.46  2.46  2.79  2.28  1.15 20062009 12
 -0.20 -1.41 -2.29 -2.86 -2.96 -2.25 -0.75  0.88  2.15  2.81  2.69  1.73 21062009 00
  0.38 -1.01 -2.08 -2.82 -3.18 -2.82 -1.48  0.30  1.86  2.86  3.11  2.44 21062009 12
  1.12 -0.39 -1.70 -2.64 -3.25 -3.31 -2.40 -0.65  1.14  2.49  3.14  2.91 22062009 00
  1.75  0.25 -1.25 -2.36 -3.12 -3.45 -2.90 -1.32  0.66  2.25  3.20  3.36 22062009 12
  2.49  0.99 -0.64 -2.01 -2.98 -3.59 -3.55 -2.41 -0.48  1.45  2.79  3.35 23062009 00
  2.98  1.65  0.04 -1.51 -2.61 -3.35 -3.57 -2.80 -0.96  1.12  2.68  3.54 23062009 12
  3.52  2.41  0.79 -0.91 -2.26 -3.24 -3.83 -3.63 -2.25 -0.14  1.80  3.06 24062009 00
  3.49  2.95  1.46 -0.20 -1.73 -2.77 -3.45 -3.53 -2.51 -0.49  1.56  3.04 24062009 12
  3.76  3.55  2.25  0.57 -1.14 -2.43 -3.36 -3.86 -3.49 -1.91  0.26  2.10 25062009 00
  3.25  3.53  2.80  1.23 -0.43 -1.87 -2.83 -3.43 -3.34 -2.07  0.00  1.96 25062009 12
  3.29  3.85  3.41  1.99  0.30 -1.34 -2.53 -3.39 -3.77 -3.19 -1.47  0.64 26062009 00
  2.33  3.31  3.44  2.53  0.98 -0.63 -1.93 -2.80 -3.27 -3.00 -1.57  0.44 26062009 12
  2.23  3.37  3.75  3.10  1.67  0.02 -1.47 -2.56 -3.33 -3.57 -2.83 -1.10 27062009 00
  0.84  2.34  3.14  3.10  2.09  0.62 -0.86 -1.99 -2.75 -3.11 -2.68 -1.21 27062009 12
  0.68  2.25  3.22  3.44  2.69  1.34 -0.20 -1.53 -2.49 -3.15 -3.26 -2.44 28062009 00
 -0.80  0.93  2.25  2.92  2.77  1.77  0.46 -0.89 -1.87 -2.51 -2.76 -2.25 28062009 12
 -0.87  0.80  2.14  2.97  3.06  2.31  1.07 -0.31 -1.47 -2.32 -2.88 -2.90 29062009 00
 -2.08 -0.64  0.87  2.02  2.57  2.37  1.47  0.29 -0.88 -1.73 -2.26 -2.42 29062009 12
 -1.93 -0.72  0.71  1.89  2.59  2.64  1.98  0.89 -0.32 -1.36 -2.10 -2.58 30062009 00
 -2.58 -1.85 -0.58  0.74  1.77  2.25  2.08  1.32  0.28 -0.74 -1.50 -1.98 30062009 12
 -2.15 -1.77 -0.75  0.50  1.57  2.23  2.31  1.76  0.81 -0.26 -1.18 -1.86 01072009 00
 -2.29 -2.34 -1.76 -0.65  0.55  1.52  2.00  1.89  1.25  0.34 -0.62 -1.35 01072009 12
 -1.84 -2.06 -1.81 -0.95  0.20  1.24  1.94  2.11  1.70  0.89 -0.09 -0.98 02072009 00
 -1.64 -2.08 -2.17 -1.67 -0.63  0.53  1.50  2.02  1.99  1.41  0.53 -0.40 02072009 12
 -1.18 -1.72 -2.00 -1.83 -1.04  0.09  1.17  1.92  2.15  1.81  1.03  0.07 03072009 00
 -0.84 -1.52 -1.95 -2.03 -1.54 -0.48  0.70  1.69  2.23  2.19  1.59  0.66 03072009 12
 -0.35 -1.20 -1.80 -2.11 -1.95 -1.12  0.09  1.23  2.01  2.24  1.85  1.04 04072009 00
  0.03 -0.90 -1.59 -2.02 -2.07 -1.47 -0.28  0.98  1.98  2.47  2.35  1.63 04072009 12
  0.58 -0.51 -1.39 -1.99 -2.28 -2.00 -1.01  0.30  1.49  2.26  2.42  1.92 05072009 00
  0.96 -0.15 -1.11 -1.79 -2.16 -2.06 -1.21  0.15  1.46  2.40  2.77  2.42 05072009 12
  1.49  0.30 -0.84 -1.71 -2.29 -2.47 -1.94 -0.69  0.73  1.92  2.56  2.50 06072009 00
  1.74  0.61 -0.58 -1.52 -2.15 -2.43 -2.07 -0.91  0.60  1.91  2.73  2.87 06072009 12
  2.23  1.09 -0.20 -1.32 -2.13 -2.65 -2.65 -1.83 -0.38  1.12  2.22  2.67 07072009 00
  2.35  1.34  0.08 -1.13 -1.98 -2.49 -2.54 -1.82 -0.36  1.22  2.41  3.02 07072009 12
  2.84  1.87  0.53 -0.82 -1.87 -2.60 -2.99 -2.70 -1.49  0.16  1.60  2.52 08072009 00
  2.70  2.03  0.81 -0.55 -1.67 -2.39 -2.74 -2.49 -1.35  0.31  1.83  2.82 08072009 12
  3.15  2.58  1.39 -0.05 -1.35 -2.29 -2.90 -3.01 -2.26 -0.72  0.96  2.23 09072009 00
  2.85  2.66  1.62  0.26 -1.08 -2.06 -2.66 -2.81 -2.17 -0.66  1.05  2.37 09072009 12
  3.11  3.08  2.15  0.80 -0.66 -1.83 -2.64 -3.07 -2.85 -1.67  0.05  1.59 10072009 00
  2.62  2.90  2.30  1.05 -0.34 -1.56 -2.37 -2.81 -2.64 -1.56  0.14  1.73 10072009 12
  2.81  3.24  2.79  1.61  0.16 -1.21 -2.20 -2.85 -3.04 -2.40 -0.90  0.78 11072009 00
  2.12  2.82  2.74  1.80  0.49 -0.85 -1.85 -2.45 -2.60 -1.98 -0.52  1.16 11072009 12
  2.46  3.22  3.21  2.39  1.11 -0.29 -1.46 -2.29 -2.76 -2.58 -1.45  0.19 12072009 00
  1.73  2.77  3.09  2.58  1.44  0.10 -1.07 -1.89 -2.40 -2.42 -1.58 -0.08 12072009 12
  1.43  2.54  3.01  2.69  1.65  0.31 -0.99 -1.95 -2.57 -2.80 -2.29 -0.96 13072009 00
  0.63  1.95  2.73  2.78  2.05  0.91 -0.35 -1.35 -2.02 -2.33 -2.01 -0.90 13072009 12
  0.60  1.90  2.74  2.91  2.30  1.20 -0.08 -1.21 -2.00 -2.48 -2.48 -1.69 14072009 00
 -0.34  1.07  2.16  2.65  2.40  1.52  0.37 -0.75 -1.57 -2.06 -2.16 -1.60 14072009 12
 -0.38  0.97  2.06  2.65  2.58  1.85  0.77 -0.40 -1.35 -2.02 -2.39 -2.24 15072009 00
 -1.35 -0.05  1.21  2.09  2.38  2.01  1.13  0.07 -0.90 -1.61 -2.03 -2.06 15072009 12
 -1.47 -0.33  0.89  1.85  2.32  2.17  1.45  0.42 -0.64 -1.48 -2.06 -2.36 16072009 00
 -2.15 -1.28 -0.07  1.08  1.87  2.11  1.76  0.97  0.01 -0.88 -1.52 -1.91 16072009 12
 -1.96 -1.44 -0.39  0.76  1.68  2.16  2.05  1.41  0.48 -0.48 -1.29 -1.88 17072009 00
 -2.23 -2.16 -1.42 -0.27  0.89  1.74  2.09  1.85  1.12  0.21 -0.67 -1.34 17072009 12
 -1.80 -2.01 -1.71 -0.80  0.36  1.38  2.01  2.07  1.57  0.70 -0.29 -1.15 18072009 00
 -1.80 -2.22 -2.24 -1.60 -0.44  0.79  1.78  2.28  2.17  1.51  0.54 -0.50 18072009 12
 -1.35 -1.96 -2.27 -2.05 -1.14  0.14  1.37  2.24  2.51  2.12  1.24  0.13 19072009 00
 -0.93 -1.74 -2.29 -2.45 -1.92 -0.69  0.75  1.96  2.63  2.63  1.94  0.85 19072009 12
 -0.37 -1.39 -2.15 -2.61 -2.52 -1.60 -0.13  1.34  2.41  2.84  2.50  1.49 20072009 00
  0.21 -1.00 -1.93 -2.56 -2.77 -2.19 -0.74  0.94  2.32  3.11  3.13  2.30 20072009 12
  0.99 -0.45 -1.66 -2.55 -3.13 -3.06 -1.98 -0.23  1.48  2.75  3.29  2.96 21072009 00
  1.83  0.42 -0.99 -2.02 -2.72 -2.91 -2.16 -0.48  1.39  2.85  3.66  3.62 21072009 12
  2.63  1.14 -0.47 -1.77 -2.71 -3.25 -3.01 -1.62  0.39  2.21  3.44  3.84 22072009 00
  3.21  1.82  0.20 -1.27 -2.33 -3.04 -3.14 -2.11 -0.14  1.91  3.40  4.11 22072009 12
  3.84  2.54  0.86 -0.84 -2.15 -3.13 -3.67 -3.28 -1.67  0.52  2.43  3.58 23072009 00
  3.87  3.07  1.49 -0.22 -1.69 -2.70 -3.34 -3.24 -1.87  0.32  2.37  3.76 23072009 12
  4.31  3.77  2.26  0.47 -1.23 -2.49 -3.43 -3.84 -3.19 -1.33  0.93  2.72 24072009 00
  3.72  3.77  2.70  0.99 -0.74 -2.11 -3.05 -3.58 -3.23 -1.60  0.65  2.60 24072009 12
  3.78  4.12  3.31  1.66 -0.14 -1.75 -2.90 -3.73 -3.96 -3.01 -0.99  1.19 25072009 00
  2.79  3.53  3.38  2.11  0.40 -1.26 -2.48 -3.29 -3.60 -2.92 -1.07  1.16 25072009 12
  2.83  3.78  3.89  2.87  1.25 -0.49 -1.90 -2.90 -3.54 -3.44 -2.15 -0.10 26072009 00
  1.84  3.16  3.65  3.17  1.81  0.22 -1.28 -2.30 -2.97 -3.05 -2.06 -0.18 26072009 12
  1.76  3.16  3.86  3.64  2.46  0.90 -0.67 -1.86 -2.75 -3.25 -2.95 -1.58 27072009 00
  0.26  1.91  2.95  3.20  2.52  1.20 -0.26 -1.51 -2.34 -2.82 -2.69 -1.60 27072009 12
  0.11  1.73  2.86  3.33  2.93  1.82  0.42 -0.91 -1.90 -2.57 -2.82 -2.28 28072009 00
 -0.91  0.71  2.05  2.80  2.84  2.10  0.95 -0.29 -1.27 -1.93 -2.26 -1.99 28072009 12
 -0.91  0.53  1.83  2.71  2.94  2.45  1.43  0.20 -0.88 -1.68 -2.24 -2.39 29072009 00
 -1.85 -0.70  0.60  1.69  2.27  2.22  1.58  0.62 -0.39 -1.18 -1.70 -1.95 29072009 12
 -1.74 -0.92  0.24  1.30  2.01  2.19  1.79  0.98  0.02 -0.83 -1.44 -1.85 30072009 00
 -1.97 -1.55 -0.61  0.45  1.34  1.82  1.79  1.28  0.48 -0.39 -1.08 -1.57 30072009 12
 -1.83 -1.71 -1.07 -0.13  0.79  1.46  1.71  1.50  0.93  0.18 -0.56 -1.12 31072009 00
 -1.49 -1.61 -1.29 -0.51  0.43  1.27  1.78  1.87  1.54  0.90  0.14 -0.54 31072009 12
 -1.06 -1.40 -1.44 -1.00 -0.19  0.69  1.42  1.77  1.69  1.24  0.55 -0.19 01082009 00
 -0.82 -1.31 -1.57 -1.43 -0.78  0.14  1.04  1.69  1.92  1.70  1.08  0.25 01082009 12
 -0.52 -1.16 -1.61 -1.81 -1.54 -0.75  0.24  1.15  1.69  1.75  1.34  0.59 02082009 00
 -0.27 -1.00 -1.53 -1.81 -1.68 -0.96  0.13  1.18  1.93  2.22  1.95  1.23 02082009 12
  0.28 -0.67 -1.42 -1.93 -2.12 -1.72 -0.73  0.45  1.46  2.04  2.05  1.50 03082009 00
  0.63 -0.36 -1.19 -1.75 -2.00 -1.73 -0.79  0.51  1.68  2.45  2.61  2.12 03082009 12
  1.16  0.03 -1.01 -1.80 -2.29 -2.33 -1.64 -0.37  0.97  2.02  2.51  2.31 04082009 00
  1.48  0.36 -0.76 -1.60 -2.12 -2.24 -1.69 -0.43  1.02  2.19  2.85  2.79 04082009 12
  2.02  0.82 -0.48 -1.54 -2.28 -2.69 -2.48 -1.40  0.13  1.56  2.51  2.77 05082009 00
  2.21  1.09 -0.21 -1.34 -2.11 -2.54 -2.42 -1.43  0.15  1.67  2.74  3.14 05082009 12
  2.70  1.55  0.12 -1.20 -2.18 -2.84 -3.04 -2.41 -0.94  0.76  2.11  2.81 06082009 00
  2.73  1.76  0.39 -1.00 -2.05 -2.70 -2.93 -2.40 -0.94  0.84  2.28  3.12 06082009 12
  3.17  2.28  0.89 -0.63 -1.86 -2.71 -3.20 -3.05 -1.90 -0.11  1.55  2.69 07082009 00
  3.05  2.49  1.18 -0.32 -1.66 -2.56 -3.06 -2.98 -1.91 -0.11  1.64  2.84 07082009 12
  3.36  2.94  1.69  0.16 -1.32 -2.39 -3.10 -3.33 -2.66 -1.04  0.86  2.31 08082009 00
  3.10  3.04  2.01  0.53 -0.99 -2.13 -2.87 -3.16 -2.64 -1.10  0.78  2.31 08082009 12
  3.19  3.29  2.39  0.94 -0.65 -1.95 -2.84 -3.36 -3.21 -1.99 -0.13  1.61 09082009 00
  2.77  3.16  2.61  1.27 -0.25 -1.63 -2.55 -3.07 -3.02 -1.95 -0.12  1.65 09082009 12
  2.86  3.41  3.03  1.79  0.28 -1.19 -2.24 -2.93 -3.14 -2.45 -0.84  0.97 10082009 00
  2.40  3.17  3.09  2.07  0.63 -0.86 -1.98 -2.71 -3.02 -2.58 -1.16  0.64 10082009 12
  2.14  3.03  3.15  2.32  0.94 -0.57 -1.82 -2.67 -3.17 -3.06 -1.97 -0.23 11082009 00
  1.38  2.52  2.96  2.52  1.33 -0.07 -1.36 -2.23 -2.73 -2.74 -1.88 -0.28 11082009 12
  1.35  2.53  3.07  2.78  1.71  0.32 -1.03 -2.03 -2.69 -2.95 -2.49 -1.17 12082009 00
  0.44  1.79  2.58  2.66  1.93  0.74 -0.55 -1.59 -2.28 -2.61 -2.36 -1.32 12082009 12
  0.17  1.54  2.45  2.72  2.20  1.10 -0.19 -1.32 -2.12 -2.61 -2.67 -2.00 13082009 00
 -0.70  0.70  1.81  2.36  2.23  1.43  0.31 -0.81 -1.65 -2.19 -2.39 -2.02 13082009 12
 -0.96  0.37  1.52  2.23  2.34  1.79  0.82 -0.28 -1.22 -1.87 -2.25 -2.21 14082009 00
 -1.52 -0.36  0.85  1.80  2.26  2.12  1.46  0.52 -0.43 -1.17 -1.66 -1.88 14082009 12
 -1.60 -0.70  0.44  1.45  2.10  2.22  1.82  1.05  0.12 -0.71 -1.29 -1.66 15082009 00
 -1.71 -1.25 -0.35  0.70  1.59  2.05  2.01  1.50  0.70 -0.17 -0.91 -1.48 15082009 12
 -1.83 -1.78 -1.15 -0.19  0.82  1.62  1.98  1.83  1.28  0.46 -0.38 -1.07 16082009 00
 -1.57 -1.85 -1.68 -0.91  0.16  1.21  1.95  2.21  1.92  1.21  0.26 -0.66 16082009 12
 -1.41 -1.98 -2.22 -1.90 -0.95  0.25  1.36  2.08  2.26  1.86  1.03  0.01 17082009 00
 -0.91 -1.63 -2.10 -2.17 -1.55 -0.34  0.98  2.03  2.57  2.44  1.67  0.56 17082009 12
 -0.62 -1.59 -2.31 -2.73 -2.56 -1.56 -0.10  1.33  2.35  2.73  2.37  1.39 18082009 00
  0.13 -1.06 -1.94 -2.50 -2.61 -1.90 -0.41  1.23  2.52  3.20  3.09  2.17 18082009 12
  0.82 -0.61 -1.77 -2.63 -3.14 -2.95 -1.74  0.05  1.72  2.89  3.32  2.84 19082009 00
  1.64  0.17 -1.21 -2.21 -2.86 -2.94 -2.00 -0.18  1.71  3.09  3.75  3.50 19082009 12
  2.30  0.72 -0.87 -2.11 -3.02 -3.48 -3.02 -1.36  0.72  2.51  3.60  3.86 20082009 00
  3.03  1.52 -0.19 -1.62 -2.61 -3.23 -3.15 -1.84  0.26  2.26  3.64  4.20 20082009 12
  3.66  2.17  0.39 -1.28 -2.52 -3.43 -3.84 -3.17 -1.32  0.94  2.72  3.68 21082009 00
  3.72  2.60  0.87 -0.88 -2.26 -3.20 -3.70 -3.28 -1.54  0.82  2.79  3.96 21082009 12
  4.26  3.37  1.66 -0.19 -1.81 -2.98 -3.83 -4.01 -2.95 -0.81  1.44  3.05 22082009 00
  3.74  3.48  2.06  0.24 -1.49 -2.73 -3.56 -3.86 -3.04 -0.95  1.39  3.13 22082009 12
  4.04  4.05  2.85  1.09 -0.73 -2.17 -3.20 -3.82 -3.57 -2.03  0.24  2.27 23082009 00
  3.54  3.93  3.25  1.63 -0.12 -1.69 -2.74 -3.42 -3.42 -2.16  0.02  2.09 23082009 12
  3.53  4.14  3.70  2.24  0.50 -1.18 -2.40 -3.29 -3.69 -3.05 -1.27  0.90 24082009 00
  2.57  3.51  3.57  2.55  0.95 -0.68 -1.96 -2.82 -3.27 -2.90 -1.35  0.72 24082009 12
  2.47  3.55  3.85  3.11  1.67  0.04 -1.36 -2.35 -3.02 -3.09 -2.11 -0.34 25082009 00
  1.47  2.77  3.35  3.02  1.80  0.31 -1.12 -2.12 -2.77 -2.97 -2.31 -0.74 25082009 12
  1.00  2.38  3.15  3.15  2.28  1.01 -0.37 -1.45 -2.16 -2.50 -2.19 -1.00 26082009 00
  0.56  1.93  2.82  3.03  2.45  1.35  0.07 -1.04 -1.82 -2.31 -2.31 -1.53 26082009 12
 -0.17  1.20  2.23  2.67  2.39  1.50  0.36 -0.74 -1.55 -2.10 -2.31 -1.92 27082009 00
 -0.86  0.42  1.52  2.19  2.29  1.77  0.89 -0.09 -0.89 -1.40 -1.67 -1.60 27082009 12
 -0.90  0.21  1.26  2.03  2.29  1.98  1.27  0.42 -0.36 -0.92 -1.33 -1.50 28082009 00
 -1.24 -0.53  0.37  1.20  1.68  1.68  1.23  0.51 -0.29 -0.94 -1.41 -1.67 28082009 12
 -1.62 -1.15 -0.37  0.42  1.03  1.31  1.23  0.81  0.21 -0.39 -0.86 -1.20 29082009 00
 -1.37 -1.23 -0.65  0.14  0.87  1.38  1.53  1.32  0.85  0.24 -0.37 -0.89 29082009 12
 -1.31 -1.50 -1.32 -0.77 -0.05  0.63  1.08  1.23  1.06  0.63  0.07 -0.46 30082009 00
 -0.90 -1.18 -1.20 -0.84 -0.13  0.66  1.32  1.67  1.67  1.33  0.74  0.04 30082009 12
 -0.62 -1.13 -1.45 -1.44 -0.95 -0.15  0.72  1.42  1.75  1.68  1.24  0.56 31082009 00
 -0.21 -0.86 -1.31 -1.47 -1.16 -0.35  0.62  1.48  2.05  2.14  1.73  0.99 31082009 12
  0.07 -0.77 -1.41 -1.81 -1.82 -1.19 -0.13  1.00  1.87  2.25  2.07  1.41 01092009 00
  0.49 -0.44 -1.17 -1.63 -1.72 -1.23 -0.15  1.04  2.01  2.54  2.47  1.77 01092009 12
  0.70 -0.46 -1.41 -2.08 -2.45 -2.28 -1.34  0.03  1.36  2.25  2.50  2.05 02092009 00
  1.07 -0.11 -1.15 -1.86 -2.23 -2.08 -1.14  0.32  1.70  2.67  3.06  2.69 02092009 12
  1.66  0.33 -0.89 -1.76 -2.32 -2.45 -1.87 -0.55  1.02  2.33  3.04  2.95 03092009 00
  2.05  0.75 -0.57 -1.57 -2.22 -2.48 -2.07 -0.76  0.94  2.36  3.18  3.23 03092009 12
  2.39  1.04 -0.40 -1.57 -2.40 -2.90 -2.75 -1.62  0.16  1.84  2.96  3.30 04092009 00
  2.72  1.42 -0.05 -1.36 -2.28 -2.85 -2.83 -1.81 -0.03  1.74  2.97  3.49 04092009 12
  3.07  1.77  0.20 -1.29 -2.38 -3.13 -3.39 -2.70 -1.02  0.94  2.45  3.29 05092009 00
  3.26  2.20  0.70 -0.86 -2.02 -2.79 -3.13 -2.64 -1.05  0.94  2.55  3.47 05092009 12
  3.56  2.58  1.05 -0.61 -1.95 -2.89 -3.44 -3.25 -1.93  0.05  1.89  3.10 06092009 00
  3.51  2.92  1.50 -0.11 -1.58 -2.56 -3.16 -3.12 -1.95  0.06  1.98  3.28 06092009 12
  3.86  3.43  2.09  0.48 -1.07 -2.20 -3.01 -3.32 -2.65 -0.93  1.07  2.61 07092009 00
  3.40  3.29  2.14  0.55 -1.06 -2.27 -3.07 -3.42 -2.89 -1.24  0.83  2.49 07092009 12
  3.44  3.58  2.67  1.17 -0.46 -1.80 -2.70 -3.21 -2.98 -1.62  0.40  2.19 08092009 00
  3.39  3.80  3.19  1.83  0.27 -1.13 -2.13 -2.84 -2.96 -2.03 -0.26  1.59 08092009 12
  2.93  3.45  3.04  1.73  0.14 -1.35 -2.42 -3.16 -3.44 -2.83 -1.27  0.59 09092009 00
  2.06  2.89  2.91  1.96  0.50 -1.00 -2.16 -2.90 -3.26 -2.90 -1.57  0.24 09092009 12
  1.79  2.75  3.00  2.31  0.97 -0.50 -1.77 -2.63 -3.13 -3.09 -2.15 -0.52 10092009 00
  1.06  2.20  2.71  2.38  1.27 -0.09 -1.41 -2.32 -2.88 -3.02 -2.41 -1.05 10092009 12
  0.51  1.74  2.44  2.42  1.61  0.39 -0.88 -1.86 -2.49 -2.79 -2.52 -1.48 11092009 00
 -0.03  1.25  2.11  2.37  1.88  0.85 -0.35 -1.41 -2.13 -2.55 -2.57 -1.92 11092009 12
 -0.72  0.57  1.58  2.10  1.99  1.26  0.24 -0.79 -1.58 -2.08 -2.29 -2.03 12092009 00
 -1.15  0.02  1.10  1.82  2.01  1.60  0.77 -0.22 -1.10 -1.73 -2.13 -2.22 12092009 12
 -1.78 -0.82  0.26  1.17  1.69  1.68  1.19  0.42 -0.43 -1.14 -1.65 -1.96 13092009 00
 -1.91 -1.33 -0.37  0.62  1.40  1.75  1.63  1.06  0.25 -0.60 -1.30 -1.82 13092009 12
 -2.11 -2.02 -1.38 -0.42  0.56  1.32  1.64  1.49  0.94  0.17 -0.63 -1.28 14092009 00
 -1.76 -1.99 -1.78 -1.01  0.02  1.02  1.70  1.90  1.57  0.82 -0.13 -1.04 14092009 12
 -1.77 -2.29 -2.49 -2.15 -1.18  0.03  1.15  1.87  2.03  1.59  0.71 -0.33 15092009 00
 -1.24 -1.92 -2.35 -2.35 -1.68 -0.45  0.85  1.86  2.34  2.15  1.30  0.11 15092009 12
 -1.10 -2.06 -2.75 -3.11 -2.87 -1.80 -0.27  1.19  2.18  2.51  2.05  0.95 16092009 00
 -0.34 -1.52 -2.35 -2.85 -2.85 -2.01 -0.44  1.20  2.41  2.99  2.74  1.66 16092009 12
  0.22 -1.23 -2.33 -3.11 -3.50 -3.11 -1.71  0.18  1.82  2.85  3.11  2.41 17092009 00
  1.02 -0.50 -1.84 -2.75 -3.28 -3.16 -1.96 -0.01  1.82  3.06  3.57  3.08 17092009 12
  1.70  0.06 -1.51 -2.67 -3.47 -3.77 -3.08 -1.25  0.84  2.49  3.40  3.42 18092009 00
  2.38  0.74 -0.94 -2.26 -3.15 -3.60 -3.16 -1.51  0.71  2.55  3.66  3.94 18092009 12
  3.09  1.44 -0.34 -1.90 -3.00 -3.75 -3.83 -2.69 -0.58  1.61  3.13  3.78 19092009 00
  3.47  2.03  0.26 -1.42 -2.62 -3.43 -3.71 -2.89 -0.86  1.43  3.10  3.96 19092009 12
  3.88  2.58  0.79 -1.01 -2.41 -3.43 -4.04 -3.74 -2.15  0.15  2.16  3.38 20092009 00
  3.70  2.96  1.26 -0.53 -2.10 -3.13 -3.78 -3.71 -2.36 -0.11  2.06  3.46 20092009 12
  4.04  3.59  2.04  0.26 -1.45 -2.64 -3.49 -3.82 -3.07 -1.11  1.14  2.82 21092009 00
  3.68  3.61  2.42  0.71 -1.00 -2.30 -3.17 -3.59 -3.05 -1.30  0.92  2.73 21092009 12
  3.79  3.98  3.06  1.48 -0.23 -1.64 -2.63 -3.27 -3.20 -1.97  0.02  1.91 22092009 00
  3.20  3.65  3.08  1.64 -0.00 -1.51 -2.56 -3.27 -3.40 -2.48 -0.63  1.31 22092009 12
  2.71  3.41  3.22  2.05  0.54 -0.98 -2.10 -2.86 -3.19 -2.71 -1.21  0.63 23092009 00
  2.14  3.02  3.12  2.27  0.90 -0.58 -1.75 -2.54 -2.99 -2.82 -1.68  0.02 23092009 12
  1.57  2.63  2.97  2.44  1.23 -0.14 -1.36 -2.18 -2.68 -2.71 -1.92 -0.44 24092009 00
  1.06  2.17  2.70  2.48  1.53  0.26 -0.96 -1.84 -2.40 -2.60 -2.19 -1.05 24092009 12
  0.35  1.54  2.25  2.31  1.67  0.62 -0.50 -1.39 -1.96 -2.23 -2.05 -1.22 25092009 00
  0.00  1.13  1.93  2.18  1.80  0.95 -0.08 -0.99 -1.62 -2.01 -2.09 -1.64 25092009 12
 -0.68  0.39  1.26  1.72  1.63  1.05  0.24 -0.59 -1.22 -1.61 -1.78 -1.56 26092009 00
 -0.86  0.06  0.91  1.48  1.62  1.30  0.66 -0.10 -0.78 -1.28 -1.60 -1.70 26092009 12
 -1.39 -0.70  0.11  0.80  1.18  1.18  0.84  0.29 -0.31 -0.79 -1.12 -1.30 27092009 00
 -1.22 -0.79 -0.11  0.58  1.11  1.32  1.19  0.77  0.18 -0.41 -0.90 -1.28 27092009 12
 -1.51 -1.45 -1.01 -0.34  0.33  0.82  1.04  0.95  0.61  0.12 -0.39 -0.80 28092009 00
 -1.08 -1.19 -1.00 -0.48  0.20  0.85  1.28  1.41  1.20  0.67  0.01 -0.65 28092009 12
 -1.19 -1.59 -1.72 -1.43 -0.75  0.08  0.85  1.32  1.43  1.14  0.55 -0.17 29092009 00
 -0.82 -1.30 -1.55 -1.48 -0.94 -0.05  0.85  1.54  1.83  1.63  0.99  0.10 29092009 12
 -0.79 -1.49 -1.96 -2.14 -1.81 -0.93  0.19  1.19  1.81  1.90  1.45  0.62 30092009 00
 -0.35 -1.17 -1.72 -1.98 -1.80 -0.99  0.23  1.37  2.16  2.37  1.94  1.01 30092009 12
 -0.12 -1.15 -1.92 -2.39 -2.47 -1.86 -0.64  0.70  1.80  2.35  2.19  1.37 01102009 00
  0.21 -0.95 -1.81 -2.32 -2.44 -1.93 -0.69  0.79  1.99  2.67  2.64  1.84 01102009 12
  0.64 -0.66 -1.73 -2.47 -2.85 -2.61 -1.49  0.11  1.60  2.60  2.89  2.32 02102009 00
  1.13 -0.24 -1.42 -2.22 -2.67 -2.56 -1.55  0.10  1.70  2.81  3.24  2.81 02102009 12
  1.64  0.21 -1.10 -2.02 -2.63 -2.76 -1.96 -0.30  1.54  2.93  3.65  3.51 03102009 00
  2.43  0.93 -0.52 -1.58 -2.32 -2.70 -2.28 -0.85  1.00  2.56  3.42  3.42 03102009 12
  2.43  0.90 -0.69 -1.94 -2.82 -3.33 -3.11 -1.79  0.16  1.93  3.08  3.45 04102009 00
  2.82  1.40 -0.17 -1.59 -2.55 -3.13 -3.10 -1.98 -0.03  1.86  3.17  3.71 04102009 12
  3.24  1.84  0.20 -1.38 -2.50 -3.26 -3.50 -2.71 -0.89  1.18  2.73  3.53 05102009 00
  3.44  2.29  0.69 -0.95 -2.19 -3.02 -3.40 -2.87 -1.21  0.89  2.59  3.57 05102009 12
  3.71  2.75  1.17 -0.51 -1.89 -2.82 -3.35 -3.15 -1.76  0.32  2.23  3.48 06102009 00
  3.92  3.30  1.82  0.14 -1.37 -2.41 -3.10 -3.20 -2.19 -0.25  1.70  3.07 06102009 12
  3.68  3.29  1.92  0.28 -1.32 -2.48 -3.27 -3.58 -2.94 -1.20  0.89  2.50 07102009 00
  3.41  3.46  2.44  0.86 -0.77 -2.04 -2.89 -3.35 -3.04 -1.60  0.40  2.16 07102009 12
  3.24  3.55  2.83  1.38 -0.21 -1.59 -2.53 -3.13 -3.14 -2.10 -0.27  1.53 08102009 00
  2.80  3.35  2.96  1.70  0.17 -1.32 -2.36 -3.04 -3.28 -2.64 -1.06  0.78 08102009 12
  2.20  2.99  2.99  2.04  0.63 -0.83 -1.95 -2.67 -3.04 -2.72 -1.46  0.26 09102009 00
  1.76  2.78  3.06  2.46  1.27 -0.12 -1.33 -2.14 -2.64 -2.62 -1.78 -0.27 09102009 12
  1.28  2.44  2.95  2.69  1.72  0.45 -0.79 -1.72 -2.34 -2.58 -2.17 -0.98 10102009 00
  0.48  1.73  2.52  2.64  2.00  0.92 -0.30 -1.32 -2.03 -2.47 -2.46 -1.71 10102009 12
 -0.40  0.93  1.95  2.41  2.21  1.44  0.43 -0.57 -1.30 -1.77 -1.96 -1.63 11102009 00
 -0.65  0.57  1.62  2.30  2.41  1.91  0.99 -0.09 -1.02 -1.71 -2.22 -2.41 11102009 12
 -2.00 -1.04  0.12  1.14  1.72  1.77  1.30  0.51 -0.37 -1.09 -1.61 -1.90 12102009 00
 -1.82 -1.17 -0.13  0.91  1.70  2.03  1.83  1.17  0.26 -0.66 -1.42 -2.00 12102009 12
 -2.34 -2.23 -1.50 -0.41  0.68  1.48  1.82  1.63  1.00  0.13 -0.74 -1.42 13102009 00
 -1.87 -2.02 -1.68 -0.75  0.40  1.42  2.07  2.18  1.68  0.77 -0.30 -1.26 13102009 12
 -2.01 -2.52 -2.65 -2.12 -0.97  0.36  1.49  2.13  2.15  1.54  0.54 -0.55 14102009 00
 -1.45 -2.09 -2.42 -2.22 -1.28  0.11  1.42  2.33  2.61  2.16  1.13 -0.15 14102009 12
 -1.34 -2.25 -2.88 -3.09 -2.55 -1.20  0.40  1.74  2.52  2.59  1.85  0.62 15102009 00
 -0.71 -1.80 -2.54 -2.91 -2.65 -1.49  0.20  1.72  2.74  3.06  2.47  1.22 15102009 12
 -0.28 -1.63 -2.63 -3.31 -3.50 -2.77 -1.13  0.69  2.13  2.88  2.82  1.82 16102009 00
  0.34 -1.16 -2.31 -3.06 -3.39 -2.92 -1.42  0.54  2.15  3.10  3.30  2.47 16102009 12
  0.97 -0.64 -2.04 -3.02 -3.64 -3.62 -2.51 -0.57  1.39  2.74  3.31  2.96 17102009 00
  1.62 -0.02 -1.58 -2.68 -3.39 -3.57 -2.73 -0.84  1.23  2.75  3.55  3.46 17102009 12
  2.29  0.64 -1.05 -2.35 -3.27 -3.76 -3.38 -1.81  0.37  2.20  3.32  3.59 18102009 00
  2.80  1.21 -0.48 -1.95 -2.94 -3.56 -3.47 -2.17 -0.05  1.95  3.27  3.78 18102009 12
  3.28  1.82  0.13 -1.48 -2.62 -3.40 -3.60 -2.71 -0.78  1.34  2.89  3.69 19102009 00
  3.56  2.34  0.69 -1.00 -2.25 -3.10 -3.46 -2.87 -1.11  1.04  2.75  3.73 19102009 12
  3.89  2.94  1.38 -0.34 -1.76 -2.76 -3.34 -3.14 -1.77  0.26  2.10  3.34 20102009 00
  3.76  3.13  1.67  0.01 -1.51 -2.56 -3.23 -3.30 -2.26 -0.30  1.66  3.09 20102009 12
  3.76  3.48  2.24  0.70 -0.85 -1.99 -2.75 -3.02 -2.33 -0.62  1.30  2.79 21102009 00
  3.59  3.56  2.55  1.09 -0.49 -1.74 -2.60 -3.06 -2.74 -1.36  0.51  2.13 21102009 12
  3.18  3.45  2.77  1.47 -0.03 -1.32 -2.23 -2.76 -2.69 -1.64  0.08  1.74 22102009 00
  2.89  3.36  2.95  1.81  0.38 -0.96 -1.95 -2.60 -2.81 -2.21 -0.78  0.85 22102009 12
  2.17  2.89  2.83  1.95  0.69 -0.60 -1.58 -2.22 -2.49 -2.12 -0.91  0.62 23102009 00
  1.94  2.75  2.89  2.25  1.13 -0.14 -1.22 -1.97 -2.43 -2.39 -1.61 -0.28 23102009 12
  1.06  2.05  2.42  2.11  1.22  0.11 -0.89 -1.59 -1.99 -2.00 -1.34 -0.09 24102009 00
  1.21  2.20  2.71  2.63  2.00  1.07  0.08 -0.75 -1.32 -1.60 -1.42 -0.65 24102009 12
  0.47  1.56  2.25  2.42  2.03  1.22  0.28 -0.50 -1.08 -1.48 -1.51 -0.94 25102009 00
  0.02  0.98  1.72  2.06  1.94  1.39  0.58 -0.22 -0.85 -1.31 -1.59 -1.48 25102009 12
 -0.87 -0.00  0.83  1.38  1.51  1.24  0.66 -0.07 -0.71 -1.16 -1.40 -1.37 26102009 00
 -0.93 -0.15  0.67  1.30  1.61  1.53  1.09  0.43 -0.30 -0.92 -1.40 -1.69 26102009 12
 -1.65 -1.15 -0.35  0.47  1.09  1.36  1.26  0.88  0.33 -0.24 -0.68 -0.97 27102009 00
 -1.07 -0.83 -0.18  0.60  1.27  1.70  1.77  1.48  0.91  0.20 -0.48 -1.02 27102009 12
 -1.40 -1.48 -1.14 -0.43  0.41  1.14  1.55  1.58  1.25  0.65 -0.04 -0.66 28102009 00
 -1.12 -1.39 -1.31 -0.75  0.10  0.96  1.59  1.80  1.55  0.92  0.07 -0.74 28102009 12
 -1.39 -1.86 -2.05 -1.73 -0.86  0.21  1.18  1.78  1.89  1.49  0.76 -0.13 29102009 00
 -0.92 -1.48 -1.78 -1.67 -0.95  0.16  1.24  2.00  2.25  1.90  1.08  0.03 29102009 12
 -0.97 -1.73 -2.23 -2.36 -1.87 -0.75  0.55  1.66  2.26  2.25  1.62  0.61 30102009 00
 -0.49 -1.39 -1.98 -2.22 -1.87 -0.79  0.59  1.80  2.59  2.72  2.13  1.06 30102009 12
 -0.19 -1.28 -2.05 -2.51 -2.48 -1.66 -0.23  1.26  2.35  2.82  2.50  1.51 31102009 00
  0.23 -0.99 -1.89 -2.46 -2.59 -1.94 -0.53  1.05  2.30  2.95  2.81  1.87 31102009 12
  0.52 -0.86 -1.92 -2.67 -3.04 -2.67 -1.31  0.48  2.01  2.97  3.19  2.61 01112009 00
  1.53  0.22 -1.00 -1.87 -2.40 -2.35 -1.33  0.37  2.03  3.21  3.66  3.13 01112009 12
  1.83  0.26 -1.13 -2.10 -2.77 -2.97 -2.24 -0.59  1.28  2.73  3.45  3.28 02112009 00
  2.15  0.62 -0.90 -2.02 -2.78 -3.12 -2.61 -1.02  0.92  2.52  3.44  3.49 02112009 12
  2.52  1.03 -0.59 -1.89 -2.77 -3.26 -2.97 -1.55  0.51  2.38  3.66  4.07 03112009 00
  3.41  2.00  0.35 -1.11 -2.18 -2.91 -3.07 -2.15 -0.29  1.70  3.16  3.83 03112009 12
  3.54  2.26  0.62 -0.98 -2.14 -2.95 -3.29 -2.69 -0.98  1.09  2.76  3.72 04112009 00
  3.81  2.79  1.21 -0.46 -1.77 -2.70 -3.26 -3.05 -1.68  0.36  2.18  3.36 04112009 12
  3.71  3.03  1.56 -0.08 -1.53 -2.53 -3.20 -3.30 -2.28 -0.31  1.67  3.11 05112009 00
  3.77  3.47  2.17  0.54 -1.07 -2.24 -3.06 -3.42 -2.87 -1.25  0.77  2.37 05112009 12
  3.30  3.40  2.46  0.97 -0.63 -1.91 -2.77 -3.24 -2.97 -1.58  0.40  2.17 06112009 00
  3.34  3.76  3.22  1.96  0.44 -0.99 -2.04 -2.80 -3.02 -2.23 -0.49  1.38 06112009 12
  2.81  3.49  3.31  2.20  0.75 -0.71 -1.78 -2.53 -2.87 -2.42 -0.99  0.81 07112009 00
  2.32  3.26  3.41  2.64  1.33 -0.14 -1.35 -2.24 -2.85 -2.92 -2.10 -0.57 07112009 12
  1.04  2.21  2.70  2.38  1.30 -0.05 -1.32 -2.22 -2.82 -3.02 -2.53 -1.23 08112009 00
  0.32  1.63  2.43  2.54  1.83  0.61 -0.70 -1.77 -2.54 -3.02 -3.03 -2.24 08112009 12
 -0.82  0.61  1.71  2.24  2.06  1.22  0.12 -1.00 -1.81 -2.32 -2.49 -2.05 09112009 00
 -0.94  0.43  1.59  2.32  2.43  1.87  0.87 -0.28 -1.29 -2.01 -2.48 -2.51 09112009 12
 -1.84 -0.61  0.72  1.77  2.33  2.26  1.61  0.65 -0.39 -1.25 -1.84 -2.13 10112009 00
 -1.94 -1.09  0.13  1.30  2.13  2.38  1.99  1.13  0.07 -0.91 -1.68 -2.25 10112009 12
 -2.48 -2.12 -1.09  0.18  1.33  2.06  2.23  1.80  0.96 -0.04 -0.92 -1.57 11112009 00
 -1.97 -1.96 -1.27 -0.07  1.16  2.12  2.56  2.39  1.63  0.56 -0.55 -1.46 11112009 12
 -2.12 -2.47 -2.23 -1.20  0.20  1.49  2.39  2.72  2.36  1.55  0.50 -0.50 12112009 00
 -1.30 -1.83 -1.86 -1.13  0.16  1.49  2.54  3.05  2.90  2.15  0.99 -0.26 12112009 12
 -1.29 -2.07 -2.51 -2.35 -1.35  0.15  1.65  2.68  3.04  2.63  1.65  0.45 13112009 00
 -0.69 -1.59 -2.22 -2.42 -1.84 -0.48  1.07  2.33  3.01  3.00  2.27  1.20 13112009 12
  0.06 -0.93 -1.66 -2.09 -1.86 -0.67  0.96  2.43  3.43  3.71  3.17  2.09 14112009 00
  0.73 -0.54 -1.52 -2.19 -2.33 -1.63 -0.15  1.52  2.81  3.42  3.17  2.13 14112009 12
  0.76 -0.63 -1.74 -2.54 -2.94 -2.53 -1.10  0.71  2.26  3.20  3.34  2.57 15112009 00
  1.25 -0.24 -1.48 -2.36 -2.89 -2.73 -1.53  0.29  2.02  3.19  3.63  3.12 15112009 12
  1.88  0.36 -1.06 -2.10 -2.82 -3.01 -2.21 -0.46  1.43  2.88  3.61  3.56 16112009 00
  2.57  1.12 -0.48 -1.64 -2.45 -2.83 -2.35 -0.84  1.06  2.67  3.67  3.82 16112009 12
  2.98  1.61  0.07 -1.21 -2.13 -2.71 -2.64 -1.54  0.25  2.00  3.21  3.62 17112009 00
  3.06  1.75  0.19 -1.21 -2.21 -2.80 -2.82 -1.93 -0.23  1.61  3.01  3.70 17112009 12
  3.49  2.40  0.95 -0.49 -1.57 -2.24 -2.45 -1.87 -0.40  1.45  2.94  3.75 18112009 00
  3.71  2.71  1.25 -0.30 -1.57 -2.52 -3.09 -2.91 -1.65  0.21  2.00  3.25 18112009 12
  3.72  3.22  2.00  0.54 -0.76 -1.68 -2.28 -2.28 -1.25  0.52  2.25  3.50 19112009 00
  4.02  3.61  2.49  1.06 -0.30 -1.33 -2.12 -2.42 -1.81 -0.34  1.31  2.66 19112009 12
  3.39  3.32  2.48  1.23 -0.13 -1.23 -2.03 -2.42 -2.05 -0.73  0.95  2.42 20112009 00
  3.32  3.45  2.72  1.47  0.06 -1.15 -2.04 -2.66 -2.75 -1.96 -0.48  1.08 20112009 12
  2.24  2.71  2.40  1.37  0.06 -1.16 -2.00 -2.50 -2.58 -1.87 -0.40  1.23 21112009 00
  2.46  3.15  3.15  2.41  1.24 -0.06 -1.13 -1.83 -2.15 -1.83 -0.67  0.83 21112009 12
  2.11  2.93  3.09  2.56  1.58  0.45 -0.53 -1.22 -1.64 -1.52 -0.65  0.69 22112009 00
  2.03  2.95  3.22  2.82  1.92  0.78 -0.24 -0.97 -1.47 -1.58 -1.05  0.01 22112009 12
  1.24  2.21  2.61  2.50  1.81  0.78 -0.24 -1.06 -1.64 -1.91 -1.64 -0.70 23112009 00
  0.54  1.69  2.45  2.65  2.22  1.32  0.23 -0.73 -1.42 -1.90 -2.06 -1.58 23112009 12
 -0.55  0.59  1.51  1.96  1.87  1.30  0.50 -0.31 -0.91 -1.26 -1.34 -0.94 24112009 00
 -0.03  1.00  1.90  2.48  2.59  2.22  1.51  0.72  0.02 -0.53 -0.92 -0.98 24112009 12
 -0.59  0.20  1.16  1.90  2.13  1.96  1.43  0.70 -0.00 -0.47 -0.65 -0.50 25112009 00
  0.05  0.84  1.65  2.34  2.68  2.55  1.99  1.12  0.22 -0.55 -1.23 -1.71 25112009 12
 -1.77 -1.32 -0.42  0.66  1.56  2.05  2.06  1.62  0.90  0.13 -0.50 -0.93 26112009 00
 -1.16 -1.07 -0.49  0.39  1.24  1.83  2.00  1.70  1.04  0.24 -0.51 -1.11 26112009 12
 -1.53 -1.62 -1.19 -0.29  0.74  1.60  2.05  2.00  1.50  0.72 -0.13 -0.83 27112009 00
 -1.36 -1.67 -1.55 -0.85  0.16  1.14  1.84  2.06  1.75  1.04  0.12 -0.75 27112009 12
 -1.43 -1.89 -2.00 -1.50 -0.44  0.74  1.73  2.27  2.23  1.66  0.76 -0.24 28112009 00
 -1.08 -1.68 -1.98 -1.80 -0.95  0.28  1.45  2.26  2.49  2.06  1.15  0.03 28112009 12
 -1.00 -1.79 -2.33 -2.48 -1.95 -0.75  0.62  1.75  2.36  2.30  1.54  0.44 29112009 00
 -0.68 -1.55 -2.12 -2.37 -2.08 -1.04  0.40  1.68  2.47  2.58  1.87  0.66 29112009 12
 -0.63 -1.71 -2.47 -2.94 -2.92 -2.06 -0.50  1.06  2.22  2.74  2.45  1.39 30112009 00
  0.05 -1.24 -2.17 -2.76 -2.96 -2.40 -0.97  0.71  2.07  2.84  2.82  1.92 30112009 12
  0.57 -0.85 -1.96 -2.71 -3.11 -2.84 -1.58  0.21  1.82  2.90  3.23  2.65 01122009 00
  1.38 -0.11 -1.43 -2.35 -2.89 -2.83 -1.77  0.03  1.81  3.08  3.64  3.28 01122009 12
  2.09  0.56 -0.92 -2.02 -2.78 -3.06 -2.42 -0.80  1.12  2.72  3.63  3.69 02122009 00
  2.75  1.28 -0.33 -1.63 -2.56 -3.12 -2.96 -1.70  0.23  2.02  3.23  3.61 02122009 12
  2.99  1.59 -0.01 -1.44 -2.43 -3.06 -3.10 -2.13 -0.28  1.70  3.18  3.91 03122009 00
  3.64  2.36  0.74 -0.87 -2.08 -2.96 -3.44 -3.06 -1.52  0.55  2.33  3.38 03122009 12
  3.59  2.72  1.15 -0.50 -1.90 -2.85 -3.43 -3.32 -2.02  0.06  1.99  3.29 04122009 00
  3.81  3.31  1.87  0.20 -1.39 -2.54 -3.36 -3.65 -2.90 -1.04  1.06  2.68 04122009 12
  3.57  3.61  2.61  1.07 -0.55 -1.76 -2.59 -3.01 -2.61 -1.07  0.97  2.68 05122009 00
  3.77  4.01  3.18  1.73  0.04 -1.41 -2.48 -3.18 -3.20 -2.09 -0.15  1.77 05122009 12
  3.18  3.88  3.64  2.46  0.96 -0.58 -1.71 -2.50 -2.81 -2.14 -0.39  1.64 06122009 00
  3.24  4.14  4.22  3.28  1.83  0.24 -1.05 -2.03 -2.71 -2.72 -1.70 -0.00 06122009 12
  1.75  3.05  3.57  3.21  2.07  0.62 -0.73 -1.67 -2.28 -2.40 -1.60  0.04 07122009 00
  1.76  3.10  3.78  3.61  2.61  1.19 -0.34 -1.55 -2.44 -3.00 -2.89 -1.82 07122009 12
 -0.14  1.50  2.66  3.12  2.75  1.66  0.34 -0.91 -1.79 -2.37 -2.49 -1.81 08122009 00
 -0.36  1.20  2.44  3.12  3.04  2.21  0.99 -0.31 -1.35 -2.11 -2.57 -2.43 08122009 12
 -1.46 -0.02  1.41  2.46  2.87  2.52  1.58  0.40 -0.71 -1.53 -2.07 -2.21 09122009 00
 -1.62 -0.34  1.07  2.21  2.84  2.77  2.03  0.89 -0.33 -1.32 -2.05 -2.51 09122009 12
 -2.47 -1.70 -0.42  0.93  1.97  2.42  2.20  1.40  0.33 -0.72 -1.54 -2.08 10122009 00
 -2.30 -1.92 -0.85  0.46  1.60  2.32  2.43  1.86  0.85 -0.29 -1.29 -2.04 10122009 12
 -2.54 -2.63 -2.03 -0.83  0.49  1.57  2.15  2.10  1.44  0.45 -0.61 -1.45 11122009 00
 -2.01 -2.27 -2.00 -1.03  0.27  1.44  2.24  2.48  2.05  1.12 -0.02 -1.08 11122009 12
 -1.88 -2.43 -2.60 -2.13 -0.99  0.35  1.51  2.20  2.26  1.65  0.64 -0.47 12122009 00
 -1.39 -2.03 -2.37 -2.22 -1.36 -0.04  1.22  2.12  2.45  2.08  1.13 -0.04 12122009 12
 -1.13 -1.96 -2.51 -2.68 -2.19 -1.00  0.42  1.63  2.34  2.38  1.69  0.57 13122009 00
 -0.64 -1.62 -2.30 -2.66 -2.49 -1.56 -0.13  1.24  2.19  2.52  2.11  1.09 13122009 12
 -0.17 -1.33 -2.17 -2.68 -2.78 -2.16 -0.80  0.71  1.92  2.58  2.51  1.67 14122009 00
  0.43 -0.86 -1.85 -2.52 -2.82 -2.51 -1.37  0.19  1.58  2.47  2.67  2.07 14122009 12
  0.92 -0.41 -1.56 -2.35 -2.82 -2.76 -1.86 -0.33  1.21  2.30  2.78  2.47 15122009 00
  1.40  0.05 -1.27 -2.24 -2.88 -3.08 -2.52 -1.11  0.52  1.85  2.61  2.63 15122009 12
  1.78  0.51 -0.85 -1.93 -2.63 -2.94 -2.58 -1.31  0.39  1.86  2.80  3.02 16122009 00
  2.36  1.13 -0.28 -1.50 -2.37 -2.90 -2.89 -1.97 -0.36  1.25  2.41  2.91 16122009 12
  2.55  1.43  0.05 -1.29 -2.24 -2.84 -2.95 -2.21 -0.65  1.05  2.34  3.02 17122009 00
  2.90  1.90  0.52 -0.92 -2.04 -2.82 -3.22 -2.89 -1.61  0.11  1.61  2.54 17122009 12
  2.72  2.02  0.70 -0.72 -1.93 -2.73 -3.14 -2.94 -1.81 -0.07  1.53  2.60 18122009 00
  2.99  2.50  1.28 -0.14 -1.48 -2.44 -3.07 -3.24 -2.54 -1.00  0.72  2.01 18122009 12
  2.68  2.54  1.52  0.15 -1.23 -2.21 -2.82 -2.99 -2.38 -0.89  0.86  2.25 19122009 00
  3.06  3.12  2.28  0.98 -0.44 -1.57 -2.35 -2.78 -2.63 -1.62 -0.04  1.48 19122009 12
  2.54  2.86  2.31  1.11 -0.26 -1.48 -2.28 -2.71 -2.62 -1.64  0.02  1.64 20122009 00
  2.78  3.31  3.02  1.94  0.57 -0.72 -1.70 -2.38 -2.64 -2.14 -0.80  0.81 20122009 12
  2.14  2.87  2.86  2.02  0.77 -0.53 -1.53 -2.17 -2.44 -2.03 -0.77  0.83 21122009 00
  2.17  3.01  3.12  2.43  1.25 -0.10 -1.22 -2.00 -2.48 -2.42 -1.52 -0.06 21122009 12
  1.41  2.48  2.90  2.55  1.59  0.37 -0.75 -1.53 -1.99 -2.00 -1.29  0.07 22122009 00
  1.49  2.57  3.12  2.96  2.10  0.90 -0.31 -1.25 -1.90 -2.19 -1.87 -0.77 22122009 12
  0.63  1.85  2.59  2.70  2.14  1.14  0.00 -0.95 -1.59 -1.91 -1.76 -0.90 23122009 00
  0.40  1.64  2.51  2.79  2.37  1.44  0.30 -0.75 -1.52 -2.03 -2.18 -1.67 23122009 12
 -0.55  0.72  1.78  2.33  2.26  1.62  0.68 -0.29 -1.05 -1.55 -1.75 -1.47 24122009 00
 -0.55  0.64  1.70  2.37  2.47  1.96  1.05  0.01 -0.87 -1.51 -1.93 -1.95 24122009 12
 -1.35 -0.27  0.88  1.80  2.20  2.05  1.40  0.51 -0.37 -1.02 -1.45 -1.62 25122009 00
 -1.30 -0.41  0.66  1.60  2.18  2.23  1.76  0.95  0.03 -0.75 -1.32 -1.67 25122009 12
 -1.64 -1.05 -0.07  0.96  1.78  2.15  2.00  1.43  0.62 -0.21 -0.85 -1.29 26122009 00
 -1.46 -1.16 -0.35  0.67  1.58  2.14  2.22  1.81  1.03  0.12 -0.69 -1.29 26122009 12
 -1.67 -1.70 -1.16 -0.17  0.92  1.78  2.20  2.13  1.61  0.80 -0.09 -0.85 27122009 00
 -1.42 -1.76 -1.65 -0.94  0.12  1.14  1.84  2.01  1.64  0.87 -0.09 -0.97 27122009 12
 -1.63 -2.08 -2.20 -1.72 -0.67  0.55  1.61  2.21  2.23  1.70  0.81 -0.19 28122009 00
 -1.02 -1.63 -1.98 -1.85 -1.04  0.20  1.40  2.26  2.55  2.18  1.30  0.19 28122009 12
 -0.87 -1.68 -2.22 -2.38 -1.89 -0.72  0.67  1.87  2.57  2.59  1.92  0.84 29122009 00
 -0.36 -1.38 -2.12 -2.55 -2.43 -1.49 -0.02  1.40  2.40  2.79  2.42  1.43 29122009 12
  0.16 -1.04 -1.94 -2.53 -2.69 -2.09 -0.67  0.97  2.28  2.99  2.93  2.03 30122009 00
  0.73 -0.68 -1.83 -2.65 -3.12 -2.93 -1.75 -0.00  1.57  2.62  2.96  2.44 30122009 12
  1.22 -0.20 -1.54 -2.50 -3.12 -3.21 -2.34 -0.60  1.21  2.57  3.28  3.12 31122009 00
  2.02  0.55 -0.99 -2.17 -3.01 -3.43 -3.04 -1.57  0.39  2.09  3.15  3.42 31122009 12
