Parameter Z: CS3X Location (100, 86) Lat 53.500 Lon -3.417
  0.52 -0.57 -1.58 -2.18 -2.08 -1.22  0.11  1.54  2.58  2.90  2.37  1.24 01012007 00
 -0.05 -1.18 -2.00 -2.52 -2.60 -1.91 -0.52  1.00  2.22  2.90  2.86  2.04 01012007 12
  0.79 -0.53 -1.57 -2.27 -2.61 -2.30 -1.16  0.38  1.91  3.08  3.45  2.87 02012007 00
  1.59  0.00 -1.35 -2.33 -3.02 -3.26 -2.67 -1.24  0.46  1.80  2.54  2.54 02012007 12
  1.67  0.36 -1.00 -2.03 -2.66 -2.86 -2.30 -0.85  0.94  2.42  3.35  3.52 03012007 00
  2.78  1.50  0.03 -1.23 -2.12 -2.65 -2.50 -1.41  0.24  1.90  3.19  3.76 03012007 12
  3.35  2.14  0.64 -0.74 -1.74 -2.41 -2.64 -1.98 -0.40  1.40  2.83  3.58 04012007 00
  3.47  2.39  0.86 -0.68 -1.88 -2.77 -3.32 -3.13 -1.89 -0.08  1.60  2.71 04012007 12
  3.05  2.50  1.22 -0.25 -1.55 -2.40 -2.85 -2.71 -1.55  0.34  2.14  3.34 05012007 00
  3.85  3.35  2.07  0.50 -0.96 -2.07 -2.89 -3.24 -2.72 -1.21  0.62  2.16 05012007 12
  2.99  3.02  2.12  0.73 -0.73 -1.86 -2.60 -2.94 -2.52 -1.07  0.82  2.37 06012007 00
  3.34  3.54  2.76  1.42 -0.13 -1.46 -2.41 -3.04 -3.07 -2.11 -0.39  1.39 06012007 12
  2.68  3.27  3.00  1.95  0.60 -0.74 -1.69 -2.30 -2.41 -1.62  0.00  1.67 07012007 00
  2.92  3.55  3.32  2.29  0.92 -0.49 -1.57 -2.33 -2.68 -2.24 -0.88  0.82 07012007 12
  2.27  3.01  3.07  2.35  1.12 -0.28 -1.45 -2.25 -2.66 -2.44 -1.27  0.41 08012007 00
  1.97  3.06  3.51  3.11  2.05  0.71 -0.59 -1.57 -2.23 -2.41 -1.77 -0.36 08012007 12
  1.21  2.43  3.04  2.95  2.15  1.00 -0.14 -0.99 -1.49 -1.62 -1.10  0.15 09012007 00
  1.59  2.80  3.40  3.22  2.37  1.11 -0.18 -1.22 -2.00 -2.48 -2.35 -1.41 09012007 12
 -0.03  1.33  2.28  2.61  2.27  1.42  0.30 -0.76 -1.47 -1.85 -1.82 -1.18 10012007 00
  0.04  1.31  2.22  2.59  2.30  1.42  0.33 -0.72 -1.52 -2.07 -2.29 -1.86 10012007 12
 -0.75  0.61  1.88  2.78  3.05  2.71  1.95  0.97  0.08 -0.50 -0.72 -0.53 11012007 00
  0.14  1.04  1.99  2.70  2.80  2.26  1.29  0.24 -0.65 -1.35 -1.88 -2.05 11012007 12
 -1.67 -0.83  0.17  1.04  1.54  1.58  1.16  0.47 -0.27 -0.88 -1.22 -1.27 12012007 00
 -0.92 -0.11  0.92  1.82  2.41  2.48  2.05  1.30  0.46 -0.29 -0.89 -1.34 12012007 12
 -1.51 -1.23 -0.55  0.32  1.09  1.50  1.49  1.08  0.38 -0.38 -0.95 -1.29 13012007 00
 -1.39 -1.12 -0.38  0.57  1.47  2.14  2.55  2.52  1.74  0.84  0.08 -0.54 13012007 12
 -1.10 -1.45 -1.29 -0.68  0.05  0.75  1.24  1.33  1.03  0.46 -0.23 -0.80 14012007 00
 -1.22 -1.47 -1.42 -0.88 -0.02  0.83  1.45  1.72  1.58  1.05  0.30 -0.43 14012007 12
 -0.98 -1.37 -1.53 -1.23 -0.40  0.62  1.52  2.08  2.17  1.82  1.10  0.22 15012007 00
 -0.58 -1.20 -1.61 -1.64 -1.07 -0.08  0.99  1.81  2.21  2.17  1.64  0.72 15012007 12
 -0.28 -1.10 -1.68 -1.93 -1.70 -0.90  0.18  1.25  1.96  2.12  1.70  0.86 16012007 00
 -0.16 -1.05 -1.71 -2.15 -2.19 -1.59 -0.44  0.81  1.84  2.39  2.34  1.64 16012007 12
  0.59 -0.49 -1.35 -1.86 -1.95 -1.43 -0.25  1.16  2.35  3.08  3.15  2.55 17012007 00
  1.56  0.37 -0.69 -1.49 -2.04 -2.07 -1.27  0.09  1.54  2.62  3.04  2.71 17012007 12
  1.67  0.36 -0.83 -1.73 -2.34 -2.36 -1.38  0.36  2.11  3.38  4.06  3.91 18012007 00
  3.11  1.92  0.61 -0.54 -1.56 -2.22 -2.16 -1.20  0.42  2.04  3.07  3.34 18012007 12
  2.71  1.41 -0.04 -1.27 -2.12 -2.63 -2.56 -1.49  0.27  1.94  3.07  3.52 19012007 00
  3.04  1.79  0.23 -1.21 -2.28 -3.05 -3.30 -2.60 -0.92  1.04  2.64  3.58 19012007 12
  3.67  2.76  1.37 -0.18 -1.39 -2.16 -2.49 -2.05 -0.57  1.40  3.08  4.08 20012007 00
  4.14  3.20  1.70  0.07 -1.30 -2.37 -3.14 -3.27 -2.25 -0.33  1.72  3.25 20012007 12
  3.96  3.71  2.45  0.73 -0.95 -2.19 -3.00 -3.28 -2.58 -0.81  1.28  2.90 21012007 00
  3.78  3.77  2.64  1.04 -0.64 -2.01 -3.01 -3.61 -3.42 -2.03  0.05  1.96 21012007 12
  3.18  3.55  2.91  1.36 -0.36 -1.92 -2.99 -3.67 -3.72 -2.61 -0.58  1.50 22012007 00
  2.91  3.52  3.21  1.79  0.05 -1.63 -2.87 -3.76 -4.19 -3.69 -1.95  0.21 22012007 12
  2.00  3.01  3.18  2.34  0.70 -0.93 -2.28 -3.13 -3.58 -3.27 -1.84  0.23 23012007 00
  2.04  3.15  3.52  2.86  1.36 -0.29 -1.80 -2.87 -3.59 -3.74 -2.86 -1.02 23012007 12
  0.97  2.44  3.17  3.08  1.95  0.36 -1.17 -2.32 -3.06 -3.37 -2.87 -1.36 24012007 00
  0.57  2.12  3.06  3.22  2.34  0.82 -0.76 -2.06 -2.94 -3.50 -3.49 -2.51 24012007 12
 -0.80  0.92  2.14  2.67  2.37  1.20 -0.22 -1.56 -2.46 -2.99 -3.09 -2.36 25012007 00
 -0.81  0.93  2.22  2.97  2.94  2.04  0.74 -0.68 -1.79 -2.55 -2.98 -2.83 25012007 12
 -1.81 -0.27  1.18  2.22  2.61  2.20  1.17 -0.06 -1.20 -1.98 -2.45 -2.51 26012007 00
 -1.87 -0.56  0.87  1.99  2.59  2.49  1.68  0.51 -0.68 -1.60 -2.25 -2.63 26012007 12
 -2.51 -1.65 -0.36  0.90  1.83  2.17  1.86  1.01 -0.04 -1.01 -1.71 -2.18 27012007 00
 -2.31 -1.87 -0.81  0.43  1.47  2.08  2.11  1.56  0.67 -0.33 -1.16 -1.77 27012007 12
 -2.15 -2.15 -1.54 -0.48  0.66  1.56  1.99  1.88  1.27  0.40 -0.51 -1.24 28012007 00
 -1.76 -2.04 -1.88 -1.11 -0.02  1.03  1.76  1.99  1.67  0.93  0.00 -0.86 28012007 12
 -1.53 -2.02 -2.21 -1.88 -0.97  0.17  1.19  1.83  1.97  1.55  0.72 -0.26 29012007 00
 -1.13 -1.79 -2.21 -2.26 -1.70 -0.63  0.54  1.49  1.99  1.93  1.31  0.38 29012007 12
 -0.62 -1.43 -2.00 -2.30 -2.10 -1.22  0.04  1.21  2.03  2.30  1.92  1.04 30012007 00
 -0.05 -1.08 -1.88 -2.39 -2.52 -1.99 -0.80  0.56  1.70  2.37  2.39  1.72 30012007 12
  0.66 -0.47 -1.38 -2.00 -2.31 -2.08 -1.08  0.35  1.70  2.61  2.87  2.37 31012007 00
  1.30  0.01 -1.17 -2.05 -2.65 -2.80 -2.18 -0.81  0.73  1.98  2.62  2.51 31012007 12
  1.62  0.37 -0.92 -1.90 -2.54 -2.79 -2.33 -1.01  0.63  2.01  2.86  2.97 01022007 00
  2.21  0.92 -0.53 -1.74 -2.60 -3.13 -3.09 -2.13 -0.48  1.14  2.34  2.84 01022007 12
  2.48  1.34 -0.05 -1.38 -2.30 -2.84 -2.89 -2.07 -0.45  1.28  2.54  3.15 02022007 00
  2.91  1.78  0.30 -1.18 -2.33 -3.14 -3.57 -3.22 -1.88 -0.02  1.58  2.57 02022007 12
  2.77  2.06  0.65 -0.82 -2.08 -2.87 -3.26 -2.97 -1.64  0.25  1.93  2.98 03022007 00
  3.32  2.68  1.30 -0.26 -1.69 -2.71 -3.39 -3.52 -2.67 -0.92  0.91  2.28 03022007 12
  2.94  2.74  1.61  0.10 -1.38 -2.44 -3.09 -3.24 -2.48 -0.79  1.13  2.55 04022007 00
  3.32  3.25  2.18  0.68 -0.90 -2.14 -3.00 -3.46 -3.18 -1.84  0.04  1.72 04022007 12
  2.76  3.02  2.32  0.90 -0.61 -1.92 -2.77 -3.22 -3.02 -1.74  0.17  1.88 05022007 00
  2.99  3.40  2.85  1.50 -0.06 -1.49 -2.51 -3.17 -3.31 -2.51 -0.82  1.00 05022007 12
  2.37  3.04  2.84  1.72  0.26 -1.20 -2.23 -2.86 -3.02 -2.32 -0.69  1.15 06022007 00
  2.54  3.30  3.24  2.25  0.84 -0.66 -1.83 -2.63 -3.05 -2.76 -1.48  0.29 06022007 12
  1.84  2.83  3.06  2.37  1.08 -0.34 -1.53 -2.31 -2.72 -2.51 -1.37  0.31 07022007 00
  1.86  2.89  3.24  2.72  1.55  0.13 -1.16 -2.06 -2.63 -2.70 -1.92 -0.41 07022007 12
  1.18  2.38  2.98  2.80  1.85  0.55 -0.76 -1.72 -2.32 -2.53 -2.01 -0.68 08022007 00
  0.86  2.11  2.83  2.82  2.04  0.86 -0.39 -1.40 -2.09 -2.45 -2.21 -1.17 08022007 12
  0.26  1.55  2.38  2.56  2.01  0.99 -0.16 -1.14 -1.82 -2.19 -2.08 -1.26 09022007 00
  0.03  1.27  2.16  2.47  2.10  1.21  0.09 -0.92 -1.65 -2.12 -2.22 -1.70 09022007 12
 -0.60  0.61  1.62  2.17  2.13  1.53  0.62 -0.37 -1.17 -1.69 -1.92 -1.64 10022007 00
 -0.79  0.32  1.32  1.96  2.09  1.67  0.86 -0.07 -0.87 -1.41 -1.69 -1.65 10022007 12
 -1.07 -0.08  0.96  1.73  2.07  1.96  1.43  0.66 -0.11 -0.72 -1.12 -1.25 11022007 00
 -1.02 -0.41  0.34  1.04  1.48  1.57  1.31  0.78  0.13 -0.43 -0.85 -1.11 11022007 12
 -1.08 -0.63  0.16  0.99  1.59  1.84  1.77  1.40  0.80  0.14 -0.44 -0.93 12022007 00
 -1.27 -1.31 -0.95 -0.26  0.54  1.12  1.35  1.23  0.86  0.32 -0.24 -0.74 12022007 12
 -1.10 -1.28 -1.12 -0.58  0.14  0.81  1.32  1.48  1.27  0.74  0.06 -0.60 13022007 00
 -1.12 -1.49 -1.62 -1.29 -0.55  0.32  1.08  1.55  1.66  1.40  0.83  0.10 13022007 12
 -0.60 -1.14 -1.46 -1.41 -0.84  0.12  1.14  1.93  2.28  2.15  1.59  0.73 14022007 00
 -0.20 -1.02 -1.66 -2.03 -1.90 -1.11 -0.01  1.10  1.91  2.15  1.84  1.11 14022007 12
  0.13 -0.78 -1.46 -1.86 -1.88 -1.24  0.01  1.34  2.35  2.87  2.75  2.04 15022007 00
  1.01 -0.09 -0.99 -1.64 -1.95 -1.61 -0.47  0.98  2.25  3.01  3.11  2.45 15022007 12
  1.32  0.04 -1.11 -1.98 -2.51 -2.42 -1.43  0.14  1.73  2.91  3.39  3.00 16022007 00
  1.91  0.48 -0.89 -1.94 -2.71 -3.06 -2.58 -1.11  0.71  2.25  3.11  3.17 16022007 12
  2.27  0.86 -0.66 -1.86 -2.68 -3.11 -2.81 -1.42  0.54  2.25  3.36  3.66 17022007 00
  2.94  1.48 -0.21 -1.68 -2.74 -3.47 -3.61 -2.67 -0.72  1.31  2.84  3.55 17022007 12
  3.33  2.04  0.36 -1.29 -2.49 -3.29 -3.58 -2.87 -1.01  1.21  2.89  3.83 18022007 00
  3.85  2.71  0.99 -0.81 -2.25 -3.28 -3.92 -3.72 -2.26 -0.00  2.08  3.43 18022007 12
  3.89  3.29  1.66 -0.12 -1.74 -2.83 -3.53 -3.54 -2.27  0.01  2.23  3.75 19022007 00
  4.42  4.06  2.57  0.75 -1.05 -2.37 -3.34 -3.78 -3.13 -1.20  1.17  3.01 19022007 12
  4.05  4.15  3.05  1.30 -0.53 -2.00 -3.02 -3.61 -3.26 -1.54  0.86  2.95 20022007 00
  4.20  4.55  3.69  1.96  0.09 -1.55 -2.74 -3.62 -3.85 -2.86 -0.75  1.50 20022007 12
  3.16  3.90  3.67  2.28  0.48 -1.26 -2.50 -3.33 -3.65 -2.88 -0.89  1.43 21022007 00
  3.16  4.12  4.17  3.02  1.32 -0.49 -1.90 -2.93 -3.56 -3.37 -1.93  0.22 21022007 12
  2.18  3.46  3.90  3.29  1.81  0.13 -1.40 -2.43 -3.09 -3.11 -1.98  0.03 22022007 00
  2.04  3.44  4.11  3.78  2.49  0.88 -0.72 -1.90 -2.76 -3.17 -2.70 -1.16 22022007 12
  0.74  2.36  3.31  3.46  2.63  1.24 -0.28 -1.51 -2.35 -2.84 -2.64 -1.41 23022007 00
  0.38  2.02  3.13  3.53  3.04  1.88  0.47 -0.83 -1.77 -2.41 -2.60 -1.96 23022007 12
 -0.56  1.01  2.29  2.97  2.90  2.06  0.84 -0.43 -1.40 -2.07 -2.42 -2.18 24022007 00
 -1.14  0.29  1.61  2.52  2.81  2.36  1.42  0.28 -0.73 -1.46 -1.94 -2.05 24022007 12
 -1.50 -0.39  0.82  1.82  2.34  2.22  1.56  0.59 -0.42 -1.21 -1.79 -2.14 25022007 00
 -2.03 -1.31 -0.20  0.92  1.74  2.05  1.81  1.15  0.31 -0.48 -1.11 -1.59 25022007 12
 -1.87 -1.73 -1.05 -0.09  0.83  1.46  1.63  1.32  0.69 -0.08 -0.80 -1.36 26022007 00
 -1.76 -1.89 -1.58 -0.78  0.16  0.95  1.44  1.54  1.21  0.61 -0.10 -0.77 26022007 12
 -1.30 -1.64 -1.69 -1.26 -0.41  0.55  1.38  1.85  1.88  1.50  0.87  0.11 27022007 00
 -0.58 -1.14 -1.48 -1.42 -0.76  0.26  1.27  2.03  2.35  2.21  1.74  0.99 27022007 12
  0.17 -0.55 -1.07 -1.26 -0.98 -0.17  0.93  1.97  2.63  2.74  2.33  1.53 28022007 00
  0.51 -0.46 -1.22 -1.71 -1.70 -1.02  0.01  1.08  2.09  2.66  2.60  1.95 28022007 12
  0.93 -0.11 -0.95 -1.56 -1.84 -1.56 -0.55  0.82  2.05  2.83  2.97  2.36 01032007 00
  1.26  0.00 -1.11 -1.97 -2.54 -2.60 -1.85 -0.46  1.02  2.19  2.73  2.52 01032007 12
  1.60  0.37 -0.84 -1.75 -2.31 -2.44 -1.82 -0.41  1.18  2.42  3.11  3.04 02032007 00
  2.14  0.84 -0.53 -1.63 -2.40 -2.80 -2.53 -1.31  0.37  1.91  2.92  3.18 02032007 12
  2.54  1.31 -0.10 -1.32 -2.15 -2.63 -2.50 -1.43  0.27  1.90  3.03  3.45 03032007 00
  2.97  1.73  0.22 -1.17 -2.21 -2.90 -3.09 -2.36 -0.74  1.06  2.45  3.14 03032007 12
  2.99  1.90  0.44 -1.04 -2.14 -2.85 -3.09 -2.46 -0.81  1.07  2.55  3.39 04032007 00
  3.45  2.55  1.13 -0.44 -1.69 -2.53 -2.95 -2.61 -1.21  0.71  2.42  3.54 04032007 12
  3.84  3.12  1.80  0.27 -1.04 -1.92 -2.41 -2.26 -1.05  0.80  2.50  3.63 05032007 00
  3.95  3.25  1.84  0.20 -1.24 -2.31 -3.04 -3.13 -2.11 -0.26  1.68  3.17 05032007 12
  3.96  3.86  2.80  1.34 -0.14 -1.22 -1.99 -2.43 -1.96 -0.39  1.52  3.03 06032007 00
  3.79  3.65  2.58  1.07 -0.49 -1.69 -2.52 -2.96 -2.58 -1.15  0.72  2.34 06032007 12
  3.32  3.45  2.59  1.16 -0.40 -1.68 -2.56 -3.05 -2.83 -1.54  0.41  2.18 07032007 00
  3.35  3.71  3.07  1.70  0.11 -1.29 -2.28 -2.93 -3.02 -2.12 -0.41  1.36 07032007 12
  2.63  3.21  2.86  1.63  0.15 -1.28 -2.30 -2.95 -3.14 -2.44 -0.84  0.96 08032007 00
  2.31  3.03  2.95  1.96  0.57 -0.88 -1.98 -2.67 -2.92 -2.37 -0.89  0.89 08032007 12
  2.33  3.17  3.21  2.37  1.07 -0.36 -1.50 -2.27 -2.70 -2.53 -1.45  0.15 09032007 00
  1.65  2.64  2.93  2.39  1.23 -0.14 -1.35 -2.21 -2.73 -2.76 -1.99 -0.57 09032007 12
  0.90  2.02  2.53  2.31  1.37  0.16 -1.00 -1.83 -2.31 -2.38 -1.81 -0.57 10032007 00
  0.81  1.91  2.51  2.41  1.62  0.50 -0.66 -1.56 -2.13 -2.38 -2.05 -1.01 10032007 12
  0.30  1.47  2.22  2.35  1.83  0.90 -0.19 -1.08 -1.65 -1.95 -1.81 -1.06 11032007 00
  0.06  1.15  1.95  2.22  1.90  1.14  0.17 -0.73 -1.36 -1.75 -1.83 -1.34 11032007 12
 -0.37  0.68  1.54  1.99  1.97  1.48  0.69 -0.17 -0.89 -1.40 -1.69 -1.58 12032007 00
 -0.94 -0.04  0.84  1.45  1.60  1.30  0.68 -0.06 -0.72 -1.18 -1.46 -1.49 12032007 12
 -1.12 -0.40  0.37  1.02  1.38  1.36  0.98  0.38 -0.28 -0.83 -1.23 -1.48 13032007 00
 -1.47 -1.07 -0.39  0.36  0.94  1.20  1.13  0.76  0.21 -0.37 -0.87 -1.24 13032007 12
 -1.44 -1.38 -0.94 -0.28  0.41  0.96  1.22  1.14  0.75  0.16 -0.48 -1.02 14032007 00
 -1.45 -1.69 -1.60 -1.08 -0.33  0.47  1.08  1.36  1.26  0.83  0.19 -0.49 14032007 12
 -1.06 -1.48 -1.69 -1.51 -0.80  0.14  1.06  1.68  1.86  1.57  0.90  0.01 15032007 00
 -0.81 -1.47 -1.91 -2.04 -1.63 -0.68  0.44  1.43  2.00  1.98  1.39  0.45 15032007 12
 -0.59 -1.44 -2.05 -2.39 -2.24 -1.34  0.02  1.33  2.24  2.55  2.17  1.20 16032007 00
 -0.03 -1.16 -2.01 -2.54 -2.65 -2.00 -0.63  0.91  2.18  2.86  2.79  1.95 16032007 12
  0.68 -0.66 -1.70 -2.41 -2.75 -2.42 -1.18  0.53  2.08  3.03  3.20  2.48 17032007 00
  1.12 -0.42 -1.73 -2.67 -3.26 -3.24 -2.17 -0.30  1.59  3.00  3.68  3.42 17032007 12
  2.24  0.79 -0.64 -1.71 -2.39 -2.59 -1.89 -0.20  1.79  3.34  4.16  3.99 18032007 00
  2.73  0.99 -0.69 -1.94 -2.88 -3.51 -3.33 -1.90  0.28  2.32  3.58  3.94 18032007 12
  3.17  1.50 -0.27 -1.79 -2.83 -3.57 -3.70 -2.66 -0.54  1.72  3.32  3.98 19032007 00
  3.55  1.94  0.05 -1.68 -2.89 -3.78 -4.26 -3.75 -1.84  0.60  2.54  3.48 19032007 12
  3.50  2.38  0.47 -1.33 -2.80 -3.77 -4.38 -4.13 -2.42  0.02  2.22  3.45 20032007 00
  3.77  3.06  1.23 -0.68 -2.38 -3.54 -4.36 -4.52 -3.41 -1.10  1.35  3.00 20032007 12
  3.73  3.51  2.05  0.10 -1.69 -3.01 -3.87 -4.22 -3.43 -1.29  1.19  3.05 21032007 00
  4.00  4.04  2.82  0.93 -0.95 -2.46 -3.50 -4.14 -3.89 -2.28  0.12  2.26 21032007 12
  3.57  3.96  3.27  1.56 -0.29 -1.94 -3.04 -3.78 -3.84 -2.63 -0.39  1.87 22032007 00
  3.37  3.98  3.62  2.11  0.30 -1.44 -2.68 -3.58 -3.98 -3.36 -1.51  0.70 22032007 12
  2.46  3.44  3.53  2.50  0.80 -0.91 -2.29 -3.20 -3.72 -3.44 -1.98  0.14 23032007 00
  1.99  3.15  3.55  2.94  1.45 -0.17 -1.64 -2.64 -3.32 -3.44 -2.54 -0.72 23032007 12
  1.16  2.53  3.19  2.98  1.82  0.31 -1.19 -2.26 -2.98 -3.29 -2.80 -1.35 24032007 00
  0.44  1.90  2.78  2.94  2.21  0.93 -0.46 -1.61 -2.39 -2.84 -2.76 -1.82 24032007 12
 -0.31  1.15  2.19  2.62  2.26  1.22 -0.04 -1.21 -2.05 -2.60 -2.79 -2.32 25032007 00
 -1.13  0.26  1.41  2.11  2.17  1.56  0.58 -0.50 -1.36 -1.92 -2.23 -2.09 25032007 12
 -1.33 -0.17  0.94  1.75  2.06  1.78  1.04  0.09 -0.81 -1.50 -1.97 -2.16 26032007 00
 -1.88 -1.06 -0.03  0.92  1.55  1.72  1.42  0.78  0.00 -0.69 -1.20 -1.53 26032007 12
 -1.58 -1.19 -0.39  0.48  1.20  1.59  1.58  1.17  0.50 -0.25 -0.91 -1.42 27032007 00
 -1.76 -1.80 -1.37 -0.58  0.31  1.05  1.46  1.49  1.15  0.57 -0.10 -0.70 27032007 12
 -1.15 -1.44 -1.41 -0.91 -0.11  0.72  1.37  1.68  1.57  1.07  0.33 -0.49 28032007 00
 -1.20 -1.73 -2.03 -1.92 -1.26 -0.30  0.68  1.42  1.73  1.58  1.04  0.25 28032007 12
 -0.54 -1.20 -1.62 -1.74 -1.38 -0.49  0.58  1.51  2.05  2.06  1.51  0.60 29032007 00
 -0.42 -1.33 -2.00 -2.41 -2.37 -1.67 -0.49  0.76  1.70  2.10  1.89  1.11 29032007 12
  0.08 -0.92 -1.67 -2.12 -2.22 -1.71 -0.56  0.76  1.83  2.39  2.29  1.50 30032007 00
  0.35 -0.86 -1.85 -2.53 -2.87 -2.64 -1.63 -0.17  1.18  2.10  2.38  1.90 30032007 12
  0.83 -0.41 -1.51 -2.26 -2.65 -2.53 -1.62 -0.13  1.32  2.32  2.69  2.25 31032007 00
  1.14 -0.22 -1.51 -2.46 -3.07 -3.23 -2.61 -1.17  0.47  1.76  2.48  2.44 31032007 12
  1.53  0.20 -1.15 -2.19 -2.84 -3.07 -2.56 -1.15  0.58  1.98  2.77  2.83 01042007 00
  1.96  0.57 -0.92 -2.14 -2.97 -3.42 -3.22 -2.05 -0.29  1.37  2.45  2.81 01042007 12
  2.25  0.91 -0.57 -1.91 -2.79 -3.28 -3.19 -2.11 -0.30  1.44  2.61  3.09 02042007 00
  2.66  1.38 -0.14 -1.57 -2.60 -3.26 -3.42 -2.64 -0.94  0.91  2.28  2.97 02042007 12
  2.81  1.71  0.20 -1.31 -2.45 -3.17 -3.41 -2.79 -1.18  0.75  2.24  3.08 03042007 00
  3.13  2.15  0.64 -0.93 -2.19 -3.02 -3.46 -3.16 -1.80  0.13  1.83  2.87 03042007 12
  3.14  2.43  0.97 -0.59 -1.96 -2.86 -3.35 -3.20 -1.97 -0.05  1.72  2.88 04042007 00
  3.31  2.77  1.40 -0.18 -1.64 -2.64 -3.26 -3.35 -2.44 -0.64  1.22  2.57 04042007 12
  3.21  2.94  1.71  0.18 -1.32 -2.40 -3.09 -3.31 -2.63 -1.00  0.91  2.34 05042007 00
  3.11  3.06  2.02  0.53 -1.00 -2.17 -2.93 -3.28 -2.86 -1.44  0.41  1.98 05042007 12
  2.93  3.11  2.32  0.92 -0.59 -1.86 -2.69 -3.15 -2.98 -1.83 -0.04  1.57 06042007 00
  2.66  3.01  2.45  1.16 -0.30 -1.62 -2.51 -3.04 -3.03 -2.12 -0.47  1.19 06042007 12
  2.38  2.92  2.61  1.50  0.11 -1.26 -2.22 -2.82 -2.99 -2.38 -0.95  0.67 07042007 00
  1.95  2.63  2.57  1.66  0.37 -0.96 -1.97 -2.60 -2.86 -2.47 -1.25  0.33 07042007 12
  1.66  2.50  2.64  1.98  0.83 -0.46 -1.54 -2.24 -2.62 -2.48 -1.57 -0.16 08042007 00
  1.18  2.13  2.47  2.05  1.05 -0.14 -1.21 -1.94 -2.35 -2.35 -1.68 -0.43 08042007 12
  0.88  1.89  2.39  2.22  1.44  0.36 -0.74 -1.56 -2.08 -2.30 -1.98 -1.02 09042007 00
  0.21  1.30  1.97  2.06  1.53  0.64 -0.36 -1.17 -1.70 -1.97 -1.85 -1.15 09042007 12
 -0.06  0.98  1.73  2.00  1.72  0.99  0.06 -0.80 -1.43 -1.83 -1.97 -1.64 10042007 00
 -0.81  0.18  1.05  1.57  1.61  1.19  0.48 -0.31 -0.95 -1.38 -1.62 -1.54 10042007 12
 -0.98 -0.11  0.74  1.39  1.65  1.48  0.93  0.18 -0.58 -1.18 -1.62 -1.84 11042007 00
 -1.68 -1.07 -0.23  0.60  1.19  1.39  1.20  0.72  0.06 -0.57 -1.06 -1.40 11042007 12
 -1.51 -1.24 -0.56  0.26  1.00  1.48  1.57  1.25  0.62 -0.14 -0.86 -1.44 12042007 00
 -1.84 -1.96 -1.61 -0.81  0.15  1.01  1.53  1.62  1.27  0.62 -0.18 -0.89 12042007 12
 -1.43 -1.76 -1.74 -1.18 -0.21  0.82  1.62  1.99  1.83  1.20  0.26 -0.73 13042007 00
 -1.54 -2.14 -2.45 -2.25 -1.36 -0.11  1.10  1.94  2.22  1.89  1.06 -0.00 13042007 12
 -1.00 -1.75 -2.22 -2.28 -1.66 -0.40  0.99  2.09  2.64  2.49  1.64  0.41 14042007 00
 -0.86 -1.89 -2.63 -3.01 -2.76 -1.62 -0.01  1.47  2.49  2.82  2.32  1.18 14042007 12
 -0.18 -1.41 -2.30 -2.84 -2.84 -1.92 -0.25  1.46  2.70  3.27  2.97  1.80 15042007 00
  0.29 -1.19 -2.31 -3.11 -3.48 -3.00 -1.48  0.48  2.12  3.11  3.31  2.48 15042007 12
  1.00 -0.61 -1.95 -2.86 -3.41 -3.26 -1.96  0.08  1.97  3.21  3.65  3.06 16042007 00
  1.57 -0.16 -1.76 -2.90 -3.70 -3.96 -3.15 -1.22  0.96  2.64  3.49  3.44 16042007 12
  2.26  0.51 -1.22 -2.55 -3.44 -3.89 -3.41 -1.65  0.68  2.56  3.68  3.91 17042007 00
  2.99  1.24 -0.60 -2.17 -3.28 -4.02 -4.03 -2.77 -0.53  1.73  3.21  3.81 17042007 12
  3.41  1.85 -0.00 -1.74 -2.96 -3.79 -4.08 -3.19 -1.06  1.32  3.07  3.94 18042007 00
  3.89  2.60  0.74 -1.11 -2.54 -3.55 -4.13 -3.76 -2.04  0.35  2.40  3.64 18042007 12
  3.97  3.17  1.42 -0.42 -2.05 -3.14 -3.87 -3.87 -2.57 -0.28  2.00  3.49 19042007 00
  4.10  3.69  2.11  0.27 -1.48 -2.72 -3.61 -3.99 -3.26 -1.27  1.03  2.79 19042007 12
  3.72  3.73  2.58  0.80 -0.98 -2.40 -3.38 -3.93 -3.62 -2.03  0.24  2.21 20042007 00
  3.42  3.80  3.10  1.49 -0.23 -1.77 -2.80 -3.49 -3.57 -2.48 -0.46  1.58 20042007 12
  3.01  3.64  3.33  1.99  0.36 -1.25 -2.40 -3.21 -3.56 -2.97 -1.31  0.74 21042007 00
  2.35  3.28  3.39  2.48  1.01 -0.53 -1.78 -2.62 -3.11 -2.92 -1.66  0.21 21042007 12
  1.86  2.98  3.36  2.80  1.55  0.08 -1.25 -2.21 -2.86 -3.03 -2.32 -0.80 22042007 00
  0.85  2.16  2.86  2.78  1.90  0.65 -0.65 -1.62 -2.26 -2.56 -2.21 -1.04 22042007 12
  0.47  1.76  2.60  2.78  2.21  1.14 -0.11 -1.18 -1.95 -2.46 -2.51 -1.84 23042007 00
 -0.59  0.73  1.79  2.35  2.29  1.65  0.70 -0.31 -1.08 -1.57 -1.78 -1.50 23042007 12
 -0.59  0.57  1.59  2.27  2.39  1.93  1.09  0.09 -0.81 -1.49 -1.97 -2.11 24042007 00
 -1.71 -0.83  0.22  1.16  1.68  1.74  1.34  0.65 -0.11 -0.74 -1.20 -1.44 24042007 12
 -1.34 -0.73  0.20  1.11  1.78  2.05  1.85  1.29  0.52 -0.26 -0.91 -1.42 25042007 00
 -1.73 -1.63 -1.00 -0.11  0.78  1.44  1.71  1.52  0.95  0.21 -0.49 -1.06 25042007 12
 -1.45 -1.58 -1.28 -0.56  0.30  1.07  1.54  1.59  1.20  0.50 -0.34 -1.11 26042007 00
 -1.70 -2.11 -2.20 -1.74 -0.81  0.23  1.10  1.58  1.58  1.11  0.36 -0.46 26042007 12
 -1.14 -1.61 -1.83 -1.66 -0.94  0.09  1.07  1.75  1.92  1.56  0.77 -0.21 27042007 00
 -1.13 -1.83 -2.30 -2.40 -1.92 -0.87  0.33  1.34  1.90  1.88  1.29  0.37 27042007 12
 -0.62 -1.42 -1.94 -2.16 -1.88 -0.97  0.27  1.38  2.10  2.24  1.72  0.74 28042007 00
 -0.40 -1.42 -2.16 -2.59 -2.57 -1.84 -0.55  0.81  1.84  2.29  2.05  1.20 28042007 12
  0.07 -1.04 -1.86 -2.36 -2.46 -1.89 -0.65  0.77  1.89  2.49  2.40  1.59 29042007 00
  0.41 -0.84 -1.84 -2.50 -2.80 -2.48 -1.34  0.20  1.56  2.44  2.63  2.01 29042007 12
  0.86 -0.44 -1.56 -2.30 -2.70 -2.54 -1.56 -0.02  1.45  2.44  2.80  2.34 30042007 00
  1.22 -0.15 -1.41 -2.32 -2.87 -2.94 -2.16 -0.63  1.01  2.22  2.82  2.61 30042007 12
  1.59  0.25 -1.11 -2.11 -2.75 -2.96 -2.40 -0.95  0.76  2.13  2.90  2.87 01052007 00
  1.96  0.59 -0.86 -1.99 -2.74 -3.11 -2.77 -1.47  0.29  1.82  2.79  3.01 01052007 12
  2.32  1.00 -0.48 -1.75 -2.60 -3.07 -2.93 -1.83 -0.07  1.56  2.68  3.10 02052007 00
  2.60  1.34 -0.13 -1.51 -2.47 -3.05 -3.11 -2.24 -0.56  1.21  2.51  3.15 02052007 12
  2.91  1.78  0.32 -1.14 -2.21 -2.90 -3.14 -2.55 -1.02  0.79  2.24  3.03 03052007 00
  3.03  2.06  0.63 -0.86 -2.02 -2.79 -3.16 -2.80 -1.43  0.39  1.97  2.96 03052007 12
  3.18  2.46  1.10 -0.42 -1.71 -2.60 -3.11 -3.01 -1.95 -0.19  1.47  2.62 04052007 00
  3.07  2.60  1.35 -0.11 -1.48 -2.41 -2.98 -3.04 -2.20 -0.55  1.19  2.46 04052007 12
  3.10  2.88  1.79  0.37 -1.06 -2.12 -2.81 -3.08 -2.58 -1.16  0.57  1.99 05052007 00
  2.81  2.87  2.02  0.69 -0.72 -1.84 -2.56 -2.89 -2.55 -1.30  0.40  1.89 05052007 12
  2.86  3.12  2.52  1.34 -0.03 -1.21 -2.02 -2.53 -2.53 -1.69 -0.16  1.39 06052007 00
  2.48  2.91  2.52  1.46  0.13 -1.09 -1.95 -2.48 -2.59 -1.92 -0.51  1.04 06052007 12
  2.24  2.85  2.73  1.87  0.65 -0.62 -1.59 -2.25 -2.59 -2.32 -1.24  0.24 07052007 00
  1.57  2.43  2.63  2.10  1.07 -0.10 -1.08 -1.76 -2.14 -2.05 -1.20  0.17 07052007 12
  1.49  2.44  2.80  2.43  1.52  0.34 -0.76 -1.55 -2.07 -2.23 -1.76 -0.67 08052007 00
  0.63  1.72  2.29  2.25  1.60  0.64 -0.39 -1.21 -1.77 -2.07 -1.87 -1.00 08052007 12
  0.22  1.36  2.14  2.36  1.94  1.07  0.02 -0.94 -1.65 -2.12 -2.26 -1.80 09052007 00
 -0.77  0.41  1.41  1.98  1.99  1.50  0.71 -0.16 -0.87 -1.32 -1.51 -1.30 09052007 12
 -0.53  0.54  1.51  2.19  2.45  2.12  1.33  0.39 -0.46 -1.14 -1.70 -1.92 10052007 00
 -1.55 -0.68  0.36  1.33  1.91  2.02  1.67  0.96  0.09 -0.67 -1.25 -1.59 10052007 12
 -1.54 -0.94  0.03  1.03  1.80  2.14  1.97  1.36  0.45 -0.48 -1.26 -1.86 11052007 00
 -2.20 -2.04 -1.21 -0.04  1.12  1.95  2.27  2.05  1.40  0.54 -0.33 -1.04 11052007 12
 -1.53 -1.70 -1.27 -0.24  0.95  1.95  2.52  2.51  1.91  0.93 -0.18 -1.15 12052007 00
 -1.89 -2.37 -2.36 -1.62 -0.35  0.99  2.04  2.54  2.38  1.64  0.58 -0.52 12052007 12
 -1.40 -2.02 -2.27 -1.86 -0.70  0.74  1.99  2.77  2.86  2.21  1.08 -0.21 13052007 00
 -1.34 -2.20 -2.77 -2.82 -2.02 -0.52  1.09  2.33  2.92  2.75  1.79  0.51 13052007 12
 -0.77 -1.76 -2.45 -2.75 -2.33 -0.96  0.76  2.19  3.07  3.15  2.31  0.94 14052007 00
 -0.56 -1.81 -2.71 -3.30 -3.28 -2.25 -0.44  1.37  2.70  3.27  2.96  1.79 14052007 12
  0.30 -1.16 -2.22 -2.93 -3.16 -2.48 -0.79  1.15  2.67  3.51  3.48  2.42 15052007 00
  0.90 -0.74 -2.05 -2.98 -3.55 -3.37 -2.03 -0.02  1.88  3.14  3.58  3.02 15052007 12
  1.57 -0.08 -1.61 -2.68 -3.39 -3.52 -2.55 -0.55  1.52  3.02  3.76  3.57 16052007 00
  2.30  0.64 -1.04 -2.29 -3.20 -3.66 -3.20 -1.55  0.66  2.48  3.56  3.79 16052007 12
  2.92  1.30 -0.42 -1.87 -2.87 -3.52 -3.48 -2.21 -0.10  1.93  3.31  3.84 17052007 00
  3.36  1.88  0.15 -1.48 -2.65 -3.47 -3.75 -2.96 -1.01  1.19  2.87  3.77 17052007 12
  3.75  2.58  0.88 -0.85 -2.16 -3.08 -3.59 -3.24 -1.63  0.55  2.51  3.73 18052007 00
  4.09  3.29  1.74  0.03 -1.43 -2.45 -3.14 -3.13 -1.94  0.07  2.11  3.55 18052007 12
  4.19  3.80  2.45  0.77 -0.82 -1.97 -2.83 -3.26 -2.74 -1.11  0.92  2.64 19052007 00
  3.61  3.68  2.70  1.15 -0.50 -1.78 -2.67 -3.20 -3.01 -1.69  0.28  2.07 19052007 12
  3.25  3.62  3.00  1.61  0.01 -1.44 -2.48 -3.22 -3.44 -2.69 -0.99  0.90 20052007 00
  2.34  3.11  3.04  2.01  0.59 -0.87 -1.95 -2.66 -2.99 -2.57 -1.19  0.60 20052007 12
  2.08  3.00  3.17  2.42  1.11 -0.36 -1.61 -2.50 -3.09 -3.16 -2.33 -0.77 21052007 00
  0.83  2.05  2.65  2.45  1.47  0.22 -1.03 -1.89 -2.42 -2.57 -2.00 -0.67 21052007 12
  0.88  2.11  2.82  2.85  2.12  0.94 -0.35 -1.41 -2.17 -2.66 -2.66 -1.87 22052007 00
 -0.54  0.82  1.84  2.25  1.98  1.12  0.04 -0.98 -1.69 -2.11 -2.17 -1.65 22052007 12
 -0.52  0.74  1.77  2.37  2.34  1.68  0.66 -0.43 -1.33 -1.98 -2.37 -2.34 23052007 00
 -1.66 -0.52  0.66  1.55  1.92  1.72  1.03  0.12 -0.75 -1.39 -1.77 -1.87 23052007 12
 -1.48 -0.55  0.53  1.44  1.98  2.01  1.50  0.62 -0.36 -1.17 -1.75 -2.13 24052007 00
 -2.14 -1.58 -0.58  0.48  1.35  1.77  1.68  1.15  0.37 -0.43 -1.04 -1.45 24052007 12
 -1.60 -1.33 -0.55  0.44  1.32  1.88  1.95  1.52  0.75 -0.16 -0.98 -1.60 25052007 00
 -2.02 -2.10 -1.65 -0.73  0.31  1.22  1.72  1.71  1.24  0.49 -0.31 -0.96 25052007 12
 -1.40 -1.61 -1.43 -0.72  0.29  1.23  1.86  2.00  1.62  0.84 -0.10 -0.94 26052007 00
 -1.59 -2.02 -2.12 -1.66 -0.69  0.43  1.39  1.92  1.91  1.39  0.56 -0.35 26052007 12
 -1.08 -1.56 -1.77 -1.54 -0.72  0.38  1.37  2.02  2.13  1.63  0.71 -0.35 27052007 00
 -1.31 -2.02 -2.48 -2.57 -2.05 -0.98  0.27  1.31  1.83  1.74  1.06  0.05 27052007 12
 -0.96 -1.73 -2.21 -2.38 -2.06 -1.11  0.14  1.21  1.87  1.97  1.40  0.40 28052007 00
 -0.71 -1.64 -2.26 -2.59 -2.47 -1.65 -0.33  0.99  1.94  2.32  1.99  1.08 28052007 12
 -0.08 -1.15 -1.90 -2.32 -2.35 -1.73 -0.48  0.88  1.93  2.47  2.31  1.48 29052007 00
  0.32 -0.87 -1.77 -2.35 -2.56 -2.12 -0.90  0.60  1.86  2.64  2.73  2.07 29052007 12
  0.95 -0.30 -1.36 -2.08 -2.45 -2.25 -1.22  0.27  1.65  2.57  2.85  2.33 30052007 00
  1.24 -0.04 -1.18 -1.98 -2.44 -2.38 -1.51 -0.02  1.50  2.62  3.13  2.85 30052007 12
  1.87  0.57 -0.73 -1.72 -2.37 -2.60 -2.09 -0.76  0.81  2.11  2.82  2.78 31052007 00
  1.93  0.67 -0.67 -1.73 -2.44 -2.79 -2.47 -1.23  0.43  1.90  2.84  3.08 31052007 12
  2.44  1.23 -0.17 -1.40 -2.25 -2.78 -2.76 -1.85 -0.27  1.32  2.46  2.92 01062007 00
  2.55  1.42  0.03 -1.28 -2.22 -2.80 -2.91 -2.18 -0.63  1.05  2.34  3.03 01062007 12
  2.92  1.96  0.61 -0.80 -1.90 -2.64 -2.99 -2.64 -1.35  0.35  1.82  2.75 02062007 00
  2.91  2.19  0.94 -0.46 -1.64 -2.43 -2.85 -2.66 -1.54  0.16  1.74  2.80 02062007 12
  3.18  2.68  1.49  0.05 -1.28 -2.24 -2.87 -3.00 -2.29 -0.76  0.91  2.20 03062007 00
  2.85  2.71  1.72  0.37 -1.00 -2.01 -2.66 -2.91 -2.42 -1.04  0.65  2.05 03062007 12
  2.88  2.94  2.13  0.82 -0.62 -1.80 -2.62 -3.09 -2.98 -1.96 -0.34  1.20 04062007 00
  2.29  2.69  2.24  1.10 -0.25 -1.49 -2.33 -2.83 -2.85 -2.07 -0.55  1.05 04062007 12
  2.22  2.81  2.61  1.62  0.29 -1.06 -2.08 -2.76 -3.08 -2.72 -1.49  0.11 05062007 00
  1.51  2.38  2.56  1.92  0.74 -0.55 -1.63 -2.33 -2.69 -2.50 -1.50  0.03 05062007 12
  1.46  2.43  2.78  2.35  1.29 -0.03 -1.25 -2.15 -2.74 -2.92 -2.38 -1.07 06062007 00
  0.44  1.69  2.39  2.39  1.63  0.49 -0.71 -1.64 -2.23 -2.49 -2.18 -1.11 06062007 12
  0.33  1.60  2.44  2.63  2.08  1.00 -0.26 -1.36 -2.16 -2.68 -2.76 -2.13 07062007 00
 -0.85  0.56  1.70  2.29  2.21  1.45  0.37 -0.75 -1.59 -2.13 -2.34 -1.98 07062007 12
 -0.90  0.47  1.65  2.40  2.54  1.99  0.97 -0.22 -1.28 -2.05 -2.55 -2.63 08062007 00
 -2.01 -0.78  0.57  1.66  2.23  2.15  1.45  0.44 -0.62 -1.44 -1.98 -2.21 08062007 12
 -1.90 -0.91  0.40  1.56  2.32  2.49  1.98  1.00 -0.17 -1.21 -1.99 -2.51 09062007 00
 -2.64 -2.10 -0.92  0.43  1.56  2.19  2.20  1.57  0.58 -0.49 -1.35 -1.94 09062007 12
 -2.23 -2.01 -1.08  0.25  1.48  2.31  2.57  2.14  1.20  0.03 -1.07 -1.91 10062007 00
 -2.50 -2.71 -2.25 -1.08  0.33  1.56  2.30  2.40  1.81  0.80 -0.34 -1.30 10062007 12
 -1.98 -2.36 -2.24 -1.36  0.03  1.39  2.36  2.74  2.39  1.43  0.21 -0.97 11062007 00
 -1.89 -2.54 -2.82 -2.41 -1.18  0.35  1.71  2.55  2.71  2.10  1.00 -0.26 11062007 12
 -1.33 -2.11 -2.57 -2.49 -1.57 -0.05  1.46  2.56  3.03  2.70  1.68  0.35 12062007 00
 -0.94 -1.93 -2.63 -2.93 -2.49 -1.15  0.54  2.00  2.90  3.05  2.34  1.12 12062007 12
 -0.28 -1.46 -2.30 -2.81 -2.73 -1.71 -0.04  1.61  2.79  3.29  2.92  1.78 13062007 00
  0.33 -1.05 -2.09 -2.81 -3.09 -2.53 -1.01  0.80  2.32  3.18  3.26  2.39 13062007 12
  1.01 -0.50 -1.73 -2.61 -3.14 -3.02 -1.84  0.02  1.75  2.96  3.40  2.91 14062007 00
  1.63  0.11 -1.34 -2.37 -3.06 -3.24 -2.45 -0.74  1.17  2.61  3.40  3.35 14062007 12
  2.29  0.80 -0.78 -2.02 -2.90 -3.39 -3.09 -1.67  0.31  2.07  3.17  3.53 15062007 00
  2.88  1.48 -0.08 -1.48 -2.46 -3.09 -3.11 -2.10 -0.23  1.66  3.02  3.67 15062007 12
  3.37  2.11  0.54 -1.03 -2.19 -3.02 -3.42 -2.93 -1.36  0.64  2.30  3.29 16062007 00
  3.47  2.63  1.16 -0.42 -1.73 -2.62 -3.14 -2.96 -1.67  0.28  2.06  3.27 16062007 12
  3.72  3.16  1.81  0.20 -1.28 -2.36 -3.12 -3.37 -2.66 -0.98  0.96  2.47 17062007 00
  3.30  3.26  2.24  0.77 -0.76 -1.91 -2.69 -3.05 -2.61 -1.11  0.82  2.44 17062007 12
  3.43  3.63  2.83  1.45 -0.14 -1.49 -2.48 -3.14 -3.21 -2.28 -0.53  1.26 18062007 00
  2.59  3.21  2.95  1.83  0.42 -0.97 -1.96 -2.60 -2.77 -2.10 -0.53  1.23 18062007 12
  2.59  3.36  3.31  2.37  0.99 -0.50 -1.69 -2.54 -3.06 -2.92 -1.82 -0.13 19062007 00
  1.44  2.53  2.90  2.42  1.26 -0.08 -1.29 -2.11 -2.59 -2.53 -1.62 -0.02 19062007 12
  1.59  2.74  3.29  3.05  2.05  0.70 -0.63 -1.65 -2.37 -2.71 -2.35 -1.12 20062007 00
  0.43  1.79  2.64  2.80  2.19  1.13 -0.09 -1.11 -1.82 -2.20 -2.04 -1.09 20062007 12
  0.33  1.64  2.54  2.85  2.42  1.45  0.24 -0.88 -1.74 -2.31 -2.48 -1.97 21062007 00
 -0.81  0.53  1.66  2.30  2.28  1.62  0.62 -0.44 -1.27 -1.82 -2.05 -1.76 21062007 12
 -0.81  0.47  1.61  2.36  2.52  2.03  1.09 -0.00 -0.98 -1.70 -2.18 -2.28 22062007 00
 -1.74 -0.66  0.53  1.51  2.01  1.92  1.30  0.40 -0.53 -1.23 -1.67 -1.81 22062007 12
 -1.49 -0.60  0.52  1.49  2.10  2.17  1.66  0.79 -0.19 -1.04 -1.65 -2.05 23062007 00
 -2.08 -1.53 -0.52  0.57  1.46  1.88  1.77  1.19  0.38 -0.46 -1.09 -1.48 23062007 12
 -1.61 -1.31 -0.50  0.51  1.39  1.92  1.97  1.52  0.73 -0.17 -0.95 -1.52 24062007 00
 -1.87 -1.86 -1.30 -0.34  0.68  1.50  1.87  1.75  1.20  0.39 -0.44 -1.09 24062007 12
 -1.53 -1.69 -1.42 -0.63  0.35  1.21  1.73  1.80  1.36  0.58 -0.32 -1.10 25062007 00
 -1.70 -2.07 -2.10 -1.59 -0.63  0.41  1.25  1.67  1.57  0.99  0.18 -0.66 25062007 12
 -1.32 -1.75 -1.90 -1.63 -0.84  0.20  1.11  1.66  1.73  1.28  0.47 -0.44 26062007 00
 -1.23 -1.78 -2.07 -1.99 -1.35 -0.26  0.87  1.74  2.12  1.95  1.29  0.38 26062007 12
 -0.54 -1.26 -1.72 -1.89 -1.55 -0.62  0.53  1.53  2.13  2.18  1.64  0.73 27062007 00
 -0.28 -1.14 -1.73 -2.04 -1.90 -1.12  0.07  1.24  2.08  2.38  2.06  1.23 27062007 12
  0.17 -0.84 -1.61 -2.09 -2.20 -1.68 -0.55  0.74  1.79  2.34  2.25  1.53 28062007 00
  0.49 -0.61 -1.48 -2.05 -2.25 -1.85 -0.74  0.67  1.93  2.73  2.87  2.33 28062007 12
  1.30  0.09 -0.97 -1.74 -2.23 -2.24 -1.49 -0.18  1.21  2.25  2.67  2.33 29062007 00
  1.36  0.15 -1.00 -1.86 -2.41 -2.53 -1.91 -0.56  0.96  2.16  2.82  2.77 29062007 12
  1.95  0.72 -0.58 -1.62 -2.35 -2.73 -2.48 -1.36  0.20  1.64  2.59  2.87 30062007 00
  2.32  1.17 -0.16 -1.32 -2.12 -2.55 -2.43 -1.43  0.17  1.71  2.82  3.29 30062007 12
  2.92  1.86  0.48 -0.86 -1.86 -2.53 -2.75 -2.15 -0.69  0.99  2.36  3.12 01072007 00
  3.07  2.18  0.86 -0.52 -1.61 -2.34 -2.67 -2.24 -0.87  0.88  2.38  3.31 01072007 12
  3.48  2.74  1.43 -0.07 -1.35 -2.29 -2.90 -2.93 -1.99 -0.33  1.40  2.65 02072007 00
  3.19  2.87  1.72  0.30 -1.07 -2.05 -2.67 -2.80 -2.04 -0.39  1.41  2.79 02072007 12
  3.51  3.39  2.37  0.93 -0.57 -1.76 -2.61 -3.08 -2.82 -1.52  0.31  1.95 03072007 00
  3.03  3.33  2.69  1.40 -0.08 -1.35 -2.23 -2.76 -2.66 -1.55  0.23  1.94 03072007 12
  3.13  3.60  3.15  1.93  0.41 -1.03 -2.10 -2.87 -3.17 -2.59 -1.05  0.79 04072007 00
  2.32  3.16  3.20  2.31  0.94 -0.52 -1.67 -2.45 -2.84 -2.52 -1.21  0.59 04072007 12
  2.13  3.10  3.33  2.62  1.28 -0.25 -1.58 -2.54 -3.18 -3.26 -2.39 -0.71 05072007 00
  1.05  2.39  3.03  2.84  1.81  0.47 -0.90 -1.87 -2.46 -2.58 -1.88 -0.35 05072007 12
  1.38  2.75  3.55  3.52  2.66  1.28 -0.18 -1.39 -2.28 -2.83 -2.78 -1.80 06072007 00
 -0.20  1.40  2.54  2.96  2.54  1.44  0.10 -1.12 -2.01 -2.58 -2.66 -1.92 06072007 12
 -0.41  1.20  2.42  3.05  2.92  1.99  0.70 -0.65 -1.71 -2.46 -2.89 -2.68 07072007 00
 -1.59 -0.05  1.40  2.40  2.71  2.24  1.19 -0.05 -1.15 -1.92 -2.39 -2.40 07072007 12
 -1.65 -0.26  1.19  2.29  2.83  2.62  1.73  0.50 -0.73 -1.69 -2.38 -2.75 08072007 00
 -2.52 -1.49 -0.06  1.29  2.21  2.49  2.07  1.12 -0.02 -1.05 -1.78 -2.23 08072007 12
 -2.27 -1.63 -0.37  0.98  2.04  2.58  2.44  1.65  0.53 -0.62 -1.53 -2.19 09072007 00
 -2.58 -2.43 -1.53 -0.20  1.11  2.04  2.40  2.10  1.25  0.15 -0.86 -1.62 09072007 12
 -2.13 -2.31 -1.85 -0.73  0.57  1.66  2.30  2.30  1.67  0.66 -0.47 -1.41 10072007 00
 -2.10 -2.54 -2.50 -1.75 -0.47  0.87  1.90  2.37  2.20  1.42  0.36 -0.70 10072007 12
 -1.54 -2.13 -2.40 -2.09 -1.05  0.32  1.53  2.33  2.52  2.00  1.01 -0.17 11072007 00
 -1.21 -1.98 -2.48 -2.56 -1.90 -0.59  0.84  1.99  2.58  2.50  1.73  0.60 11072007 12
 -0.59 -1.55 -2.23 -2.59 -2.35 -1.29  0.19  1.56  2.50  2.79  2.33  1.32 12072007 00
  0.06 -1.08 -1.93 -2.49 -2.61 -1.93 -0.52  1.04  2.27  2.90  2.80  1.93 12072007 12
  0.67 -0.66 -1.73 -2.50 -2.92 -2.69 -1.56  0.08  1.60  2.65  2.99  2.49 13072007 00
  1.36  0.01 -1.19 -2.03 -2.55 -2.55 -1.68 -0.08  1.55  2.77  3.36  3.14 13072007 12
  2.14  0.75 -0.68 -1.80 -2.59 -2.98 -2.63 -1.32  0.44  2.02  3.02  3.23 14072007 00
  2.53  1.25 -0.19 -1.43 -2.32 -2.87 -2.79 -1.71  0.03  1.74  2.93  3.44 14072007 12
  3.02  1.80  0.28 -1.18 -2.28 -3.06 -3.38 -2.82 -1.27  0.61  2.15  3.03 15072007 00
  3.11  2.22  0.80 -0.69 -1.89 -2.68 -3.08 -2.75 -1.36  0.56  2.23  3.30 15072007 12
  3.61  2.91  1.53 -0.06 -1.46 -2.48 -3.17 -3.29 -2.40 -0.63  1.24  2.63 16072007 00
  3.31  3.09  1.95  0.48 -1.02 -2.10 -2.80 -3.01 -2.33 -0.65  1.25  2.73 16072007 12
  3.56  3.55  2.54  1.07 -0.51 -1.79 -2.70 -3.26 -3.11 -1.88 -0.01  1.71 17072007 00
  2.88  3.26  2.69  1.38 -0.11 -1.46 -2.37 -2.91 -2.85 -1.79  0.01  1.78 17072007 12
  2.99  3.55  3.17  1.95  0.42 -1.06 -2.16 -2.94 -3.28 -2.78 -1.31  0.50 18072007 00
  2.00  2.85  2.93  2.08  0.71 -0.73 -1.88 -2.61 -2.94 -2.57 -1.23  0.56 18072007 12
  2.05  3.01  3.24  2.54  1.25 -0.24 -1.53 -2.45 -3.04 -3.09 -2.23 -0.64 19072007 00
  1.00  2.21  2.78  2.50  1.43  0.10 -1.20 -2.11 -2.65 -2.74 -2.04 -0.57 19072007 12
  1.04  2.26  2.91  2.82  1.91  0.61 -0.75 -1.81 -2.53 -2.91 -2.66 -1.56 20072007 00
 -0.01  1.38  2.30  2.53  1.97  0.86 -0.39 -1.46 -2.16 -2.52 -2.35 -1.44 20072007 12
 -0.01  1.34  2.27  2.64  2.27  1.30  0.09 -1.05 -1.88 -2.41 -2.55 -2.04 21072007 00
 -0.86  0.48  1.60  2.22  2.17  1.47  0.43 -0.64 -1.46 -1.97 -2.15 -1.81 21072007 12
 -0.82  0.44  1.52  2.22  2.33  1.81  0.88 -0.17 -1.08 -1.71 -2.09 -2.05 22072007 00
 -1.39 -0.29  0.86  1.74  2.11  1.89  1.20  0.29 -0.59 -1.23 -1.62 -1.70 22072007 12
 -1.29 -0.36  0.69  1.56  2.04  2.00  1.46  0.63 -0.26 -0.99 -1.50 -1.78 23072007 00
 -1.67 -1.03 -0.08  0.88  1.57  1.81  1.57  0.96  0.18 -0.56 -1.10 -1.43 23072007 12
 -1.50 -1.16 -0.35  0.57  1.34  1.74  1.70  1.23  0.51 -0.27 -0.91 -1.37 24072007 00
 -1.64 -1.57 -1.00 -0.14  0.74  1.41  1.69  1.53  1.01  0.30 -0.40 -0.95 24072007 12
 -1.32 -1.46 -1.20 -0.50  0.34  1.10  1.58  1.67  1.37  0.77  0.05 -0.58 25072007 00
 -1.07 -1.38 -1.37 -0.89 -0.06  0.84  1.57  1.92  1.84  1.39  0.69 -0.06 25072007 12
 -0.69 -1.15 -1.39 -1.23 -0.55  0.35  1.20  1.76  1.90  1.60  0.98  0.18 26072007 00
 -0.57 -1.16 -1.52 -1.57 -1.09 -0.16  0.90  1.78  2.26  2.24  1.72  0.89 26072007 12
 -0.02 -0.81 -1.41 -1.80 -1.74 -1.04  0.03  1.10  1.87  2.10  1.78  1.04 27072007 00
  0.07 -0.85 -1.56 -2.00 -2.04 -1.46 -0.32  0.94  1.96  2.49  2.41  1.72 27072007 12
  0.69 -0.40 -1.30 -1.95 -2.29 -2.09 -1.16  0.16  1.40  2.24  2.45  1.94 28072007 00
  0.95 -0.23 -1.27 -2.01 -2.44 -2.39 -1.54 -0.09  1.35  2.40  2.87  2.57 28072007 12
  1.59  0.32 -0.94 -1.90 -2.57 -2.84 -2.40 -1.12  0.47  1.83  2.64  2.71 29072007 00
  1.93  0.68 -0.66 -1.75 -2.48 -2.83 -2.53 -1.29  0.44  1.96  2.94  3.22 29072007 12
  2.57  1.29 -0.19 -1.51 -2.46 -3.10 -3.20 -2.37 -0.70  1.08  2.41  3.06 30072007 00
  2.85  1.72  0.27 -1.20 -2.26 -2.95 -3.17 -2.50 -0.86  1.04  2.52  3.34 30072007 12
  3.34  2.34  0.84 -0.76 -2.05 -2.96 -3.49 -3.29 -2.00 -0.06  1.75  2.95 31072007 00
  3.35  2.77  1.34 -0.25 -1.68 -2.65 -3.24 -3.20 -2.07 -0.08  1.85  3.18 31072007 12
  3.78  3.38  2.03  0.39 -1.23 -2.41 -3.26 -3.63 -3.05 -1.36  0.76  2.43 01082007 00
  3.38  3.46  2.47  0.88 -0.76 -2.07 -2.93 -3.39 -3.02 -1.44  0.67  2.48 01082007 12
  3.58  3.87  3.07  1.51 -0.21 -1.72 -2.79 -3.53 -3.66 -2.66 -0.69  1.34 02082007 00
  2.83  3.50  3.24  1.94  0.28 -1.31 -2.44 -3.19 -3.42 -2.67 -0.84  1.26 02082007 12
  2.82  3.68  3.67  2.54  0.93 -0.78 -2.10 -3.05 -3.62 -3.41 -2.03 -0.00 03082007 00
  1.86  3.07  3.47  2.87  1.44 -0.13 -1.57 -2.52 -3.11 -3.07 -1.92  0.02 03082007 12
  1.92  3.23  3.84  3.50  2.26  0.69 -0.86 -2.02 -2.88 -3.29 -2.82 -1.31 04082007 00
  0.56  2.16  3.06  3.15  2.31  0.91 -0.57 -1.77 -2.59 -3.02 -2.76 -1.48 04082007 12
  0.34  1.96  3.05  3.41  2.87  1.64  0.16 -1.18 -2.15 -2.81 -2.99 -2.30 05082007 00
 -0.79  0.86  2.19  2.89  2.84  1.96  0.70 -0.64 -1.66 -2.34 -2.66 -2.30 05082007 12
 -1.09  0.47  1.85  2.75  2.97  2.39  1.27 -0.04 -1.17 -1.97 -2.50 -2.59 06082007 00
 -1.94 -0.63  0.79  1.93  2.51  2.40  1.62  0.51 -0.61 -1.47 -2.05 -2.33 06082007 12
 -2.07 -1.12  0.17  1.36  2.19  2.41  1.96  1.03 -0.07 -1.03 -1.74 -2.22 07082007 00
 -2.36 -1.90 -0.85  0.37  1.41  2.00  2.01  1.44  0.56 -0.43 -1.25 -1.84 07082007 12
 -2.19 -2.12 -1.42 -0.30  0.81  1.65  2.02  1.83  1.16  0.26 -0.64 -1.37 08082007 00
 -1.89 -2.16 -1.95 -1.13 -0.01  1.05  1.79  2.02  1.69  0.93 -0.01 -0.89 08082007 12
 -1.58 -2.06 -2.23 -1.84 -0.88  0.28  1.31  1.93  2.03  1.56  0.74 -0.22 09082007 00
 -1.07 -1.70 -2.09 -2.09 -1.44 -0.29  0.92  1.87  2.32  2.17  1.46  0.45 09082007 12
 -0.62 -1.49 -2.13 -2.47 -2.26 -1.34 -0.04  1.20  2.06  2.34  1.97  1.10 10082007 00
  0.01 -1.01 -1.76 -2.26 -2.35 -1.74 -0.47  0.93  2.04  2.63  2.52  1.71 10082007 12
  0.53 -0.70 -1.70 -2.42 -2.82 -2.60 -1.55 -0.04  1.39  2.37  2.70  2.26 11082007 00
  1.22 -0.05 -1.20 -2.02 -2.51 -2.52 -1.69 -0.17  1.40  2.56  3.11  2.86 11082007 12
  1.85  0.50 -0.87 -1.93 -2.69 -3.05 -2.66 -1.33  0.39  1.90  2.84  3.01 12082007 00
  2.28  1.01 -0.40 -1.58 -2.38 -2.81 -2.58 -1.38  0.39  2.03  3.11  3.48 12082007 12
  2.91  1.64  0.10 -1.29 -2.33 -3.04 -3.24 -2.51 -0.87  0.99  2.44  3.20 13082007 00
  3.10  2.05  0.61 -0.88 -1.98 -2.70 -2.97 -2.38 -0.78  1.13  2.64  3.52 13082007 12
  3.56  2.61  1.15 -0.45 -1.74 -2.68 -3.26 -3.14 -1.92 -0.02  1.77  3.00 14082007 00
  3.43  2.89  1.56  0.03 -1.37 -2.30 -2.84 -2.75 -1.59  0.32  2.16  3.42 14082007 12
  3.99  3.54  2.26  0.66 -0.87 -2.03 -2.87 -3.23 -2.68 -1.09  0.84  2.43 15082007 00
  3.28  3.30  2.31  0.80 -0.75 -1.95 -2.71 -3.05 -2.58 -1.05  0.91  2.52 15082007 12
  3.49  3.65  2.78  1.32 -0.29 -1.63 -2.59 -3.21 -3.20 -2.14 -0.29  1.51 16082007 00
  2.80  3.30  2.85  1.54  0.02 -1.40 -2.36 -2.94 -2.98 -2.07 -0.33  1.49 16082007 12
  2.77  3.39  3.10  1.92  0.42 -1.06 -2.16 -2.91 -3.22 -2.69 -1.19  0.62 17082007 00
  2.09  2.94  3.01  2.13  0.74 -0.71 -1.86 -2.59 -2.92 -2.53 -1.19  0.58 17082007 12
  2.08  3.03  3.25  2.56  1.31 -0.12 -1.34 -2.19 -2.71 -2.63 -1.65 -0.07 18082007 00
  1.47  2.57  2.98  2.56  1.46  0.10 -1.14 -2.01 -2.52 -2.56 -1.81 -0.38 18082007 12
  1.13  2.28  2.83  2.60  1.62  0.32 -0.94 -1.86 -2.47 -2.75 -2.39 -1.24 19082007 00
  0.25  1.53  2.32  2.40  1.72  0.61 -0.60 -1.56 -2.15 -2.43 -2.20 -1.26 19082007 12
  0.08  1.29  2.12  2.37  1.91  0.95 -0.18 -1.17 -1.84 -2.21 -2.20 -1.57 20082007 00
 -0.42  0.79  1.72  2.13  1.88  1.06  0.00 -1.02 -1.73 -2.14 -2.24 -1.84 20082007 12
 -0.88  0.25  1.19  1.73  1.70  1.13  0.26 -0.67 -1.42 -1.91 -2.17 -2.06 21082007 00
 -1.43 -0.45  0.51  1.23  1.48  1.21  0.57 -0.23 -0.96 -1.47 -1.76 -1.79 21082007 12
 -1.43 -0.68  0.19  0.89  1.28  1.23  0.78  0.11 -0.60 -1.18 -1.55 -1.72 22082007 00
 -1.59 -1.05 -0.26  0.53  1.11  1.35  1.20  0.72  0.08 -0.55 -1.04 -1.36 22082007 12
 -1.47 -1.28 -0.72 -0.02  0.61  1.02  1.11  0.87  0.38 -0.23 -0.79 -1.21 23082007 00
 -1.46 -1.48 -1.16 -0.51  0.22  0.87  1.26  1.30  1.00  0.45 -0.21 -0.79 23082007 12
 -1.25 -1.54 -1.58 -1.22 -0.54  0.23  0.88  1.22  1.20  0.82  0.19 -0.50 24082007 00
 -1.10 -1.51 -1.71 -1.58 -0.98 -0.09  0.79  1.44  1.69  1.50  0.92  0.09 24082007 12
 -0.74 -1.40 -1.86 -2.04 -1.74 -0.90  0.14  1.07  1.65  1.74  1.31  0.51 25082007 00
 -0.42 -1.23 -1.80 -2.10 -1.99 -1.25 -0.07  1.11  1.96  2.30  2.01  1.16 25082007 12
  0.05 -1.01 -1.84 -2.41 -2.60 -2.16 -1.03  0.34  1.51  2.18  2.20  1.50 26082007 00
  0.38 -0.82 -1.79 -2.44 -2.74 -2.44 -1.32  0.23  1.62  2.53  2.78  2.20 26082007 12
  1.02 -0.36 -1.59 -2.47 -3.02 -3.06 -2.24 -0.67  0.99  2.25  2.86  2.64 27082007 00
  1.58  0.18 -1.23 -2.25 -2.92 -3.13 -2.51 -0.94  0.91  2.36  3.17  3.17 27082007 12
  2.16  0.67 -0.90 -2.16 -3.04 -3.55 -3.33 -2.03 -0.09  1.73  2.92  3.31 28082007 00
  2.71  1.27 -0.34 -1.81 -2.80 -3.39 -3.36 -2.22 -0.22  1.76  3.12  3.72 28082007 12
  3.33  1.93  0.23 -1.43 -2.64 -3.49 -3.87 -3.26 -1.46  0.72  2.45  3.42 29082007 00
  3.47  2.44  0.73 -0.99 -2.36 -3.27 -3.74 -3.33 -1.68  0.61  2.52  3.67 29082007 12
  3.99  3.15  1.46 -0.35 -1.94 -3.06 -3.84 -3.95 -2.84 -0.70  1.55  3.10 30082007 00
  3.74  3.42  1.95  0.13 -1.58 -2.79 -3.61 -3.89 -3.05 -0.96  1.37  3.08 30082007 12
  3.95  3.92  2.66  0.86 -0.97 -2.39 -3.39 -4.00 -3.71 -2.12  0.20  2.22 31082007 00
  3.44  3.79  3.05  1.36 -0.43 -2.00 -3.03 -3.69 -3.65 -2.36 -0.15  2.01 31082007 12
  3.41  3.97  3.53  2.00  0.22 -1.48 -2.69 -3.56 -3.92 -3.23 -1.34  0.87 01092007 00
  2.59  3.51  3.53  2.44  0.73 -0.95 -2.28 -3.14 -3.59 -3.17 -1.56  0.60 01092007 12
  2.41  3.51  3.81  3.03  1.47 -0.22 -1.68 -2.68 -3.36 -3.43 -2.39 -0.48 02092007 00
  1.43  2.81  3.43  3.11  1.85  0.31 -1.18 -2.24 -2.96 -3.22 -2.59 -0.97 02092007 12
  0.92  2.38  3.20  3.23  2.29  0.88 -0.60 -1.79 -2.62 -3.12 -2.99 -1.89 03092007 00
 -0.20  1.35  2.46  2.86  2.40  1.24 -0.10 -1.34 -2.19 -2.74 -2.85 -2.17 03092007 12
 -0.75  0.78  1.97  2.61  2.52  1.68  0.51 -0.72 -1.67 -2.31 -2.64 -2.42 04092007 00
 -1.45 -0.09  1.18  2.04  2.31  1.91  0.99 -0.12 -1.11 -1.83 -2.28 -2.36 04092007 12
 -1.85 -0.78  0.42  1.42  2.00  2.00  1.43  0.53 -0.43 -1.21 -1.76 -2.08 05092007 00
 -2.02 -1.38 -0.36  0.69  1.48  1.81  1.61  0.99  0.14 -0.71 -1.38 -1.87 05092007 12
 -2.13 -1.97 -1.27 -0.28  0.68  1.37  1.63  1.42  0.84  0.07 -0.69 -1.30 06092007 00
 -1.73 -1.92 -1.69 -0.94  0.03  0.92  1.51  1.66  1.32  0.64 -0.21 -0.99 06092007 12
 -1.62 -2.07 -2.23 -1.89 -1.03  0.02  0.98  1.58  1.70  1.32  0.60 -0.27 07092007 00
 -1.05 -1.65 -2.03 -2.04 -1.47 -0.41  0.70  1.58  2.01  1.87  1.20  0.23 07092007 12
 -0.79 -1.63 -2.25 -2.58 -2.41 -1.53 -0.26  0.97  1.83  2.13  1.79  0.94 08092007 00
 -0.13 -1.13 -1.87 -2.31 -2.34 -1.70 -0.44  0.91  1.96  2.49  2.33  1.49 08092007 12
  0.29 -0.95 -1.94 -2.63 -2.98 -2.71 -1.61 -0.07  1.33  2.28  2.54  2.02 09092007 00
  0.90 -0.37 -1.48 -2.24 -2.66 -2.52 -1.54  0.04  1.56  2.63  3.06  2.65 09092007 12
  1.54  0.13 -1.19 -2.16 -2.81 -3.04 -2.47 -1.03  0.65  2.04  2.82  2.80 10092007 00
  1.88  0.53 -0.88 -1.98 -2.70 -3.00 -2.55 -1.12  0.70  2.18  3.06  3.21 10092007 12
  2.39  1.01 -0.54 -1.85 -2.77 -3.34 -3.30 -2.23 -0.43  1.33  2.58  3.07 11092007 00
  2.64  1.35 -0.16 -1.58 -2.55 -3.13 -3.15 -2.18 -0.37  1.47  2.76  3.38 11092007 12
  3.07  1.83  0.28 -1.27 -2.43 -3.22 -3.56 -3.00 -1.43  0.54  2.11  3.00 12092007 00
  3.06  2.11  0.58 -0.99 -2.24 -3.03 -3.39 -2.97 -1.46  0.54  2.20  3.19 12092007 12
  3.41  2.58  1.08 -0.54 -1.94 -2.90 -3.48 -3.41 -2.26 -0.35  1.49  2.75 13092007 00
  3.23  2.77  1.39 -0.19 -1.65 -2.64 -3.24 -3.25 -2.23 -0.31  1.61  2.96 13092007 12
  3.60  3.29  2.03  0.50 -1.04 -2.17 -2.96 -3.29 -2.70 -1.07  0.87  2.40 14092007 00
  3.21  3.18  2.13  0.58 -0.99 -2.20 -2.98 -3.33 -2.89 -1.42  0.50  2.09 14092007 12
  3.05  3.24  2.41  0.95 -0.61 -1.93 -2.80 -3.29 -3.13 -1.91 -0.07  1.63 15092007 00
  2.77  3.18  2.64  1.33 -0.16 -1.52 -2.42 -2.94 -2.92 -1.95 -0.22  1.53 15092007 12
  2.73  3.28  2.94  1.78  0.33 -1.06 -2.04 -2.66 -2.81 -2.12 -0.62  1.07 16092007 00
  2.41  3.13  3.07  2.23  0.94 -0.46 -1.60 -2.31 -2.61 -2.22 -0.99  0.59 16092007 12
  1.97  2.78  2.86  2.09  0.84 -0.49 -1.55 -2.24 -2.61 -2.42 -1.41  0.06 17092007 00
  1.42  2.33  2.63  2.12  1.03 -0.23 -1.35 -2.13 -2.56 -2.55 -1.84 -0.54 17092007 12
  0.80  1.81  2.27  2.01  1.11 -0.05 -1.15 -1.91 -2.34 -2.41 -1.90 -0.77 18092007 00
  0.53  1.58  2.20  2.19  1.53  0.55 -0.50 -1.29 -1.78 -2.00 -1.76 -0.91 18092007 12
  0.26  1.30  2.01  2.18  1.75  0.89 -0.10 -0.93 -1.44 -1.72 -1.66 -1.08 19092007 00
 -0.13  0.84  1.61  1.94  1.78  1.19  0.38 -0.43 -1.01 -1.36 -1.49 -1.27 19092007 12
 -0.58  0.33  1.15  1.63  1.66  1.29  0.67 -0.05 -0.68 -1.13 -1.38 -1.30 20092007 00
 -0.81 -0.08  0.68  1.29  1.58  1.49  1.07  0.46 -0.16 -0.66 -1.05 -1.29 20092007 12
 -1.22 -0.79 -0.15  0.52  0.99  1.15  1.04  0.71  0.23 -0.23 -0.58 -0.82 21092007 00
 -0.92 -0.73 -0.20  0.42  0.96  1.29  1.38  1.15  0.69  0.07 -0.56 -1.11 21092007 12
 -1.49 -1.60 -1.35 -0.75  0.01  0.72  1.18  1.33  1.15  0.70  0.06 -0.57 22092007 00
 -1.09 -1.45 -1.52 -1.15 -0.38  0.53  1.32  1.77  1.81  1.42  0.71 -0.12 22092007 12
 -0.89 -1.45 -1.76 -1.69 -1.06 -0.02  1.05  1.84  2.18  2.01  1.35  0.43 23092007 00
 -0.50 -1.27 -1.79 -1.96 -1.53 -0.49  0.76  1.84  2.45  2.46  1.85  0.82 23092007 12
 -0.33 -1.29 -1.97 -2.32 -2.13 -1.20  0.16  1.46  2.46  2.84  2.51  1.59 24092007 00
  0.38 -0.74 -1.57 -2.08 -2.14 -1.44 -0.02  1.52  2.70  3.27  3.03  2.00 24092007 12
  0.59 -0.83 -1.94 -2.75 -3.18 -2.88 -1.58  0.21  1.85  2.89  3.14  2.47 25092007 00
  1.12 -0.40 -1.73 -2.65 -3.19 -3.11 -2.00 -0.13  1.67  2.90  3.39  2.88 25092007 12
  1.46 -0.18 -1.72 -2.83 -3.59 -3.85 -3.10 -1.26  0.83  2.44  3.30  3.26 26092007 00
  2.14  0.45 -1.23 -2.54 -3.40 -3.84 -3.38 -1.69  0.55  2.37  3.45  3.67 26092007 12
  2.78  1.06 -0.73 -2.27 -3.34 -4.06 -4.04 -2.78 -0.56  1.66  3.10  3.69 27092007 00
  3.31  1.77 -0.07 -1.78 -2.98 -3.78 -4.02 -3.08 -0.94  1.42  3.12  3.93 27092007 12
  3.83  2.48  0.59 -1.26 -2.69 -3.69 -4.26 -3.85 -2.05  0.35  2.41  3.61 28092007 00
  3.89  3.04  1.24 -0.62 -2.23 -3.29 -3.97 -3.85 -2.41 -0.03  2.24  3.64 28092007 12
  4.18  3.66  1.98  0.10 -1.67 -2.91 -3.80 -4.11 -3.24 -1.13  1.24  3.01 29092007 00
  3.87  3.81  2.53  0.67 -1.13 -2.52 -3.46 -3.94 -3.46 -1.63  0.75  2.69 29092007 12
  3.83  4.07  3.14  1.41 -0.41 -1.97 -3.03 -3.74 -3.72 -2.44 -0.28  1.85 30092007 00
  3.24  3.79  3.35  1.85  0.11 -1.55 -2.69 -3.48 -3.73 -2.92 -0.98  1.16 30092007 12
  2.76  3.60  3.55  2.41  0.78 -0.88 -2.16 -3.04 -3.52 -3.21 -1.77  0.23 01102007 00
  1.98  3.05  3.34  2.64  1.19 -0.38 -1.76 -2.68 -3.28 -3.32 -2.34 -0.54 01102007 12
  1.25  2.54  3.15  2.89  1.76  0.35 -1.06 -2.06 -2.73 -3.00 -2.50 -1.11 02102007 00
  0.55  1.92  2.74  2.83  2.08  0.85 -0.49 -1.59 -2.35 -2.81 -2.72 -1.81 02102007 12
 -0.35  1.08  2.11  2.55  2.28  1.38  0.24 -0.85 -1.64 -2.15 -2.31 -1.86 03102007 00
 -0.74  0.56  1.66  2.32  2.39  1.83  0.90 -0.15 -1.03 -1.66 -2.08 -2.09 03102007 12
 -1.47 -0.40  0.71  1.61  2.02  1.88  1.27  0.42 -0.44 -1.10 -1.56 -1.80 04102007 00
 -1.64 -0.93  0.04  0.97  1.62  1.82  1.55  0.91  0.06 -0.74 -1.38 -1.86 04102007 12
 -2.07 -1.83 -1.11 -0.16  0.76  1.38  1.59  1.36  0.80  0.09 -0.58 -1.13 05102007 00
 -1.50 -1.62 -1.29 -0.51  0.43  1.25  1.74  1.79  1.37  0.63 -0.22 -1.00 05102007 12
 -1.63 -2.08 -2.19 -1.75 -0.82  0.26  1.20  1.72  1.76  1.34  0.59 -0.27 06102007 00
 -1.01 -1.56 -1.87 -1.77 -1.08  0.01  1.07  1.85  2.13  1.83  1.05  0.02 06102007 12
 -0.98 -1.77 -2.32 -2.55 -2.17 -1.13  0.17  1.33  2.05  2.18  1.66  0.73 07102007 00
 -0.35 -1.27 -1.92 -2.25 -2.09 -1.22  0.12  1.40  2.28  2.58  2.16  1.16 07102007 12
 -0.07 -1.23 -2.11 -2.69 -2.84 -2.27 -0.95  0.56  1.79  2.47  2.44  1.65 08102007 00
  0.47 -0.78 -1.76 -2.40 -2.65 -2.23 -1.00  0.58  1.91  2.72  2.84  2.13 08102007 12
  0.90 -0.50 -1.69 -2.51 -2.98 -2.86 -1.83 -0.19  1.40  2.52  2.95  2.52 09102007 00
  1.37 -0.01 -1.29 -2.20 -2.75 -2.80 -1.98 -0.38  1.30  2.54  3.12  2.85 09102007 12
  1.73  0.26 -1.19 -2.29 -3.03 -3.34 -2.84 -1.38  0.43  1.90  2.76  2.83 10102007 00
  1.95  0.54 -0.92 -2.12 -2.87 -3.22 -2.84 -1.45  0.41  2.00  2.96  3.19 10102007 12
  2.45  1.04 -0.52 -1.87 -2.77 -3.31 -3.22 -2.11 -0.26  1.50  2.73  3.20 11102007 00
  2.72  1.40 -0.11 -1.55 -2.54 -3.15 -3.21 -2.29 -0.51  1.33  2.66  3.30 11102007 12
  3.03  1.81  0.28 -1.26 -2.37 -3.11 -3.38 -2.77 -1.16  0.78  2.28  3.12 12102007 00
  3.12  2.11  0.58 -0.98 -2.19 -2.97 -3.34 -2.91 -1.44  0.49  2.11  3.08 12102007 12
  3.28  2.45  0.98 -0.59 -1.91 -2.79 -3.28 -3.13 -1.91 -0.02  1.71  2.88 13102007 00
  3.28  2.71  1.34 -0.21 -1.61 -2.56 -3.12 -3.12 -2.14 -0.36  1.43  2.69 13102007 12
  3.27  2.92  1.70  0.20 -1.26 -2.29 -2.95 -3.13 -2.44 -0.83  1.00  2.39 14102007 00
  3.14  3.05  2.02  0.59 -0.89 -2.01 -2.73 -3.06 -2.65 -1.26  0.52  2.01 14102007 12
  2.90  3.03  2.24  0.90 -0.54 -1.72 -2.48 -2.86 -2.60 -1.39  0.33  1.87 15102007 00
  2.88  3.23  2.71  1.57  0.19 -1.06 -1.93 -2.48 -2.52 -1.70 -0.20  1.34 15102007 12
  2.45  2.91  2.57  1.51  0.20 -1.01 -1.85 -2.35 -2.46 -1.83 -0.47  1.03 16102007 00
  2.19  2.80  2.69  1.85  0.64 -0.61 -1.58 -2.22 -2.53 -2.22 -1.16  0.24 16102007 12
  1.49  2.28  2.42  1.83  0.79 -0.39 -1.35 -1.97 -2.28 -2.12 -1.27  0.01 17102007 00
  1.22  2.07  2.40  2.04  1.14  0.04 -0.96 -1.69 -2.15 -2.27 -1.80 -0.75 17102007 12
  0.43  1.39  1.88  1.78  1.12  0.18 -0.77 -1.48 -1.91 -2.05 -1.74 -0.89 18102007 00
  0.20  1.14  1.77  1.89  1.48  0.70 -0.21 -1.01 -1.58 -1.92 -1.94 -1.47 18102007 12
 -0.58  0.37  1.13  1.47  1.35  0.83  0.09 -0.64 -1.19 -1.53 -1.64 -1.38 19102007 00
 -0.69  0.18  0.94  1.44  1.55  1.25  0.63 -0.12 -0.82 -1.35 -1.70 -1.80 19102007 12
 -1.48 -0.79  0.02  0.73  1.16  1.22  0.93  0.39 -0.25 -0.80 -1.20 -1.42 20102007 00
 -1.37 -0.92 -0.18  0.59  1.20  1.49  1.41  0.98  0.31 -0.41 -1.04 -1.51 20102007 12
 -1.79 -1.73 -1.22 -0.41  0.47  1.15  1.47  1.40  0.96  0.29 -0.42 -1.01 21102007 00
 -1.41 -1.57 -1.33 -0.58  0.38  1.25  1.83  1.97  1.61  0.88 -0.02 -0.89 21102007 12
 -1.57 -2.05 -2.17 -1.70 -0.69  0.49  1.50  2.07  2.10  1.59  0.72 -0.26 22102007 00
 -1.11 -1.71 -2.02 -1.83 -0.95  0.31  1.50  2.30  2.52  2.06  1.09 -0.11 22102007 12
 -1.24 -2.10 -2.67 -2.80 -2.19 -0.88  0.63  1.88  2.56  2.54  1.77  0.60 23102007 00
 -0.67 -1.69 -2.39 -2.71 -2.37 -1.17  0.46  1.91  2.81  3.01  2.33  1.06 23102007 12
 -0.41 -1.70 -2.64 -3.25 -3.30 -2.39 -0.67  1.10  2.45  3.09  2.85  1.71 24102007 00
  0.24 -1.23 -2.31 -3.04 -3.29 -2.65 -1.02  0.95  2.48  3.35  3.38  2.36 24102007 12
  0.80 -0.85 -2.20 -3.16 -3.73 -3.56 -2.23 -0.16  1.78  3.04  3.50  2.97 25102007 00
  1.48 -0.21 -1.77 -2.84 -3.54 -3.64 -2.59 -0.51  1.61  3.12  3.82  3.58 25102007 12
  2.22  0.47 -1.28 -2.57 -3.49 -3.94 -3.42 -1.61  0.72  2.60  3.70  3.89 26102007 00
  2.94  1.22 -0.57 -2.05 -3.07 -3.70 -3.53 -2.02  0.28  2.40  3.72  4.17 26102007 12
  3.50  1.83 -0.03 -1.73 -2.92 -3.78 -4.04 -3.10 -0.96  1.37  3.09  3.93 27102007 00
  3.82  2.49  0.66 -1.14 -2.49 -3.39 -3.83 -3.22 -1.30  1.12  3.01  4.10 27102007 12
  4.29  3.28  1.58 -0.25 -1.75 -2.79 -3.44 -3.30 -1.91  0.29  2.40  3.81 28102007 00
  4.29  3.62  2.01  0.19 -1.50 -2.69 -3.51 -3.73 -2.79 -0.74  1.51  3.19 28102007 12
  4.05  3.94  2.70  0.99 -0.75 -2.06 -3.03 -3.61 -3.31 -1.78  0.40  2.32 29102007 00
  3.48  3.77  2.99  1.38 -0.32 -1.78 -2.77 -3.46 -3.52 -2.41 -0.39  1.59 29102007 12
  2.97  3.57  3.25  1.91  0.30 -1.25 -2.34 -3.09 -3.38 -2.77 -1.13  0.82 30102007 00
  2.33  3.20  3.25  2.29  0.81 -0.74 -1.98 -2.84 -3.36 -3.21 -2.01 -0.20 30102007 12
  1.49  2.65  3.08  2.62  1.44  0.05 -1.23 -2.11 -2.68 -2.79 -2.06 -0.55 31102007 00
  1.04  2.26  2.89  2.77  1.85  0.58 -0.74 -1.76 -2.47 -2.87 -2.68 -1.65 31102007 12
 -0.18  1.20  2.15  2.47  2.06  1.12 -0.01 -1.01 -1.71 -2.14 -2.17 -1.57 01112007 00
 -0.39  0.88  1.89  2.42  2.30  1.55  0.49 -0.60 -1.47 -2.11 -2.50 -2.42 01112007 12
 -1.68 -0.55  0.60  1.47  1.83  1.63  0.96  0.08 -0.77 -1.39 -1.79 -1.90 02112007 00
 -1.56 -0.69  0.36  1.29  1.87  1.95  1.49  0.67 -0.28 -1.09 -1.70 -2.13 02112007 12
 -2.26 -1.86 -0.98  0.07  0.97  1.48  1.53  1.12  0.42 -0.37 -1.02 -1.49 03112007 00
 -1.75 -1.66 -1.06 -0.12  0.82  1.52  1.80  1.59  0.95  0.07 -0.80 -1.52 03112007 12
 -2.04 -2.32 -2.15 -1.39 -0.33  0.72  1.48  1.75  1.50  0.85  0.00 -0.80 04112007 00
 -1.41 -1.79 -1.85 -1.39 -0.43  0.66  1.55  2.03  1.94  1.32  0.39 -0.60 04112007 12
 -1.43 -2.04 -2.41 -2.30 -1.52 -0.32  0.90  1.80  2.16  1.92  1.18  0.21 05112007 00
 -0.71 -1.38 -1.83 -1.94 -1.42 -0.30  0.94  1.91  2.38  2.20  1.40  0.29 05112007 12
 -0.84 -1.75 -2.42 -2.80 -2.61 -1.66 -0.27  1.06  1.97  2.27  1.84  0.85 06112007 00
 -0.33 -1.38 -2.06 -2.41 -2.31 -1.50 -0.12  1.26  2.26  2.70  2.38  1.40 06112007 12
  0.17 -1.02 -1.89 -2.46 -2.66 -2.16 -0.89  0.63  1.90  2.62  2.60  1.78 07112007 00
  0.56 -0.73 -1.73 -2.40 -2.70 -2.34 -1.17  0.38  1.74  2.60  2.78  2.10 07112007 12
  0.89 -0.47 -1.61 -2.37 -2.79 -2.64 -1.60  0.05  1.67  2.78  3.21  2.82 08112007 00
  1.78  0.36 -0.99 -1.88 -2.40 -2.47 -1.78 -0.35  1.21  2.39  2.95  2.67 08112007 12
  1.53  0.08 -1.29 -2.26 -2.90 -3.12 -2.56 -1.08  0.69  2.04  2.83  2.88 09112007 00
  1.99  0.62 -0.81 -1.91 -2.63 -2.99 -2.66 -1.35  0.45  2.00  3.01  3.24 09112007 12
  2.51  1.21 -0.24 -1.48 -2.32 -2.83 -2.78 -1.74 -0.02  1.62  2.73  3.15 10112007 00
  2.68  1.44 -0.02 -1.38 -2.34 -2.92 -2.98 -2.12 -0.45  1.32  2.63  3.26 10112007 12
  3.02  1.90  0.47 -0.92 -1.94 -2.61 -2.84 -2.33 -0.91  0.85  2.28  3.06 11112007 00
  3.02  2.04  0.60 -0.92 -2.08 -2.86 -3.27 -2.99 -1.73  0.03  1.60  2.61 11112007 12
  2.89  2.25  0.93 -0.52 -1.79 -2.61 -3.04 -2.90 -1.81 -0.07  1.55  2.65 12112007 00
  3.08  2.61  1.42 -0.00 -1.36 -2.31 -2.92 -3.04 -2.30 -0.74  0.97  2.26 12112007 12
  2.94  2.81  1.82  0.46 -0.92 -1.92 -2.51 -2.71 -2.18 -0.79  0.87  2.21 13112007 00
  2.98  2.98  2.13  0.84 -0.54 -1.64 -2.39 -2.82 -2.65 -1.62 -0.09  1.33 13112007 12
  2.28  2.55  2.01  0.82 -0.52 -1.68 -2.43 -2.83 -2.73 -1.84 -0.34  1.16 14112007 00
  2.24  2.75  2.47  1.46  0.17 -1.08 -2.00 -2.57 -2.78 -2.33 -1.14  0.29 14112007 12
  1.48  2.16  2.14  1.39  0.27 -0.91 -1.81 -2.35 -2.55 -2.19 -1.12  0.28 15112007 00
  1.50  2.28  2.47  1.94  0.93 -0.25 -1.30 -2.02 -2.46 -2.47 -1.81 -0.60 15112007 12
  0.67  1.64  2.08  1.89  1.13  0.12 -0.88 -1.61 -2.06 -2.16 -1.70 -0.63 16112007 00
  0.59  1.60  2.20  2.19  1.59  0.63 -0.41 -1.27 -1.88 -2.24 -2.16 -1.44 16112007 12
 -0.33  0.80  1.64  1.96  1.73  1.06  0.18 -0.66 -1.25 -1.60 -1.65 -1.20 17112007 00
 -0.24  0.84  1.73  2.23  2.23  1.71  0.86 -0.07 -0.84 -1.40 -1.73 -1.64 17112007 12
 -0.99  0.01  1.00  1.70  1.97  1.78  1.20  0.38 -0.45 -1.12 -1.57 -1.72 18112007 00
 -1.40 -0.60  0.41  1.35  1.93  2.02  1.60  0.80 -0.14 -0.97 -1.62 -2.10 18112007 12
 -2.26 -1.85 -0.94  0.11  1.00  1.50  1.54  1.10  0.39 -0.44 -1.14 -1.62 19112007 00
 -1.83 -1.62 -0.88  0.20  1.20  1.88  2.07  1.73  0.97 -0.01 -0.96 -1.72 19112007 12
 -2.27 -2.47 -2.04 -0.98  0.26  1.36  2.06  2.22  1.79  0.96 -0.04 -0.95 20112007 00
 -1.64 -2.05 -2.00 -1.24  0.03  1.30  2.24  2.64  2.36  1.51  0.38 -0.77 20112007 12
 -1.70 -2.35 -2.65 -2.28 -1.13  0.37  1.75  2.63  2.85  2.30  1.25  0.01 21112007 00
 -1.08 -1.88 -2.35 -2.29 -1.39  0.13  1.64  2.74  3.19  2.85  1.80  0.42 21112007 12
 -0.91 -1.93 -2.65 -2.96 -2.52 -1.15  0.60  2.15  3.09  3.23  2.48  1.19 22112007 00
 -0.29 -1.52 -2.38 -2.90 -2.81 -1.72  0.04  1.72  2.90  3.35  2.85  1.53 22112007 12
 -0.04 -1.51 -2.58 -3.35 -3.63 -2.98 -1.29  0.67  2.25  3.13  3.16  2.18 23112007 00
  0.63 -0.96 -2.22 -3.08 -3.54 -3.23 -1.79  0.27  2.11  3.28  3.64  2.96 23112007 12
  1.46 -0.21 -1.74 -2.79 -3.46 -3.52 -2.48 -0.47  1.65  3.24  4.01  3.76 24112007 00
  2.47  0.81 -0.84 -2.03 -2.89 -3.31 -2.82 -1.17  0.96  2.74  3.75  3.86 24112007 12
  2.80  1.12 -0.62 -2.03 -3.04 -3.70 -3.64 -2.35 -0.20  1.87  3.22  3.73 25112007 00
  3.26  1.73 -0.01 -1.65 -2.77 -3.55 -3.85 -3.09 -1.13  1.09  2.78  3.65 25112007 12
  3.60  2.42  0.70 -1.02 -2.37 -3.29 -3.81 -3.44 -1.83  0.39  2.27  3.42 26112007 00
  3.73  2.96  1.32 -0.43 -1.96 -3.02 -3.75 -3.85 -2.80 -0.77  1.35  2.83 26112007 12
  3.49  3.25  1.94  0.26 -1.36 -2.54 -3.33 -3.64 -2.99 -1.21  0.93  2.56 27112007 00
  3.48  3.56  2.56  0.97 -0.70 -2.06 -3.02 -3.63 -3.53 -2.25 -0.25  1.65 27112007 12
  2.93  3.42  2.97  1.62  0.08 -1.38 -2.35 -2.98 -3.09 -2.20 -0.43  1.46 28112007 00
  2.85  3.57  3.43  2.38  0.96 -0.55 -1.77 -2.69 -3.22 -2.97 -1.67  0.17 28112007 12
  1.82  2.93  3.27  2.70  1.45  0.07 -1.13 -1.99 -2.54 -2.54 -1.63 -0.03 29112007 00
  1.53  2.65  3.15  2.83  1.77  0.39 -0.94 -1.94 -2.64 -2.95 -2.54 -1.27 29112007 12
  0.33  1.74  2.66  2.88  2.29  1.23  0.01 -1.00 -1.68 -2.05 -1.91 -0.99 30112007 00
  0.41  1.75  2.74  3.13  2.78  1.88  0.71 -0.43 -1.32 -1.96 -2.20 -1.75 30112007 12
 -0.60  0.69  1.81  2.43  2.47  1.94  1.02  0.00 -0.82 -1.38 -1.68 -1.55 01122007 00
 -0.74  0.48  1.68  2.55  2.88  2.60  1.84  0.83 -0.17 -0.92 -1.50 -1.86 01122007 12
 -1.64 -0.80  0.32  1.43  2.10  2.20  1.78  1.03  0.18 -0.52 -0.96 -1.14 02122007 00
 -1.01 -0.44  0.48  1.43  2.21  2.59  2.34  1.61  0.66 -0.25 -0.97 -1.57 02122007 12
 -1.94 -1.85 -1.17 -0.16  0.82  1.47  1.70  1.44  0.77 -0.05 -0.77 -1.24 03122007 00
 -1.49 -1.48 -0.97  0.03  1.03  1.79  2.14  1.98  1.36  0.47 -0.48 -1.29 03122007 12
 -1.93 -2.33 -2.27 -1.58 -0.49  0.65  1.52  1.91  1.80  1.26  0.50 -0.28 04122007 00
 -0.89 -1.25 -1.29 -0.84  0.13  1.21  2.05  2.52  2.45  1.89  1.06  0.11 04122007 12
 -0.74 -1.32 -1.58 -1.33 -0.47  0.68  1.74  2.41  2.58  2.27  1.54  0.59 05122007 00
 -0.32 -1.03 -1.49 -1.54 -0.96  0.14  1.37  2.32  2.71  2.51  1.81  0.79 05122007 12
 -0.26 -1.16 -1.83 -2.18 -1.95 -1.04  0.23  1.46  2.28  2.47  2.00  1.12 06122007 00
  0.06 -0.84 -1.47 -1.83 -1.77 -1.00  0.28  1.55  2.44  2.80  2.52  1.66 06122007 12
  0.57 -0.46 -1.28 -1.85 -2.00 -1.49 -0.30  1.07  2.21  2.82  2.67  1.91 07122007 00
  0.80 -0.39 -1.32 -2.03 -2.45 -2.25 -1.27  0.12  1.40  2.26  2.48  1.92 07122007 12
  0.82 -0.42 -1.46 -2.19 -2.61 -2.54 -1.63 -0.10  1.40  2.44  2.86  2.54 08122007 00
  1.57  0.37 -0.78 -1.59 -2.00 -1.94 -1.26  0.08  1.53  2.70  3.37  3.26 08122007 12
  2.38  1.05 -0.26 -1.26 -1.96 -2.29 -1.84 -0.49  1.14  2.47  3.21  3.17 09122007 00
  2.29  0.99 -0.42 -1.60 -2.47 -3.02 -3.03 -2.18 -0.65  0.93  2.09  2.54 09122007 12
  2.13  0.93 -0.44 -1.64 -2.45 -2.94 -3.00 -2.28 -0.75  0.89  2.09  2.68 10122007 00
  2.44  1.34 -0.05 -1.40 -2.37 -3.01 -3.25 -2.76 -1.41  0.29  1.66  2.49 10122007 12
  2.59  1.80  0.48 -0.92 -2.05 -2.75 -3.05 -2.68 -1.38  0.35  1.82  2.76 11122007 00
  3.00  2.36  1.12 -0.31 -1.56 -2.44 -2.97 -2.96 -2.05 -0.46  1.14  2.30 11122007 12
  2.82  2.50  1.39  0.03 -1.29 -2.21 -2.76 -2.82 -2.06 -0.51  1.16  2.43 12122007 00
  3.09  2.96  2.00  0.64 -0.77 -1.88 -2.66 -3.04 -2.74 -1.50  0.15  1.59 12122007 12
  2.52  2.71  2.05  0.83 -0.51 -1.64 -2.38 -2.76 -2.53 -1.41  0.25  1.76 13122007 00
  2.76  3.12  2.66  1.55  0.16 -1.15 -2.11 -2.74 -2.91 -2.29 -0.89  0.69 13122007 12
  1.96  2.59  2.47  1.56  0.31 -0.95 -1.92 -2.53 -2.76 -2.28 -0.96  0.63 14122007 00
  1.93  2.72  2.81  2.11  0.92 -0.42 -1.55 -2.34 -2.83 -2.80 -1.94 -0.47 14122007 12
  1.02  2.08  2.51  2.17  1.18 -0.04 -1.20 -2.00 -2.48 -2.53 -1.87 -0.52 15122007 00
  0.94  2.06  2.65  2.52  1.66  0.42 -0.85 -1.84 -2.52 -2.88 -2.68 -1.68 15122007 12
 -0.25  1.10  2.02  2.29  1.84  0.84 -0.32 -1.33 -2.01 -2.38 -2.30 -1.53 16122007 00
 -0.21  1.12  2.09  2.53  2.26  1.37  0.18 -0.99 -1.89 -2.50 -2.76 -2.44 16122007 12
 -1.41 -0.08  1.13  1.92  2.11  1.63  0.70 -0.38 -1.32 -1.95 -2.31 -2.22 17122007 00
 -1.47 -0.21  1.02  1.90  2.28  2.00  1.14  0.02 -1.07 -1.91 -2.49 -2.76 17122007 12
 -2.46 -1.48 -0.18  1.00  1.77  1.98  1.57  0.74 -0.28 -1.19 -1.83 -2.18 18122007 00
 -2.11 -1.43 -0.27  0.92  1.85  2.28  2.08  1.29  0.19 -0.91 -1.77 -2.39 18122007 12
 -2.72 -2.52 -1.63 -0.33  0.91  1.78  2.09  1.78  0.96 -0.10 -1.09 -1.81 19122007 00
 -2.25 -2.32 -1.76 -0.60  0.68  1.71  2.27  2.21  1.49  0.41 -0.74 -1.68 19122007 12
 -2.35 -2.74 -2.62 -1.75 -0.40  0.95  1.95  2.38  2.13  1.28  0.15 -0.96 20122007 00
 -1.80 -2.35 -2.51 -2.00 -0.77  0.66  1.84  2.54  2.56  1.87  0.74 -0.51 20122007 12
 -1.55 -2.32 -2.80 -2.75 -1.87 -0.40  1.13  2.27  2.77  2.53  1.58  0.32 21122007 00
 -0.92 -1.86 -2.49 -2.73 -2.25 -0.94  0.68  2.06  2.88  2.98  2.24  1.00 21122007 12
 -0.39 -1.55 -2.40 -2.92 -2.87 -1.87 -0.22  1.43  2.64  3.19  2.91  1.83 22122007 00
  0.46 -0.91 -1.96 -2.71 -3.02 -2.53 -1.08  0.70  2.19  3.04  3.10  2.21 22122007 12
  0.81 -0.69 -1.92 -2.80 -3.32 -3.18 -1.99 -0.13  1.63  2.85  3.34  2.90 23122007 00
  1.62  0.08 -1.38 -2.43 -3.14 -3.36 -2.59 -0.84  1.12  2.61  3.47  3.48 23122007 12
  2.49  1.06 -0.49 -1.70 -2.54 -3.00 -2.65 -1.16  0.84  2.55  3.65  3.93 24122007 00
  3.15  1.68 -0.02 -1.50 -2.62 -3.41 -3.61 -2.74 -0.88  1.12  2.65  3.39 24122007 12
  3.25  2.10  0.51 -1.06 -2.24 -3.04 -3.38 -2.83 -1.15  0.94  2.63  3.61 25122007 00
  3.78  2.84  1.30 -0.38 -1.77 -2.76 -3.41 -3.34 -2.07  0.01  2.01  3.38 25122007 12
  3.87  3.35  1.94  0.29 -1.24 -2.33 -3.09 -3.33 -2.54 -0.74  1.31  2.86 26122007 00
  3.68  3.61  2.49  0.92 -0.73 -2.01 -2.96 -3.53 -3.31 -1.91  0.12  1.97 26122007 12
  3.17  3.56  2.96  1.60  0.08 -1.26 -2.14 -2.66 -2.55 -1.37  0.51  2.28 27122007 00
  3.50  3.98  3.48  2.20  0.60 -0.92 -2.08 -2.95 -3.36 -2.88 -1.36  0.54 27122007 12
  2.19  3.18  3.36  2.57  1.23 -0.23 -1.39 -2.16 -2.54 -2.19 -0.86  0.92 28122007 00
  2.47  3.48  3.76  3.14  1.89  0.38 -0.96 -1.94 -2.61 -2.74 -1.96 -0.43 28122007 12
  1.22  2.56  3.24  3.11  2.19  0.92 -0.39 -1.42 -2.17 -2.47 -2.00 -0.63 29122007 00
  1.09  2.53  3.36  3.54  2.86  1.49 -0.05 -1.22 -2.03 -2.61 -2.74 -2.06 29122007 12
 -0.71  0.75  1.83  2.25  1.96  1.02 -0.12 -1.21 -1.97 -2.39 -2.40 -1.74 30122007 00
 -0.45  0.94  2.00  2.60  2.50  1.71  0.57 -0.62 -1.58 -2.24 -2.60 -2.43 30122007 12
 -1.52 -0.21  1.02  1.88  2.17  1.81  0.96 -0.06 -0.97 -1.61 -1.95 -1.92 31122007 00
 -1.29 -0.17  0.99  1.87  2.29  2.09  1.36  0.35 -0.66 -1.44 -1.98 -2.24 31122007 12
