Parameter Z: CS3X Location (100, 86) Lat 53.500 Lon -3.417
 -2.00 -1.17 -0.08  0.96  1.65  1.84  1.49  0.76 -0.12 -0.90 -1.42 -1.70 01012008 00
 -1.61 -1.00  0.02  1.03  1.79  2.12  1.92  1.28  0.41 -0.46 -1.14 -1.62 01012008 12
 -1.84 -1.61 -0.85  0.14  1.05  1.63  1.76  1.46  0.83  0.03 -0.71 -1.25 02012008 00
 -1.56 -1.54 -1.05 -0.17  0.74  1.45  1.76  1.60  1.02  0.21 -0.60 -1.23 02012008 12
 -1.66 -1.86 -1.69 -1.01 -0.05  0.88  1.51  1.71  1.44  0.86  0.12 -0.55 03012008 00
 -1.08 -1.42 -1.47 -1.02 -0.16  0.77  1.50  1.89  1.86  1.38  0.62 -0.21 03012008 12
 -0.91 -1.41 -1.67 -1.53 -0.83  0.17  1.17  1.87  2.11  1.86  1.21  0.36 04012008 00
 -0.46 -1.11 -1.53 -1.63 -1.11 -0.07  1.02  1.90  2.36  2.33  1.80  0.94 04012008 12
 -0.00 -0.82 -1.39 -1.65 -1.45 -0.65  0.51  1.67  2.44  2.65  2.29  1.51 05012008 00
  0.53 -0.36 -1.02 -1.46 -1.58 -1.16 -0.22  0.88  1.78  2.20  2.05  1.38 05012008 12
  0.42 -0.58 -1.34 -1.83 -2.00 -1.59 -0.51  0.84  1.97  2.63  2.65  2.01 06012008 00
  0.98 -0.19 -1.20 -1.93 -2.37 -2.31 -1.47 -0.13  1.24  2.26  2.69  2.46 06012008 12
  1.65  0.51 -0.60 -1.38 -1.82 -1.71 -0.86  0.37  1.64  2.65  3.05  2.77 07012008 00
  1.96  0.82 -0.35 -1.31 -2.05 -2.48 -2.31 -1.28  0.26  1.74  2.66  2.82 07012008 12
  2.15  0.98 -0.30 -1.37 -2.14 -2.60 -2.45 -1.36  0.28  1.79  2.82  3.22 08012008 00
  2.79  1.74  0.43 -0.84 -1.82 -2.47 -2.62 -1.81 -0.06  1.75  2.99  3.58 08012008 12
  3.30  2.31  1.01 -0.32 -1.23 -1.80 -2.06 -1.52 -0.08  1.60  2.99  3.74 09012008 00
  3.64  2.63  1.16 -0.39 -1.63 -2.57 -3.17 -3.07 -1.93 -0.08  1.76  3.05 09012008 12
  3.53  3.11  1.88  0.45 -0.91 -1.88 -2.46 -2.42 -1.38  0.41  2.17  3.45 10012008 00
  4.07  3.62  2.36  0.84 -0.66 -1.80 -2.62 -3.00 -2.51 -1.03  0.82  2.39 10012008 12
  3.26  3.27  2.32  0.89 -0.61 -1.79 -2.58 -2.96 -2.57 -1.12  0.80  2.40 11012008 00
  3.41  3.62  2.83  1.43 -0.15 -1.49 -2.47 -3.13 -3.18 -2.20 -0.39  1.45 11012008 12
  2.79  3.37  3.05  1.82  0.31 -1.15 -2.15 -2.77 -2.92 -2.15 -0.46  1.38 12012008 00
  2.77  3.50  3.36  2.28  0.78 -0.76 -1.94 -2.76 -3.20 -2.86 -1.45  0.42 12012008 12
  2.07  3.13  3.41  2.76  1.48  0.02 -1.24 -2.07 -2.47 -2.16 -0.84  0.97 13012008 00
  2.55  3.60  3.91  3.34  2.13  0.60 -0.78 -1.86 -2.65 -2.91 -2.21 -0.65 13012008 12
  1.15  2.58  3.32  3.24  2.33  1.05 -0.29 -1.36 -2.09 -2.40 -1.93 -0.52 14012008 00
  1.17  2.60  3.48  3.61  2.88  1.64  0.19 -1.02 -1.91 -2.52 -2.60 -1.80 14012008 12
 -0.31  1.29  2.54  3.10  2.87  1.92  0.64 -0.62 -1.53 -2.07 -2.20 -1.58 15012008 00
 -0.21  1.29  2.47  3.15  3.11  2.34  1.19 -0.06 -1.11 -1.86 -2.31 -2.20 15012008 12
 -1.25  0.16  1.56  2.56  2.92  2.55  1.64  0.48 -0.59 -1.40 -1.93 -2.08 16012008 00
 -1.55 -0.37  0.95  2.03  2.59  2.50  1.77  0.70 -0.42 -1.33 -2.02 -2.44 16012008 12
 -2.35 -1.52 -0.22  1.08  2.05  2.44  2.22  1.49  0.55 -0.35 -1.06 -1.52 17012008 00
 -1.66 -1.24 -0.19  1.07  2.15  2.77  2.81  2.30  1.41  0.36 -0.57 -1.36 17012008 12
 -1.95 -2.12 -1.61 -0.56  0.66  1.69  2.22  2.19  1.63  0.75 -0.17 -0.90 18012008 00
 -1.41 -1.70 -1.50 -0.64  0.55  1.73  2.59  2.90  2.62  1.84  0.84 -0.09 18012008 12
 -0.90 -1.59 -1.95 -1.72 -0.83  0.38  1.54  2.26  2.40  1.91  0.99 -0.10 19012008 00
 -1.06 -1.82 -2.35 -2.43 -1.81 -0.61  0.71  1.81  2.42  2.44  1.82  0.83 19012008 12
 -0.27 -1.18 -1.84 -2.20 -2.01 -1.01  0.42  1.76  2.68  2.95  2.48  1.48 20012008 00
  0.22 -0.97 -1.89 -2.55 -2.75 -2.20 -0.88  0.68  2.01  2.76  2.79  2.03 20012008 12
  0.83 -0.47 -1.55 -2.32 -2.74 -2.51 -1.30  0.40  1.95  3.02  3.43  2.97 21012008 00
  1.84  0.38 -0.93 -1.86 -2.45 -2.55 -1.94 -0.60  1.05  2.42  3.14  3.03 21012008 12
  2.05  0.63 -0.84 -2.02 -2.84 -3.28 -3.00 -1.64  0.27  1.98  3.08  3.40 22012008 00
  2.74  1.34 -0.23 -1.62 -2.61 -3.28 -3.38 -2.45 -0.60  1.31  2.72  3.39 22012008 12
  3.17  2.00  0.49 -1.05 -2.17 -2.93 -3.22 -2.58 -0.87  1.14  2.75  3.65 23012008 00
  3.71  2.73  1.22 -0.44 -1.81 -2.80 -3.38 -3.20 -1.87  0.13  1.99  3.26 23012008 12
  3.68  3.09  1.69  0.09 -1.36 -2.37 -3.02 -3.07 -2.05 -0.12  1.91  3.37 24012008 00
  4.06  3.71  2.35  0.66 -0.98 -2.21 -3.16 -3.66 -3.23 -1.67  0.40  2.17 24012008 12
  3.24  3.49  2.70  1.17 -0.45 -1.77 -2.62 -3.06 -2.73 -1.26  0.80  2.59 25012008 00
  3.69  4.01  3.25  1.78  0.10 -1.36 -2.44 -3.21 -3.40 -2.55 -0.81  1.14 25012008 12
  2.63  3.35  3.15  1.96  0.44 -1.04 -2.14 -2.85 -3.06 -2.30 -0.59  1.34 26012008 00
  2.81  3.62  3.55  2.46  0.91 -0.69 -1.96 -2.86 -3.36 -3.11 -1.81  0.05 26012008 12
  1.77  2.90  3.22  2.58  1.23 -0.26 -1.56 -2.44 -2.97 -2.90 -1.84 -0.07 27012008 00
  1.62  2.77  3.26  2.86  1.65  0.17 -1.22 -2.24 -2.93 -3.19 -2.64 -1.20 27012008 12
  0.50  1.87  2.61  2.60  1.72  0.41 -0.93 -1.94 -2.58 -2.83 -2.41 -1.13 28012008 00
  0.52  1.88  2.72  2.87  2.20  1.02 -0.32 -1.45 -2.21 -2.66 -2.59 -1.72 28012008 12
 -0.29  1.13  2.14  2.54  2.19  1.20  0.01 -1.08 -1.83 -2.27 -2.29 -1.62 29012008 00
 -0.33  1.02  2.06  2.60  2.45  1.68  0.61 -0.50 -1.37 -1.98 -2.28 -2.06 29012008 12
 -1.16  0.04  1.14  1.84  1.96  1.47  0.61 -0.39 -1.24 -1.79 -2.05 -1.93 30012008 00
 -1.26 -0.18  0.89  1.66  1.95  1.69  0.98  0.10 -0.71 -1.29 -1.65 -1.72 30012008 12
 -1.27 -0.31  0.78  1.72  2.32  2.50  2.25  1.71  1.00  0.26 -0.33 -0.55 31012008 00
 -0.46 -0.11  0.44  1.18  1.76  1.88  1.60  0.95  0.21 -0.33 -0.68 -0.91 31012008 12
 -0.95 -0.69 -0.05  0.72  1.34  1.62  1.58  1.27  0.68 -0.02 -0.61 -1.02 01022008 00
 -1.22 -1.19 -0.76 -0.03  0.72  1.27  1.46  1.27  0.86  0.29 -0.30 -0.82 01022008 12
 -1.24 -1.52 -1.45 -0.91 -0.10  0.66  1.22  1.47  1.39  1.00  0.40 -0.24 02022008 00
 -0.75 -1.10 -1.23 -1.00 -0.34  0.44  1.14  1.58  1.63  1.37  0.90  0.28 02022008 12
 -0.32 -0.77 -1.02 -0.94 -0.40  0.46  1.36  2.05  2.38  2.32  1.87  1.18 03022008 00
  0.39 -0.38 -1.01 -1.33 -1.13 -0.45  0.44  1.28  1.85  2.06  1.82  1.17 03022008 12
  0.28 -0.57 -1.21 -1.55 -1.52 -0.91  0.17  1.31  2.19  2.58  2.43  1.85 04022008 00
  0.97  0.00 -0.85 -1.52 -1.89 -1.67 -0.74  0.52  1.70  2.45  2.57  2.04 04022008 12
  1.08 -0.03 -0.94 -1.52 -1.82 -1.63 -0.73  0.59  1.84  2.77  3.15  2.79 05022008 00
  1.84  0.58 -0.62 -1.52 -2.11 -2.27 -1.69 -0.36  1.17  2.40  3.03  2.92 05022008 12
  2.08  0.86 -0.45 -1.48 -2.20 -2.57 -2.29 -1.09  0.56  2.00  2.89  3.02 06022008 00
  2.27  0.98 -0.45 -1.69 -2.58 -3.16 -3.14 -2.13 -0.40  1.29  2.49  2.98 06022008 12
  2.57  1.37 -0.06 -1.44 -2.36 -2.89 -2.87 -1.85 -0.05  1.77  3.06  3.71 07022008 00
  3.45  2.28  0.72 -0.84 -2.04 -2.91 -3.37 -2.97 -1.48  0.45  2.14  3.13 07022008 12
  3.30  2.46  0.99 -0.58 -1.89 -2.77 -3.23 -2.91 -1.44  0.60  2.37  3.49 08022008 00
  3.83  3.15  1.73  0.06 -1.42 -2.51 -3.30 -3.50 -2.60 -0.68  1.37  2.86 08022008 12
  3.53  3.23  1.90  0.24 -1.37 -2.51 -3.26 -3.49 -2.68 -0.77  1.36  2.92 09022008 00
  3.75  3.72  2.56  0.93 -0.80 -2.14 -3.10 -3.67 -3.42 -1.98  0.13  2.04 09022008 12
  3.22  3.54  2.79  1.19 -0.52 -2.02 -3.00 -3.61 -3.55 -2.29 -0.20  1.81 10022008 00
  3.12  3.66  3.22  1.75  0.02 -1.63 -2.79 -3.59 -3.87 -3.13 -1.26  0.84 10022008 12
  2.46  3.31  3.28  2.18  0.53 -1.11 -2.38 -3.19 -3.57 -3.07 -1.45  0.67 11022008 00
  2.38  3.38  3.58  2.70  1.13 -0.55 -1.98 -2.95 -3.58 -3.56 -2.42 -0.50 11022008 12
  1.40  2.69  3.21  2.83  1.50 -0.07 -1.55 -2.56 -3.22 -3.36 -2.53 -0.77 12022008 00
  1.14  2.53  3.26  3.14  2.04  0.54 -1.00 -2.17 -2.98 -3.39 -3.05 -1.71 12022008 12
  0.08  1.65  2.63  2.90  2.25  0.94 -0.48 -1.73 -2.55 -3.03 -2.95 -1.95 13022008 00
 -0.30  1.28  2.40  2.89  2.56  1.47  0.13 -1.18 -2.13 -2.77 -3.01 -2.54 13022008 12
 -1.27  0.25  1.53  2.28  2.36  1.66  0.52 -0.72 -1.72 -2.40 -2.75 -2.58 14022008 00
 -1.66 -0.28  1.02  1.96  2.34  2.02  1.14  0.02 -1.05 -1.81 -2.32 -2.49 14022008 12
 -2.09 -1.07  0.16  1.23  1.88  1.95  1.43  0.54 -0.47 -1.32 -1.92 -2.27 15022008 00
 -2.23 -1.60 -0.53  0.58  1.44  1.85  1.71  1.09  0.21 -0.69 -1.38 -1.88 15022008 12
 -2.14 -2.00 -1.31 -0.31  0.69  1.41  1.67  1.44  0.80 -0.04 -0.87 -1.53 16022008 00
 -2.00 -2.22 -1.98 -1.20 -0.17  0.81  1.48  1.69  1.41  0.75 -0.09 -0.87 16022008 12
 -1.50 -1.94 -2.10 -1.76 -0.87  0.20  1.14  1.72  1.79  1.36  0.56 -0.39 17022008 00
 -1.24 -1.90 -2.34 -2.42 -1.89 -0.82  0.37  1.38  1.93  1.92  1.33  0.41 17022008 12
 -0.60 -1.43 -2.02 -2.34 -2.18 -1.31 -0.02  1.22  2.08  2.39  2.02  1.10 18022008 00
 -0.08 -1.20 -2.06 -2.63 -2.82 -2.32 -1.08  0.41  1.67  2.42  2.49  1.81 18022008 12
  0.69 -0.56 -1.59 -2.31 -2.68 -2.46 -1.38  0.20  1.66  2.63  2.94  2.43 19022008 00
  1.28 -0.14 -1.43 -2.38 -3.01 -3.15 -2.44 -0.91  0.80  2.16  2.90  2.86 19022008 12
  1.92  0.55 -0.86 -1.95 -2.67 -2.97 -2.50 -1.04  0.81  2.34  3.27  3.43 20022008 00
  2.61  1.20 -0.39 -1.72 -2.68 -3.30 -3.28 -2.21 -0.34  1.50  2.83  3.38 20022008 12
  2.98  1.71  0.18 -1.28 -2.30 -2.95 -3.04 -2.11 -0.25  1.72  3.15  3.89 21022008 00
  3.68  2.50  0.91 -0.71 -1.96 -2.86 -3.33 -2.94 -1.41  0.62  2.42  3.49 21022008 12
  3.68  2.79  1.23 -0.43 -1.77 -2.70 -3.24 -2.99 -1.54  0.59  2.52  3.80 22022008 00
  4.20  3.50  2.02  0.31 -1.19 -2.30 -3.10 -3.34 -2.51 -0.72  1.26  2.73 22022008 12
  3.40  3.14  1.84  0.19 -1.42 -2.56 -3.29 -3.54 -2.76 -0.87  1.34  3.01 23022008 00
  3.91  3.92  2.81  1.21 -0.49 -1.82 -2.75 -3.30 -3.06 -1.63  0.40  2.20 23022008 12
  3.35  3.63  2.87  1.39 -0.27 -1.66 -2.56 -3.07 -2.89 -1.62  0.36  2.20 24022008 00
  3.40  3.81  3.19  1.77  0.13 -1.36 -2.43 -3.18 -3.39 -2.61 -0.85  1.11 24022008 12
  2.58  3.31  3.15  1.98  0.44 -1.09 -2.19 -2.90 -3.16 -2.53 -0.86  1.09 25022008 00
  2.60  3.44  3.49  2.58  1.22 -0.29 -1.45 -2.19 -2.54 -2.16 -0.77  1.03 25022008 12
  2.55  3.46  3.57  2.81  1.54  0.10 -1.12 -1.98 -2.50 -2.40 -1.35  0.33 26022008 00
  1.98  3.12  3.52  3.06  1.90  0.48 -0.77 -1.68 -2.31 -2.51 -1.91 -0.57 26022008 12
  0.95  2.16  2.75  2.58  1.68  0.42 -0.84 -1.74 -2.29 -2.48 -2.02 -0.78 27022008 00
  0.68  1.88  2.58  2.59  1.85  0.72 -0.50 -1.46 -2.08 -2.39 -2.18 -1.22 27022008 12
  0.12  1.34  2.18  2.43  1.99  1.05 -0.05 -1.02 -1.67 -2.04 -2.03 -1.41 28022008 00
 -0.29  0.87  1.75  2.13  1.90  1.14  0.14 -0.80 -1.47 -1.87 -1.97 -1.57 28022008 12
 -0.64  0.44  1.34  1.87  1.87  1.38  0.59 -0.27 -0.94 -1.33 -1.50 -1.32 29022008 00
 -0.66  0.31  1.31  2.04  2.29  2.20  1.67  0.89  0.25 -0.21 -0.48 -0.54 29022008 12
 -0.32  0.25  0.98  1.60  1.96  1.84  1.30  0.58 -0.19 -0.83 -1.26 -1.53 01032008 00
 -1.50 -1.07 -0.43  0.21  0.72  1.03  1.08  0.86  0.47  0.06 -0.25 -0.45 01032008 12
 -0.47 -0.29  0.15  0.72  1.27  1.68  1.80  1.55  1.09  0.55 -0.04 -0.65 02032008 00
 -1.18 -1.47 -1.37 -0.92 -0.25  0.43  0.93  1.14  1.07  0.78  0.36 -0.06 02032008 12
 -0.44 -0.72 -0.81 -0.60 -0.03  0.65  1.23  1.57  1.61  1.32  0.75  0.02 03032008 00
 -0.66 -1.22 -1.62 -1.74 -1.34 -0.52  0.41  1.20  1.62  1.57  1.10  0.31 03032008 12
 -0.57 -1.32 -1.88 -2.22 -2.17 -1.54 -0.53  0.49  1.26  1.54  1.27  0.52 04032008 00
 -0.45 -1.38 -2.07 -2.52 -2.63 -2.16 -1.09  0.18  1.23  1.80  1.73  1.06 04032008 12
  0.03 -1.06 -1.92 -2.43 -2.59 -2.17 -1.07  0.34  1.57  2.36  2.50  1.89 05032008 00
  0.76 -0.53 -1.64 -2.42 -2.87 -2.77 -1.84 -0.31  1.20  2.29  2.74  2.40 05032008 12
  1.34 -0.01 -1.28 -2.17 -2.69 -2.71 -1.89 -0.32  1.34  2.57  3.16  2.93 06032008 00
  1.86  0.40 -1.04 -2.15 -2.92 -3.26 -2.79 -1.29  0.58  2.20  3.18  3.37 06032008 12
  2.59  1.21 -0.27 -1.44 -2.21 -2.71 -2.54 -1.27  0.65  2.38  3.48  3.77 07032008 00
  3.04  1.60 -0.08 -1.55 -2.61 -3.31 -3.41 -2.41 -0.46  1.59  3.08  3.74 07032008 12
  3.42  2.07  0.41 -1.22 -2.39 -3.16 -3.38 -2.52 -0.54  1.69  3.35  4.25 08032008 00
  4.22  3.05  1.41 -0.35 -1.71 -2.72 -3.33 -3.04 -1.46  0.74  2.65  3.86 08032008 12
  4.15  3.26  1.61 -0.21 -1.72 -2.78 -3.46 -3.41 -2.07  0.17  2.29  3.73 09032008 00
  4.29  3.74  2.18  0.37 -1.34 -2.56 -3.45 -3.77 -2.97 -0.95  1.36  3.12 09032008 12
  4.05  4.05  2.89  1.20 -0.53 -1.82 -2.65 -2.98 -2.33 -0.51  1.70  3.47 10032008 00
  4.54  4.62  3.54  1.84 -0.05 -1.59 -2.74 -3.51 -3.52 -2.31 -0.18  2.02 10032008 12
  3.57  4.15  3.69  2.15  0.37 -1.25 -2.39 -3.20 -3.43 -2.51 -0.50  1.68 11032008 00
  3.25  4.07  3.94  2.69  1.07 -0.60 -1.80 -2.65 -3.07 -2.54 -0.81  1.35 11032008 12
  3.10  4.11  4.32  3.59  2.33  0.75 -0.67 -1.74 -2.40 -2.36 -1.28  0.43 12032008 00
  2.17  3.44  3.85  3.25  1.83  0.20 -1.15 -2.08 -2.78 -3.04 -2.37 -0.74 12032008 12
  1.07  2.49  3.24  3.17  2.17  0.78 -0.67 -1.79 -2.56 -2.96 -2.62 -1.30 13032008 00
  0.44  1.97  2.97  3.23  2.62  1.46  0.11 -1.05 -1.87 -2.39 -2.41 -1.64 13032008 12
 -0.24  1.19  2.28  2.79  2.55  1.65  0.47 -0.72 -1.61 -2.23 -2.50 -2.13 14032008 00
 -1.03  0.33  1.53  2.29  2.44  1.94  1.01 -0.07 -0.97 -1.61 -2.01 -2.00 14032008 12
 -1.36 -0.25  0.89  1.79  2.23  2.10  1.48  0.59 -0.35 -1.10 -1.64 -1.94 15032008 00
 -1.80 -1.08 -0.06  0.95  1.70  1.98  1.77  1.18  0.39 -0.39 -0.99 -1.43 15032008 12
 -1.63 -1.40 -0.65  0.27  1.13  1.70  1.85  1.54  0.88  0.07 -0.70 -1.35 16032008 00
 -1.84 -2.05 -1.79 -1.03 -0.07  0.83  1.43  1.62  1.38  0.80  0.03 -0.69 16032008 12
 -1.29 -1.69 -1.81 -1.44 -0.59  0.42  1.31  1.85  1.90  1.46  0.68 -0.26 17032008 00
 -1.12 -1.79 -2.23 -2.27 -1.69 -0.62  0.56  1.53  2.05  2.02  1.45  0.55 17032008 12
 -0.44 -1.25 -1.83 -2.10 -1.84 -0.91  0.38  1.57  2.37  2.57  2.09  1.13 18032008 00
 -0.06 -1.16 -1.99 -2.54 -2.66 -2.06 -0.78  0.67  1.88  2.53  2.49  1.70 18032008 12
  0.53 -0.70 -1.66 -2.31 -2.59 -2.23 -1.05  0.52  1.89  2.73  2.87  2.17 19032008 00
  0.91 -0.49 -1.69 -2.55 -3.09 -3.09 -2.19 -0.57  1.09  2.34  2.92  2.66 19032008 12
  1.56  0.16 -1.21 -2.18 -2.77 -2.90 -2.17 -0.55  1.25  2.65  3.40  3.30 20032008 00
  2.27  0.83 -0.66 -1.80 -2.58 -3.00 -2.66 -1.30  0.58  2.25  3.29  3.49 20032008 12
  2.71  1.36 -0.10 -1.31 -2.17 -2.74 -2.68 -1.57  0.29  2.04  3.17  3.57 21032008 00
  3.00  1.53 -0.14 -1.61 -2.63 -3.35 -3.58 -2.80 -0.96  1.06  2.57  3.24 21032008 12
  3.02  1.79  0.14 -1.43 -2.61 -3.36 -3.68 -3.11 -1.40  0.64  2.22  3.08 22032008 00
  3.12  2.11  0.48 -1.15 -2.49 -3.36 -3.83 -3.52 -2.07  0.03  1.87  3.01 22032008 12
  3.36  2.70  1.21 -0.35 -1.69 -2.54 -3.11 -3.11 -1.92  0.13  2.02  3.23 23032008 00
  3.65  3.06  1.61 -0.02 -1.54 -2.63 -3.39 -3.63 -2.84 -0.98  1.04  2.54 23032008 12
  3.29  3.15  1.99  0.41 -1.15 -2.30 -3.03 -3.32 -2.68 -0.97  1.06  2.60 24032008 00
  3.45  3.47  2.42  0.91 -0.69 -1.94 -2.79 -3.25 -2.96 -1.57  0.35  2.04 24032008 12
  3.06  3.26  2.49  1.04 -0.51 -1.84 -2.72 -3.24 -3.12 -1.92 -0.02  1.72 25032008 00
  2.88  3.33  2.83  1.53  0.03 -1.37 -2.33 -2.92 -2.96 -2.06 -0.36  1.39 25032008 12
  2.64  3.24  2.97  1.84  0.41 -1.01 -2.04 -2.68 -2.88 -2.27 -0.78  0.93 26032008 00
  2.30  3.04  2.99  2.08  0.76 -0.62 -1.68 -2.36 -2.67 -2.32 -1.10  0.50 26032008 12
  1.90  2.78  2.94  2.26  1.05 -0.28 -1.38 -2.12 -2.53 -2.40 -1.46  0.00 27032008 00
  1.40  2.38  2.72  2.30  1.28  0.05 -1.05 -1.81 -2.25 -2.27 -1.57 -0.27 27032008 12
  1.11  2.18  2.69  2.51  1.71  0.64 -0.40 -1.19 -1.66 -1.75 -1.23 -0.12 28032008 00
  1.11  2.07  2.64  2.59  1.97  1.03  0.02 -0.75 -1.30 -1.68 -1.56 -0.83 28032008 12
  0.24  1.27  2.02  2.22  1.88  1.11  0.14 -0.68 -1.26 -1.64 -1.69 -1.17 29032008 00
 -0.24  0.74  1.57  2.05  2.04  1.57  0.82  0.05 -0.50 -0.85 -1.03 -0.83 29032008 12
 -0.10  0.74  1.42  1.91  2.04  1.76  1.17  0.40 -0.31 -0.82 -1.14 -1.19 30032008 00
 -0.87 -0.23  0.52  1.12  1.38  1.31  0.99  0.49 -0.07 -0.58 -0.96 -1.16 30032008 12
 -1.08 -0.63  0.02  0.68  1.21  1.42  1.30  0.90  0.33 -0.24 -0.75 -1.17 31032008 00
 -1.44 -1.42 -1.02 -0.39  0.29  0.82  1.08  1.05  0.74  0.26 -0.24 -0.68 31032008 12
 -0.97 -1.02 -0.72 -0.05  0.76  1.46  1.89  1.98  1.74  1.20  0.51 -0.21 01042008 00
 -0.85 -1.38 -1.61 -1.35 -0.64  0.25  1.09  1.65  1.77  1.43  0.74 -0.10 01042008 12
 -0.85 -1.42 -1.80 -1.83 -1.28 -0.31  0.75  1.57  1.94  1.77  1.12  0.17 02042008 00
 -0.81 -1.59 -2.14 -2.36 -2.03 -1.03  0.26  1.42  2.14  2.26  1.71  0.73 02042008 12
 -0.39 -1.35 -2.04 -2.41 -2.30 -1.43 -0.05  1.28  2.22  2.56  2.16  1.13 03042008 00
 -0.16 -1.37 -2.29 -2.88 -3.03 -2.40 -0.98  0.65  1.96  2.67  2.62  1.74 03042008 12
  0.45 -0.90 -1.96 -2.66 -2.96 -2.55 -1.20  0.56  2.04  2.97  3.14  2.36 04042008 00
  0.99 -0.56 -1.86 -2.78 -3.35 -3.31 -2.24 -0.39  1.42  2.73  3.27  2.89 04042008 12
  1.61  0.04 -1.44 -2.48 -3.14 -3.26 -2.36 -0.54  1.41  2.82  3.56  3.38 05042008 00
  2.12  0.45 -1.22 -2.50 -3.39 -3.85 -3.46 -1.89  0.30  2.17  3.32  3.57 05042008 12
  2.73  1.04 -0.67 -2.11 -3.08 -3.69 -3.60 -2.28 -0.10  1.99  3.32  3.81 06042008 00
  3.28  1.70 -0.09 -1.77 -2.95 -3.76 -4.02 -3.11 -1.04  1.26  2.95  3.78 06042008 12
  3.68  2.37  0.53 -1.24 -2.58 -3.45 -3.87 -3.32 -1.45  0.90  2.79  3.88 07042008 00
  4.06  3.06  1.30 -0.55 -2.10 -3.18 -3.88 -3.79 -2.39 -0.10  2.10  3.51 07042008 12
  4.02  3.49  1.87  0.03 -1.68 -2.85 -3.64 -3.83 -2.82 -0.66  1.63  3.28 08042008 00
  4.07  3.90  2.55  0.76 -1.02 -2.36 -3.31 -3.79 -3.29 -1.52  0.80  2.68 08042008 12
  3.78  3.99  3.04  1.34 -0.44 -1.92 -2.94 -3.59 -3.49 -2.12  0.06  2.12 09042008 00
  3.47  3.98  3.47  1.97  0.27 -1.32 -2.43 -3.20 -3.42 -2.58 -0.70  1.38 09042008 12
  2.91  3.72  3.62  2.43  0.85 -0.80 -2.02 -2.87 -3.33 -2.96 -1.46  0.54 10042008 00
  2.26  3.33  3.60  2.87  1.48 -0.06 -1.38 -2.29 -2.88 -2.86 -1.82 -0.06 10042008 12
  1.69  2.92  3.47  3.13  1.98  0.52 -0.89 -1.92 -2.61 -2.89 -2.40 -1.03 11042008 00
  0.63  2.04  2.89  2.98  2.23  1.03 -0.26 -1.31 -2.03 -2.43 -2.26 -1.28 11042008 12
  0.18  1.54  2.51  2.86  2.47  1.49  0.27 -0.86 -1.70 -2.29 -2.53 -2.11 12042008 00
 -0.99  0.37  1.57  2.29  2.39  1.86  0.96 -0.06 -0.92 -1.54 -1.92 -1.88 12042008 12
 -1.20 -0.09  1.02  1.88  2.25  2.05  1.36  0.42 -0.53 -1.30 -1.88 -2.21 13042008 00
 -2.07 -1.33 -0.26  0.80  1.57  1.86  1.65  1.06  0.27 -0.49 -1.10 -1.52 13042008 12
 -1.69 -1.41 -0.60  0.39  1.26  1.80  1.90  1.50  0.76 -0.11 -0.90 -1.56 14042008 00
 -2.07 -2.25 -1.88 -1.00  0.06  1.01  1.59  1.72  1.36  0.68 -0.15 -0.87 14042008 12
 -1.43 -1.79 -1.79 -1.23 -0.23  0.82  1.66  2.07  1.93  1.30  0.38 -0.60 15042008 00
 -1.43 -2.05 -2.40 -2.27 -1.47 -0.27  0.93  1.80  2.12  1.85  1.09  0.10 15042008 12
 -0.84 -1.57 -2.04 -2.15 -1.64 -0.53  0.73  1.77  2.34  2.27  1.56  0.47 16042008 00
 -0.70 -1.67 -2.37 -2.74 -2.55 -1.57 -0.15  1.21  2.16  2.50  2.12  1.16 16042008 12
 -0.02 -1.11 -1.91 -2.39 -2.42 -1.69 -0.28  1.20  2.31  2.84  2.61  1.66 17042008 00
  0.36 -0.93 -1.94 -2.64 -2.93 -2.51 -1.23  0.39  1.81  2.70  2.89  2.21 17042008 12
  0.99 -0.35 -1.48 -2.27 -2.70 -2.52 -1.44  0.20  1.72  2.74  3.08  2.54 18042008 00
  1.33 -0.14 -1.49 -2.45 -3.05 -3.13 -2.33 -0.72  1.02  2.35  3.02  2.85 18042008 12
  1.80  0.39 -1.03 -2.07 -2.73 -2.94 -2.34 -0.80  0.99  2.41  3.19  3.19 19042008 00
  2.23  0.79 -0.74 -1.96 -2.77 -3.19 -2.91 -1.61  0.22  1.86  2.91  3.20 19042008 12
  2.53  1.16 -0.35 -1.69 -2.58 -3.07 -2.93 -1.76  0.12  1.84  3.01  3.46 20042008 00
  2.96  1.66  0.12 -1.32 -2.34 -3.01 -3.15 -2.33 -0.61  1.26  2.63  3.32 20042008 12
  3.11  1.95  0.44 -1.09 -2.22 -2.95 -3.23 -2.62 -1.01  0.90  2.39  3.22 21042008 00
  3.25  2.26  0.80 -0.74 -1.96 -2.77 -3.19 -2.88 -1.51  0.38  2.04  3.07 21042008 12
  3.31  2.57  1.15 -0.41 -1.75 -2.66 -3.19 -3.11 -2.01 -0.18  1.55  2.76 22042008 00
  3.23  2.78  1.49 -0.01 -1.42 -2.37 -2.96 -3.01 -2.11 -0.39  1.41  2.69 22042008 12
  3.32  3.08  1.96  0.50 -0.96 -2.02 -2.72 -2.99 -2.44 -0.94  0.83  2.27 23042008 00
  3.08  3.07  2.13  0.76 -0.70 -1.83 -2.57 -2.92 -2.58 -1.29  0.46  1.96 23042008 12
  2.92  3.15  2.47  1.25 -0.16 -1.37 -2.21 -2.70 -2.64 -1.70 -0.11  1.45 24042008 00
  2.57  2.98  2.57  1.46  0.12 -1.12 -1.98 -2.49 -2.54 -1.82 -0.39  1.14 24042008 12
  2.31  2.88  2.67  1.72  0.44 -0.85 -1.81 -2.45 -2.73 -2.35 -1.18  0.30 25042008 00
  1.58  2.36  2.47  1.82  0.73 -0.46 -1.43 -2.04 -2.32 -2.07 -1.07  0.34 25042008 12
  1.60  2.45  2.70  2.24  1.28  0.12 -0.93 -1.68 -2.14 -2.20 -1.57 -0.40 26042008 00
  0.84  1.81  2.26  2.05  1.27  0.24 -0.77 -1.51 -1.95 -2.09 -1.69 -0.68 26042008 12
  0.51  1.50  2.09  2.13  1.60  0.71 -0.29 -1.10 -1.67 -2.00 -1.94 -1.30 27042008 00
 -0.28  0.77  1.56  1.87  1.64  0.98  0.13 -0.66 -1.22 -1.53 -1.56 -1.13 27042008 12
 -0.22  0.77  1.57  2.01  1.99  1.49  0.69 -0.16 -0.88 -1.38 -1.68 -1.62 28042008 00
 -1.07 -0.19  0.71  1.40  1.66  1.50  1.00  0.31 -0.37 -0.91 -1.25 -1.34 28042008 12
 -1.03 -0.30  0.56  1.30  1.75  1.79  1.42  0.75 -0.03 -0.73 -1.27 -1.63 29042008 00
 -1.67 -1.25 -0.46  0.43  1.18  1.56  1.55  1.16  0.53 -0.17 -0.77 -1.20 29042008 12
 -1.43 -1.30 -0.69  0.19  1.03  1.64  1.87  1.63  1.00  0.18 -0.62 -1.29 30042008 00
 -1.80 -2.03 -1.79 -0.97  0.10  1.09  1.75  1.95  1.66  0.99  0.14 -0.64 30042008 12
 -1.23 -1.60 -1.60 -1.04 -0.01  1.09  1.95  2.35  2.17  1.47  0.47 -0.56 01052008 00
 -1.41 -2.03 -2.34 -2.08 -1.12  0.19  1.43  2.25  2.48  2.06  1.16  0.06 01052008 12
 -0.96 -1.71 -2.18 -2.19 -1.45 -0.13  1.24  2.28  2.75  2.49  1.57  0.34 02052008 00
 -0.91 -1.89 -2.58 -2.89 -2.51 -1.26  0.35  1.77  2.68  2.87  2.21  1.03 02052008 12
 -0.33 -1.50 -2.32 -2.79 -2.67 -1.63  0.03  1.66  2.77  3.20  2.75  1.56 03052008 00
  0.08 -1.33 -2.38 -3.09 -3.32 -2.65 -1.03  0.87  2.37  3.23  3.25  2.28 03052008 12
  0.82 -0.72 -1.93 -2.75 -3.17 -2.82 -1.37  0.59  2.29  3.35  3.62  2.87 04052008 00
  1.41 -0.26 -1.70 -2.74 -3.43 -3.51 -2.49 -0.51  1.49  2.96  3.63  3.35 04052008 12
  2.03  0.36 -1.29 -2.50 -3.33 -3.68 -3.04 -1.26  0.90  2.59  3.55  3.63 05052008 00
  2.58  0.89 -0.87 -2.29 -3.27 -3.88 -3.68 -2.25 -0.05  1.98  3.28  3.73 05052008 12
  3.16  1.56 -0.21 -1.85 -2.96 -3.73 -3.90 -2.90 -0.81  1.42  3.01  3.76 06052008 00
  3.59  2.26  0.48 -1.27 -2.57 -3.47 -3.91 -3.38 -1.58  0.70  2.54  3.62 06052008 12
  3.81  2.87  1.16 -0.64 -2.15 -3.18 -3.85 -3.77 -2.45 -0.25  1.87  3.25 07052008 00
  3.79  3.34  1.82  0.07 -1.58 -2.72 -3.51 -3.76 -2.91 -0.93  1.24  2.85 07052008 12
  3.68  3.62  2.42  0.72 -1.01 -2.35 -3.29 -3.82 -3.48 -1.95  0.24  2.11 08052008 00
  3.28  3.62  2.94  1.40 -0.25 -1.71 -2.69 -3.33 -3.35 -2.25 -0.28  1.65 08052008 12
  3.02  3.64  3.32  2.03  0.44 -1.15 -2.31 -3.13 -3.49 -2.97 -1.40  0.57 09052008 00
  2.18  3.15  3.32  2.50  1.08 -0.43 -1.67 -2.52 -3.03 -2.89 -1.74  0.05 09052008 12
  1.70  2.84  3.28  2.81  1.60  0.14 -1.23 -2.23 -2.93 -3.20 -2.65 -1.23 10052008 00
  0.46  1.85  2.68  2.77  2.01  0.78 -0.53 -1.57 -2.27 -2.65 -2.44 -1.39 10052008 12
  0.13  1.53  2.48  2.82  2.37  1.33  0.04 -1.14 -2.01 -2.63 -2.86 -2.40 11052008 00
 -1.20  0.23  1.46  2.21  2.30  1.70  0.71 -0.39 -1.29 -1.90 -2.22 -2.08 11052008 12
 -1.26  0.00  1.20  2.07  2.41  2.11  1.27  0.18 -0.87 -1.69 -2.28 -2.57 12052008 00
 -2.30 -1.36 -0.14  1.01  1.77  1.99  1.62  0.84 -0.11 -0.95 -1.57 -1.93 12052008 12
 -1.92 -1.36 -0.31  0.80  1.68  2.13  2.01  1.37  0.42 -0.58 -1.41 -2.03 13052008 00
 -2.40 -2.33 -1.63 -0.52  0.62  1.50  1.88  1.72  1.09  0.21 -0.67 -1.35 13052008 12
 -1.78 -1.92 -1.56 -0.63  0.50  1.46  2.05  2.10  1.59  0.71 -0.31 -1.22 14052008 00
 -1.91 -2.36 -2.41 -1.82 -0.70  0.52  1.52  2.05  1.98  1.34  0.40 -0.58 14052008 12
 -1.35 -1.87 -2.07 -1.77 -0.83  0.39  1.47  2.18  2.33  1.84  0.91 -0.20 15052008 00
 -1.19 -1.92 -2.38 -2.43 -1.80 -0.58  0.74  1.80  2.33  2.22  1.49  0.44 15052008 12
 -0.66 -1.50 -2.04 -2.23 -1.84 -0.75  0.61  1.78  2.49  2.56  1.92  0.85 16052008 00
 -0.36 -1.38 -2.12 -2.55 -2.46 -1.60 -0.20  1.19  2.20  2.61  2.29  1.33 16052008 12
  0.13 -1.01 -1.84 -2.34 -2.43 -1.79 -0.45  1.01  2.14  2.73  2.59  1.72 17052008 00
  0.49 -0.78 -1.77 -2.45 -2.75 -2.39 -1.20  0.33  1.68  2.54  2.70  2.06 17052008 12
  0.90 -0.41 -1.53 -2.29 -2.71 -2.55 -1.54  0.02  1.49  2.49  2.85  2.39 18052008 00
  1.29 -0.06 -1.29 -2.17 -2.71 -2.77 -2.02 -0.53  1.06  2.27  2.85  2.64 18052008 12
  1.65  0.32 -1.02 -2.02 -2.67 -2.90 -2.38 -0.99  0.67  2.02  2.80  2.83 19052008 00
  2.00  0.72 -0.67 -1.78 -2.52 -2.89 -2.60 -1.40  0.28  1.77  2.74  3.00 19052008 12
  2.38  1.16 -0.26 -1.51 -2.37 -2.89 -2.83 -1.89 -0.28  1.34  2.48  2.96 20052008 00
  2.59  1.46  0.08 -1.24 -2.18 -2.77 -2.87 -2.13 -0.57  1.12  2.42  3.08 20052008 12
  2.95  1.95  0.56 -0.86 -1.93 -2.65 -2.97 -2.56 -1.23  0.46  1.90  2.78 21052008 00
  2.89  2.13  0.85 -0.55 -1.70 -2.45 -2.83 -2.57 -1.39  0.32  1.86  2.88 21052008 12
  3.18  2.59  1.38 -0.06 -1.35 -2.26 -2.83 -2.88 -2.10 -0.57  1.06  2.28 22052008 00
  2.84  2.59  1.55  0.20 -1.11 -2.05 -2.62 -2.75 -2.10 -0.65  1.00  2.29 22052008 12
  3.00  2.94  2.05  0.75 -0.64 -1.74 -2.50 -2.89 -2.64 -1.50  0.10  1.54 23052008 00
  2.48  2.71  2.11  0.94 -0.36 -1.48 -2.23 -2.63 -2.49 -1.53  0.00  1.46 23052008 12
  2.47  2.87  2.48  1.41  0.08 -1.16 -2.06 -2.63 -2.78 -2.23 -0.94  0.55 24052008 00
  1.76  2.41  2.33  1.52  0.34 -0.87 -1.79 -2.36 -2.56 -2.16 -1.02  0.43 24052008 12
  1.66  2.41  2.52  1.87  0.74 -0.52 -1.58 -2.30 -2.73 -2.71 -1.96 -0.66 25052008 00
  0.68  1.66  2.09  1.83  0.93 -0.19 -1.25 -1.94 -2.28 -2.24 -1.62 -0.44 25052008 12
  0.86  1.87  2.39  2.24  1.48  0.36 -0.78 -1.68 -2.31 -2.63 -2.46 -1.60 26052008 00
 -0.35  0.84  1.65  1.87  1.45  0.56 -0.46 -1.33 -1.92 -2.27 -2.22 -1.57 26052008 12
 -0.40  0.81  1.71  2.18  2.02  1.24  0.20 -0.80 -1.55 -2.05 -2.27 -2.02 27052008 00
 -1.15  0.01  1.09  1.82  1.99  1.58  0.79 -0.17 -1.01 -1.58 -1.86 -1.75 27052008 12
 -1.07  0.04  1.12  1.92  2.25  2.00  1.28  0.31 -0.65 -1.41 -1.94 -2.17 28052008 00
 -1.90 -1.02  0.14  1.22  1.93  2.12  1.75  0.99  0.08 -0.73 -1.33 -1.69 28052008 12
 -1.67 -1.09 -0.04  1.04  1.88  2.25  2.06  1.36  0.37 -0.63 -1.44 -2.01 29052008 00
 -2.30 -2.10 -1.25 -0.08  1.06  1.85  2.11  1.79  1.03  0.06 -0.83 -1.51 29052008 12
 -1.91 -1.96 -1.41 -0.30  0.91  1.89  2.39  2.27  1.56  0.53 -0.56 -1.46 30052008 00
 -2.12 -2.50 -2.35 -1.48 -0.19  1.11  2.06  2.42  2.11  1.25  0.14 -0.90 30052008 12
 -1.68 -2.19 -2.29 -1.73 -0.50  0.89  2.01  2.62  2.55  1.79  0.63 -0.62 31052008 00
 -1.65 -2.39 -2.80 -2.66 -1.68 -0.19  1.29  2.35  2.75  2.37  1.35  0.08 31052008 12
 -1.12 -2.01 -2.58 -2.72 -2.08 -0.66  0.95  2.23  2.92  2.84  1.92  0.60 01062008 00
 -0.79 -1.91 -2.70 -3.14 -2.93 -1.74  0.01  1.62  2.73  3.11  2.61  1.39 01062008 12
 -0.06 -1.38 -2.33 -2.95 -3.05 -2.23 -0.55  1.24  2.59  3.29  3.14  2.06 02062008 00
  0.60 -0.93 -2.10 -2.92 -3.34 -2.97 -1.53  0.40  2.09  3.17  3.46  2.76 02062008 12
  1.33 -0.26 -1.65 -2.62 -3.25 -3.27 -2.22 -0.32  1.57  2.96  3.60  3.29 03062008 00
  2.00  0.39 -1.19 -2.34 -3.15 -3.50 -2.93 -1.26  0.82  2.50  3.48  3.62 03062008 12
  2.68  1.10 -0.59 -1.98 -2.96 -3.58 -3.48 -2.19 -0.14  1.84  3.19  3.72 04062008 00
  3.27  1.87  0.22 -1.35 -2.45 -3.21 -3.43 -2.59 -0.72  1.36  2.90  3.71 04062008 12
  3.61  2.42  0.80 -0.91 -2.24 -3.20 -3.76 -3.48 -2.02  0.12  2.02  3.24 05062008 00
  3.62  2.98  1.46 -0.20 -1.70 -2.72 -3.39 -3.45 -2.37 -0.35  1.66  3.09 05062008 12
  3.76  3.46  2.14  0.49 -1.17 -2.40 -3.30 -3.76 -3.31 -1.72  0.40  2.15 06062008 00
  3.22  3.45  2.65  1.11 -0.51 -1.88 -2.79 -3.34 -3.22 -1.97  0.02  1.87 06062008 12
  3.13  3.63  3.13  1.76  0.15 -1.39 -2.51 -3.32 -3.66 -3.06 -1.42  0.56 07062008 00
  2.14  3.05  3.14  2.24  0.77 -0.74 -1.95 -2.75 -3.18 -2.90 -1.55  0.34 07062008 12
  1.99  3.05  3.39  2.77  1.45 -0.08 -1.47 -2.47 -3.17 -3.38 -2.70 -1.13 08062008 00
  0.66  2.04  2.80  2.75  1.82  0.49 -0.89 -1.92 -2.61 -2.93 -2.54 -1.23 08062008 12
  0.46  1.88  2.79  3.00  2.35  1.13 -0.28 -1.50 -2.39 -3.00 -3.11 -2.40 09062008 00
 -0.97  0.60  1.83  2.49  2.41  1.56  0.39 -0.81 -1.69 -2.26 -2.46 -2.05 09062008 12
 -0.90  0.55  1.78  2.55  2.67  2.03  0.91 -0.35 -1.43 -2.23 -2.77 -2.85 10062008 00
 -2.19 -0.91  0.47  1.58  2.15  2.08  1.35  0.31 -0.74 -1.53 -2.03 -2.21 10062008 12
 -1.85 -0.83  0.47  1.57  2.28  2.39  1.85  0.87 -0.25 -1.24 -1.96 -2.44 11062008 00
 -2.51 -1.94 -0.82  0.43  1.44  1.96  1.90  1.28  0.36 -0.60 -1.32 -1.79 11062008 12
 -1.97 -1.67 -0.79  0.36  1.37  2.05  2.19  1.72  0.83 -0.22 -1.18 -1.88 12062008 00
 -2.34 -2.46 -1.96 -0.92  0.27  1.29  1.86  1.88  1.34  0.49 -0.45 -1.20 12062008 12
 -1.69 -1.90 -1.70 -0.90  0.21  1.23  1.92  2.09  1.70  0.87 -0.12 -1.02 13062008 00
 -1.69 -2.14 -2.23 -1.75 -0.73  0.45  1.44  1.99  1.98  1.43  0.54 -0.42 13062008 12
 -1.19 -1.73 -1.98 -1.78 -0.97  0.16  1.22  1.94  2.12  1.72  0.89 -0.12 14062008 00
 -1.03 -1.71 -2.13 -2.19 -1.64 -0.54  0.68  1.67  2.19  2.09  1.42  0.44 14062008 12
 -0.57 -1.37 -1.90 -2.12 -1.83 -0.90  0.33  1.42  2.11  2.23  1.72  0.79 15062008 00
 -0.28 -1.21 -1.87 -2.24 -2.18 -1.43 -0.17  1.10  2.04  2.43  2.15  1.32 15062008 12
  0.22 -0.84 -1.63 -2.14 -2.29 -1.82 -0.70  0.62  1.72  2.33  2.29  1.58 16062008 00
  0.51 -0.63 -1.53 -2.12 -2.39 -2.10 -1.07  0.34  1.60  2.44  2.64  2.13 16062008 12
  1.10 -0.11 -1.18 -1.93 -2.39 -2.37 -1.61 -0.27  1.11  2.13  2.59  2.32 17062008 00
  1.42  0.24 -0.90 -1.74 -2.24 -2.33 -1.69 -0.34  1.15  2.33  2.96  2.88 17062008 12
  2.08  0.88 -0.39 -1.40 -2.10 -2.46 -2.19 -1.11  0.35  1.72  2.63  2.82 18062008 00
  2.22  1.12 -0.15 -1.23 -1.98 -2.38 -2.21 -1.17  0.41  1.90  2.97  3.39 18062008 12
  3.00  1.92  0.52 -0.78 -1.75 -2.42 -2.64 -2.07 -0.74  0.83  2.12  2.80 19062008 00
  2.72  1.86  0.61 -0.68 -1.66 -2.30 -2.54 -2.10 -0.82  0.80  2.16  2.96 19062008 12
  3.03  2.27  1.00 -0.40 -1.56 -2.38 -2.86 -2.75 -1.75 -0.17  1.38  2.46 20062008 00
  2.84  2.39  1.26 -0.10 -1.33 -2.18 -2.68 -2.69 -1.85 -0.29  1.32  2.52 20062008 12
  3.08  2.83  1.79  0.41 -0.96 -2.00 -2.70 -3.02 -2.63 -1.31  0.35  1.77 21062008 00
  2.62  2.71  1.97  0.75 -0.57 -1.63 -2.32 -2.63 -2.27 -1.05  0.62  2.08 21062008 12
  3.03  3.27  2.66  1.49  0.11 -1.11 -1.97 -2.52 -2.52 -1.63 -0.12  1.44 22062008 00
  2.65  3.20  2.92  1.92  0.59 -0.72 -1.67 -2.25 -2.38 -1.75 -0.38  1.16 22062008 12
  2.41  3.07  2.90  1.95  0.63 -0.72 -1.81 -2.59 -3.03 -2.83 -1.73 -0.14 23062008 00
  1.32  2.31  2.62  2.12  1.01 -0.27 -1.41 -2.18 -2.60 -2.50 -1.59 -0.06 23062008 12
  1.44  2.49  2.93  2.57  1.51  0.18 -1.09 -2.03 -2.67 -2.92 -2.45 -1.16 24062008 00
  0.38  1.69  2.45  2.50  1.79  0.66 -0.57 -1.54 -2.16 -2.41 -2.07 -0.93 24062008 12
  0.59  1.90  2.75  2.96  2.41  1.35  0.09 -1.04 -1.87 -2.40 -2.46 -1.73 25062008 00
 -0.39  1.01  2.12  2.67  2.52  1.71  0.59 -0.54 -1.39 -1.94 -2.14 -1.73 25062008 12
 -0.60  0.77  1.95  2.63  2.64  1.95  0.85 -0.36 -1.35 -2.06 -2.50 -2.43 26062008 00
 -1.60 -0.28  1.07  2.09  2.52  2.30  1.53  0.45 -0.57 -1.33 -1.82 -1.99 26062008 12
 -1.55 -0.46  0.84  1.94  2.53  2.46  1.75  0.66 -0.49 -1.42 -2.10 -2.51 27062008 00
 -2.44 -1.63 -0.35  0.97  1.97  2.41  2.21  1.42  0.36 -0.66 -1.42 -1.91 27062008 12
 -2.08 -1.65 -0.56  0.73  1.83  2.47  2.48  1.85  0.85 -0.28 -1.23 -1.94 28062008 00
 -2.40 -2.40 -1.70 -0.48  0.83  1.87  2.37  2.23  1.52  0.48 -0.58 -1.41 28062008 12
 -1.97 -2.21 -1.89 -0.87  0.46  1.65  2.42  2.55  2.01  1.05 -0.10 -1.12 29062008 00
 -1.88 -2.38 -2.45 -1.80 -0.55  0.85  1.99  2.59  2.52  1.78  0.66 -0.53 29062008 12
 -1.48 -2.16 -2.53 -2.35 -1.37  0.04  1.40  2.34  2.66  2.24  1.24  0.00 30062008 00
 -1.14 -1.99 -2.56 -2.72 -2.13 -0.78  0.76  2.04  2.78  2.79  2.04  0.86 30062008 12
 -0.44 -1.51 -2.28 -2.73 -2.56 -1.49  0.10  1.61  2.69  3.10  2.71  1.65 01072008 00
  0.30 -0.97 -1.94 -2.60 -2.80 -2.18 -0.69  1.02  2.42  3.22  3.23  2.37 01072008 12
  1.04 -0.40 -1.59 -2.46 -2.98 -2.84 -1.68  0.08  1.76  2.92  3.37  2.91 02072008 00
  1.69  0.22 -1.16 -2.17 -2.87 -3.05 -2.29 -0.59  1.31  2.77  3.53  3.44 02072008 12
  2.36  0.85 -0.73 -1.97 -2.87 -3.41 -3.19 -1.84  0.10  1.92  3.11  3.51 03072008 00
  2.92  1.55 -0.02 -1.45 -2.44 -3.10 -3.18 -2.20 -0.31  1.67  3.08  3.77 03072008 12
  3.50  2.25  0.64 -1.01 -2.25 -3.16 -3.65 -3.26 -1.74  0.34  2.14  3.28 04072008 00
  3.57  2.82  1.31 -0.33 -1.75 -2.70 -3.27 -3.15 -1.86  0.20  2.11  3.42 04072008 12
  3.95  3.45  2.04  0.34 -1.29 -2.49 -3.35 -3.70 -3.05 -1.26  0.86  2.54 05072008 00
  3.50  3.57  2.59  1.02 -0.63 -1.97 -2.88 -3.37 -3.05 -1.52  0.58  2.42 05072008 12
  3.58  3.92  3.19  1.70  0.00 -1.51 -2.60 -3.37 -3.57 -2.69 -0.82  1.16 06072008 00
  2.67  3.41  3.27  2.14  0.60 -0.96 -2.11 -2.87 -3.17 -2.57 -0.89  1.10 06072008 12
  2.68  3.58  3.67  2.73  1.25 -0.38 -1.73 -2.71 -3.35 -3.32 -2.21 -0.35 07072008 00
  1.46  2.74  3.26  2.88  1.64  0.18 -1.22 -2.18 -2.78 -2.88 -2.06 -0.37 07072008 12
  1.42  2.75  3.44  3.28  2.21  0.76 -0.73 -1.87 -2.69 -3.16 -2.92 -1.67 08072008 00
  0.08  1.65  2.69  2.97  2.39  1.19 -0.16 -1.35 -2.15 -2.61 -2.51 -1.54 08072008 12
  0.04  1.57  2.65  3.12  2.78  1.73  0.39 -0.90 -1.87 -2.55 -2.82 -2.37 09072008 00
 -1.11  0.42  1.71  2.48  2.55  1.89  0.81 -0.38 -1.32 -1.92 -2.19 -1.90 09072008 12
 -0.86  0.56  1.81  2.65  2.87  2.41  1.45  0.27 -0.82 -1.61 -2.15 -2.29 10072008 00
 -1.75 -0.61  0.70  1.76  2.31  2.23  1.57  0.63 -0.38 -1.17 -1.70 -1.91 10072008 12
 -1.61 -0.68  0.49  1.54  2.22  2.34  1.88  1.02  0.01 -0.88 -1.53 -1.95 11072008 00
 -2.01 -1.50 -0.49  0.62  1.52  1.98  1.89  1.33  0.51 -0.35 -1.00 -1.45 11072008 12
 -1.66 -1.45 -0.69  0.31  1.21  1.80  1.91  1.51  0.78 -0.07 -0.84 -1.40 12072008 00
 -1.77 -1.82 -1.35 -0.45  0.55  1.38  1.82  1.77  1.28  0.52 -0.29 -0.96 12072008 12
 -1.43 -1.68 -1.56 -0.92  0.00  0.88  1.49  1.68  1.41  0.78 -0.01 -0.76 13072008 00
 -1.32 -1.68 -1.74 -1.34 -0.50  0.48  1.31  1.78  1.79  1.35  0.62 -0.21 13072008 12
 -0.91 -1.43 -1.70 -1.61 -1.01 -0.09  0.85  1.54  1.79  1.56  0.93  0.09 14072008 00
 -0.74 -1.37 -1.77 -1.88 -1.49 -0.59  0.46  1.37  1.90  1.92  1.44  0.62 14072008 12
 -0.31 -1.10 -1.66 -1.97 -1.87 -1.19 -0.10  0.97  1.75  2.02  1.71  0.95 15072008 00
 -0.01 -0.90 -1.56 -1.99 -2.07 -1.57 -0.51  0.68  1.67  2.21  2.17  1.53 15072008 12
  0.53 -0.55 -1.42 -2.03 -2.34 -2.15 -1.28 -0.03  1.17  1.98  2.20  1.74 16072008 00
  0.80 -0.31 -1.26 -1.93 -2.29 -2.22 -1.45 -0.13  1.19  2.17  2.60  2.32 16072008 12
  1.42  0.24 -0.91 -1.79 -2.38 -2.58 -2.11 -0.91  0.56  1.79  2.50  2.52 17072008 00
  1.80  0.66 -0.57 -1.56 -2.21 -2.51 -2.21 -1.09  0.46  1.83  2.70  2.90 17072008 12
  2.30  1.15 -0.19 -1.37 -2.22 -2.74 -2.75 -1.90 -0.38  1.19  2.35  2.85 18072008 00
  2.56  1.52  0.20 -1.08 -2.00 -2.56 -2.66 -1.95 -0.43  1.24  2.53  3.22 18072008 12
  3.09  2.14  0.80 -0.60 -1.71 -2.48 -2.86 -2.53 -1.27  0.44  1.97  2.92 19072008 00
  3.12  2.40  1.08 -0.37 -1.58 -2.40 -2.85 -2.69 -1.55  0.21  1.84  2.93 19072008 12
  3.31  2.76  1.49 -0.01 -1.38 -2.38 -3.06 -3.25 -2.51 -0.88  0.93  2.29 20072008 00
  2.99  2.87  1.82  0.39 -1.05 -2.10 -2.77 -3.02 -2.43 -0.87  0.98  2.42 20072008 12
  3.24  3.26  2.28  0.82 -0.75 -2.02 -2.90 -3.41 -3.23 -2.00 -0.15  1.58 21072008 00
  2.71  3.09  2.54  1.20 -0.31 -1.67 -2.56 -3.07 -3.01 -1.95 -0.13  1.64 21072008 12
  2.85  3.39  2.99  1.73  0.21 -1.28 -2.36 -3.10 -3.39 -2.80 -1.24  0.64 22072008 00
  2.12  2.94  2.95  2.00  0.56 -0.92 -2.06 -2.79 -3.11 -2.69 -1.26  0.59 22072008 12
  2.14  3.07  3.26  2.48  1.09 -0.45 -1.76 -2.68 -3.26 -3.26 -2.27 -0.53 23072008 00
  1.19  2.43  2.95  2.60  1.43  0.01 -1.34 -2.28 -2.85 -2.95 -2.17 -0.56 23072008 12
  1.18  2.46  3.13  2.97  1.94  0.53 -0.92 -2.02 -2.78 -3.17 -2.85 -1.58 24072008 00
  0.11  1.60  2.55  2.79  2.18  0.97 -0.39 -1.55 -2.30 -2.71 -2.58 -1.58 24072008 12
  0.00  1.52  2.57  3.00  2.59  1.51  0.17 -1.10 -2.03 -2.65 -2.86 -2.33 25072008 00
 -0.99  0.55  1.85  2.60  2.65  1.93  0.81 -0.42 -1.40 -2.05 -2.38 -2.15 25072008 12
 -1.14  0.29  1.60  2.49  2.74  2.25  1.22 -0.00 -1.10 -1.90 -2.44 -2.58 26072008 00
 -2.04 -0.85  0.50  1.64  2.27  2.26  1.61  0.59 -0.50 -1.37 -1.95 -2.25 26072008 12
 -2.06 -1.18  0.09  1.28  2.11  2.38  2.00  1.15  0.08 -0.89 -1.63 -2.13 27072008 00
 -2.32 -1.93 -0.92  0.30  1.38  2.04  2.13  1.62  0.74 -0.26 -1.11 -1.73 27072008 12
 -2.11 -2.10 -1.47 -0.35  0.82  1.73  2.16  2.00  1.33  0.39 -0.56 -1.33 28072008 00
 -1.90 -2.21 -2.04 -1.20 -0.01  1.16  2.00  2.29  1.97  1.18  0.17 -0.78 28072008 12
 -1.53 -2.05 -2.25 -1.87 -0.85  0.42  1.55  2.26  2.36  1.86  0.96 -0.09 29072008 00
 -1.03 -1.74 -2.21 -2.24 -1.56 -0.32  1.01  2.08  2.62  2.50  1.74  0.64 29072008 12
 -0.52 -1.47 -2.16 -2.52 -2.30 -1.26  0.19  1.54  2.45  2.74  2.31  1.34 30072008 00
  0.14 -1.00 -1.89 -2.48 -2.60 -1.90 -0.47  1.11  2.36  3.02  2.91  2.03 30072008 12
  0.76 -0.57 -1.67 -2.48 -2.95 -2.77 -1.65  0.02  1.59  2.68  3.06  2.57 31072008 00
  1.41  0.01 -1.29 -2.24 -2.84 -2.90 -2.01 -0.29  1.52  2.87  3.55  3.37 31072008 12
  2.30  0.84 -0.69 -1.91 -2.81 -3.30 -3.01 -1.63  0.27  2.00  3.13  3.47 01082008 00
  2.80  1.43 -0.11 -1.46 -2.43 -3.03 -2.98 -1.83  0.09  1.98  3.29  3.86 01082008 12
  3.43  2.10  0.44 -1.16 -2.35 -3.22 -3.61 -3.04 -1.38  0.72  2.43  3.42 02082008 00
  3.53  2.59  1.03 -0.61 -1.95 -2.84 -3.34 -3.03 -1.50  0.63  2.49  3.65 02082008 12
  4.00  3.25  1.73 -0.01 -1.56 -2.69 -3.49 -3.69 -2.77 -0.81  1.28  2.85 03082008 00
  3.61  3.42  2.18  0.53 -1.11 -2.29 -3.09 -3.38 -2.67 -0.83  1.33  2.97 03082008 12
  3.90  3.94  2.85  1.23 -0.51 -1.90 -2.92 -3.57 -3.45 -2.14 -0.10  1.85 04082008 00
  3.15  3.59  3.02  1.55 -0.11 -1.63 -2.65 -3.29 -3.32 -2.23 -0.21  1.77 04082008 12
  3.17  3.83  3.51  2.19  0.56 -1.07 -2.27 -3.13 -3.54 -3.03 -1.42  0.63 05082008 00
  2.28  3.23  3.34  2.44  0.94 -0.62 -1.89 -2.70 -3.12 -2.78 -1.35  0.61 05082008 12
  2.27  3.33  3.63  2.92  1.55 -0.04 -1.42 -2.41 -3.06 -3.13 -2.21 -0.50 06082008 00
  1.28  2.57  3.17  2.90  1.77  0.36 -1.05 -2.04 -2.67 -2.83 -2.15 -0.60 06082008 12
  1.11  2.44  3.18  3.13  2.22  0.89 -0.52 -1.62 -2.37 -2.79 -2.55 -1.41 07082008 00
  0.16  1.60  2.54  2.77  2.19  1.07 -0.22 -1.32 -2.07 -2.51 -2.43 -1.58 07082008 12
 -0.16  1.23  2.24  2.67  2.34  1.37  0.16 -0.99 -1.82 -2.35 -2.52 -2.06 08082008 00
 -0.92  0.42  1.54  2.18  2.18  1.53  0.52 -0.56 -1.39 -1.92 -2.15 -1.90 08082008 12
 -1.03  0.18  1.27  2.00  2.20  1.80  0.98 -0.01 -0.88 -1.47 -1.79 -1.73 09082008 00
 -1.06  0.01  1.09  1.90  2.25  2.08  1.46  0.60 -0.24 -0.88 -1.30 -1.44 09082008 12
 -1.15 -0.43  0.46  1.30  1.81  1.89  1.55  0.88  0.13 -0.50 -0.95 -1.24 10082008 00
 -1.24 -0.81 -0.03  0.79  1.42  1.72  1.64  1.23  0.61 -0.07 -0.63 -1.05 10082008 12
 -1.27 -1.14 -0.61  0.13  0.87  1.37  1.51  1.31  0.84  0.23 -0.36 -0.82 11082008 00
 -1.14 -1.24 -0.94 -0.28  0.49  1.16  1.56  1.63  1.37  0.87  0.23 -0.38 11082008 12
 -0.87 -1.20 -1.25 -0.87 -0.17  0.61  1.25  1.56  1.54  1.22  0.66  0.01 12082008 00
 -0.58 -1.05 -1.29 -1.16 -0.55  0.30  1.12  1.71  1.94  1.77  1.24  0.49 12082008 12
 -0.28 -0.94 -1.41 -1.61 -1.36 -0.63  0.31  1.17  1.68  1.74  1.35  0.64 13082008 00
 -0.20 -0.95 -1.48 -1.79 -1.72 -1.06 -0.01  1.06  1.86  2.19  1.97  1.27 13082008 12
  0.30 -0.67 -1.45 -1.97 -2.15 -1.77 -0.79  0.40  1.43  2.03  2.06  1.50 14082008 00
  0.57 -0.47 -1.33 -1.90 -2.15 -1.86 -0.86  0.48  1.69  2.48  2.66  2.13 14082008 12
  1.11 -0.11 -1.20 -2.01 -2.53 -2.56 -1.82 -0.46  0.98  2.08  2.59  2.37 15082008 00
  1.46  0.25 -0.95 -1.84 -2.38 -2.48 -1.84 -0.44  1.14  2.37  3.02  2.93 15082008 12
  2.06  0.78 -0.58 -1.69 -2.47 -2.87 -2.55 -1.29  0.37  1.85  2.80  3.04 16082008 00
  2.39  1.18 -0.23 -1.46 -2.32 -2.80 -2.65 -1.52  0.22  1.86  3.01  3.45 16082008 12
  2.97  1.75  0.24 -1.17 -2.22 -2.92 -3.10 -2.32 -0.65  1.19  2.61  3.33 17082008 00
  3.18  2.08  0.61 -0.89 -2.03 -2.77 -3.05 -2.43 -0.76  1.19  2.74  3.61 17082008 12
  3.63  2.64  1.13 -0.52 -1.85 -2.80 -3.35 -3.09 -1.69  0.32  2.16  3.37 18082008 00
  3.75  3.13  1.72  0.11 -1.34 -2.32 -2.92 -2.88 -1.71  0.24  2.13  3.43 18082008 12
  3.99  3.53  2.19  0.54 -1.05 -2.21 -3.05 -3.39 -2.71 -0.94  1.13  2.73 19082008 00
  3.57  3.53  2.41  0.81 -0.84 -2.09 -2.94 -3.34 -2.86 -1.23  0.86  2.60 19082008 12
  3.62  3.80  2.89  1.32 -0.38 -1.80 -2.81 -3.46 -3.43 -2.22 -0.19  1.75 20082008 00
  3.09  3.61  3.14  1.74  0.10 -1.42 -2.47 -3.15 -3.25 -2.28 -0.37  1.61 20082008 12
  3.02  3.73  3.49  2.23  0.63 -1.01 -2.21 -3.06 -3.46 -2.99 -1.41  0.60 21082008 00
  2.25  3.22  3.38  2.51  1.01 -0.57 -1.86 -2.71 -3.18 -2.97 -1.66  0.27 21082008 12
  1.99  3.13  3.50  2.89  1.53 -0.03 -1.45 -2.44 -3.11 -3.25 -2.44 -0.78 22082008 00
  1.01  2.36  3.06  2.90  1.83  0.41 -1.01 -2.05 -2.73 -3.00 -2.51 -1.10 22082008 12
  0.63  2.06  2.91  3.02  2.22  0.93 -0.48 -1.63 -2.42 -2.90 -2.80 -1.82 23082008 00
 -0.24  1.29  2.39  2.83  2.48  1.46  0.20 -0.99 -1.80 -2.29 -2.37 -1.70 23082008 12
 -0.35  1.10  2.26  2.90  2.86  2.13  1.02 -0.15 -1.11 -1.80 -2.22 -2.14 24082008 00
 -1.33 -0.07  1.21  2.12  2.42  2.06  1.21  0.16 -0.80 -1.50 -1.96 -2.09 24082008 12
 -1.61 -0.56  0.64  1.68  2.30  2.35  1.86  1.00  0.05 -0.72 -1.30 -1.67 25082008 00
 -1.66 -1.05 -0.03  1.04  1.89  2.26  2.09  1.44  0.53 -0.37 -1.09 -1.64 25082008 12
 -1.98 -1.86 -1.17 -0.16  0.87  1.62  1.92  1.74  1.15  0.34 -0.47 -1.13 26082008 00
 -1.62 -1.85 -1.59 -0.76  0.29  1.29  1.96  2.15  1.83  1.12  0.21 -0.66 26082008 12
 -1.37 -1.90 -2.10 -1.73 -0.80  0.33  1.36  2.00  2.11  1.69  0.90 -0.07 27082008 00
 -0.94 -1.62 -2.06 -2.11 -1.51 -0.36  0.89  1.89  2.37  2.23  1.49  0.43 27082008 12
 -0.69 -1.61 -2.29 -2.67 -2.48 -1.51 -0.10  1.26  2.22  2.57  2.21  1.26 28082008 00
  0.05 -1.06 -1.88 -2.42 -2.52 -1.87 -0.49  1.05  2.27  2.89  2.76  1.83 28082008 12
  0.51 -0.85 -1.94 -2.72 -3.16 -2.95 -1.78 -0.08  1.50  2.58  2.93  2.41 29082008 00
  1.20 -0.21 -1.48 -2.38 -2.92 -2.91 -1.94 -0.20  1.56  2.81  3.40  3.09 29082008 12
  1.89  0.37 -1.15 -2.30 -3.12 -3.50 -3.03 -1.50  0.46  2.10  3.08  3.26 30082008 00
  2.43  0.96 -0.60 -1.91 -2.77 -3.25 -2.99 -1.60  0.43  2.24  3.41  3.79 30082008 12
  3.12  1.66 -0.03 -1.56 -2.66 -3.42 -3.62 -2.77 -0.87  1.17  2.73  3.48 31082008 00
  3.31  2.09  0.45 -1.18 -2.38 -3.17 -3.46 -2.77 -0.96  1.21  2.87  3.80 31082008 12
  3.85  2.77  1.14 -0.61 -2.00 -2.99 -3.59 -3.39 -1.97  0.15  2.12  3.39 01092008 00
  3.79  3.13  1.59 -0.10 -1.63 -2.64 -3.29 -3.28 -2.06  0.05  2.06  3.44 01092008 12
  4.03  3.60  2.19  0.50 -1.16 -2.36 -3.21 -3.54 -2.84 -1.03  1.14  2.79 02092008 00
  3.67  3.66  2.56  0.96 -0.69 -1.96 -2.82 -3.23 -2.76 -1.12  0.95  2.67 02092008 12
  3.69  3.86  2.95  1.42 -0.26 -1.67 -2.67 -3.31 -3.24 -2.02 -0.02  1.87 03092008 00
  3.21  3.73  3.27  1.95  0.38 -1.10 -2.10 -2.75 -2.85 -1.94 -0.14  1.70 03092008 12
  3.04  3.64  3.34  2.14  0.60 -0.92 -2.06 -2.83 -3.14 -2.59 -1.03  0.82 04092008 00
  2.33  3.18  3.24  2.33  0.94 -0.54 -1.71 -2.49 -2.89 -2.58 -1.29  0.48 04092008 12
  2.01  3.01  3.26  2.60  1.35 -0.07 -1.30 -2.14 -2.66 -2.61 -1.68 -0.11 05092008 00
  1.41  2.51  2.95  2.62  1.59  0.27 -0.97 -1.82 -2.33 -2.41 -1.75 -0.40 05092008 12
  1.06  2.21  2.81  2.67  1.82  0.66 -0.54 -1.47 -2.10 -2.38 -2.06 -1.01 06092008 00
  0.35  1.53  2.25  2.36  1.75  0.73 -0.38 -1.31 -1.92 -2.21 -2.06 -1.30 06092008 12
 -0.11  1.03  1.85  2.15  1.80  0.96 -0.03 -0.92 -1.53 -1.88 -1.92 -1.43 07092008 00
 -0.44  0.63  1.48  1.94  1.87  1.29  0.45 -0.43 -1.11 -1.55 -1.75 -1.57 07092008 12
 -0.88  0.06  0.92  1.48  1.58  1.26  0.63 -0.09 -0.73 -1.17 -1.43 -1.40 08092008 00
 -0.95 -0.18  0.64  1.28  1.59  1.52  1.10  0.48 -0.16 -0.70 -1.09 -1.30 08092008 12
 -1.19 -0.69 -0.01  0.66  1.12  1.27  1.10  0.70  0.17 -0.32 -0.72 -0.95 09092008 00
 -0.96 -0.67 -0.09  0.56  1.11  1.44  1.52  1.34  0.96  0.44 -0.12 -0.59 09092008 12
 -0.91 -1.01 -0.76 -0.21  0.41  0.94  1.25  1.31  1.12  0.70  0.14 -0.42 10092008 00
 -0.88 -1.17 -1.15 -0.74 -0.07  0.68  1.30  1.65  1.70  1.47  0.97  0.30 10092008 12
 -0.36 -0.88 -1.19 -1.15 -0.64  0.18  1.02  1.65  1.91  1.76  1.29  0.57 11092008 00
 -0.20 -0.85 -1.30 -1.46 -1.13 -0.28  0.76  1.66  2.17  2.15  1.60  0.71 11092008 12
 -0.30 -1.19 -1.86 -2.27 -2.22 -1.51 -0.37  0.82  1.72  2.09  1.85  1.07 12092008 00
  0.03 -0.97 -1.69 -2.14 -2.21 -1.61 -0.39  0.96  2.01  2.55  2.41  1.58 12092008 12
  0.40 -0.81 -1.78 -2.43 -2.74 -2.42 -1.29  0.22  1.58  2.45  2.63  2.01 13092008 00
  0.86 -0.46 -1.58 -2.33 -2.72 -2.54 -1.48  0.12  1.63  2.66  3.00  2.49 13092008 12
  1.30 -0.14 -1.47 -2.44 -3.07 -3.20 -2.43 -0.82  0.94  2.27  2.95  2.78 14092008 00
  1.70  0.27 -1.18 -2.26 -2.95 -3.18 -2.55 -0.95  0.93  2.41  3.25  3.28 14092008 12
  2.28  0.77 -0.85 -2.15 -3.05 -3.57 -3.33 -1.99 -0.02  1.80  2.96  3.31 15092008 00
  2.68  1.21 -0.41 -1.88 -2.88 -3.47 -3.41 -2.23 -0.20  1.74  3.08  3.64 15092008 12
  3.20  1.77  0.08 -1.56 -2.74 -3.56 -3.84 -3.10 -1.22  0.91  2.57  3.43 16092008 00
  3.39  2.26  0.57 -1.12 -2.44 -3.31 -3.73 -3.24 -1.52  0.74  2.54  3.59 16092008 12
  3.77  2.81  1.11 -0.68 -2.18 -3.21 -3.88 -3.79 -2.48 -0.31  1.79  3.14 17092008 00
  3.64  3.16  1.62 -0.15 -1.78 -2.89 -3.61 -3.73 -2.70 -0.60  1.58  3.12 17092008 12
  3.82  3.58  2.21  0.46 -1.27 -2.55 -3.45 -3.89 -3.35 -1.58  0.66  2.44 18092008 00
  3.47  3.62  2.66  0.97 -0.75 -2.17 -3.10 -3.64 -3.38 -1.88  0.30  2.24 18092008 12
  3.44  3.82  3.15  1.59 -0.12 -1.67 -2.74 -3.47 -3.62 -2.66 -0.72  1.30 19092008 00
  2.76  3.43  3.20  1.92  0.28 -1.32 -2.48 -3.26 -3.58 -2.98 -1.30  0.75 19092008 12
  2.32  3.23  3.32  2.37  0.86 -0.73 -2.00 -2.86 -3.36 -3.19 -1.94 -0.08 20092008 00
  1.64  2.76  3.17  2.63  1.32 -0.17 -1.54 -2.46 -3.05 -3.15 -2.34 -0.71 20092008 12
  1.01  2.28  2.95  2.80  1.80  0.47 -0.89 -1.91 -2.58 -2.90 -2.53 -1.30 21092008 00
  0.29  1.65  2.53  2.71  2.07  0.92 -0.38 -1.47 -2.21 -2.67 -2.66 -1.90 21092008 12
 -0.55  0.82  1.89  2.38  2.18  1.34  0.21 -0.90 -1.71 -2.24 -2.47 -2.16 22092008 00
 -1.21  0.03  1.15  1.90  2.06  1.59  0.68 -0.36 -1.26 -1.91 -2.32 -2.41 22092008 12
 -1.92 -0.90  0.25  1.21  1.75  1.73  1.20  0.38 -0.48 -1.17 -1.66 -1.94 23092008 00
 -1.88 -1.28 -0.30  0.69  1.45  1.77  1.60  0.99  0.16 -0.69 -1.39 -1.90 23092008 12
 -2.19 -2.07 -1.40 -0.42  0.59  1.35  1.68  1.54  0.99  0.21 -0.57 -1.21 24092008 00
 -1.68 -1.91 -1.71 -0.96  0.05  1.02  1.68  1.86  1.52  0.78 -0.16 -1.06 24092008 12
 -1.77 -2.29 -2.49 -2.14 -1.19 -0.00  1.09  1.79  1.93  1.50  0.69 -0.29 25092008 00
 -1.16 -1.82 -2.22 -2.21 -1.53 -0.33  0.91  1.87  2.30  2.09  1.27  0.13 25092008 12
 -1.03 -1.96 -2.62 -2.96 -2.71 -1.65 -0.17  1.18  2.10  2.37  1.91  0.89 26092008 00
 -0.32 -1.42 -2.20 -2.66 -2.61 -1.77 -0.27  1.24  2.33  2.82  2.53  1.50 26092008 12
  0.13 -1.21 -2.25 -2.97 -3.28 -2.84 -1.48  0.25  1.74  2.65  2.83  2.11 27092008 00
  0.82 -0.59 -1.79 -2.59 -3.01 -2.78 -1.57  0.22  1.84  2.93  3.29  2.70 27092008 12
  1.38 -0.19 -1.61 -2.63 -3.32 -3.50 -2.72 -1.00  0.88  2.33  3.07  2.95 28092008 00
  1.86  0.33 -1.20 -2.33 -3.05 -3.32 -2.70 -1.06  0.95  2.50  3.39  3.47 28092008 12
  2.48  0.94 -0.70 -2.04 -2.97 -3.53 -3.37 -2.07 -0.06  1.82  3.05  3.47 29092008 00
  2.89  1.43 -0.18 -1.64 -2.62 -3.19 -3.12 -1.95  0.07  2.04  3.38  3.95 29092008 12
  3.48  2.10  0.47 -1.11 -2.30 -3.14 -3.45 -2.76 -1.00  1.09  2.73  3.64 30092008 00
  3.68  2.61  1.03 -0.59 -1.84 -2.71 -3.19 -2.78 -1.18  0.90  2.64  3.69 30092008 12
  3.92  3.03  1.50 -0.20 -1.56 -2.48 -3.06 -2.98 -1.76  0.27  2.13  3.36 01102008 00
  3.76  3.10  1.66  0.03 -1.43 -2.42 -3.07 -3.17 -2.22 -0.35  1.62  3.02 01102008 12
  3.66  3.28  1.97  0.40 -1.15 -2.28 -3.06 -3.36 -2.71 -1.05  0.94  2.46 02102008 00
  3.29  3.29  2.25  0.74 -0.81 -2.01 -2.77 -3.14 -2.79 -1.40  0.47  2.08 02102008 12
  3.01  3.14  2.32  0.88 -0.66 -1.93 -2.78 -3.27 -3.16 -2.04 -0.25  1.45 03102008 00
  2.58  3.02  2.58  1.32 -0.14 -1.51 -2.44 -3.01 -3.09 -2.29 -0.71  0.99 03102008 12
  2.23  2.87  2.68  1.65  0.30 -1.05 -1.99 -2.52 -2.62 -1.96 -0.49  1.20 04102008 00
  2.52  3.30  3.31  2.52  1.28 -0.05 -1.11 -1.85 -2.24 -2.01 -0.98  0.44 04102008 12
  1.72  2.52  2.65  2.06  0.99 -0.22 -1.24 -1.94 -2.31 -2.20 -1.39 -0.12 05102008 00
  1.12  1.99  2.32  1.99  1.10 -0.00 -1.01 -1.71 -2.13 -2.21 -1.69 -0.57 05102008 12
  0.68  1.69  2.21  2.10  1.42  0.47 -0.50 -1.24 -1.71 -1.90 -1.61 -0.72 06102008 00
  0.41  1.38  2.01  2.13  1.73  0.98  0.07 -0.73 -1.29 -1.64 -1.63 -1.09 06102008 12
 -0.18  0.77  1.49  1.77  1.59  1.05  0.31 -0.41 -0.92 -1.22 -1.23 -0.84 07102008 00
 -0.05  0.80  1.51  1.92  1.93  1.55  0.90  0.19 -0.42 -0.91 -1.29 -1.36 07102008 12
 -1.01 -0.35  0.42  1.04  1.28  1.18  0.82  0.29 -0.27 -0.76 -1.12 -1.28 08102008 00
 -1.13 -0.65 -0.01  0.63  1.11  1.30  1.16  0.74  0.16 -0.42 -0.91 -1.28 08102008 12
 -1.49 -1.36 -0.86 -0.18  0.48  0.95  1.13  1.01  0.64  0.11 -0.42 -0.86 09102008 00
 -1.13 -1.20 -0.90 -0.24  0.52  1.20  1.61  1.66  1.37  0.81  0.11 -0.55 09102008 12
 -1.11 -1.51 -1.58 -1.13 -0.30  0.61  1.38  1.80  1.80  1.42  0.75  0.01 10102008 00
 -0.67 -1.19 -1.46 -1.25 -0.53  0.43  1.38  2.01  2.14  1.76  0.96 -0.04 10102008 12
 -0.95 -1.65 -2.14 -2.21 -1.63 -0.54  0.69  1.69  2.19  2.08  1.44  0.47 11102008 00
 -0.57 -1.40 -1.97 -2.22 -1.90 -0.86  0.49  1.67  2.39  2.47  1.83  0.72 11102008 12
 -0.52 -1.56 -2.32 -2.77 -2.70 -1.81 -0.34  1.14  2.22  2.66  2.36  1.37 12102008 00
  0.08 -1.15 -2.03 -2.57 -2.64 -1.92 -0.43  1.22  2.47  3.11  2.93  1.93 12102008 12
  0.55 -0.87 -1.97 -2.72 -3.06 -2.67 -1.30  0.50  2.08  3.08  3.28  2.52 13102008 00
  1.16 -0.36 -1.62 -2.50 -3.01 -2.85 -1.65  0.22  1.94  3.10  3.50  2.93 13102008 12
  1.55 -0.07 -1.56 -2.64 -3.36 -3.54 -2.69 -0.82  1.19  2.72  3.48  3.36 14102008 00
  2.19  0.60 -1.02 -2.24 -3.05 -3.36 -2.72 -0.99  1.12  2.79  3.73  3.80 14102008 12
  2.75  1.11 -0.65 -2.07 -3.09 -3.70 -3.54 -2.15  0.01  2.05  3.37  3.84 15102008 00
  3.26  1.71 -0.02 -1.61 -2.69 -3.40 -3.50 -2.42 -0.27  1.92  3.43  4.11 15102008 12
  3.78  2.33  0.57 -1.15 -2.41 -3.31 -3.75 -3.19 -1.37  0.95  2.77  3.80 16102008 00
  3.90  2.81  1.07 -0.70 -2.14 -3.13 -3.73 -3.52 -2.00  0.29  2.32  3.57 16102008 12
  3.96  3.26  1.61 -0.18 -1.79 -2.90 -3.66 -3.79 -2.73 -0.62  1.57  3.12 17102008 00
  3.81  3.56  2.18  0.45 -1.26 -2.49 -3.35 -3.72 -3.09 -1.27  0.97  2.70 17102008 12
  3.69  3.79  2.77  1.13 -0.57 -1.94 -2.89 -3.47 -3.27 -1.83  0.28  2.21 18102008 00
  3.43  3.83  3.18  1.71  0.06 -1.44 -2.50 -3.24 -3.41 -2.52 -0.70  1.27 18102008 12
  2.72  3.46  3.30  2.13  0.61 -0.94 -2.06 -2.81 -3.13 -2.62 -1.05  0.86 19102008 00
  2.44  3.40  3.60  2.88  1.63  0.16 -1.09 -1.99 -2.58 -2.54 -1.52  0.12 19102008 12
  1.75  2.96  3.45  3.09  2.07  0.76 -0.49 -1.37 -1.94 -2.12 -1.58 -0.28 20102008 00
  1.26  2.55  3.25  3.21  2.43  1.26 -0.02 -1.09 -1.89 -2.39 -2.33 -1.45 20102008 12
 -0.08  1.27  2.27  2.68  2.42  1.59  0.49 -0.55 -1.30 -1.81 -2.03 -1.70 21102008 00
 -0.69  0.56  1.70  2.42  2.53  1.97  1.01 -0.07 -0.96 -1.64 -2.14 -2.25 21102008 12
 -1.69 -0.59  0.64  1.64  2.15  2.10  1.53  0.67 -0.24 -0.96 -1.48 -1.80 22102008 00
 -1.73 -1.06 -0.02  1.03  1.80  2.09  1.84  1.17  0.27 -0.62 -1.35 -1.89 22102008 12
 -2.17 -1.94 -1.09  0.04  1.13  1.90  2.20  2.02  1.45  0.66 -0.11 -0.71 23102008 00
 -1.09 -1.16 -0.71  0.21  1.27  2.25  2.83  2.89  2.44  1.61  0.58 -0.46 23102008 12
 -1.39 -2.03 -2.18 -1.71 -0.71  0.51  1.53  2.05  2.00  1.41  0.50 -0.43 24102008 00
 -1.15 -1.67 -1.92 -1.68 -0.80  0.41  1.54  2.34  2.57  2.12  1.13 -0.06 24102008 12
 -1.12 -1.92 -2.50 -2.67 -2.08 -0.74  0.78  2.02  2.68  2.69  2.04  1.00 25102008 00
 -0.17 -1.09 -1.64 -1.86 -1.48 -0.32  1.12  2.35  3.13  3.23  2.59  1.41 25102008 12
  0.05 -1.14 -2.07 -2.69 -2.74 -1.95 -0.52  1.09  2.35  2.91  2.72  1.78 26102008 00
  0.48 -0.82 -1.80 -2.42 -2.59 -1.99 -0.56  1.13  2.51  3.28  3.27  2.35 26102008 12
  0.95 -0.50 -1.65 -2.47 -2.97 -2.82 -1.68  0.05  1.69  2.80  3.15  2.61 27102008 00
  1.33 -0.17 -1.49 -2.39 -2.93 -2.90 -1.93 -0.21  1.50  2.71  3.26  2.91 27102008 12
  1.68  0.17 -1.29 -2.36 -3.07 -3.32 -2.71 -1.14  0.76  2.27  3.13  3.16 28102008 00
  2.15  0.62 -0.93 -2.10 -2.87 -3.27 -2.95 -1.57  0.34  1.97  2.95  3.16 28102008 12
  2.35  0.87 -0.67 -1.98 -2.85 -3.35 -3.22 -2.01 -0.10  1.70  2.90  3.36 29102008 00
  2.85  1.52 -0.01 -1.45 -2.44 -3.05 -3.10 -2.12 -0.34  1.48  2.75  3.35 29102008 12
  3.04  1.82  0.29 -1.24 -2.36 -3.12 -3.40 -2.77 -1.15  0.78  2.28  3.11 30102008 00
  3.11  2.09  0.57 -0.99 -2.22 -3.04 -3.47 -3.15 -1.78  0.12  1.74  2.75 30102008 12
  3.03  2.36  0.96 -0.54 -1.87 -2.72 -3.19 -3.05 -1.89 -0.06  1.63  2.76 31102008 00
  3.18  2.67  1.39 -0.09 -1.50 -2.49 -3.12 -3.24 -2.46 -0.83  0.92  2.22 31102008 12
  2.90  2.73  1.67  0.27 -1.14 -2.19 -2.84 -3.02 -2.41 -0.93  0.80  2.17 01112008 00
  2.94  2.95  2.06  0.71 -0.73 -1.88 -2.65 -3.06 -2.85 -1.72 -0.08  1.41 01112008 12
  2.41  2.68  2.11  0.90 -0.46 -1.64 -2.41 -2.84 -2.75 -1.80 -0.24  1.27 02112008 00
  2.30  2.75  2.41  1.35  0.04 -1.22 -2.12 -2.69 -2.85 -2.33 -1.05  0.42 02112008 12
  1.62  2.27  2.21  1.38  0.18 -1.02 -1.91 -2.44 -2.64 -2.27 -1.17  0.27 03112008 00
  1.48  2.23  2.36  1.76  0.70 -0.49 -1.48 -2.16 -2.56 -2.52 -1.79 -0.55 03112008 12
  0.72  1.66  2.04  1.76  0.92 -0.13 -1.10 -1.76 -2.11 -2.11 -1.53 -0.43 04112008 00
  0.75  1.66  2.15  2.06  1.42  0.46 -0.55 -1.36 -1.89 -2.15 -1.95 -1.15 04112008 12
 -0.04  0.99  1.67  1.83  1.45  0.71 -0.17 -0.94 -1.47 -1.76 -1.71 -1.15 05112008 00
 -0.20  0.77  1.52  1.86  1.69  1.09  0.26 -0.58 -1.24 -1.70 -1.91 -1.74 05112008 12
 -1.05 -0.13  0.76  1.35  1.48  1.18  0.58 -0.14 -0.79 -1.24 -1.50 -1.48 06112008 00
 -1.02 -0.20  0.67  1.37  1.73  1.66  1.19  0.48 -0.29 -0.95 -1.42 -1.68 06112008 12
 -1.57 -0.99 -0.12  0.73  1.34  1.57  1.43  1.01  0.41 -0.18 -0.70 -1.06 07112008 00
 -1.14 -0.80 -0.04  0.83  1.56  1.95  1.96  1.57  0.89  0.08 -0.69 -1.30 07112008 12
 -1.70 -1.71 -1.17 -0.26  0.71  1.49  1.90  1.87  1.47  0.79  0.01 -0.67 08112008 00
 -1.19 -1.45 -1.27 -0.53  0.49  1.45  2.10  2.30  2.04  1.43  0.58 -0.30 08112008 12
 -1.04 -1.55 -1.68 -1.21 -0.16  1.00  1.96  2.49  2.45  1.88  0.96 -0.05 09112008 00
 -0.91 -1.55 -1.86 -1.56 -0.56  0.72  1.88  2.64  2.86  2.43  1.49  0.34 09112008 12
 -0.69 -1.51 -2.09 -2.18 -1.49 -0.17  1.27  2.42  2.98  2.86  2.08  0.91 10112008 00
 -0.30 -1.26 -1.92 -2.19 -1.76 -0.50  1.06  2.38  3.16  3.23  2.52  1.33 10112008 12
 -0.01 -1.13 -1.95 -2.47 -2.40 -1.39  0.26  1.91  3.09  3.52  3.07  1.89 11112008 00
  0.43 -0.89 -1.87 -2.56 -2.80 -2.11 -0.50  1.33  2.79  3.53  3.38  2.28 11112008 12
  0.76 -0.81 -2.01 -2.86 -3.32 -3.02 -1.65  0.24  1.98  3.11  3.43  2.73 12112008 00
  1.26 -0.36 -1.77 -2.75 -3.35 -3.35 -2.25 -0.29  1.65  3.03  3.62  3.24 12112008 12
  1.89  0.24 -1.38 -2.54 -3.33 -3.61 -2.87 -1.04  1.11  2.75  3.67  3.70 13112008 00
  2.63  1.02 -0.69 -2.03 -2.98 -3.54 -3.30 -1.82  0.34  2.28  3.51  3.88 13112008 12
  3.15  1.55 -0.19 -1.73 -2.81 -3.54 -3.66 -2.60 -0.52  1.60  3.13  3.83 14112008 00
  3.59  2.24  0.51 -1.19 -2.42 -3.31 -3.72 -3.13 -1.34  0.93  2.74  3.77 14112008 12
  3.91  2.91  1.25 -0.50 -1.91 -2.89 -3.51 -3.36 -1.96  0.16  2.14  3.45 15112008 00
  3.91  3.29  1.75  0.01 -1.61 -2.75 -3.56 -3.83 -3.01 -1.07  1.06  2.69 15112008 12
  3.52  3.46  2.30  0.64 -1.02 -2.29 -3.15 -3.59 -3.15 -1.56  0.57  2.32 16112008 00
  3.36  3.61  2.78  1.22 -0.46 -1.92 -2.94 -3.64 -3.73 -2.73 -0.83  1.14 16112008 12
  2.55  3.19  2.97  1.76  0.18 -1.33 -2.42 -3.14 -3.40 -2.75 -1.09  0.89 17112008 00
  2.40  3.30  3.41  2.54  1.13 -0.40 -1.64 -2.53 -3.08 -3.00 -1.92 -0.18 17112008 12
  1.49  2.72  3.19  2.69  1.45  0.05 -1.25 -2.20 -2.85 -3.05 -2.40 -0.93 18112008 00
  0.73  2.02  2.75  2.77  1.92  0.62 -0.75 -1.84 -2.61 -3.08 -3.01 -2.08 18112008 12
 -0.55  0.98  2.13  2.63  2.32  1.31  0.13 -0.99 -1.74 -2.24 -2.40 -1.89 19112008 00
 -0.67  0.78  1.96  2.62  2.58  1.85  0.74 -0.48 -1.48 -2.18 -2.60 -2.56 19112008 12
 -1.84 -0.60  0.74  1.79  2.28  2.13  1.37  0.39 -0.57 -1.30 -1.83 -2.07 20112008 00
 -1.76 -0.76  0.51  1.63  2.34  2.43  1.88  0.92 -0.15 -1.08 -1.77 -2.25 20112008 12
 -2.36 -1.85 -0.72  0.58  1.64  2.19  2.16  1.59  0.71 -0.27 -1.10 -1.72 21112008 00
 -2.04 -1.87 -1.08  0.02  1.13  1.97  2.23  1.87  1.06  0.03 -0.94 -1.71 21112008 12
 -2.26 -2.55 -2.26 -1.26 -0.03  1.08  1.82  2.02  1.62  0.78 -0.22 -1.12 22112008 00
 -1.78 -2.18 -2.16 -1.54 -0.41  0.78  1.70  2.15  1.98  1.23  0.16 -0.92 22112008 12
 -1.77 -2.35 -2.63 -2.38 -1.43 -0.08  1.25  2.28  2.76  2.49  1.54  0.39 23112008 00
 -0.63 -1.37 -1.76 -1.76 -1.12  0.10  1.31  2.13  2.48  2.18  1.27  0.13 23112008 12
 -0.98 -1.81 -2.41 -2.76 -2.54 -1.55 -0.17  1.14  1.97  2.11  1.50  0.36 24112008 00
 -0.91 -1.96 -2.67 -3.06 -2.94 -2.06 -0.60  0.84  1.90  2.38  2.10  1.10 24112008 12
 -0.14 -1.35 -2.21 -2.76 -2.90 -2.36 -1.08  0.41  1.64  2.38  2.38  1.54 25112008 00
  0.30 -1.02 -2.04 -2.67 -2.89 -2.49 -1.30  0.31  1.72  2.62  2.81  2.13 25112008 12
  0.92 -0.45 -1.61 -2.40 -2.85 -2.76 -1.81 -0.25  1.30  2.39  2.84  2.46 26112008 00
  1.34 -0.02 -1.29 -2.21 -2.78 -2.88 -2.18 -0.68  0.95  2.21  2.85  2.72 26112008 12
  1.78  0.47 -0.87 -1.87 -2.48 -2.66 -2.09 -0.66  1.05  2.46  3.30  3.41 27112008 00
  2.64  1.29 -0.17 -1.32 -2.14 -2.67 -2.59 -1.54  0.08  1.64  2.69  3.00 27112008 12
  2.46  1.26 -0.14 -1.36 -2.19 -2.68 -2.62 -1.67 -0.04  1.58  2.74  3.25 28112008 00
  2.91  1.79  0.36 -1.01 -2.02 -2.68 -2.88 -2.27 -0.79  0.92  2.31  3.05 28112008 12
  3.00  2.06  0.72 -0.68 -1.75 -2.46 -2.76 -2.33 -0.97  0.76  2.22  3.11 29112008 00
  3.25  2.50  1.20 -0.25 -1.48 -2.34 -2.86 -2.78 -1.76 -0.14  1.44  2.53 29112008 12
  2.93  2.49  1.33 -0.06 -1.33 -2.20 -2.73 -2.74 -1.88 -0.27  1.37  2.58 30112008 00
  3.14  2.90  1.87  0.50 -0.86 -1.90 -2.60 -2.90 -2.46 -1.13  0.51  1.88 30112008 12
  2.69  2.75  1.96  0.72 -0.62 -1.69 -2.38 -2.71 -2.39 -1.21  0.40  1.82 01122008 00
  2.77  3.03  2.41  1.24 -0.13 -1.34 -2.21 -2.76 -2.81 -2.03 -0.56  0.97 01122008 12
  2.12  2.66  2.47  1.54  0.34 -0.80 -1.61 -2.14 -2.28 -1.67 -0.28  1.24 02122008 00
  2.39  3.00  2.90  2.05  0.82 -0.45 -1.47 -2.18 -2.57 -2.37 -1.36  0.06 02122008 12
  1.40  2.29  2.53  2.02  0.98 -0.24 -1.28 -1.97 -2.33 -2.25 -1.46 -0.11 03122008 00
  1.23  2.21  2.64  2.35  1.44  0.27 -0.85 -1.67 -2.19 -2.38 -1.93 -0.78 03122008 12
  0.55  1.66  2.34  2.47  1.98  1.13  0.20 -0.52 -1.00 -1.27 -1.09 -0.26 04122008 00
  0.88  1.93  2.64  2.75  2.24  1.27  0.14 -0.82 -1.52 -1.98 -2.03 -1.43 04122008 12
 -0.32  0.88  1.82  2.25  2.09  1.43  0.50 -0.48 -1.22 -1.71 -1.92 -1.61 05122008 00
 -0.73  0.37  1.37  2.03  2.12  1.64  0.81 -0.16 -1.03 -1.71 -2.18 -2.28 05122008 12
 -1.78 -0.78  0.31  1.17  1.56  1.44  0.86  0.05 -0.78 -1.41 -1.79 -1.88 06122008 00
 -1.52 -0.60  0.52  1.48  2.05  2.08  1.57  0.70 -0.29 -1.16 -1.81 -2.22 06122008 12
 -2.25 -1.67 -0.61  0.52  1.44  1.93  1.87  1.33  0.52 -0.36 -1.07 -1.54 07122008 00
 -1.75 -1.49 -0.63  0.50  1.50  2.13  2.26  1.82  0.98 -0.02 -0.91 -1.59 07122008 12
 -2.05 -2.13 -1.59 -0.49  0.72  1.72  2.24  2.21  1.63  0.71 -0.29 -1.10 08122008 00
 -1.68 -2.00 -1.82 -0.96  0.23  1.36  2.13  2.31  1.88  0.96 -0.18 -1.22 08122008 12
 -2.02 -2.58 -2.77 -2.29 -1.12  0.29  1.51  2.25  2.35  1.73  0.67 -0.50 09122008 00
 -1.46 -2.14 -2.49 -2.34 -1.47 -0.12  1.18  2.08  2.40  1.97  0.93 -0.35 09122008 12
 -1.54 -2.42 -2.96 -3.07 -2.46 -1.10  0.52  1.84  2.62  2.68  1.90  0.66 10122008 00
 -0.71 -1.81 -2.55 -2.93 -2.72 -1.62  0.03  1.54  2.60  2.96  2.46  1.26 10122008 12
 -0.16 -1.46 -2.39 -3.00 -3.11 -2.34 -0.72  1.07  2.45  3.19  3.08  2.06 11122008 00
  0.64 -0.85 -2.01 -2.81 -3.22 -2.88 -1.48  0.40  2.06  3.12  3.40  2.69 11122008 12
  1.30 -0.27 -1.65 -2.61 -3.24 -3.27 -2.25 -0.36  1.53  2.92  3.55  3.25 12122008 00
  2.01  0.45 -1.12 -2.26 -3.05 -3.35 -2.66 -0.86  1.24  2.92  3.92  4.06 12122008 12
  3.14  1.65 -0.05 -1.42 -2.43 -3.11 -3.04 -1.81  0.20  2.15  3.48  3.97 13122008 00
  3.43  2.00  0.32 -1.25 -2.40 -3.23 -3.52 -2.77 -0.92  1.20  2.81  3.68 13122008 12
  3.65  2.53  0.91 -0.76 -2.05 -2.96 -3.47 -3.13 -1.56  0.60  2.48  3.62 14122008 00
  3.93  3.14  1.57 -0.16 -1.70 -2.81 -3.61 -3.81 -2.88 -0.91  1.18  2.75 14122008 12
  3.48  3.31  2.07  0.39 -1.23 -2.43 -3.24 -3.59 -3.00 -1.25  0.94  2.63 15122008 00
  3.61  3.75  2.78  1.19 -0.53 -1.96 -2.97 -3.66 -3.64 -2.47 -0.45  1.56 15122008 12
  2.95  3.53  3.20  1.87  0.27 -1.27 -2.33 -3.03 -3.21 -2.37 -0.53  1.50 16122008 00
  3.00  3.82  3.76  2.66  1.12 -0.50 -1.75 -2.70 -3.32 -3.18 -1.90  0.03 16122008 12
  1.85  3.06  3.44  2.87  1.53  0.02 -1.35 -2.28 -2.88 -2.94 -2.03 -0.28 17122008 00
  1.51  2.82  3.48  3.28  2.19  0.73 -0.73 -1.83 -2.59 -3.01 -2.72 -1.47 17122008 12
  0.26  1.84  2.89  3.17  2.55  1.35 -0.04 -1.21 -2.01 -2.48 -2.41 -1.45 18122008 00
  0.16  1.76  2.90  3.39  3.10  2.08  0.67 -0.64 -1.62 -2.35 -2.71 -2.42 18122008 12
 -1.34  0.15  1.54  2.43  2.61  2.00  0.88 -0.35 -1.36 -2.07 -2.47 -2.35 19122008 00
 -1.42  0.04  1.44  2.49  3.03  2.86  2.07  0.94 -0.15 -0.98 -1.59 -1.97 19122008 12
 -1.79 -0.89  0.38  1.53  2.21  2.27  1.70  0.76 -0.32 -1.24 -1.86 -2.22 20122008 00
 -2.13 -1.36 -0.15  1.03  1.92  2.31  2.08  1.33  0.32 -0.70 -1.49 -2.05 20122008 12
 -2.31 -2.02 -1.06  0.20  1.35  2.12  2.32  1.98  1.23  0.27 -0.58 -1.18 21122008 00
 -1.56 -1.64 -1.17 -0.21  0.83  1.69  2.13  2.03  1.38  0.43 -0.54 -1.32 21122008 12
 -1.88 -2.21 -2.10 -1.36 -0.28  0.78  1.55  1.82  1.55  0.84 -0.08 -0.94 22122008 00
 -1.57 -1.96 -2.02 -1.54 -0.55  0.57  1.51  2.04  2.01  1.44  0.53 -0.45 22122008 12
 -1.27 -1.85 -2.19 -2.10 -1.39 -0.28  0.84  1.69  2.01  1.75  1.04  0.08 23122008 00
 -0.88 -1.58 -2.01 -2.11 -1.67 -0.66  0.51  1.47  1.99  1.95  1.33  0.36 23122008 12
 -0.67 -1.50 -2.07 -2.37 -2.21 -1.40 -0.17  1.04  1.89  2.15  1.76  0.89 24122008 00
 -0.18 -1.17 -1.90 -2.33 -2.38 -1.80 -0.65  0.61  1.61  2.13  2.02  1.28 24122008 12
  0.21 -0.89 -1.75 -2.31 -2.52 -2.17 -1.10  0.28  1.47  2.21  2.34  1.76 25122008 00
  0.70 -0.49 -1.50 -2.21 -2.61 -2.53 -1.72 -0.38  0.93  1.88  2.25  1.90 25122008 12
  0.94 -0.25 -1.36 -2.16 -2.62 -2.66 -1.99 -0.66  0.78  1.90  2.48  2.34 26122008 00
  1.48  0.25 -1.02 -2.00 -2.65 -2.93 -2.60 -1.48  0.01  1.33  2.17  2.32 26122008 12
  1.68  0.53 -0.76 -1.84 -2.54 -2.88 -2.64 -1.58 -0.02  1.40  2.35  2.69 27122008 00
  2.20  1.08 -0.27 -1.52 -2.43 -2.99 -3.06 -2.34 -0.89  0.68  1.87  2.47 27122008 12
  2.30  1.33  0.02 -1.28 -2.23 -2.80 -2.93 -2.29 -0.85  0.80  2.09  2.82 28122008 00
  2.83  1.98  0.68 -0.74 -1.90 -2.69 -3.11 -2.88 -1.72 -0.06  1.44  2.45 28122008 12
  2.74  2.17  0.95 -0.44 -1.67 -2.48 -2.93 -2.80 -1.77 -0.09  1.53  2.62 29122008 00
  3.08  2.69  1.52  0.10 -1.27 -2.28 -2.96 -3.17 -2.56 -1.09  0.63  1.99 29122008 12
  2.72  2.68  1.75  0.38 -1.03 -2.09 -2.74 -2.95 -2.43 -1.01  0.72  2.14 30122008 00
  2.98  3.08  2.28  0.97 -0.51 -1.74 -2.59 -3.08 -2.97 -1.93 -0.26  1.31 30122008 12
  2.43  2.84  2.37  1.19 -0.19 -1.48 -2.33 -2.81 -2.76 -1.83 -0.20  1.43 31122008 00
  2.59  3.14  2.85  1.76  0.35 -1.04 -2.08 -2.77 -3.05 -2.57 -1.19  0.47 31122008 12
